1e-05	-nan	0.208743	0.485972	1	1	1	1	1	1	3.45217	0.208743	0.208743	1	1	
1.03753e-05	-nan	0.210199	0.486	1	1	1	1	1	1	3.45233	0.210199	0.210199	1	1	
1.07647e-05	-nan	0.211663	0.486028	1	1	1	1	1	1	3.4525	0.211663	0.211663	1	1	
1.11686e-05	-nan	0.213134	0.486057	1	1	1	1	1	1	3.45267	0.213134	0.213134	1	1	
1.15878e-05	-nan	0.214612	0.486087	1	1	1	1	1	1	3.45284	0.214612	0.214612	1	1	
1.20226e-05	-nan	0.216098	0.486117	1	1	1	1	1	1	3.45302	0.216098	0.216098	1	1	
1.24738e-05	-nan	0.217592	0.486147	1	1	1	1	1	1	3.4532	0.217592	0.217592	1	1	
1.2942e-05	-nan	0.219093	0.486178	1	1	1	1	1	1	3.45339	0.219093	0.219093	1	1	
1.34276e-05	-nan	0.220602	0.486209	1	1	1	1	1	1	3.45358	0.220602	0.220602	1	1	
1.39316e-05	-nan	0.222118	0.486241	1	1	1	1	1	1	3.45378	0.222118	0.222118	1	1	
1.44544e-05	-nan	0.223642	0.486273	1	1	1	1	1	1	3.45398	0.223642	0.223642	1	1	
1.49968e-05	-nan	0.225174	0.486306	1	1	1	1	1	1	3.45419	0.225174	0.225174	1	1	
1.55597e-05	-nan	0.226713	0.48634	1	1	1	1	1	1	3.4544	0.226713	0.226713	1	1	
1.61436e-05	-nan	0.228261	0.486374	1	1	1	1	1	1	3.45461	0.228261	0.228261	1	1	
1.67494e-05	-nan	0.229816	0.486408	1	1	1	1	1	1	3.45483	0.229816	0.229816	1	1	
1.7378e-05	-nan	0.231379	0.486443	1	1	1	1	1	1	3.45506	0.231379	0.231379	1	1	
1.80302e-05	-nan	0.23295	0.486479	1	1	1	1	1	1	3.45529	0.23295	0.23295	1	1	
1.87068e-05	-nan	0.23453	0.486515	1	1	1	1	1	1	3.45553	0.23453	0.23453	1	1	
1.94089e-05	-nan	0.236117	0.486552	1	1	1	1	1	1	3.45578	0.236117	0.236117	1	1	
2.01372e-05	-nan	0.237712	0.48659	1	1	1	1	1	1	3.45602	0.237712	0.237712	1	1	
2.0893e-05	-nan	0.239316	0.486628	1	1	1	1	1	1	3.45628	0.239316	0.239316	1	1	
2.1677e-05	-nan	0.240928	0.486667	1	1	1	1	1	1	3.45654	0.240928	0.240928	1	1	
2.24905e-05	-nan	0.242548	0.486707	1	1	1	1	1	1	3.45681	0.242548	0.242548	1	1	
2.33346e-05	-nan	0.244177	0.486747	1	1	1	1	1	1	3.45708	0.244177	0.244177	1	1	
2.42103e-05	-nan	0.245814	0.486788	1	1	1	1	1	1	3.45737	0.245814	0.245814	1	1	
2.51189e-05	-nan	0.24746	0.486829	1	1	1	1	1	1	3.45765	0.24746	0.24746	1	1	
2.60615e-05	-nan	0.249114	0.486872	1	1	1	1	1	1	3.45795	0.249114	0.249114	1	1	
2.70396e-05	-nan	0.250777	0.486915	1	1	1	1	1	1	3.45825	0.250777	0.250777	1	1	
2.80543e-05	-nan	0.252448	0.486958	1	1	1	1	1	1	3.45856	0.252448	0.252448	1	1	
2.91072e-05	-nan	0.254129	0.487003	1	1	1	1	1	1	3.45888	0.254129	0.254129	1	1	
3.01995e-05	-nan	0.255818	0.487048	1	1	1	1	1	1	3.4592	0.255818	0.255818	1	1	
3.13329e-05	-nan	0.257516	0.487095	1	1	1	1	1	1	3.45953	0.257516	0.257516	1	1	
3.25087e-05	-nan	0.259223	0.487142	1	1	1	1	1	1	3.45987	0.259223	0.259223	1	1	
3.37287e-05	-nan	0.260939	0.487189	1	1	1	1	1	1	3.46022	0.260939	0.260939	1	1	
3.49945e-05	-nan	0.262665	0.487238	1	1	1	1	1	1	3.46058	0.262665	0.262665	1	1	
3.63078e-05	-nan	0.264399	0.487288	1	1	1	1	1	1	3.46094	0.264399	0.264399	1	1	
3.76704e-05	-nan	0.266143	0.487338	1	1	1	1	1	1	3.46132	0.266143	0.266143	1	1	
3.90841e-05	-nan	0.267896	0.487389	1	1	1	1	1	1	3.4617	0.267896	0.267896	1	1	
4.05509e-05	-nan	0.269659	0.487442	1	1	1	1	1	1	3.46209	0.269659	0.269659	1	1	
4.20727e-05	-nan	0.271431	0.487495	1	1	1	1	1	1	3.46249	0.271431	0.271431	1	1	
4.36516e-05	-nan	0.273213	0.487549	1	1	1	1	1	1	3.46291	0.273213	0.273213	1	1	
4.52898e-05	-nan	0.275005	0.487604	1	1	1	1	1	1	3.46333	0.275005	0.275005	1	1	
4.69894e-05	-nan	0.276806	0.487661	1	1	1	1	1	1	3.46376	0.276806	0.276806	1	1	
4.87528e-05	-nan	0.278617	0.487718	1	1	1	1	1	1	3.4642	0.278617	0.278617	1	1	
5.05825e-05	-nan	0.280439	0.487776	1	1	1	1	1	1	3.46465	0.280439	0.280439	1	1	
5.24807e-05	-nan	0.28227	0.487836	1	1	1	1	1	1	3.46512	0.28227	0.28227	1	1	
5.44503e-05	-nan	0.284111	0.487896	1	1	1	1	1	1	3.46559	0.284111	0.284111	1	1	
5.64937e-05	-nan	0.285963	0.487958	1	1	1	1	1	1	3.46608	0.285963	0.285963	1	1	
5.86138e-05	-nan	0.287826	0.488021	1	1	1	1	1	1	3.46657	0.287826	0.287826	1	1	
6.08135e-05	-nan	0.289698	0.488085	1	1	1	1	1	1	3.46708	0.289698	0.289698	1	1	
6.30957e-05	-nan	0.291582	0.48815	1	1	1	1	1	1	3.4676	0.291582	0.291582	1	1	
6.54636e-05	-nan	0.293476	0.488217	1	1	1	1	1	1	3.46814	0.293476	0.293476	1	1	
6.79204e-05	-nan	0.295381	0.488285	1	1	1	1	1	1	3.46869	0.295381	0.295381	1	1	
7.04693e-05	-nan	0.297297	0.488354	1	1	1	1	1	1	3.46925	0.297297	0.297297	1	1	
7.31139e-05	-nan	0.299223	0.488424	1	1	1	1	1	1	3.46982	0.299223	0.299223	1	1	
7.58578e-05	-nan	0.301161	0.488496	1	1	1	1	1	1	3.47041	0.301161	0.301161	1	1	
7.87046e-05	-nan	0.303111	0.488569	1	1	1	1	1	1	3.47101	0.303111	0.303111	1	1	
8.16582e-05	-nan	0.305071	0.488644	1	1	1	1	1	1	3.47162	0.305071	0.305071	1	1	
8.47227e-05	-nan	0.307044	0.48872	1	1	1	1	1	1	3.47225	0.307044	0.307044	1	1	
8.79023e-05	-nan	0.309028	0.488797	1	1	1	1	1	1	3.4729	0.309028	0.309028	1	1	
9.12011e-05	-nan	0.311023	0.488876	1	1	1	1	1	1	3.47356	0.311023	0.311023	1	1	
9.46237e-05	-nan	0.313031	0.488957	1	1	1	1	1	1	3.47424	0.313031	0.313031	1	1	
9.81748e-05	-nan	0.31505	0.489039	1	1	1	1	1	1	3.47493	0.31505	0.31505	1	1	
0.000101859	-nan	0.317082	0.489123	1	1	1	1	1	1	3.47564	0.317082	0.317082	1	1	
0.000105682	-nan	0.319126	0.489209	1	1	1	1	1	1	3.47637	0.319126	0.319126	1	1	
0.000109648	-nan	0.321183	0.489296	1	1	1	1	1	1	3.47711	0.321183	0.321183	1	1	
0.000113763	-nan	0.323252	0.489385	1	1	1	1	1	1	3.47787	0.323252	0.323252	1	1	
0.000118032	-nan	0.325333	0.489476	1	1	1	1	1	1	3.47865	0.325333	0.325333	1	1	
0.000122462	-nan	0.327428	0.489569	1	1	1	1	1	1	3.47945	0.327428	0.327428	1	1	
0.000127057	-nan	0.329536	0.489664	1	1	1	1	1	1	3.48027	0.329536	0.329536	1	1	
0.000131826	-nan	0.331657	0.48976	1	1	1	1	1	1	3.48111	0.331657	0.331657	1	1	
0.000136773	-nan	0.333791	0.489859	1	1	1	1	1	1	3.48197	0.333791	0.333791	1	1	
0.000141906	-nan	0.335939	0.489959	1	1	1	1	1	1	3.48284	0.335939	0.335939	1	1	
0.000147231	-nan	0.3381	0.490062	1	1	1	1	1	1	3.48374	0.3381	0.3381	1	1	
0.000152757	-nan	0.340275	0.490167	1	1	1	1	1	1	3.48466	0.340275	0.340275	1	1	
0.000158489	-nan	0.342464	0.490274	1	1	1	1	1	1	3.48561	0.342464	0.342464	1	1	
0.000164437	-nan	0.344668	0.490383	1	1	1	1	1	1	3.48657	0.344668	0.344668	1	1	
0.000170608	-nan	0.346885	0.490494	1	1	1	1	1	1	3.48756	0.346885	0.346885	1	1	
0.000177011	-nan	0.349117	0.490608	1	1	1	1	1	1	3.48857	0.349117	0.349117	1	1	
0.000183654	-nan	0.351364	0.490724	1	1	1	1	1	1	3.48961	0.351364	0.351364	1	1	
0.000190546	-nan	0.353626	0.490843	1	1	1	1	1	1	3.49067	0.353626	0.353626	1	1	
0.000197697	-nan	0.355902	0.490964	1	1	1	1	1	1	3.49175	0.355902	0.355902	1	1	
0.000205116	-nan	0.358194	0.491088	1	1	1	1	1	1	3.49286	0.358194	0.358194	1	1	
0.000212814	-nan	0.360502	0.491215	1	1	1	1	1	1	3.494	0.360502	0.360502	1	1	
0.0002208	-nan	0.362824	0.491344	1	1	1	1	1	1	3.49517	0.362824	0.362824	1	1	
0.000229087	-nan	0.365163	0.491476	1	1	1	1	1	1	3.49636	0.365163	0.365163	1	1	
0.000237684	-nan	0.367518	0.491611	1	1	1	1	1	1	3.49758	0.367518	0.367518	1	1	
0.000246604	-nan	0.369888	0.491748	1	1	1	1	1	1	3.49883	0.369888	0.369888	1	1	
0.000255859	-nan	0.372275	0.491889	1	1	1	1	1	1	3.50011	0.372275	0.372275	1	1	
0.000265461	-nan	0.374679	0.492033	1	1	1	1	1	1	3.50142	0.374679	0.374679	1	1	
0.000275423	-nan	0.3771	0.49218	1	1	1	1	1	1	3.50276	0.3771	0.3771	1	1	
0.000285759	-nan	0.379537	0.49233	1	1	1	1	1	1	3.50413	0.379537	0.379537	1	1	
0.000296483	-nan	0.381992	0.492484	1	1	1	1	1	1	3.50554	0.381992	0.381992	1	1	
0.00030761	-nan	0.384464	0.492641	1	1	1	1	1	1	3.50698	0.384464	0.384464	1	1	
0.000319154	-nan	0.386954	0.492801	1	1	1	1	1	1	3.50845	0.386954	0.386954	1	1	
0.000331131	-nan	0.389462	0.492965	1	1	1	1	1	1	3.50996	0.389462	0.389462	1	1	
0.000343558	-nan	0.391987	0.493133	1	1	1	1	1	1	3.5115	0.391987	0.391987	1	1	
0.000356451	-nan	0.394531	0.493304	1	1	1	1	1	1	3.51308	0.394531	0.394531	1	1	
0.000369828	-nan	0.397094	0.493479	1	1	1	1	1	1	3.51469	0.397094	0.397094	1	1	
0.000383707	-nan	0.399676	0.493659	1	1	1	1	1	1	3.51635	0.399676	0.399676	1	1	
0.000398107	-nan	0.402276	0.493842	1	1	1	1	1	1	3.51804	0.402276	0.402276	1	1	
0.000413048	-nan	0.404896	0.49403	1	1	1	1	1	1	3.51978	0.404896	0.404896	1	1	
0.000428549	-nan	0.407535	0.494221	1	1	1	1	1	1	3.52155	0.407535	0.407535	1	1	
0.000444631	-nan	0.410194	0.494418	1	1	1	1	1	1	3.52337	0.410194	0.410194	1	1	
0.000461318	-nan	0.412873	0.494618	1	1	1	1	1	1	3.52522	0.412873	0.412873	1	1	
0.00047863	-nan	0.415572	0.494824	1	1	1	1	1	1	3.52713	0.415572	0.415572	1	1	
0.000496592	-nan	0.418292	0.495034	1	1	1	1	1	1	3.52907	0.418292	0.418292	1	1	
0.000515229	-nan	0.421032	0.495249	1	1	1	1	1	1	3.53107	0.421032	0.421032	1	1	
0.000534564	-nan	0.423794	0.495469	1	1	1	1	1	1	3.53311	0.423794	0.423794	1	1	
0.000554626	-nan	0.426577	0.495694	1	1	1	1	1	1	3.53519	0.426577	0.426577	1	1	
0.00057544	-nan	0.429381	0.495925	1	1	1	1	1	1	3.53733	0.429381	0.429381	1	1	
0.000597035	-nan	0.432207	0.496161	1	1	1	1	1	1	3.53952	0.432207	0.432207	1	1	
0.000619441	-nan	0.435056	0.496402	1	1	1	1	1	1	3.54175	0.435056	0.435056	1	1	
0.000642688	-nan	0.437926	0.496649	1	1	1	1	1	1	3.54404	0.437926	0.437926	1	1	
0.000666807	-nan	0.440819	0.496902	1	1	1	1	1	1	3.54638	0.440819	0.440819	1	1	
0.000691831	-nan	0.443736	0.497162	1	1	1	1	1	1	3.54878	0.443736	0.443736	1	1	
0.000717794	-nan	0.446675	0.497427	1	1	1	1	1	1	3.55123	0.446675	0.446675	1	1	
0.000744732	-nan	0.449638	0.497699	1	1	1	1	1	1	3.55374	0.449638	0.449638	1	1	
0.000772681	-nan	0.452624	0.497977	1	1	1	1	1	1	3.55631	0.452624	0.452624	1	1	
0.000801678	-nan	0.455635	0.498262	1	1	1	1	1	1	3.55894	0.455635	0.455635	1	1	
0.000831764	-nan	0.45867	0.498554	1	1	1	1	1	1	3.56163	0.45867	0.45867	1	1	
0.000862979	-nan	0.461729	0.498854	1	1	1	1	1	1	3.56438	0.461729	0.461729	1	1	
0.000895365	-nan	0.464814	0.49916	1	1	1	1	1	1	3.56719	0.464814	0.464814	1	1	
0.000928966	-nan	0.467924	0.499474	1	1	1	1	1	1	3.57007	0.467924	0.467924	1	1	
0.000963829	-nan	0.471059	0.499796	1	1	1	1	1	1	3.57302	0.471059	0.471059	1	1	
0.001	-nan	0.47422	0.500126	1	1	1	1	1	1	3.57603	0.47422	0.47422	1	1	
0.00103753	-nan	0.477407	0.500464	1	1	1	1	1	1	3.57911	0.477407	0.477407	1	1	
0.00107647	-nan	0.48062	0.500811	1	1	1	1	1	1	3.58226	0.48062	0.48062	1	1	
0.00111686	-nan	0.48386	0.501166	1	1	1	1	1	1	3.58549	0.48386	0.48386	1	1	
0.00115878	-nan	0.487127	0.50153	1	1	1	1	1	1	3.58879	0.487127	0.487127	1	1	
0.00120226	-nan	0.490422	0.501904	1	1	1	1	1	1	3.59216	0.490422	0.490422	1	1	
0.00124738	-nan	0.493744	0.502286	1	1	1	1	1	1	3.59561	0.493744	0.493744	1	1	
0.0012942	-nan	0.497094	0.502679	1	1	1	1	1	1	3.59914	0.497094	0.497094	1	1	
0.00134276	-nan	0.500472	0.503082	1	1	1	1	1	1	3.60275	0.500472	0.500472	1	1	
0.00139316	-nan	0.503879	0.503495	1	1	1	1	1	1	3.60645	0.503879	0.503879	1	1	
0.00144544	-nan	0.507314	0.503919	1	1	1	1	1	1	3.61022	0.507314	0.507314	1	1	
0.00149968	-nan	0.510779	0.504353	1	1	1	1	1	1	3.61409	0.510779	0.510779	1	1	
0.00155597	-nan	0.514273	0.504799	1	1	1	1	1	1	3.61803	0.514273	0.514273	1	1	
0.00161436	-nan	0.517797	0.505257	1	1	1	1	1	1	3.62207	0.517797	0.517797	1	1	
0.00167494	-nan	0.521351	0.505726	1	1	1	1	1	1	3.6262	0.521351	0.521351	1	1	
0.0017378	-nan	0.524935	0.506208	1	1	1	1	1	1	3.63042	0.524935	0.524935	1	1	
0.00180302	-nan	0.52855	0.506703	1	1	1	1	1	1	3.63474	0.52855	0.52855	1	1	
0.00187068	-nan	0.532196	0.507211	1	1	1	1	1	1	3.63915	0.532196	0.532196	1	1	
0.00194089	-nan	0.535873	0.507733	1	1	1	1	1	1	3.64366	0.535873	0.535873	1	1	
0.00201372	-nan	0.539582	0.508268	1	1	1	1	1	1	3.64828	0.539582	0.539582	1	1	
0.0020893	-nan	0.543322	0.508818	1	1	1	1	1	1	3.65299	0.543322	0.543322	1	1	
0.0021677	-nan	0.547095	0.509383	1	1	1	1	1	1	3.65781	0.547095	0.547095	1	1	
0.00224905	-nan	0.5509	0.509963	1	1	1	1	1	1	3.66273	0.5509	0.5509	1	1	
0.00233346	-nan	0.554738	0.510559	1	1	1	1	1	1	3.66777	0.554738	0.554738	1	1	
0.00242103	-nan	0.558609	0.511171	1	1	1	1	1	1	3.67291	0.558609	0.558609	1	1	
0.00251189	-nan	0.562513	0.5118	1	1	1	1	1	1	3.67817	0.562513	0.562513	1	1	
0.00260615	-nan	0.566451	0.512447	1	1	1	1	1	1	3.68354	0.566451	0.566451	1	1	
0.00270396	-nan	0.570422	0.513111	1	1	1	1	1	1	3.68903	0.570422	0.570422	1	1	
0.00280543	-nan	0.574428	0.513795	1	1	1	1	1	1	3.69464	0.574428	0.574428	1	1	
0.00291072	-nan	0.578468	0.514497	1	1	1	1	1	1	3.70038	0.578468	0.578468	1	1	
0.00301995	-nan	0.582542	0.515219	1	1	1	1	1	1	3.70623	0.582542	0.582542	1	1	
0.00313329	-nan	0.586652	0.515962	1	1	1	1	1	1	3.71221	0.586652	0.586652	1	1	
0.00325087	-nan	0.590796	0.516726	1	1	1	1	1	1	3.71832	0.590796	0.590796	1	1	
0.00337287	-nan	0.594976	0.517512	1	1	1	1	1	1	3.72457	0.594976	0.594976	1	1	
0.00349945	-nan	0.599192	0.51832	1	1	1	1	1	1	3.73094	0.599192	0.599192	1	1	
0.00363078	-nan	0.603443	0.519152	1	1	1	1	1	1	3.73745	0.603443	0.603443	1	1	
0.00376704	-nan	0.607731	0.520009	1	1	1	1	1	1	3.7441	0.607731	0.607731	1	1	
0.00390841	-nan	0.612054	0.52089	1	1	1	1	1	1	3.75089	0.612054	0.612054	1	1	
0.00405509	-nan	0.616414	0.521797	1	1	1	1	1	1	3.75782	0.616414	0.616414	1	1	
0.00420727	-nan	0.62081	0.522732	1	1	1	1	1	1	3.7649	0.62081	0.62081	1	1	
0.00436516	-nan	0.625244	0.523694	1	1	1	1	1	1	3.77213	0.625244	0.625244	1	1	
0.00452898	-nan	0.629714	0.524685	1	1	1	1	1	1	3.7795	0.629714	0.629714	1	1	
0.00469894	-nan	0.634221	0.525706	1	1	1	1	1	1	3.78703	0.634221	0.634221	1	1	
0.00487528	-nan	0.638765	0.526758	1	1	1	1	1	1	3.79472	0.638765	0.638765	1	1	
0.00505825	-nan	0.643346	0.527842	1	1	1	1	1	1	3.80256	0.643346	0.643346	1	1	
0.00524807	-nan	0.647965	0.528959	1	1	1	1	1	1	3.81056	0.647965	0.647965	1	1	
0.00544503	-nan	0.652621	0.530111	1	1	1	1	1	1	3.81872	0.652621	0.652621	1	1	
0.00564937	-nan	0.657315	0.531299	1	1	1	1	1	1	3.82705	0.657315	0.657315	1	1	
0.00586138	-nan	0.662046	0.532524	1	1	1	1	1	1	3.83555	0.662046	0.662046	1	1	
0.00608135	-nan	0.666815	0.533787	1	1	1	1	1	1	3.84422	0.666815	0.666815	1	1	
0.00630957	-nan	0.671621	0.535091	1	1	1	1	1	1	3.85306	0.671621	0.671621	1	1	
0.00654636	-nan	0.676464	0.536436	1	1	1	1	1	1	3.86207	0.676464	0.676464	1	1	
0.00679204	-nan	0.681345	0.537825	1	1	1	1	1	1	3.87127	0.681345	0.681345	1	1	
0.00704693	-nan	0.686264	0.539258	1	1	1	1	1	1	3.88064	0.686264	0.686264	1	1	
0.00731139	-nan	0.691219	0.540739	1	1	1	1	1	1	3.89019	0.691219	0.691219	1	1	
0.00758578	-nan	0.696212	0.542267	1	1	1	1	1	1	3.89993	0.696212	0.696212	1	1	
0.00787046	-nan	0.701242	0.543846	1	1	1	1	1	1	3.90986	0.701242	0.701242	1	1	
0.00816582	-nan	0.706308	0.545478	1	1	1	1	1	1	3.91997	0.706308	0.706308	1	1	
0.00847227	-nan	0.711411	0.547164	1	1	1	1	1	1	3.93028	0.711411	0.711411	1	1	
0.00879023	-nan	0.71655	0.548907	1	1	1	1	1	1	3.94078	0.71655	0.71655	1	1	
0.00912011	-nan	0.721725	0.55071	1	1	1	1	1	1	3.95147	0.721725	0.721725	1	1	
0.00946237	-nan	0.726935	0.552574	1	1	1	1	1	1	3.96237	0.726935	0.726935	1	1	
0.00981748	-nan	0.732181	0.554502	1	1	1	1	1	1	3.97346	0.732181	0.732181	1	1	
0.0101859	-nan	0.737461	0.556497	1	1	1	1	1	1	3.98475	0.737461	0.737461	1	1	
0.0105682	-nan	0.742776	0.558561	1	1	1	1	1	1	3.99625	0.742776	0.742776	1	1	
0.0109648	-nan	0.748124	0.560698	1	1	1	1	1	1	4.00796	0.748124	0.748124	1	1	
0.0113763	-nan	0.753506	0.562911	1	1	1	1	1	1	4.01987	0.753506	0.753506	1	1	
0.0118032	-nan	0.75892	0.565203	1	1	1	1	1	1	4.03199	0.75892	0.75892	1	1	
0.0122462	-nan	0.764367	0.567578	1	1	1	1	1	1	4.04432	0.764367	0.764367	1	1	
0.0127057	-nan	0.769844	0.570038	1	1	1	1	1	1	4.05687	0.769844	0.769844	1	1	
0.0131826	-nan	0.775352	0.572588	1	1	1	1	1	1	4.06962	0.775352	0.775352	1	1	
0.0136773	-nan	0.780889	0.575232	1	1	1	1	1	1	4.0826	0.780889	0.780889	1	1	
0.0141906	-nan	0.786455	0.577973	1	1	1	1	1	1	4.09578	0.786455	0.786455	1	1	
0.0147231	-nan	0.792048	0.580817	1	1	1	1	1	1	4.10919	0.792048	0.792048	1	1	
0.0152757	-nan	0.797669	0.583767	1	1	1	1	1	1	4.12281	0.797669	0.797669	1	1	
0.0158489	-nan	0.803314	0.586829	1	1	1	1	1	1	4.13665	0.803314	0.803314	1	1	
0.0164437	-nan	0.808984	0.590007	1	1	1	1	1	1	4.15071	0.808984	0.808984	1	1	
0.0170608	-nan	0.814677	0.593307	1	1	1	1	1	1	4.165	0.814677	0.814677	1	1	
0.0177011	-nan	0.820392	0.596734	1	1	1	1	1	1	4.1795	0.820392	0.820392	1	1	
0.0183654	-nan	0.826128	0.600295	1	1	1	1	1	1	4.19422	0.826128	0.826128	1	1	
0.0190546	-nan	0.831882	0.603994	1	1	1	1	1	1	4.20916	0.831882	0.831882	1	1	
0.0197697	-nan	0.837653	0.607839	1	1	1	1	1	1	4.22432	0.837653	0.837653	1	1	
0.0205116	-nan	0.84344	0.611836	1	1	1	1	1	1	4.23971	0.84344	0.84344	1	1	
0.0212814	-nan	0.849241	0.615992	1	1	1	1	1	1	4.25531	0.849241	0.849241	1	1	
0.02208	-nan	0.855054	0.620315	1	1	1	1	1	1	4.27113	0.855054	0.855054	1	1	
0.0229087	-nan	0.860877	0.624811	1	1	1	1	1	1	4.28717	0.860877	0.860877	1	1	
0.0237684	-nan	0.866708	0.62949	1	1	1	1	1	1	4.30343	0.866708	0.866708	1	1	
0.0246604	-nan	0.872546	0.634358	1	1	1	1	1	1	4.3199	0.872546	0.872546	1	1	
0.0255859	-nan	0.878387	0.639426	1	1	1	1	1	1	4.33659	0.878387	0.878387	1	1	
0.0265461	-nan	0.88423	0.644702	1	1	1	1	1	1	4.35349	0.88423	0.88423	1	1	
0.0275423	-nan	0.890073	0.650196	1	1	1	1	1	1	4.3706	0.890073	0.890073	1	1	
0.0285759	-nan	0.895912	0.655917	1	1	1	1	1	1	4.38792	0.895912	0.895912	1	1	
0.0296483	-nan	0.901747	0.661875	1	1	1	1	1	1	4.40544	0.901747	0.901747	1	1	
0.030761	-nan	0.907573	0.668082	1	1	1	1	1	1	4.42317	0.907573	0.907573	1	1	
0.0319154	-nan	0.913388	0.674549	1	1	1	1	1	1	4.4411	0.913388	0.913388	1	1	
0.0331131	-nan	0.919191	0.681286	1	1	1	1	1	1	4.45922	0.919191	0.919191	1	1	
0.0343558	-nan	0.924977	0.688305	1	1	1	1	1	1	4.47754	0.924977	0.924977	1	1	
0.0356451	-nan	0.930745	0.69562	1	1	1	1	1	1	4.49605	0.930745	0.930745	1	1	
0.0369828	-nan	0.936492	0.703241	1	1	1	1	1	1	4.51475	0.936492	0.936492	1	1	
0.0383707	-nan	0.942214	0.711183	1	1	1	1	1	1	4.53363	0.942214	0.942214	1	1	
0.0398107	-nan	0.94791	0.719457	1	1	1	1	1	1	4.55268	0.94791	0.94791	1	1	
0.0413048	-nan	0.953576	0.728079	1	1	1	1	1	1	4.57192	0.953576	0.953576	1	1	
0.0428549	-nan	0.959209	0.73706	1	1	1	1	1	1	4.59132	0.959209	0.959209	1	1	
0.0444631	-nan	0.964807	0.746416	1	1	1	1	1	1	4.61088	0.964807	0.964807	1	1	
0.0461318	-nan	0.970368	0.756159	1	1	1	1	1	1	4.63061	0.970368	0.970368	1	1	
0.047863	-nan	0.975888	0.766304	1	1	1	1	1	1	4.65048	0.975888	0.975888	1	1	
0.0496592	-nan	0.981366	0.776865	1	1	1	1	1	1	4.67051	0.981366	0.981366	1	1	
0.0515229	-nan	0.986799	0.787855	1	1	1	1	1	1	4.69067	0.986799	0.986799	1	1	
0.0534564	-nan	0.992185	0.799288	1	1	1	1	1	1	4.71098	0.992185	0.992185	1	1	
0.0554626	-nan	0.997522	0.811176	1	1	1	1	1	1	4.73141	0.997522	0.997522	1	1	
0.057544	-nan	1.00281	0.823533	1	1	1	1	1	1	4.75197	1.00281	1.00281	1	1	
0.0597035	-nan	1.00804	0.83637	1	1	1	1	1	1	4.77264	1.00804	1.00804	1	1	
0.0619441	-nan	1.01322	0.849697	1	1	1	1	1	1	4.79343	1.01322	1.01322	1	1	
0.0642688	-nan	1.01835	0.863525	1	1	1	1	1	1	4.81432	1.01835	1.01835	1	1	
0.0666807	-nan	1.02342	0.877862	1	1	1	1	1	1	4.83532	1.02342	1.02342	1	1	
0.0691831	-nan	1.02844	0.892714	1	1	1	1	1	1	4.8564	1.02844	1.02844	1	1	
0.0717794	-nan	1.0334	0.908086	1	1	1	1	1	1	4.87757	1.0334	1.0334	1	1	
0.0744732	-nan	1.03831	0.92398	1	1	1	1	1	1	4.89882	1.03831	1.03831	1	1	
0.0772681	-nan	1.04317	0.940398	1	1	1	1	1	1	4.92015	1.04317	1.04317	1	1	
0.0801678	-nan	1.04797	0.957335	1	1	1	1	1	1	4.94155	1.04797	1.04797	1	1	
0.0831764	-nan	1.05272	0.974785	1	1	1	1	1	1	4.96302	1.05272	1.05272	1	1	
0.0862979	-nan	1.05743	0.992737	1	1	1	1	1	1	4.98455	1.05743	1.05743	1	1	
0.0895365	-nan	1.06209	1.01118	1	1	1	1	1	1	5.00615	1.06209	1.06209	1	1	
0.0928966	-nan	1.06671	1.03009	1	1	1	1	1	1	5.0278	1.06671	1.06671	1	1	
0.0963829	-nan	1.07128	1.04944	1	1	1	1	1	1	5.04951	1.07128	1.07128	1	1	
0.1	-nan	1.07583	1.06921	1	1	1	1	1	1	5.07128	1.07583	1.07583	1	1	
0.103614	-nan	1.08018	1.08862	1	1	1	1	1	1	5.09233	1.08018	1.08018	1	1	
0.107229	-nan	1.08436	1.10766	1	1	1	1	1	1	5.11271	1.08436	1.08436	1	1	
0.110843	-nan	1.08838	1.12631	1	1	1	1	1	1	5.13248	1.08838	1.08838	1	1	
0.114458	-nan	1.09226	1.14455	1	1	1	1	1	1	5.15169	1.09226	1.09226	1	1	
0.118072	-nan	1.096	1.16235	1	1	1	1	1	1	5.17038	1.096	1.096	1	1	
0.121687	-nan	1.09963	1.17969	1	1	1	1	1	1	5.18858	1.09963	1.09963	1	1	
0.125301	-nan	1.10316	1.19656	1	1	1	1	1	1	5.20634	1.10316	1.10316	1	1	
0.128916	-nan	1.10658	1.21295	1	1	1	1	1	1	5.2237	1.10658	1.10658	1	1	
0.13253	-nan	1.10991	1.22883	1	1	1	1	1	1	5.24068	1.10991	1.10991	1	1	
0.136145	-nan	1.11315	1.2442	1	1	1	1	1	1	5.25732	1.11315	1.11315	1	1	
0.139759	-nan	1.11632	1.25904	1	1	1	1	1	1	5.27367	1.11632	1.11632	1	1	
0.143373	-nan	1.11941	1.27335	1	1	1	1	1	1	5.28974	1.11941	1.11941	1	1	
0.146988	-nan	1.12243	1.28712	1	1	1	1	1	1	5.30557	1.12243	1.12243	1	1	
0.150602	-nan	1.1254	1.30034	1	1	1	1	1	1	5.32119	1.1254	1.1254	1	1	
0.154217	-nan	1.1283	1.31301	1	1	1	1	1	1	5.33663	1.1283	1.1283	1	1	
0.157831	-nan	1.13115	1.32512	1	1	1	1	1	1	5.35192	1.13115	1.13115	1	1	
0.161446	-nan	1.13395	1.33668	1	1	1	1	1	1	5.36709	1.13395	1.13395	1	1	
0.16506	-nan	1.1367	1.34769	1	1	1	1	1	1	5.38217	1.1367	1.1367	1	1	
0.168675	-nan	1.1394	1.35814	1	1	1	1	1	1	5.39718	1.1394	1.1394	1	1	
0.172289	-nan	1.14206	1.36804	1	1	1	1	1	1	5.41216	1.14206	1.14206	1	1	
0.175904	-nan	1.14469	1.37739	1	1	1	1	1	1	5.42713	1.14469	1.14469	1	1	
0.179518	-nan	1.14727	1.38621	1	1	1	1	1	1	5.44213	1.14727	1.14727	1	1	
0.183133	-nan	1.14982	1.39449	1	1	1	1	1	1	5.45717	1.14982	1.14982	1	1	
0.186747	-nan	1.15233	1.40226	1	1	1	1	1	1	5.47228	1.15233	1.15233	1	1	
0.190361	-nan	1.15481	1.40951	1	1	1	1	1	1	5.4875	1.15481	1.15481	1	1	
0.193976	-nan	1.15726	1.41626	1	1	1	1	1	1	5.50285	1.15726	1.15726	1	1	
0.19759	-nan	1.15968	1.42253	1	1	1	1	1	1	5.51835	1.15968	1.15968	1	1	
0.201205	-nan	1.16207	1.42831	1	1	1	1	1	1	5.53403	1.16207	1.16207	1	1	
0.204819	-nan	1.16443	1.43364	1	1	1	1	1	1	5.54992	1.16443	1.16443	1	1	
0.208434	-nan	1.16677	1.43853	1	1	1	1	1	1	5.56604	1.16677	1.16677	1	1	
0.212048	-nan	1.16908	1.44298	1	1	1	1	1	1	5.58241	1.16908	1.16908	1	1	
0.215663	-nan	1.17137	1.44702	1	1	1	1	1	1	5.59906	1.17137	1.17137	1	1	
0.219277	-nan	1.17363	1.45067	1	1	1	1	1	1	5.616	1.17363	1.17363	1	1	
0.222892	-nan	1.17587	1.45394	1	1	1	1	1	1	5.63326	1.17587	1.17587	1	1	
0.226506	-nan	1.17809	1.45684	1	1	1	1	1	1	5.65083	1.17809	1.17809	1	1	
0.23012	-nan	1.18029	1.45941	1	1	1	1	1	1	5.66875	1.18029	1.18029	1	1	
0.233735	-nan	1.18247	1.46164	1	1	1	1	1	1	5.68701	1.18247	1.18247	1	1	
0.237349	-nan	1.18463	1.46358	1	1	1	1	1	1	5.70561	1.18463	1.18463	1	1	
0.240964	-nan	1.18677	1.46522	1	1	1	1	1	1	5.72455	1.18677	1.18677	1	1	
0.244578	-nan	1.18889	1.46659	1	1	1	1	1	1	5.74383	1.18889	1.18889	1	1	
0.248193	-nan	1.191	1.46771	1	1	1	1	1	1	5.76341	1.191	1.191	1	1	
0.251807	-nan	1.19308	1.4686	1	1	1	1	1	1	5.78326	1.19308	1.19308	1	1	
0.255422	-nan	1.19515	1.46927	1	1	1	1	1	1	5.80335	1.19515	1.19515	1	1	
0.259036	-nan	1.19721	1.46974	1	1	1	1	1	1	5.8236	1.19721	1.19721	1	1	
0.262651	-nan	1.19924	1.47002	1	1	1	1	1	1	5.84396	1.19924	1.19924	1	1	
0.266265	-nan	1.20127	1.47014	1	1	1	1	1	1	5.8643	1.20127	1.20127	1	1	
0.26988	-nan	1.20327	1.4701	1	1	1	1	1	1	5.88452	1.20327	1.20327	1	1	
0.273494	-nan	1.20526	1.46992	1	1	1	1	1	1	5.90445	1.20526	1.20526	1	1	
0.277108	-nan	1.20724	1.46962	1	1	1	1	1	1	5.92392	1.20724	1.20724	1	1	
0.280723	-nan	1.2092	1.46921	1	1	1	1	1	1	5.94268	1.2092	1.2092	1	1	
0.284337	-nan	1.21115	1.4687	1	1	1	1	1	1	5.96048	1.21115	1.21115	1	1	
0.287952	-nan	1.21308	1.46811	1	1	1	1	1	1	5.97697	1.21308	1.21308	1	1	
0.291566	-nan	1.215	1.46744	1	1	1	1	1	1	5.99179	1.215	1.215	1	1	
0.295181	-nan	1.21691	1.46671	1	1	1	1	1	1	6.00447	1.21691	1.21691	1	1	
0.298795	-nan	1.2188	1.46593	1	1	1	1	1	1	6.01451	1.2188	1.2188	1	1	
0.30241	-nan	1.22068	1.46511	1	1	1	1	1	1	6.02129	1.22068	1.22068	1	1	
0.306024	-nan	1.22255	1.46425	1	1	1	1	1	1	6.02416	1.22255	1.22255	1	1	
0.309639	-nan	1.2244	1.46337	1	1	1	1	1	1	6.02239	1.2244	1.2244	1	1	
0.313253	-nan	1.22625	1.46247	1	1	1	1	1	1	6.01517	1.22625	1.22625	1	1	
0.316867	-nan	1.22808	1.46156	1	1	1	1	1	1	6.00169	1.22808	1.22808	1	1	
0.320482	-nan	1.2299	1.46064	1	1	1	1	1	1	5.98114	1.2299	1.2299	1	1	
0.324096	-nan	1.2317	1.45973	1	1	1	1	1	1	5.95277	1.2317	1.2317	1	1	
0.327711	-nan	1.2335	1.45882	1	1	1	1	1	1	5.91595	1.2335	1.2335	1	1	
0.331325	-nan	1.23528	1.45792	1	1	1	1	1	1	5.87032	1.23528	1.23528	1	1	
0.33494	-nan	1.23705	1.45705	1	1	1	1	1	1	5.8158	1.23705	1.23705	1	1	
0.338554	-nan	1.23881	1.45619	1	1	1	1	1	1	5.75279	1.23881	1.23881	1	1	
0.342169	-nan	1.24056	1.45536	1	1	1	1	1	1	5.68217	1.24056	1.24056	1	1	
0.345783	-nan	1.2423	1.45455	1	1	1	1	1	1	5.60539	1.2423	1.2423	1	1	
0.349398	-nan	1.24403	1.45377	1	1	1	1	1	1	5.52445	1.24403	1.24403	1	1	
0.353012	-nan	1.24574	1.45303	1	1	1	1	1	1	5.4418	1.24574	1.24574	1	1	
0.356627	-nan	1.24745	1.45232	1	1	1	1	1	1	5.36015	1.24745	1.24745	1	1	
0.360241	-nan	1.24914	1.45164	1	1	1	1	1	1	5.28228	1.24914	1.24914	1	1	
0.363855	-nan	1.25083	1.451	1	1	1	1	1	1	5.21076	1.25083	1.25083	1	1	
0.36747	-nan	1.2525	1.45041	1	1	1	1	1	1	5.14775	1.2525	1.2525	1	1	
0.371084	-nan	1.25416	1.44985	1	1	1	1	1	1	5.09486	1.25416	1.25416	1	1	
0.374699	-nan	1.25581	1.44932	1	1	1	1	1	1	5.05303	1.25581	1.25581	1	1	
0.378313	-nan	1.25746	1.44884	1	1	1	1	1	1	5.02256	1.25746	1.25746	1	1	
0.381928	-nan	1.25909	1.44841	1	1	1	1	1	1	5.00323	1.25909	1.25909	1	1	
0.385542	-nan	1.26071	1.44801	1	1	1	1	1	1	4.99437	1.26071	1.26071	1	1	
0.389157	-nan	1.26232	1.44765	1	1	1	1	1	1	4.99501	1.26232	1.26232	1	1	
0.392771	-nan	1.26393	1.44733	1	1	1	1	1	1	5.00402	1.26393	1.26393	1	1	
0.396386	-nan	1.26552	1.44705	1	1	1	1	1	1	5.0202	1.26552	1.26552	1	1	
0.4	-nan	1.2671	1.44681	1	1	1	1	1	1	5.04239	1.2671	1.2671	1	1	
0.403614	-nan	1.26867	1.44662	1	1	1	1	1	1	5.06949	1.26867	1.26867	1	1	
0.407229	-nan	1.27024	1.44645	1	1	1	1	1	1	5.10052	1.27024	1.27024	1	1	
0.410843	-nan	1.27179	1.44633	1	1	1	1	1	1	5.13462	1.27179	1.27179	1	1	
0.414458	-nan	1.27333	1.44625	1	1	1	1	1	1	5.17106	1.27333	1.27333	1	1	
0.418072	-nan	1.27487	1.4462	1	1	1	1	1	1	5.20923	1.27487	1.27487	1	1	
0.421687	-nan	1.27639	1.44618	1	1	1	1	1	1	5.24861	1.27639	1.27639	1	1	
0.425301	-nan	1.27791	1.4462	1	1	1	1	1	1	5.28881	1.27791	1.27791	1	1	
0.428916	-nan	1.27941	1.44625	1	1	1	1	1	1	5.3295	1.27941	1.27941	1	1	
0.43253	-nan	1.28091	1.44634	1	1	1	1	1	1	5.37042	1.28091	1.28091	1	1	
0.436145	-nan	1.2824	1.44645	1	1	1	1	1	1	5.41136	1.2824	1.2824	1	1	
0.439759	-nan	1.28388	1.4466	1	1	1	1	1	1	5.45219	1.28388	1.28388	1	1	
0.443373	-nan	1.28535	1.44677	1	1	1	1	1	1	5.49277	1.28535	1.28535	1	1	
0.446988	-nan	1.28681	1.44698	1	1	1	1	1	1	5.53303	1.28681	1.28681	1	1	
0.450602	-nan	1.28826	1.44721	1	1	1	1	1	1	5.5729	1.28826	1.28826	1	1	
0.454217	-nan	1.2897	1.44746	1	1	1	1	1	1	5.61233	1.2897	1.2897	1	1	
0.457831	-nan	1.29113	1.44774	1	1	1	1	1	1	5.6513	1.29113	1.29113	1	1	
0.461446	-nan	1.29255	1.44805	1	1	1	1	1	1	5.68979	1.29255	1.29255	1	1	
0.46506	-nan	1.29397	1.44838	1	1	1	1	1	1	5.72778	1.29397	1.29397	1	1	
0.468675	-nan	1.29538	1.44873	1	1	1	1	1	1	5.76527	1.29538	1.29538	1	1	
0.472289	-nan	1.29677	1.4491	1	1	1	1	1	1	5.80225	1.29677	1.29677	1	1	
0.475904	-nan	1.29816	1.44949	1	1	1	1	1	1	5.83873	1.29816	1.29816	1	1	
0.479518	-nan	1.29954	1.44989	1	1	1	1	1	1	5.8747	1.29954	1.29954	1	1	
0.483133	-nan	1.30091	1.45032	1	1	1	1	1	1	5.91019	1.30091	1.30091	1	1	
0.486747	-nan	1.30227	1.45077	1	1	1	1	1	1	5.94518	1.30227	1.30227	1	1	
0.490361	-nan	1.30363	1.45123	1	1	1	1	1	1	5.97968	1.30363	1.30363	1	1	
0.493976	-nan	1.30497	1.4517	1	1	1	1	1	1	6.0137	1.30497	1.30497	1	1	
0.49759	-nan	1.30631	1.45219	1	1	1	1	1	1	6.04725	1.30631	1.30631	1	1	
0.501205	-nan	1.30763	1.45269	1	1	1	1	1	1	6.08033	1.30763	1.30763	1	1	
0.504819	-nan	1.30895	1.45321	1	1	1	1	1	1	6.11294	1.30895	1.30895	1	1	
0.508434	-nan	1.31026	1.45373	1	1	1	1	1	1	6.14509	1.31026	1.31026	1	1	
0.512048	-nan	1.31156	1.45427	1	1	1	1	1	1	6.17678	1.31156	1.31156	1	1	
0.515663	-nan	1.31286	1.45482	1	1	1	1	1	1	6.20801	1.31286	1.31286	1	1	
0.519277	-nan	1.31414	1.45538	1	1	1	1	1	1	6.2388	1.31414	1.31414	1	1	
0.522892	-nan	1.31542	1.45594	1	1	1	1	1	1	6.26914	1.31542	1.31542	1	1	
0.526506	-nan	1.31669	1.45652	1	1	1	1	1	1	6.29903	1.31669	1.31669	1	1	
0.53012	-nan	1.31795	1.4571	1	1	1	1	1	1	6.32847	1.31795	1.31795	1	1	
0.533735	-nan	1.3192	1.45768	1	1	1	1	1	1	6.35748	1.3192	1.3192	1	1	
0.537349	-nan	1.32044	1.45828	1	1	1	1	1	1	6.38604	1.32044	1.32044	1	1	
0.540964	-nan	1.32168	1.45888	1	1	1	1	1	1	6.41417	1.32168	1.32168	1	1	
0.544578	-nan	1.32291	1.45948	1	1	1	1	1	1	6.44186	1.32291	1.32291	1	1	
0.548193	-nan	1.32412	1.46009	1	1	1	1	1	1	6.46911	1.32412	1.32412	1	1	
0.551807	-nan	1.32534	1.4607	1	1	1	1	1	1	6.49593	1.32534	1.32534	1	1	
0.555422	-nan	1.32654	1.46132	1	1	1	1	1	1	6.52232	1.32654	1.32654	1	1	
0.559036	-nan	1.32773	1.46194	1	1	1	1	1	1	6.54827	1.32773	1.32773	1	1	
0.562651	-nan	1.32892	1.46256	1	1	1	1	1	1	6.5738	1.32892	1.32892	1	1	
0.566265	-nan	1.3301	1.46318	1	1	1	1	1	1	6.5989	1.3301	1.3301	1	1	
0.56988	-nan	1.33127	1.4638	1	1	1	1	1	1	6.62358	1.33127	1.33127	1	1	
0.573494	-nan	1.33243	1.46443	1	1	1	1	1	1	6.64783	1.33243	1.33243	1	1	
0.577108	-nan	1.33358	1.46505	1	1	1	1	1	1	6.67166	1.33358	1.33358	1	1	
0.580723	-nan	1.33473	1.46568	1	1	1	1	1	1	6.69507	1.33473	1.33473	1	1	
0.584337	-nan	1.33587	1.4663	1	1	1	1	1	1	6.71806	1.33587	1.33587	1	1	
0.587952	-nan	1.337	1.46693	1	1	1	1	1	1	6.74064	1.337	1.337	1	1	
0.591566	-nan	1.33812	1.46755	1	1	1	1	1	1	6.7628	1.33812	1.33812	1	1	
0.595181	-nan	1.33924	1.46817	1	1	1	1	1	1	6.78456	1.33924	1.33924	1	1	
0.598795	-nan	1.34035	1.46879	1	1	1	1	1	1	6.80591	1.34035	1.34035	1	1	
0.60241	-nan	1.34145	1.46941	1	1	1	1	1	1	6.82685	1.34145	1.34145	1	1	
0.606024	-nan	1.34254	1.47003	1	1	1	1	1	1	6.8474	1.34254	1.34254	1	1	
0.609639	-nan	1.34362	1.47064	1	1	1	1	1	1	6.86754	1.34362	1.34362	1	1	
0.613253	-nan	1.3447	1.47125	1	1	1	1	1	1	6.88729	1.3447	1.3447	1	1	
0.616867	-nan	1.34577	1.47186	1	1	1	1	1	1	6.90666	1.34577	1.34577	1	1	
0.620482	-nan	1.34683	1.47246	1	1	1	1	1	1	6.92563	1.34683	1.34683	1	1	
0.624096	-nan	1.34788	1.47307	1	1	1	1	1	1	6.94423	1.34788	1.34788	1	1	
0.627711	-nan	1.34893	1.47366	1	1	1	1	1	1	6.96244	1.34893	1.34893	1	1	
0.631325	-nan	1.34997	1.47426	1	1	1	1	1	1	6.98028	1.34997	1.34997	1	1	
0.63494	-nan	1.351	1.47485	1	1	1	1	1	1	6.99775	1.351	1.351	1	1	
0.638554	-nan	1.35202	1.47543	1	1	1	1	1	1	7.01485	1.35202	1.35202	1	1	
0.642169	-nan	1.35304	1.47602	1	1	1	1	1	1	7.0316	1.35304	1.35304	1	1	
0.645783	-nan	1.35404	1.47659	1	1	1	1	1	1	7.04798	1.35404	1.35404	1	1	
0.649398	-nan	1.35504	1.47717	1	1	1	1	1	1	7.06402	1.35504	1.35504	1	1	
0.653012	-nan	1.35604	1.47773	1	1	1	1	1	1	7.07971	1.35604	1.35604	1	1	
0.656627	-nan	1.35702	1.4783	1	1	1	1	1	1	7.09505	1.35702	1.35702	1	1	
0.660241	-nan	1.358	1.47886	1	1	1	1	1	1	7.11006	1.358	1.358	1	1	
0.663855	-nan	1.35897	1.47941	1	1	1	1	1	1	7.12474	1.35897	1.35897	1	1	
0.66747	-nan	1.35994	1.47996	1	1	1	1	1	1	7.13909	1.35994	1.35994	1	1	
0.671084	-nan	1.3609	1.4805	1	1	1	1	1	1	7.15311	1.3609	1.3609	1	1	
0.674699	-nan	1.36185	1.48104	1	1	1	1	1	1	7.16682	1.36185	1.36185	1	1	
0.678313	-nan	1.36279	1.48157	1	1	1	1	1	1	7.18022	1.36279	1.36279	1	1	
0.681928	-nan	1.36372	1.48209	1	1	1	1	1	1	7.19331	1.36372	1.36372	1	1	
0.685542	-nan	1.36465	1.48261	1	1	1	1	1	1	7.2061	1.36465	1.36465	1	1	
0.689157	-nan	1.36557	1.48313	1	1	1	1	1	1	7.21859	1.36557	1.36557	1	1	
0.692771	-nan	1.36649	1.48364	1	1	1	1	1	1	7.2308	1.36649	1.36649	1	1	
0.696386	-nan	1.36739	1.48414	1	1	1	1	1	1	7.24271	1.36739	1.36739	1	1	
0.7	-nan	1.36829	1.48464	1	1	1	1	1	1	7.25435	1.36829	1.36829	1	1	
0.703614	-nan	1.36919	1.48513	1	1	1	1	1	1	7.26571	1.36919	1.36919	1	1	
0.707229	-nan	1.37007	1.48562	1	1	1	1	1	1	7.2768	1.37007	1.37007	1	1	
0.710843	-nan	1.37095	1.4861	1	1	1	1	1	1	7.28763	1.37095	1.37095	1	1	
0.714458	-nan	1.37182	1.48657	1	1	1	1	1	1	7.2982	1.37182	1.37182	1	1	
0.718072	-nan	1.37269	1.48704	1	1	1	1	1	1	7.30851	1.37269	1.37269	1	1	
0.721687	-nan	1.37354	1.4875	1	1	1	1	1	1	7.31857	1.37354	1.37354	1	1	
0.725301	-nan	1.3744	1.48796	1	1	1	1	1	1	7.32839	1.3744	1.3744	1	1	
0.728916	-nan	1.37524	1.48841	1	1	1	1	1	1	7.33796	1.37524	1.37524	1	1	
0.73253	-nan	1.37608	1.48885	1	1	1	1	1	1	7.34731	1.37608	1.37608	1	1	
0.736145	-nan	1.37691	1.48929	1	1	1	1	1	1	7.35642	1.37691	1.37691	1	1	
0.739759	-nan	1.37773	1.48972	1	1	1	1	1	1	7.36531	1.37773	1.37773	1	1	
0.743373	-nan	1.37855	1.49015	1	1	1	1	1	1	7.37398	1.37855	1.37855	1	1	
0.746988	-nan	1.37936	1.49057	1	1	1	1	1	1	7.38243	1.37936	1.37936	1	1	
0.750602	-nan	1.38016	1.49098	1	1	1	1	1	1	7.39067	1.38016	1.38016	1	1	
0.754217	-nan	1.38096	1.49139	1	1	1	1	1	1	7.39871	1.38096	1.38096	1	1	
0.757831	-nan	1.38175	1.4918	1	1	1	1	1	1	7.40654	1.38175	1.38175	1	1	
0.761446	-nan	1.38253	1.49219	1	1	1	1	1	1	7.41418	1.38253	1.38253	1	1	
0.76506	-nan	1.38331	1.49258	1	1	1	1	1	1	7.42162	1.38331	1.38331	1	1	
0.768675	-nan	1.38408	1.49297	1	1	1	1	1	1	7.42888	1.38408	1.38408	1	1	
0.772289	-nan	1.38484	1.49335	1	1	1	1	1	1	7.43595	1.38484	1.38484	1	1	
0.775904	-nan	1.3856	1.49372	1	1	1	1	1	1	7.44284	1.3856	1.3856	1	1	
0.779518	-nan	1.38635	1.49409	1	1	1	1	1	1	7.44956	1.38635	1.38635	1	1	
0.783133	-nan	1.38709	1.49445	1	1	1	1	1	1	7.4561	1.38709	1.38709	1	1	
0.786747	-nan	1.38783	1.4948	1	1	1	1	1	1	7.46248	1.38783	1.38783	1	1	
0.790361	-nan	1.38856	1.49515	1	1	1	1	1	1	7.46869	1.38856	1.38856	1	1	
0.793976	-nan	1.38929	1.4955	1	1	1	1	1	1	7.47474	1.38929	1.38929	1	1	
0.79759	-nan	1.39	1.49584	1	1	1	1	1	1	7.48063	1.39	1.39	1	1	
0.801205	-nan	1.39072	1.49617	1	1	1	1	1	1	7.48638	1.39072	1.39072	1	1	
0.804819	-nan	1.39142	1.4965	1	1	1	1	1	1	7.49197	1.39142	1.39142	1	1	
0.808434	-nan	1.39212	1.49682	1	1	1	1	1	1	7.49742	1.39212	1.39212	1	1	
0.812048	-nan	1.39281	1.49714	1	1	1	1	1	1	7.50272	1.39281	1.39281	1	1	
0.815663	-nan	1.3935	1.49745	1	1	1	1	1	1	7.50789	1.3935	1.3935	1	1	
0.819277	-nan	1.39418	1.49776	1	1	1	1	1	1	7.51292	1.39418	1.39418	1	1	
0.822892	-nan	1.39485	1.49806	1	1	1	1	1	1	7.51782	1.39485	1.39485	1	1	
0.826506	-nan	1.39552	1.49835	1	1	1	1	1	1	7.52259	1.39552	1.39552	1	1	
0.83012	-nan	1.39618	1.49864	1	1	1	1	1	1	7.52724	1.39618	1.39618	1	1	
0.833735	-nan	1.39684	1.49893	1	1	1	1	1	1	7.53176	1.39684	1.39684	1	1	
0.837349	-nan	1.39749	1.49921	1	1	1	1	1	1	7.53616	1.39749	1.39749	1	1	
0.840964	-nan	1.39813	1.49949	1	1	1	1	1	1	7.54044	1.39813	1.39813	1	1	
0.844578	-nan	1.39877	1.49976	1	1	1	1	1	1	7.54462	1.39877	1.39877	1	1	
0.848193	-nan	1.3994	1.50002	1	1	1	1	1	1	7.54867	1.3994	1.3994	1	1	
0.851807	-nan	1.40003	1.50028	1	1	1	1	1	1	7.55263	1.40003	1.40003	1	1	
0.855422	-nan	1.40065	1.50054	1	1	1	1	1	1	7.55647	1.40065	1.40065	1	1	
0.859036	-nan	1.40126	1.50079	1	1	1	1	1	1	7.56021	1.40126	1.40126	1	1	
0.862651	-nan	1.40187	1.50103	1	1	1	1	1	1	7.56385	1.40187	1.40187	1	1	
0.866265	-nan	1.40247	1.50127	1	1	1	1	1	1	7.5674	1.40247	1.40247	1	1	
0.86988	-nan	1.40306	1.50151	1	1	1	1	1	1	7.57084	1.40306	1.40306	1	1	
0.873494	-nan	1.40365	1.50174	1	1	1	1	1	1	7.5742	1.40365	1.40365	1	1	
0.877108	-nan	1.40424	1.50197	1	1	1	1	1	1	7.57746	1.40424	1.40424	1	1	
0.880723	-nan	1.40481	1.50219	1	1	1	1	1	1	7.58063	1.40481	1.40481	1	1	
0.884337	-nan	1.40539	1.50241	1	1	1	1	1	1	7.58372	1.40539	1.40539	1	1	
0.887952	-nan	1.40595	1.50262	1	1	1	1	1	1	7.58672	1.40595	1.40595	1	1	
0.891566	-nan	1.40651	1.50283	1	1	1	1	1	1	7.58964	1.40651	1.40651	1	1	
0.895181	-nan	1.40707	1.50304	1	1	1	1	1	1	7.59248	1.40707	1.40707	1	1	
0.898795	-nan	1.40762	1.50324	1	1	1	1	1	1	7.59524	1.40762	1.40762	1	1	
0.90241	-nan	1.40816	1.50344	1	1	1	1	1	1	7.59793	1.40816	1.40816	1	1	
0.906024	-nan	1.4087	1.50363	1	1	1	1	1	1	7.60053	1.4087	1.4087	1	1	
0.909639	-nan	1.40923	1.50382	1	1	1	1	1	1	7.60307	1.40923	1.40923	1	1	
0.913253	-nan	1.40975	1.504	1	1	1	1	1	1	7.60554	1.40975	1.40975	1	1	
0.916867	-nan	1.41028	1.50418	1	1	1	1	1	1	7.60793	1.41028	1.41028	1	1	
0.920482	-nan	1.41079	1.50436	1	1	1	1	1	1	7.61026	1.41079	1.41079	1	1	
0.924096	-nan	1.4113	1.50453	1	1	1	1	1	1	7.61252	1.4113	1.4113	1	1	
0.927711	-nan	1.4118	1.5047	1	1	1	1	1	1	7.61472	1.4118	1.4118	1	1	
0.931325	-nan	1.4123	1.50486	1	1	1	1	1	1	7.61686	1.4123	1.4123	1	1	
0.93494	-nan	1.4128	1.50503	1	1	1	1	1	1	7.61893	1.4128	1.4128	1	1	
0.938554	-nan	1.41328	1.50518	1	1	1	1	1	1	7.62095	1.41328	1.41328	1	1	
0.942169	-nan	1.41377	1.50534	1	1	1	1	1	1	7.6229	1.41377	1.41377	1	1	
0.945783	-nan	1.41424	1.50549	1	1	1	1	1	1	7.6248	1.41424	1.41424	1	1	
0.949398	-nan	1.41471	1.50563	1	1	1	1	1	1	7.62665	1.41471	1.41471	1	1	
0.953012	-nan	1.41518	1.50578	1	1	1	1	1	1	7.62844	1.41518	1.41518	1	1	
0.956627	-nan	1.41564	1.50592	1	1	1	1	1	1	7.63018	1.41564	1.41564	1	1	
0.960241	-nan	1.4161	1.50605	1	1	1	1	1	1	7.63186	1.4161	1.4161	1	1	
0.963855	-nan	1.41655	1.50619	1	1	1	1	1	1	7.6335	1.41655	1.41655	1	1	
0.96747	-nan	1.41699	1.50632	1	1	1	1	1	1	7.63509	1.41699	1.41699	1	1	
0.971084	-nan	1.41743	1.50644	1	1	1	1	1	1	7.63663	1.41743	1.41743	1	1	
0.974699	-nan	1.41787	1.50657	1	1	1	1	1	1	7.63812	1.41787	1.41787	1	1	
0.978313	-nan	1.41829	1.50669	1	1	1	1	1	1	7.63957	1.41829	1.41829	1	1	
0.981928	-nan	1.41872	1.5068	1	1	1	1	1	1	7.64097	1.41872	1.41872	1	1	
0.985542	-nan	1.41914	1.50692	1	1	1	1	1	1	7.64233	1.41914	1.41914	1	1	
0.989157	-nan	1.41955	1.50703	1	1	1	1	1	1	7.64365	1.41955	1.41955	1	1	
0.992771	-nan	1.41996	1.50714	1	1	1	1	1	1	7.64492	1.41996	1.41996	1	1	
0.996386	-nan	1.42036	1.50724	1	1	1	1	1	1	7.64616	1.42036	1.42036	1	1	
1	-nan	-nan	-nan	-nan	-nan	-nan	-nan	-nan	-nan	-nan	-nan	-nan	-nan	-nan	
