1e-05	-nan	0.386802	0.000760947	1	1	1	1	1	1	7.20532	0.386802	0.386802	1	1	
1.03753e-05	-nan	0.38737	0.000785364	1	1	1	1	1	1	7.20511	0.38737	0.38737	1	1	
1.07647e-05	-nan	0.387946	0.000810469	1	1	1	1	1	1	7.20489	0.387946	0.387946	1	1	
1.11686e-05	-nan	0.388528	0.00083628	1	1	1	1	1	1	7.20466	0.388528	0.388528	1	1	
1.15878e-05	-nan	0.389117	0.00086282	1	1	1	1	1	1	7.20443	0.389117	0.389117	1	1	
1.20226e-05	-nan	0.389714	0.000890108	1	1	1	1	1	1	7.20419	0.389714	0.389714	1	1	
1.24738e-05	-nan	0.390317	0.000918166	1	1	1	1	1	1	7.20395	0.390317	0.390317	1	1	
1.2942e-05	-nan	0.390928	0.000947018	1	1	1	1	1	1	7.2037	0.390928	0.390928	1	1	
1.34276e-05	-nan	0.391547	0.000976686	1	1	1	1	1	1	7.20345	0.391547	0.391547	1	1	
1.39316e-05	-nan	0.392172	0.00100719	1	1	1	1	1	1	7.20319	0.392172	0.392172	1	1	
1.44544e-05	-nan	0.392806	0.00103857	1	1	1	1	1	1	7.20292	0.392806	0.392806	1	1	
1.49968e-05	-nan	0.393447	0.00107083	1	1	1	1	1	1	7.20265	0.393447	0.393447	1	1	
1.55597e-05	-nan	0.394096	0.00110401	1	1	1	1	1	1	7.20237	0.394096	0.394096	1	1	
1.61436e-05	-nan	0.394752	0.00113813	1	1	1	1	1	1	7.20209	0.394752	0.394752	1	1	
1.67494e-05	-nan	0.395417	0.00117323	1	1	1	1	1	1	7.20179	0.395417	0.395417	1	1	
1.7378e-05	-nan	0.39609	0.00120933	1	1	1	1	1	1	7.20149	0.39609	0.39609	1	1	
1.80302e-05	-nan	0.39677	0.00124646	1	1	1	1	1	1	7.20118	0.39677	0.39677	1	1	
1.87068e-05	-nan	0.397459	0.00128466	1	1	1	1	1	1	7.20087	0.397459	0.397459	1	1	
1.94089e-05	-nan	0.398156	0.00132395	1	1	1	1	1	1	7.20055	0.398156	0.398156	1	1	
2.01372e-05	-nan	0.398862	0.00136436	1	1	1	1	1	1	7.20022	0.398862	0.398862	1	1	
2.0893e-05	-nan	0.399576	0.00140595	1	1	1	1	1	1	7.19988	0.399576	0.399576	1	1	
2.1677e-05	-nan	0.400299	0.00144873	1	1	1	1	1	1	7.19953	0.400299	0.400299	1	1	
2.24905e-05	-nan	0.40103	0.00149274	1	1	1	1	1	1	7.19917	0.40103	0.40103	1	1	
2.33346e-05	-nan	0.401771	0.00153803	1	1	1	1	1	1	7.19881	0.401771	0.401771	1	1	
2.42103e-05	-nan	0.40252	0.00158463	1	1	1	1	1	1	7.19843	0.40252	0.40252	1	1	
2.51189e-05	-nan	0.403278	0.00163259	1	1	1	1	1	1	7.19805	0.403278	0.403278	1	1	
2.60615e-05	-nan	0.404045	0.00168194	1	1	1	1	1	1	7.19766	0.404045	0.404045	1	1	
2.70396e-05	-nan	0.404822	0.00173273	1	1	1	1	1	1	7.19726	0.404822	0.404822	1	1	
2.80543e-05	-nan	0.405608	0.00178501	1	1	1	1	1	1	7.19684	0.405608	0.405608	1	1	
2.91072e-05	-nan	0.406403	0.00183881	1	1	1	1	1	1	7.19642	0.406403	0.406403	1	1	
3.01995e-05	-nan	0.407208	0.0018942	1	1	1	1	1	1	7.19598	0.407208	0.407208	1	1	
3.13329e-05	-nan	0.408022	0.00195121	1	1	1	1	1	1	7.19554	0.408022	0.408022	1	1	
3.25087e-05	-nan	0.408846	0.0020099	1	1	1	1	1	1	7.19508	0.408846	0.408846	1	1	
3.37287e-05	-nan	0.40968	0.00207033	1	1	1	1	1	1	7.19461	0.40968	0.40968	1	1	
3.49945e-05	-nan	0.410525	0.00213255	1	1	1	1	1	1	7.19413	0.410525	0.410525	1	1	
3.63078e-05	-nan	0.411379	0.00219661	1	1	1	1	1	1	7.19364	0.411379	0.411379	1	1	
3.76704e-05	-nan	0.412243	0.00226257	1	1	1	1	1	1	7.19314	0.412243	0.412243	1	1	
3.90841e-05	-nan	0.413118	0.00233051	1	1	1	1	1	1	7.19262	0.413118	0.413118	1	1	
4.05509e-05	-nan	0.414003	0.00240047	1	1	1	1	1	1	7.19209	0.414003	0.414003	1	1	
4.20727e-05	-nan	0.414899	0.00247252	1	1	1	1	1	1	7.19154	0.414899	0.414899	1	1	
4.36516e-05	-nan	0.415805	0.00254674	1	1	1	1	1	1	7.19098	0.415805	0.415805	1	1	
4.52898e-05	-nan	0.416722	0.00262319	1	1	1	1	1	1	7.19041	0.416722	0.416722	1	1	
4.69894e-05	-nan	0.41765	0.00270195	1	1	1	1	1	1	7.18982	0.41765	0.41765	1	1	
4.87528e-05	-nan	0.41859	0.00278308	1	1	1	1	1	1	7.18921	0.41859	0.41859	1	1	
5.05825e-05	-nan	0.41954	0.00286668	1	1	1	1	1	1	7.18859	0.41954	0.41954	1	1	
5.24807e-05	-nan	0.420501	0.00295281	1	1	1	1	1	1	7.18795	0.420501	0.420501	1	1	
5.44503e-05	-nan	0.421475	0.00304156	1	1	1	1	1	1	7.1873	0.421475	0.421475	1	1	
5.64937e-05	-nan	0.422459	0.00313302	1	1	1	1	1	1	7.18663	0.422459	0.422459	1	1	
5.86138e-05	-nan	0.423455	0.00322728	1	1	1	1	1	1	7.18594	0.423455	0.423455	1	1	
6.08135e-05	-nan	0.424464	0.00332442	1	1	1	1	1	1	7.18523	0.424464	0.424464	1	1	
6.30957e-05	-nan	0.425484	0.00342455	1	1	1	1	1	1	7.18451	0.425484	0.425484	1	1	
6.54636e-05	-nan	0.426516	0.00352776	1	1	1	1	1	1	7.18376	0.426516	0.426516	1	1	
6.79204e-05	-nan	0.42756	0.00363416	1	1	1	1	1	1	7.18299	0.42756	0.42756	1	1	
7.04693e-05	-nan	0.428616	0.00374386	1	1	1	1	1	1	7.18221	0.428616	0.428616	1	1	
7.31139e-05	-nan	0.429686	0.00385695	1	1	1	1	1	1	7.1814	0.429686	0.429686	1	1	
7.58578e-05	-nan	0.430767	0.00397356	1	1	1	1	1	1	7.18057	0.430767	0.430767	1	1	
7.87046e-05	-nan	0.431862	0.00409381	1	1	1	1	1	1	7.17972	0.431862	0.431862	1	1	
8.16582e-05	-nan	0.432969	0.00421781	1	1	1	1	1	1	7.17884	0.432969	0.432969	1	1	
8.47227e-05	-nan	0.434089	0.00434569	1	1	1	1	1	1	7.17794	0.434089	0.434089	1	1	
8.79023e-05	-nan	0.435223	0.00447759	1	1	1	1	1	1	7.17702	0.435223	0.435223	1	1	
9.12011e-05	-nan	0.436369	0.00461363	1	1	1	1	1	1	7.17607	0.436369	0.436369	1	1	
9.46237e-05	-nan	0.437529	0.00475397	1	1	1	1	1	1	7.17509	0.437529	0.437529	1	1	
9.81748e-05	-nan	0.438703	0.00489874	1	1	1	1	1	1	7.17409	0.438703	0.438703	1	1	
0.000101859	-nan	0.43989	0.00504809	1	1	1	1	1	1	7.17306	0.43989	0.43989	1	1	
0.000105682	-nan	0.441092	0.00520219	1	1	1	1	1	1	7.172	0.441092	0.441092	1	1	
0.000109648	-nan	0.442307	0.00536119	1	1	1	1	1	1	7.17091	0.442307	0.442307	1	1	
0.000113763	-nan	0.443536	0.00552525	1	1	1	1	1	1	7.16979	0.443536	0.443536	1	1	
0.000118032	-nan	0.44478	0.00569456	1	1	1	1	1	1	7.16863	0.44478	0.44478	1	1	
0.000122462	-nan	0.446038	0.0058693	1	1	1	1	1	1	7.16745	0.446038	0.446038	1	1	
0.000127057	-nan	0.447311	0.00604964	1	1	1	1	1	1	7.16623	0.447311	0.447311	1	1	
0.000131826	-nan	0.448599	0.00623578	1	1	1	1	1	1	7.16498	0.448599	0.448599	1	1	
0.000136773	-nan	0.449901	0.00642793	1	1	1	1	1	1	7.16369	0.449901	0.449901	1	1	
0.000141906	-nan	0.451219	0.00662628	1	1	1	1	1	1	7.16237	0.451219	0.451219	1	1	
0.000147231	-nan	0.452551	0.00683104	1	1	1	1	1	1	7.16101	0.452551	0.452551	1	1	
0.000152757	-nan	0.453899	0.00704246	1	1	1	1	1	1	7.15961	0.453899	0.453899	1	1	
0.000158489	-nan	0.455263	0.00726074	1	1	1	1	1	1	7.15816	0.455263	0.455263	1	1	
0.000164437	-nan	0.456642	0.00748613	1	1	1	1	1	1	7.15668	0.456642	0.456642	1	1	
0.000170608	-nan	0.458037	0.00771888	1	1	1	1	1	1	7.15515	0.458037	0.458037	1	1	
0.000177011	-nan	0.459448	0.00795923	1	1	1	1	1	1	7.15358	0.459448	0.459448	1	1	
0.000183654	-nan	0.460875	0.00820746	1	1	1	1	1	1	7.15197	0.460875	0.460875	1	1	
0.000190546	-nan	0.462318	0.00846384	1	1	1	1	1	1	7.1503	0.462318	0.462318	1	1	
0.000197697	-nan	0.463778	0.00872864	1	1	1	1	1	1	7.14859	0.463778	0.463778	1	1	
0.000205116	-nan	0.465255	0.00900217	1	1	1	1	1	1	7.14682	0.465255	0.465255	1	1	
0.000212814	-nan	0.466748	0.00928472	1	1	1	1	1	1	7.14501	0.466748	0.466748	1	1	
0.0002208	-nan	0.468258	0.00957661	1	1	1	1	1	1	7.14314	0.468258	0.468258	1	1	
0.000229087	-nan	0.469785	0.00987817	1	1	1	1	1	1	7.14121	0.469785	0.469785	1	1	
0.000237684	-nan	0.47133	0.0101897	1	1	1	1	1	1	7.13923	0.47133	0.47133	1	1	
0.000246604	-nan	0.472892	0.0105116	1	1	1	1	1	1	7.13719	0.472892	0.472892	1	1	
0.000255859	-nan	0.474471	0.0108443	1	1	1	1	1	1	7.13509	0.474471	0.474471	1	1	
0.000265461	-nan	0.476069	0.011188	1	1	1	1	1	1	7.13292	0.476069	0.476069	1	1	
0.000275423	-nan	0.477684	0.0115432	1	1	1	1	1	1	7.13069	0.477684	0.477684	1	1	
0.000285759	-nan	0.479317	0.0119102	1	1	1	1	1	1	7.12839	0.479317	0.479317	1	1	
0.000296483	-nan	0.480968	0.0122896	1	1	1	1	1	1	7.12602	0.480968	0.480968	1	1	
0.00030761	-nan	0.482638	0.0126816	1	1	1	1	1	1	7.12358	0.482638	0.482638	1	1	
0.000319154	-nan	0.484327	0.0130869	1	1	1	1	1	1	7.12106	0.484327	0.484327	1	1	
0.000331131	-nan	0.486034	0.0135057	1	1	1	1	1	1	7.11847	0.486034	0.486034	1	1	
0.000343558	-nan	0.48776	0.0139387	1	1	1	1	1	1	7.11579	0.48776	0.48776	1	1	
0.000356451	-nan	0.489505	0.0143862	1	1	1	1	1	1	7.11304	0.489505	0.489505	1	1	
0.000369828	-nan	0.49127	0.0148488	1	1	1	1	1	1	7.11019	0.49127	0.49127	1	1	
0.000383707	-nan	0.493054	0.0153271	1	1	1	1	1	1	7.10726	0.493054	0.493054	1	1	
0.000398107	-nan	0.494857	0.0158215	1	1	1	1	1	1	7.10424	0.494857	0.494857	1	1	
0.000413048	-nan	0.49668	0.0163327	1	1	1	1	1	1	7.10112	0.49668	0.49668	1	1	
0.000428549	-nan	0.498523	0.0168612	1	1	1	1	1	1	7.09791	0.498523	0.498523	1	1	
0.000444631	-nan	0.500386	0.0174076	1	1	1	1	1	1	7.09459	0.500386	0.500386	1	1	
0.000461318	-nan	0.50227	0.0179726	1	1	1	1	1	1	7.09117	0.50227	0.50227	1	1	
0.00047863	-nan	0.504174	0.0185567	1	1	1	1	1	1	7.08764	0.504174	0.504174	1	1	
0.000496592	-nan	0.506098	0.0191607	1	1	1	1	1	1	7.084	0.506098	0.506098	1	1	
0.000515229	-nan	0.508043	0.0197853	1	1	1	1	1	1	7.08024	0.508043	0.508043	1	1	
0.000534564	-nan	0.510009	0.0204312	1	1	1	1	1	1	7.07636	0.510009	0.510009	1	1	
0.000554626	-nan	0.511996	0.021099	1	1	1	1	1	1	7.07236	0.511996	0.511996	1	1	
0.00057544	-nan	0.514005	0.0217896	1	1	1	1	1	1	7.06822	0.514005	0.514005	1	1	
0.000597035	-nan	0.516035	0.0225038	1	1	1	1	1	1	7.06395	0.516035	0.516035	1	1	
0.000619441	-nan	0.518086	0.0232423	1	1	1	1	1	1	7.05955	0.518086	0.518086	1	1	
0.000642688	-nan	0.52016	0.024006	1	1	1	1	1	1	7.055	0.52016	0.52016	1	1	
0.000666807	-nan	0.522255	0.0247958	1	1	1	1	1	1	7.0503	0.522255	0.522255	1	1	
0.000691831	-nan	0.524372	0.0256126	1	1	1	1	1	1	7.04545	0.524372	0.524372	1	1	
0.000717794	-nan	0.526511	0.0264573	1	1	1	1	1	1	7.04044	0.526511	0.526511	1	1	
0.000744732	-nan	0.528673	0.0273308	1	1	1	1	1	1	7.03526	0.528673	0.528673	1	1	
0.000772681	-nan	0.530858	0.0282342	1	1	1	1	1	1	7.02991	0.530858	0.530858	1	1	
0.000801678	-nan	0.533065	0.0291684	1	1	1	1	1	1	7.02438	0.533065	0.533065	1	1	
0.000831764	-nan	0.535295	0.0301346	1	1	1	1	1	1	7.01867	0.535295	0.535295	1	1	
0.000862979	-nan	0.537549	0.0311337	1	1	1	1	1	1	7.01277	0.537549	0.537549	1	1	
0.000895365	-nan	0.539825	0.032167	1	1	1	1	1	1	7.00666	0.539825	0.539825	1	1	
0.000928966	-nan	0.542125	0.0332355	1	1	1	1	1	1	7.00036	0.542125	0.542125	1	1	
0.000963829	-nan	0.544448	0.0343406	1	1	1	1	1	1	6.99384	0.544448	0.544448	1	1	
0.001	-nan	0.546795	0.0354833	1	1	1	1	1	1	6.9871	0.546795	0.546795	1	1	
0.00103753	-nan	0.549166	0.0366649	1	1	1	1	1	1	6.98013	0.549166	0.549166	1	1	
0.00107647	-nan	0.551561	0.0378868	1	1	1	1	1	1	6.97292	0.551561	0.551561	1	1	
0.00111686	-nan	0.553981	0.0391504	1	1	1	1	1	1	6.96546	0.553981	0.553981	1	1	
0.00115878	-nan	0.556424	0.0404569	1	1	1	1	1	1	6.95775	0.556424	0.556424	1	1	
0.00120226	-nan	0.558892	0.0418078	1	1	1	1	1	1	6.94978	0.558892	0.558892	1	1	
0.00124738	-nan	0.561385	0.0432047	1	1	1	1	1	1	6.94152	0.561385	0.561385	1	1	
0.0012942	-nan	0.563902	0.0446489	1	1	1	1	1	1	6.93298	0.563902	0.563902	1	1	
0.00134276	-nan	0.566445	0.0461421	1	1	1	1	1	1	6.92415	0.566445	0.566445	1	1	
0.00139316	-nan	0.569012	0.0476858	1	1	1	1	1	1	6.915	0.569012	0.569012	1	1	
0.00144544	-nan	0.571605	0.0492818	1	1	1	1	1	1	6.90554	0.571605	0.571605	1	1	
0.00149968	-nan	0.574222	0.0509316	1	1	1	1	1	1	6.89574	0.574222	0.574222	1	1	
0.00155597	-nan	0.576866	0.0526371	1	1	1	1	1	1	6.8856	0.576866	0.576866	1	1	
0.00161436	-nan	0.579535	0.0544	1	1	1	1	1	1	6.87509	0.579535	0.579535	1	1	
0.00167494	-nan	0.58223	0.0562221	1	1	1	1	1	1	6.86422	0.58223	0.58223	1	1	
0.0017378	-nan	0.584951	0.0581054	1	1	1	1	1	1	6.85296	0.584951	0.584951	1	1	
0.00180302	-nan	0.587697	0.0600518	1	1	1	1	1	1	6.8413	0.587697	0.587697	1	1	
0.00187068	-nan	0.59047	0.0620633	1	1	1	1	1	1	6.82922	0.59047	0.59047	1	1	
0.00194089	-nan	0.593269	0.0641419	1	1	1	1	1	1	6.81671	0.593269	0.593269	1	1	
0.00201372	-nan	0.596095	0.0662898	1	1	1	1	1	1	6.80374	0.596095	0.596095	1	1	
0.0020893	-nan	0.598947	0.068509	1	1	1	1	1	1	6.79031	0.598947	0.598947	1	1	
0.0021677	-nan	0.601826	0.0708017	1	1	1	1	1	1	6.77639	0.601826	0.601826	1	1	
0.00224905	-nan	0.604731	0.0731703	1	1	1	1	1	1	6.76197	0.604731	0.604731	1	1	
0.00233346	-nan	0.607664	0.075617	1	1	1	1	1	1	6.74702	0.607664	0.607664	1	1	
0.00242103	-nan	0.610623	0.0781442	1	1	1	1	1	1	6.73152	0.610623	0.610623	1	1	
0.00251189	-nan	0.61361	0.0807544	1	1	1	1	1	1	6.71546	0.61361	0.61361	1	1	
0.00260615	-nan	0.616623	0.0834499	1	1	1	1	1	1	6.69881	0.616623	0.616623	1	1	
0.00270396	-nan	0.619664	0.0862334	1	1	1	1	1	1	6.68154	0.619664	0.619664	1	1	
0.00280543	-nan	0.622732	0.0891074	1	1	1	1	1	1	6.66364	0.622732	0.622732	1	1	
0.00291072	-nan	0.625828	0.0920746	1	1	1	1	1	1	6.64507	0.625828	0.625828	1	1	
0.00301995	-nan	0.628951	0.0951376	1	1	1	1	1	1	6.62582	0.628951	0.628951	1	1	
0.00313329	-nan	0.632102	0.0982993	1	1	1	1	1	1	6.60584	0.632102	0.632102	1	1	
0.00325087	-nan	0.63528	0.101562	1	1	1	1	1	1	6.58513	0.63528	0.63528	1	1	
0.00337287	-nan	0.638487	0.10493	1	1	1	1	1	1	6.56363	0.638487	0.638487	1	1	
0.00349945	-nan	0.641721	0.108404	1	1	1	1	1	1	6.54134	0.641721	0.641721	1	1	
0.00363078	-nan	0.644983	0.111989	1	1	1	1	1	1	6.5182	0.644983	0.644983	1	1	
0.00376704	-nan	0.648273	0.115687	1	1	1	1	1	1	6.49419	0.648273	0.648273	1	1	
0.00390841	-nan	0.65159	0.119502	1	1	1	1	1	1	6.46928	0.65159	0.65159	1	1	
0.00405509	-nan	0.654936	0.123435	1	1	1	1	1	1	6.44343	0.654936	0.654936	1	1	
0.00420727	-nan	0.65831	0.127492	1	1	1	1	1	1	6.41659	0.65831	0.65831	1	1	
0.00436516	-nan	0.661712	0.131674	1	1	1	1	1	1	6.38874	0.661712	0.661712	1	1	
0.00452898	-nan	0.665143	0.135985	1	1	1	1	1	1	6.35983	0.665143	0.665143	1	1	
0.00469894	-nan	0.668601	0.140429	1	1	1	1	1	1	6.32982	0.668601	0.668601	1	1	
0.00487528	-nan	0.672087	0.145009	1	1	1	1	1	1	6.29867	0.672087	0.672087	1	1	
0.00505825	-nan	0.675602	0.149728	1	1	1	1	1	1	6.26632	0.675602	0.675602	1	1	
0.00524807	-nan	0.679145	0.154589	1	1	1	1	1	1	6.23274	0.679145	0.679145	1	1	
0.00544503	-nan	0.682715	0.159597	1	1	1	1	1	1	6.19788	0.682715	0.682715	1	1	
0.00564937	-nan	0.686314	0.164755	1	1	1	1	1	1	6.16168	0.686314	0.686314	1	1	
0.00586138	-nan	0.689941	0.170065	1	1	1	1	1	1	6.12409	0.689941	0.689941	1	1	
0.00608135	-nan	0.693596	0.175533	1	1	1	1	1	1	6.08507	0.693596	0.693596	1	1	
0.00630957	-nan	0.697279	0.181161	1	1	1	1	1	1	6.04454	0.697279	0.697279	1	1	
0.00654636	-nan	0.70099	0.186953	1	1	1	1	1	1	6.00247	0.70099	0.70099	1	1	
0.00679204	-nan	0.704728	0.192912	1	1	1	1	1	1	5.95878	0.704728	0.704728	1	1	
0.00704693	-nan	0.708495	0.199043	1	1	1	1	1	1	5.91342	0.708495	0.708495	1	1	
0.00731139	-nan	0.712288	0.205349	1	1	1	1	1	1	5.86632	0.712288	0.712288	1	1	
0.00758578	-nan	0.71611	0.211834	1	1	1	1	1	1	5.81742	0.71611	0.71611	1	1	
0.00787046	-nan	0.719958	0.218501	1	1	1	1	1	1	5.76666	0.719958	0.719958	1	1	
0.00816582	-nan	0.723834	0.225354	1	1	1	1	1	1	5.71396	0.723834	0.723834	1	1	
0.00847227	-nan	0.727737	0.232397	1	1	1	1	1	1	5.65926	0.727737	0.727737	1	1	
0.00879023	-nan	0.731666	0.239633	1	1	1	1	1	1	5.60249	0.731666	0.731666	1	1	
0.00912011	-nan	0.735623	0.247066	1	1	1	1	1	1	5.54358	0.735623	0.735623	1	1	
0.00946237	-nan	0.739605	0.2547	1	1	1	1	1	1	5.48245	0.739605	0.739605	1	1	
0.00981748	-nan	0.743614	0.262538	1	1	1	1	1	1	5.41903	0.743614	0.743614	1	1	
0.0101859	-nan	0.747649	0.270584	1	1	1	1	1	1	5.35325	0.747649	0.747649	1	1	
0.0105682	-nan	0.751709	0.27884	1	1	1	1	1	1	5.28503	0.751709	0.751709	1	1	
0.0109648	-nan	0.755794	0.287311	1	1	1	1	1	1	5.2143	0.755794	0.755794	1	1	
0.0113763	-nan	0.759905	0.296	1	1	1	1	1	1	5.141	0.759905	0.759905	1	1	
0.0118032	-nan	0.76404	0.304911	1	1	1	1	1	1	5.06504	0.76404	0.76404	1	1	
0.0122462	-nan	0.768199	0.314045	1	1	1	1	1	1	4.98636	0.768199	0.768199	1	1	
0.0127057	-nan	0.772382	0.323407	1	1	1	1	1	1	4.90488	0.772382	0.772382	1	1	
0.0131826	-nan	0.776589	0.333	1	1	1	1	1	1	4.82056	0.776589	0.776589	1	1	
0.0136773	-nan	0.780818	0.342825	1	1	1	1	1	1	4.73332	0.780818	0.780818	1	1	
0.0141906	-nan	0.78507	0.352887	1	1	1	1	1	1	4.64311	0.78507	0.78507	1	1	
0.0147231	-nan	0.789343	0.363188	1	1	1	1	1	1	4.54988	0.789343	0.789343	1	1	
0.0152757	-nan	0.793638	0.37373	1	1	1	1	1	1	4.4536	0.793638	0.793638	1	1	
0.0158489	-nan	0.797953	0.384516	1	1	1	1	1	1	4.35421	0.797953	0.797953	1	1	
0.0164437	-nan	0.802288	0.395548	1	1	1	1	1	1	4.25172	0.802288	0.802288	1	1	
0.0170608	-nan	0.806643	0.406827	1	1	1	1	1	1	4.14609	0.806643	0.806643	1	1	
0.0177011	-nan	0.811015	0.418357	1	1	1	1	1	1	4.03733	0.811015	0.811015	1	1	
0.0183654	-nan	0.815406	0.430138	1	1	1	1	1	1	3.92546	0.815406	0.815406	1	1	
0.0190546	-nan	0.819813	0.442172	1	1	1	1	1	1	3.81051	0.819813	0.819813	1	1	
0.0197697	-nan	0.824236	0.45446	1	1	1	1	1	1	3.69253	0.824236	0.824236	1	1	
0.0205116	-nan	0.828673	0.467003	1	1	1	1	1	1	3.5716	0.828673	0.828673	1	1	
0.0212814	-nan	0.833125	0.479802	1	1	1	1	1	1	3.4478	0.833125	0.833125	1	1	
0.02208	-nan	0.837589	0.492858	1	1	1	1	1	1	3.32126	0.837589	0.837589	1	1	
0.0229087	-nan	0.842065	0.50617	1	1	1	1	1	1	3.19212	0.842065	0.842065	1	1	
0.0237684	-nan	0.846551	0.519739	1	1	1	1	1	1	3.06058	0.846551	0.846551	1	1	
0.0246604	-nan	0.851046	0.533565	1	1	1	1	1	1	2.92683	0.851046	0.851046	1	1	
0.0255859	-nan	0.855549	0.547646	1	1	1	1	1	1	2.79113	0.855549	0.855549	1	1	
0.0265461	-nan	0.860058	0.561981	1	1	1	1	1	1	2.65375	0.860058	0.860058	1	1	
0.0275423	-nan	0.864571	0.57657	1	1	1	1	1	1	2.51502	0.864571	0.864571	1	1	
0.0285759	-nan	0.869087	0.591411	1	1	1	1	1	1	2.37528	0.869087	0.869087	1	1	
0.0296483	-nan	0.873604	0.606502	1	1	1	1	1	1	2.23494	0.873604	0.873604	1	1	
0.030761	-nan	0.878121	0.62184	1	1	1	1	1	1	2.09443	0.878121	0.878121	1	1	
0.0319154	-nan	0.882635	0.637423	1	1	1	1	1	1	1.95422	0.882635	0.882635	1	1	
0.0331131	-nan	0.887144	0.653247	1	1	1	1	1	1	1.81483	0.887144	0.887144	1	1	
0.0343558	-nan	0.891647	0.669309	1	1	1	1	1	1	1.67677	0.891647	0.891647	1	1	
0.0356451	-nan	0.89614	0.685605	1	1	1	1	1	1	1.54064	0.89614	0.89614	1	1	
0.0369828	-nan	0.900622	0.70213	1	1	1	1	1	1	1.40701	0.900622	0.900622	1	1	
0.0383707	-nan	0.905089	0.71888	1	1	1	1	1	1	1.27649	0.905089	0.905089	1	1	
0.0398107	-nan	0.90954	0.735849	1	1	1	1	1	1	1.1497	0.90954	0.90954	1	1	
0.0413048	-nan	0.913972	0.753032	1	1	1	1	1	1	1.02725	0.913972	0.913972	1	1	
0.0428549	-nan	0.91838	0.770422	1	1	1	1	1	1	0.909756	0.91838	0.91838	1	1	
0.0444631	-nan	0.922764	0.788012	1	1	1	1	1	1	0.797795	0.922764	0.922764	1	1	
0.0461318	-nan	0.927118	0.805795	1	1	1	1	1	1	0.69192	0.927118	0.927118	1	1	
0.047863	-nan	0.93144	0.823764	1	1	1	1	1	1	0.592643	0.93144	0.93144	1	1	
0.0496592	-nan	0.935727	0.84191	1	1	1	1	1	1	0.500416	0.935727	0.935727	1	1	
0.0515229	-nan	0.939974	0.860225	1	1	1	1	1	1	0.415631	0.939974	0.939974	1	1	
0.0534564	-nan	0.944178	0.878699	1	1	1	1	1	1	0.338599	0.944178	0.944178	1	1	
0.0554626	-nan	0.948334	0.897322	1	1	1	1	1	1	0.269552	0.948334	0.948334	1	1	
0.057544	-nan	0.952438	0.916085	1	1	1	1	1	1	0.20863	0.952438	0.952438	1	1	
0.0597035	-nan	0.956486	0.934976	1	1	1	1	1	1	0.15588	0.956486	0.956486	1	1	
0.0619441	-nan	0.960474	0.953985	1	1	1	1	1	1	0.111253	0.960474	0.960474	1	1	
0.0642688	-nan	0.964396	0.973099	1	1	1	1	1	1	0.074605	0.964396	0.964396	1	1	
0.0666807	-nan	0.968247	0.992306	1	1	1	1	1	1	0.0457023	0.968247	0.968247	1	1	
0.0691831	-nan	0.972023	1.01159	1	1	1	1	1	1	0.024226	0.972023	0.972023	1	1	
0.0717794	-nan	0.975717	1.03095	1	1	1	1	1	1	0.0097817	0.975717	0.975717	1	1	
0.0744732	-nan	0.979325	1.05036	1	1	1	1	1	1	0.00190952	0.979325	0.979325	1	1	
0.0772681	-nan	0.98284	1.06981	1	1	1	1	1	1	9.66346e-05	0.98284	0.98284	1	1	
0.0801678	-nan	0.986257	1.08929	1	1	1	1	1	1	0.00379014	0.986257	0.986257	1	1	
0.0831764	-nan	0.989569	1.10877	1	1	1	1	1	1	0.0124107	0.989569	0.989569	1	1	
0.0862979	-nan	0.992771	1.12826	1	1	1	1	1	1	0.0253657	0.992771	0.992771	1	1	
0.0895365	-nan	0.995855	1.14772	1	1	1	1	1	1	0.0420626	0.995855	0.995855	1	1	
0.0928966	-nan	0.998815	1.16715	1	1	1	1	1	1	0.0619199	0.998815	0.998815	1	1	
0.0963829	-nan	1.00164	1.18652	1	1	1	1	1	1	0.084378	1.00164	1.00164	1	1	
0.1	-nan	1.00434	1.20583	1	1	1	1	1	1	0.108908	1.00434	1.00434	1	1	
0.103614	-nan	1.00679	1.22436	1	1	1	1	1	1	0.134049	1.00679	1.00679	1	1	
0.107229	-nan	1.00903	1.24217	1	1	1	1	1	1	0.159341	1.00903	1.00903	1	1	
0.110843	-nan	1.01107	1.25929	1	1	1	1	1	1	0.184428	1.01107	1.01107	1	1	
0.114458	-nan	1.01291	1.27577	1	1	1	1	1	1	0.209049	1.01291	1.01291	1	1	
0.118072	-nan	1.01457	1.29162	1	1	1	1	1	1	0.233019	1.01457	1.01457	1	1	
0.121687	-nan	1.01606	1.3069	1	1	1	1	1	1	0.25621	1.01606	1.01606	1	1	
0.125301	-nan	1.01739	1.32161	1	1	1	1	1	1	0.278542	1.01739	1.01739	1	1	
0.128916	-nan	1.01857	1.3358	1	1	1	1	1	1	0.299965	1.01857	1.01857	1	1	
0.13253	-nan	1.0196	1.34948	1	1	1	1	1	1	0.32046	1.0196	1.0196	1	1	
0.136145	-nan	1.0205	1.36268	1	1	1	1	1	1	0.340023	1.0205	1.0205	1	1	
0.139759	-nan	1.02127	1.37543	1	1	1	1	1	1	0.358666	1.02127	1.02127	1	1	
0.143373	-nan	1.02191	1.38773	1	1	1	1	1	1	0.376413	1.02191	1.02191	1	1	
0.146988	-nan	1.02244	1.39962	1	1	1	1	1	1	0.393292	1.02244	1.02244	1	1	
0.150602	-nan	1.02286	1.41112	1	1	1	1	1	1	0.409337	1.02286	1.02286	1	1	
0.154217	-nan	1.02318	1.42223	1	1	1	1	1	1	0.424585	1.02318	1.02318	1	1	
0.157831	-nan	1.0234	1.43298	1	1	1	1	1	1	0.439074	1.0234	1.0234	1	1	
0.161446	-nan	1.02352	1.44337	1	1	1	1	1	1	0.452844	1.02352	1.02352	1	1	
0.16506	-nan	1.02355	1.45344	1	1	1	1	1	1	0.465933	1.02355	1.02355	1	1	
0.168675	-nan	1.0235	1.46319	1	1	1	1	1	1	0.478379	1.0235	1.0235	1	1	
0.172289	-nan	1.02337	1.47263	1	1	1	1	1	1	0.490217	1.02337	1.02337	1	1	
0.175904	-nan	1.02317	1.48178	1	1	1	1	1	1	0.501484	1.02317	1.02317	1	1	
0.179518	-nan	1.02289	1.49065	1	1	1	1	1	1	0.512213	1.02289	1.02289	1	1	
0.183133	-nan	1.02254	1.49924	1	1	1	1	1	1	0.522436	1.02254	1.02254	1	1	
0.186747	-nan	1.02213	1.50758	1	1	1	1	1	1	0.532183	1.02213	1.02213	1	1	
0.190361	-nan	1.02165	1.51568	1	1	1	1	1	1	0.541482	1.02165	1.02165	1	1	
0.193976	-nan	1.02112	1.52353	1	1	1	1	1	1	0.55036	1.02112	1.02112	1	1	
0.19759	-nan	1.02053	1.53116	1	1	1	1	1	1	0.558842	1.02053	1.02053	1	1	
0.201205	-nan	1.01988	1.53857	1	1	1	1	1	1	0.566952	1.01988	1.01988	1	1	
0.204819	-nan	1.01919	1.54576	1	1	1	1	1	1	0.574712	1.01919	1.01919	1	1	
0.208434	-nan	1.01844	1.55275	1	1	1	1	1	1	0.582142	1.01844	1.01844	1	1	
0.212048	-nan	1.01766	1.55955	1	1	1	1	1	1	0.589261	1.01766	1.01766	1	1	
0.215663	-nan	1.01682	1.56616	1	1	1	1	1	1	0.596088	1.01682	1.01682	1	1	
0.219277	-nan	1.01595	1.5726	1	1	1	1	1	1	0.602639	1.01595	1.01595	1	1	
0.222892	-nan	1.01504	1.57885	1	1	1	1	1	1	0.60893	1.01504	1.01504	1	1	
0.226506	-nan	1.01409	1.58494	1	1	1	1	1	1	0.614975	1.01409	1.01409	1	1	
0.23012	-nan	1.01311	1.59087	1	1	1	1	1	1	0.620789	1.01311	1.01311	1	1	
0.233735	-nan	1.01209	1.59665	1	1	1	1	1	1	0.626383	1.01209	1.01209	1	1	
0.237349	-nan	1.01105	1.60228	1	1	1	1	1	1	0.631771	1.01105	1.01105	1	1	
0.240964	-nan	1.00997	1.60776	1	1	1	1	1	1	0.636962	1.00997	1.00997	1	1	
0.244578	-nan	1.00887	1.61311	1	1	1	1	1	1	0.641968	1.00887	1.00887	1	1	
0.248193	-nan	1.00774	1.61832	1	1	1	1	1	1	0.646798	1.00774	1.00774	1	1	
0.251807	-nan	1.00658	1.6234	1	1	1	1	1	1	0.651461	1.00658	1.00658	1	1	
0.255422	-nan	1.00541	1.62836	1	1	1	1	1	1	0.655966	1.00541	1.00541	1	1	
0.259036	-nan	1.00421	1.6332	1	1	1	1	1	1	0.66032	1.00421	1.00421	1	1	
0.262651	-nan	1.00299	1.63793	1	1	1	1	1	1	0.664532	1.00299	1.00299	1	1	
0.266265	-nan	1.00175	1.64255	1	1	1	1	1	1	0.668607	1.00175	1.00175	1	1	
0.26988	-nan	1.00049	1.64706	1	1	1	1	1	1	0.672554	1.00049	1.00049	1	1	
0.273494	-nan	0.999217	1.65146	1	1	1	1	1	1	0.676377	0.999217	0.999217	1	1	
0.277108	-nan	0.997928	1.65577	1	1	1	1	1	1	0.680083	0.997928	0.997928	1	1	
0.280723	-nan	0.996624	1.65998	1	1	1	1	1	1	0.683677	0.996624	0.996624	1	1	
0.284337	-nan	0.995307	1.66409	1	1	1	1	1	1	0.687165	0.995307	0.995307	1	1	
0.287952	-nan	0.993978	1.66812	1	1	1	1	1	1	0.69055	0.993978	0.993978	1	1	
0.291566	-nan	0.992637	1.67206	1	1	1	1	1	1	0.693839	0.992637	0.992637	1	1	
0.295181	-nan	0.991286	1.67592	1	1	1	1	1	1	0.697034	0.991286	0.991286	1	1	
0.298795	-nan	0.989924	1.67969	1	1	1	1	1	1	0.70014	0.989924	0.989924	1	1	
0.30241	-nan	0.988554	1.68339	1	1	1	1	1	1	0.70316	0.988554	0.988554	1	1	
0.306024	-nan	0.987177	1.68702	1	1	1	1	1	1	0.7061	0.987177	0.987177	1	1	
0.309639	-nan	0.985792	1.69057	1	1	1	1	1	1	0.70896	0.985792	0.985792	1	1	
0.313253	-nan	0.9844	1.69405	1	1	1	1	1	1	0.711746	0.9844	0.9844	1	1	
0.316867	-nan	0.983003	1.69746	1	1	1	1	1	1	0.71446	0.983003	0.983003	1	1	
0.320482	-nan	0.981601	1.70081	1	1	1	1	1	1	0.717105	0.981601	0.981601	1	1	
0.324096	-nan	0.980194	1.70409	1	1	1	1	1	1	0.719683	0.980194	0.980194	1	1	
0.327711	-nan	0.978784	1.70731	1	1	1	1	1	1	0.722197	0.978784	0.978784	1	1	
0.331325	-nan	0.977371	1.71047	1	1	1	1	1	1	0.72465	0.977371	0.977371	1	1	
0.33494	-nan	0.975955	1.71357	1	1	1	1	1	1	0.727044	0.975955	0.975955	1	1	
0.338554	-nan	0.974538	1.71662	1	1	1	1	1	1	0.729381	0.974538	0.974538	1	1	
0.342169	-nan	0.973119	1.71962	1	1	1	1	1	1	0.731663	0.973119	0.973119	1	1	
0.345783	-nan	0.971699	1.72256	1	1	1	1	1	1	0.733892	0.971699	0.971699	1	1	
0.349398	-nan	0.970279	1.72545	1	1	1	1	1	1	0.73607	0.970279	0.970279	1	1	
0.353012	-nan	0.968859	1.72829	1	1	1	1	1	1	0.7382	0.968859	0.968859	1	1	
0.356627	-nan	0.96744	1.73109	1	1	1	1	1	1	0.740281	0.96744	0.96744	1	1	
0.360241	-nan	0.966022	1.73383	1	1	1	1	1	1	0.742318	0.966022	0.966022	1	1	
0.363855	-nan	0.964606	1.73654	1	1	1	1	1	1	0.744309	0.964606	0.964606	1	1	
0.36747	-nan	0.963191	1.7392	1	1	1	1	1	1	0.746258	0.963191	0.963191	1	1	
0.371084	-nan	0.961779	1.74182	1	1	1	1	1	1	0.748166	0.961779	0.961779	1	1	
0.374699	-nan	0.960369	1.7444	1	1	1	1	1	1	0.750034	0.960369	0.960369	1	1	
0.378313	-nan	0.958963	1.74694	1	1	1	1	1	1	0.751863	0.958963	0.958963	1	1	
0.381928	-nan	0.95756	1.74944	1	1	1	1	1	1	0.753655	0.95756	0.95756	1	1	
0.385542	-nan	0.95616	1.7519	1	1	1	1	1	1	0.755411	0.95616	0.95616	1	1	
0.389157	-nan	0.954765	1.75433	1	1	1	1	1	1	0.757131	0.954765	0.954765	1	1	
0.392771	-nan	0.953374	1.75672	1	1	1	1	1	1	0.758817	0.953374	0.953374	1	1	
0.396386	-nan	0.951988	1.75908	1	1	1	1	1	1	0.760471	0.951988	0.951988	1	1	
0.4	-nan	0.950607	1.76141	1	1	1	1	1	1	0.762092	0.950607	0.950607	1	1	
0.403614	-nan	0.94923	1.7637	1	1	1	1	1	1	0.763682	0.94923	0.94923	1	1	
0.407229	-nan	0.94786	1.76596	1	1	1	1	1	1	0.765242	0.94786	0.94786	1	1	
0.410843	-nan	0.946495	1.7682	1	1	1	1	1	1	0.766773	0.946495	0.946495	1	1	
0.414458	-nan	0.945136	1.7704	1	1	1	1	1	1	0.768276	0.945136	0.945136	1	1	
0.418072	-nan	0.943783	1.77257	1	1	1	1	1	1	0.76975	0.943783	0.943783	1	1	
0.421687	-nan	0.942436	1.77472	1	1	1	1	1	1	0.771198	0.942436	0.942436	1	1	
0.425301	-nan	0.941096	1.77684	1	1	1	1	1	1	0.77262	0.941096	0.941096	1	1	
0.428916	-nan	0.939763	1.77894	1	1	1	1	1	1	0.774017	0.939763	0.939763	1	1	
0.43253	-nan	0.938437	1.781	1	1	1	1	1	1	0.775389	0.938437	0.938437	1	1	
0.436145	-nan	0.937118	1.78305	1	1	1	1	1	1	0.776737	0.937118	0.937118	1	1	
0.439759	-nan	0.935806	1.78507	1	1	1	1	1	1	0.778061	0.935806	0.935806	1	1	
0.443373	-nan	0.934501	1.78706	1	1	1	1	1	1	0.779363	0.934501	0.934501	1	1	
0.446988	-nan	0.933205	1.78904	1	1	1	1	1	1	0.780642	0.933205	0.933205	1	1	
0.450602	-nan	0.931915	1.79099	1	1	1	1	1	1	0.7819	0.931915	0.931915	1	1	
0.454217	-nan	0.930634	1.79291	1	1	1	1	1	1	0.783137	0.930634	0.930634	1	1	
0.457831	-nan	0.929361	1.79482	1	1	1	1	1	1	0.784354	0.929361	0.929361	1	1	
0.461446	-nan	0.928096	1.79671	1	1	1	1	1	1	0.78555	0.928096	0.928096	1	1	
0.46506	-nan	0.926839	1.79857	1	1	1	1	1	1	0.786727	0.926839	0.926839	1	1	
0.468675	-nan	0.92559	1.80042	1	1	1	1	1	1	0.787885	0.92559	0.92559	1	1	
0.472289	-nan	0.92435	1.80225	1	1	1	1	1	1	0.789024	0.92435	0.92435	1	1	
0.475904	-nan	0.923118	1.80406	1	1	1	1	1	1	0.790146	0.923118	0.923118	1	1	
0.479518	-nan	0.921895	1.80585	1	1	1	1	1	1	0.791249	0.921895	0.921895	1	1	
0.483133	-nan	0.920681	1.80762	1	1	1	1	1	1	0.792336	0.920681	0.920681	1	1	
0.486747	-nan	0.919475	1.80938	1	1	1	1	1	1	0.793405	0.919475	0.919475	1	1	
0.490361	-nan	0.918278	1.81111	1	1	1	1	1	1	0.794458	0.918278	0.918278	1	1	
0.493976	-nan	0.91709	1.81283	1	1	1	1	1	1	0.795495	0.91709	0.91709	1	1	
0.49759	-nan	0.915911	1.81454	1	1	1	1	1	1	0.796516	0.915911	0.915911	1	1	
0.501205	-nan	0.914741	1.81623	1	1	1	1	1	1	0.797522	0.914741	0.914741	1	1	
0.504819	-nan	0.913581	1.8179	1	1	1	1	1	1	0.798513	0.913581	0.913581	1	1	
0.508434	-nan	0.912429	1.81956	1	1	1	1	1	1	0.79949	0.912429	0.912429	1	1	
0.512048	-nan	0.911286	1.8212	1	1	1	1	1	1	0.800452	0.911286	0.911286	1	1	
0.515663	-nan	0.910153	1.82283	1	1	1	1	1	1	0.801399	0.910153	0.910153	1	1	
0.519277	-nan	0.909029	1.82444	1	1	1	1	1	1	0.802334	0.909029	0.909029	1	1	
0.522892	-nan	0.907914	1.82604	1	1	1	1	1	1	0.803254	0.907914	0.907914	1	1	
0.526506	-nan	0.906809	1.82762	1	1	1	1	1	1	0.804162	0.906809	0.906809	1	1	
0.53012	-nan	0.905713	1.8292	1	1	1	1	1	1	0.805057	0.905713	0.905713	1	1	
0.533735	-nan	0.904626	1.83075	1	1	1	1	1	1	0.805939	0.904626	0.904626	1	1	
0.537349	-nan	0.903549	1.8323	1	1	1	1	1	1	0.806809	0.903549	0.903549	1	1	
0.540964	-nan	0.902481	1.83383	1	1	1	1	1	1	0.807667	0.902481	0.902481	1	1	
0.544578	-nan	0.901423	1.83535	1	1	1	1	1	1	0.808512	0.901423	0.901423	1	1	
0.548193	-nan	0.900374	1.83686	1	1	1	1	1	1	0.809347	0.900374	0.900374	1	1	
0.551807	-nan	0.899334	1.83835	1	1	1	1	1	1	0.81017	0.899334	0.899334	1	1	
0.555422	-nan	0.898304	1.83984	1	1	1	1	1	1	0.810982	0.898304	0.898304	1	1	
0.559036	-nan	0.897284	1.84131	1	1	1	1	1	1	0.811783	0.897284	0.897284	1	1	
0.562651	-nan	0.896272	1.84277	1	1	1	1	1	1	0.812573	0.896272	0.896272	1	1	
0.566265	-nan	0.895271	1.84422	1	1	1	1	1	1	0.813353	0.895271	0.895271	1	1	
0.56988	-nan	0.894278	1.84565	1	1	1	1	1	1	0.814122	0.894278	0.894278	1	1	
0.573494	-nan	0.893296	1.84708	1	1	1	1	1	1	0.814882	0.893296	0.893296	1	1	
0.577108	-nan	0.892322	1.8485	1	1	1	1	1	1	0.815631	0.892322	0.892322	1	1	
0.580723	-nan	0.891358	1.8499	1	1	1	1	1	1	0.816371	0.891358	0.891358	1	1	
0.584337	-nan	0.890404	1.85129	1	1	1	1	1	1	0.817102	0.890404	0.890404	1	1	
0.587952	-nan	0.889459	1.85268	1	1	1	1	1	1	0.817823	0.889459	0.889459	1	1	
0.591566	-nan	0.888523	1.85405	1	1	1	1	1	1	0.818535	0.888523	0.888523	1	1	
0.595181	-nan	0.887597	1.85541	1	1	1	1	1	1	0.819238	0.887597	0.887597	1	1	
0.598795	-nan	0.88668	1.85677	1	1	1	1	1	1	0.819932	0.88668	0.88668	1	1	
0.60241	-nan	0.885772	1.85811	1	1	1	1	1	1	0.820618	0.885772	0.885772	1	1	
0.606024	-nan	0.884874	1.85944	1	1	1	1	1	1	0.821295	0.884874	0.884874	1	1	
0.609639	-nan	0.883984	1.86077	1	1	1	1	1	1	0.821963	0.883984	0.883984	1	1	
0.613253	-nan	0.883105	1.86208	1	1	1	1	1	1	0.822624	0.883105	0.883105	1	1	
0.616867	-nan	0.882234	1.86339	1	1	1	1	1	1	0.823276	0.882234	0.882234	1	1	
0.620482	-nan	0.881373	1.86468	1	1	1	1	1	1	0.823921	0.881373	0.881373	1	1	
0.624096	-nan	0.880521	1.86597	1	1	1	1	1	1	0.824558	0.880521	0.880521	1	1	
0.627711	-nan	0.879678	1.86725	1	1	1	1	1	1	0.825187	0.879678	0.879678	1	1	
0.631325	-nan	0.878844	1.86852	1	1	1	1	1	1	0.825809	0.878844	0.878844	1	1	
0.63494	-nan	0.878019	1.86978	1	1	1	1	1	1	0.826423	0.878019	0.878019	1	1	
0.638554	-nan	0.877203	1.87103	1	1	1	1	1	1	0.82703	0.877203	0.877203	1	1	
0.642169	-nan	0.876397	1.87227	1	1	1	1	1	1	0.82763	0.876397	0.876397	1	1	
0.645783	-nan	0.875599	1.87351	1	1	1	1	1	1	0.828223	0.875599	0.875599	1	1	
0.649398	-nan	0.87481	1.87473	1	1	1	1	1	1	0.828809	0.87481	0.87481	1	1	
0.653012	-nan	0.87403	1.87595	1	1	1	1	1	1	0.829389	0.87403	0.87403	1	1	
0.656627	-nan	0.87326	1.87716	1	1	1	1	1	1	0.829962	0.87326	0.87326	1	1	
0.660241	-nan	0.872497	1.87836	1	1	1	1	1	1	0.830528	0.872497	0.872497	1	1	
0.663855	-nan	0.871744	1.87955	1	1	1	1	1	1	0.831088	0.871744	0.871744	1	1	
0.66747	-nan	0.871	1.88073	1	1	1	1	1	1	0.831641	0.871	0.871	1	1	
0.671084	-nan	0.870264	1.88191	1	1	1	1	1	1	0.832189	0.870264	0.870264	1	1	
0.674699	-nan	0.869537	1.88308	1	1	1	1	1	1	0.83273	0.869537	0.869537	1	1	
0.678313	-nan	0.868819	1.88424	1	1	1	1	1	1	0.833265	0.868819	0.868819	1	1	
0.681928	-nan	0.868109	1.88539	1	1	1	1	1	1	0.833794	0.868109	0.868109	1	1	
0.685542	-nan	0.867408	1.88654	1	1	1	1	1	1	0.834318	0.867408	0.867408	1	1	
0.689157	-nan	0.866715	1.88768	1	1	1	1	1	1	0.834836	0.866715	0.866715	1	1	
0.692771	-nan	0.866031	1.88881	1	1	1	1	1	1	0.835348	0.866031	0.866031	1	1	
0.696386	-nan	0.865355	1.88993	1	1	1	1	1	1	0.835854	0.865355	0.865355	1	1	
0.7	-nan	0.864688	1.89104	1	1	1	1	1	1	0.836355	0.864688	0.864688	1	1	
0.703614	-nan	0.864029	1.89215	1	1	1	1	1	1	0.836851	0.864029	0.864029	1	1	
0.707229	-nan	0.863379	1.89325	1	1	1	1	1	1	0.837342	0.863379	0.863379	1	1	
0.710843	-nan	0.862736	1.89434	1	1	1	1	1	1	0.837827	0.862736	0.862736	1	1	
0.714458	-nan	0.862102	1.89543	1	1	1	1	1	1	0.838307	0.862102	0.862102	1	1	
0.718072	-nan	0.861476	1.89651	1	1	1	1	1	1	0.838782	0.861476	0.861476	1	1	
0.721687	-nan	0.860858	1.89758	1	1	1	1	1	1	0.839252	0.860858	0.860858	1	1	
0.725301	-nan	0.860249	1.89864	1	1	1	1	1	1	0.839717	0.860249	0.860249	1	1	
0.728916	-nan	0.859647	1.8997	1	1	1	1	1	1	0.840178	0.859647	0.859647	1	1	
0.73253	-nan	0.859053	1.90075	1	1	1	1	1	1	0.840634	0.859053	0.859053	1	1	
0.736145	-nan	0.858468	1.90179	1	1	1	1	1	1	0.841085	0.858468	0.858468	1	1	
0.739759	-nan	0.85789	1.90282	1	1	1	1	1	1	0.841531	0.85789	0.85789	1	1	
0.743373	-nan	0.85732	1.90385	1	1	1	1	1	1	0.841973	0.85732	0.85732	1	1	
0.746988	-nan	0.856758	1.90487	1	1	1	1	1	1	0.84241	0.856758	0.856758	1	1	
0.750602	-nan	0.856204	1.90589	1	1	1	1	1	1	0.842843	0.856204	0.856204	1	1	
0.754217	-nan	0.855657	1.9069	1	1	1	1	1	1	0.843272	0.855657	0.855657	1	1	
0.757831	-nan	0.855119	1.9079	1	1	1	1	1	1	0.843696	0.855119	0.855119	1	1	
0.761446	-nan	0.854587	1.90889	1	1	1	1	1	1	0.844116	0.854587	0.854587	1	1	
0.76506	-nan	0.854064	1.90988	1	1	1	1	1	1	0.844532	0.854064	0.854064	1	1	
0.768675	-nan	0.853548	1.91086	1	1	1	1	1	1	0.844944	0.853548	0.853548	1	1	
0.772289	-nan	0.853039	1.91184	1	1	1	1	1	1	0.845352	0.853039	0.853039	1	1	
0.775904	-nan	0.852538	1.9128	1	1	1	1	1	1	0.845756	0.852538	0.852538	1	1	
0.779518	-nan	0.852044	1.91377	1	1	1	1	1	1	0.846156	0.852044	0.852044	1	1	
0.783133	-nan	0.851558	1.91472	1	1	1	1	1	1	0.846552	0.851558	0.851558	1	1	
0.786747	-nan	0.851079	1.91567	1	1	1	1	1	1	0.846944	0.851079	0.851079	1	1	
0.790361	-nan	0.850607	1.91661	1	1	1	1	1	1	0.847333	0.850607	0.850607	1	1	
0.793976	-nan	0.850143	1.91755	1	1	1	1	1	1	0.847718	0.850143	0.850143	1	1	
0.79759	-nan	0.849685	1.91847	1	1	1	1	1	1	0.848099	0.849685	0.849685	1	1	
0.801205	-nan	0.849235	1.9194	1	1	1	1	1	1	0.848476	0.849235	0.849235	1	1	
0.804819	-nan	0.848792	1.92031	1	1	1	1	1	1	0.84885	0.848792	0.848792	1	1	
0.808434	-nan	0.848356	1.92122	1	1	1	1	1	1	0.849221	0.848356	0.848356	1	1	
0.812048	-nan	0.847927	1.92213	1	1	1	1	1	1	0.849588	0.847927	0.847927	1	1	
0.815663	-nan	0.847505	1.92302	1	1	1	1	1	1	0.849951	0.847505	0.847505	1	1	
0.819277	-nan	0.847089	1.92391	1	1	1	1	1	1	0.850312	0.847089	0.847089	1	1	
0.822892	-nan	0.846681	1.9248	1	1	1	1	1	1	0.850669	0.846681	0.846681	1	1	
0.826506	-nan	0.84628	1.92568	1	1	1	1	1	1	0.851022	0.84628	0.84628	1	1	
0.83012	-nan	0.845885	1.92655	1	1	1	1	1	1	0.851373	0.845885	0.845885	1	1	
0.833735	-nan	0.845497	1.92742	1	1	1	1	1	1	0.85172	0.845497	0.845497	1	1	
0.837349	-nan	0.845115	1.92828	1	1	1	1	1	1	0.852064	0.845115	0.845115	1	1	
0.840964	-nan	0.844741	1.92913	1	1	1	1	1	1	0.852405	0.844741	0.844741	1	1	
0.844578	-nan	0.844372	1.92998	1	1	1	1	1	1	0.852743	0.844372	0.844372	1	1	
0.848193	-nan	0.844011	1.93082	1	1	1	1	1	1	0.853078	0.844011	0.844011	1	1	
0.851807	-nan	0.843656	1.93166	1	1	1	1	1	1	0.85341	0.843656	0.843656	1	1	
0.855422	-nan	0.843307	1.93249	1	1	1	1	1	1	0.853739	0.843307	0.843307	1	1	
0.859036	-nan	0.842965	1.93331	1	1	1	1	1	1	0.854065	0.842965	0.842965	1	1	
0.862651	-nan	0.842629	1.93413	1	1	1	1	1	1	0.854388	0.842629	0.842629	1	1	
0.866265	-nan	0.842299	1.93494	1	1	1	1	1	1	0.854708	0.842299	0.842299	1	1	
0.86988	-nan	0.841976	1.93575	1	1	1	1	1	1	0.855026	0.841976	0.841976	1	1	
0.873494	-nan	0.841659	1.93655	1	1	1	1	1	1	0.855341	0.841659	0.841659	1	1	
0.877108	-nan	0.841348	1.93734	1	1	1	1	1	1	0.855653	0.841348	0.841348	1	1	
0.880723	-nan	0.841044	1.93813	1	1	1	1	1	1	0.855962	0.841044	0.841044	1	1	
0.884337	-nan	0.840745	1.93891	1	1	1	1	1	1	0.856269	0.840745	0.840745	1	1	
0.887952	-nan	0.840453	1.93969	1	1	1	1	1	1	0.856573	0.840453	0.840453	1	1	
0.891566	-nan	0.840166	1.94046	1	1	1	1	1	1	0.856875	0.840166	0.840166	1	1	
0.895181	-nan	0.839886	1.94123	1	1	1	1	1	1	0.857174	0.839886	0.839886	1	1	
0.898795	-nan	0.839611	1.94199	1	1	1	1	1	1	0.85747	0.839611	0.839611	1	1	
0.90241	-nan	0.839343	1.94274	1	1	1	1	1	1	0.857764	0.839343	0.839343	1	1	
0.906024	-nan	0.83908	1.94349	1	1	1	1	1	1	0.858056	0.83908	0.83908	1	1	
0.909639	-nan	0.838823	1.94423	1	1	1	1	1	1	0.858345	0.838823	0.838823	1	1	
0.913253	-nan	0.838572	1.94497	1	1	1	1	1	1	0.858631	0.838572	0.838572	1	1	
0.916867	-nan	0.838327	1.9457	1	1	1	1	1	1	0.858916	0.838327	0.838327	1	1	
0.920482	-nan	0.838087	1.94643	1	1	1	1	1	1	0.859197	0.838087	0.838087	1	1	
0.924096	-nan	0.837853	1.94715	1	1	1	1	1	1	0.859477	0.837853	0.837853	1	1	
0.927711	-nan	0.837625	1.94786	1	1	1	1	1	1	0.859754	0.837625	0.837625	1	1	
0.931325	-nan	0.837402	1.94857	1	1	1	1	1	1	0.860029	0.837402	0.837402	1	1	
0.93494	-nan	0.837185	1.94928	1	1	1	1	1	1	0.860302	0.837185	0.837185	1	1	
0.938554	-nan	0.836973	1.94998	1	1	1	1	1	1	0.860573	0.836973	0.836973	1	1	
0.942169	-nan	0.836767	1.95067	1	1	1	1	1	1	0.860841	0.836767	0.836767	1	1	
0.945783	-nan	0.836566	1.95136	1	1	1	1	1	1	0.861108	0.836566	0.836566	1	1	
0.949398	-nan	0.83637	1.95204	1	1	1	1	1	1	0.861372	0.83637	0.83637	1	1	
0.953012	-nan	0.83618	1.95272	1	1	1	1	1	1	0.861634	0.83618	0.83618	1	1	
0.956627	-nan	0.835996	1.95339	1	1	1	1	1	1	0.861894	0.835996	0.835996	1	1	
0.960241	-nan	0.835816	1.95405	1	1	1	1	1	1	0.862152	0.835816	0.835816	1	1	
0.963855	-nan	0.835642	1.95471	1	1	1	1	1	1	0.862408	0.835642	0.835642	1	1	
0.96747	-nan	0.835473	1.95537	1	1	1	1	1	1	0.862662	0.835473	0.835473	1	1	
0.971084	-nan	0.835309	1.95602	1	1	1	1	1	1	0.862913	0.835309	0.835309	1	1	
0.974699	-nan	0.83515	1.95666	1	1	1	1	1	1	0.863163	0.83515	0.83515	1	1	
0.978313	-nan	0.834996	1.9573	1	1	1	1	1	1	0.863411	0.834996	0.834996	1	1	
0.981928	-nan	0.834848	1.95794	1	1	1	1	1	1	0.863657	0.834848	0.834848	1	1	
0.985542	-nan	0.834704	1.95857	1	1	1	1	1	1	0.863902	0.834704	0.834704	1	1	
0.989157	-nan	0.834565	1.95919	1	1	1	1	1	1	0.864144	0.834565	0.834565	1	1	
0.992771	-nan	0.834432	1.95981	1	1	1	1	1	1	0.864384	0.834432	0.834432	1	1	
0.996386	-nan	0.834303	1.96042	1	1	1	1	1	1	0.864623	0.834303	0.834303	1	1	
1	-nan	-nan	-nan	-nan	-nan	-nan	-nan	-nan	-nan	-nan	-nan	-nan	-nan	-nan	
