1e-05	-nan	0.458547	0.319668	1	1	1	1	1	1	0.810435	0.458547	0.458547	1	1	
1.03753e-05	-nan	0.458631	0.319706	1	1	1	1	1	1	0.810417	0.458631	0.458631	1	1	
1.07647e-05	-nan	0.458717	0.319746	1	1	1	1	1	1	0.810398	0.458717	0.458717	1	1	
1.11686e-05	-nan	0.458806	0.319787	1	1	1	1	1	1	0.81038	0.458806	0.458806	1	1	
1.15878e-05	-nan	0.458897	0.31983	1	1	1	1	1	1	0.810363	0.458897	0.458897	1	1	
1.20226e-05	-nan	0.458991	0.319874	1	1	1	1	1	1	0.810345	0.458991	0.458991	1	1	
1.24738e-05	-nan	0.459087	0.31992	1	1	1	1	1	1	0.810328	0.459087	0.459087	1	1	
1.2942e-05	-nan	0.459186	0.319968	1	1	1	1	1	1	0.810311	0.459186	0.459186	1	1	
1.34276e-05	-nan	0.459288	0.320017	1	1	1	1	1	1	0.810294	0.459288	0.459288	1	1	
1.39316e-05	-nan	0.459393	0.320068	1	1	1	1	1	1	0.810277	0.459393	0.459393	1	1	
1.44544e-05	-nan	0.4595	0.32012	1	1	1	1	1	1	0.810261	0.4595	0.4595	1	1	
1.49968e-05	-nan	0.459611	0.320175	1	1	1	1	1	1	0.810244	0.459611	0.459611	1	1	
1.55597e-05	-nan	0.459725	0.320231	1	1	1	1	1	1	0.810228	0.459725	0.459725	1	1	
1.61436e-05	-nan	0.459841	0.320289	1	1	1	1	1	1	0.810213	0.459841	0.459841	1	1	
1.67494e-05	-nan	0.459961	0.320349	1	1	1	1	1	1	0.810198	0.459961	0.459961	1	1	
1.7378e-05	-nan	0.460084	0.320412	1	1	1	1	1	1	0.810183	0.460084	0.460084	1	1	
1.80302e-05	-nan	0.460211	0.320476	1	1	1	1	1	1	0.810168	0.460211	0.460211	1	1	
1.87068e-05	-nan	0.46034	0.320542	1	1	1	1	1	1	0.810154	0.46034	0.46034	1	1	
1.94089e-05	-nan	0.460474	0.320611	1	1	1	1	1	1	0.81014	0.460474	0.460474	1	1	
2.01372e-05	-nan	0.460611	0.320681	1	1	1	1	1	1	0.810126	0.460611	0.460611	1	1	
2.0893e-05	-nan	0.460751	0.320754	1	1	1	1	1	1	0.810113	0.460751	0.460751	1	1	
2.1677e-05	-nan	0.460895	0.32083	1	1	1	1	1	1	0.810101	0.460895	0.460895	1	1	
2.24905e-05	-nan	0.461043	0.320908	1	1	1	1	1	1	0.810088	0.461043	0.461043	1	1	
2.33346e-05	-nan	0.461195	0.320988	1	1	1	1	1	1	0.810077	0.461195	0.461195	1	1	
2.42103e-05	-nan	0.461351	0.321071	1	1	1	1	1	1	0.810065	0.461351	0.461351	1	1	
2.51189e-05	-nan	0.461511	0.321156	1	1	1	1	1	1	0.810054	0.461511	0.461511	1	1	
2.60615e-05	-nan	0.461675	0.321244	1	1	1	1	1	1	0.810044	0.461675	0.461675	1	1	
2.70396e-05	-nan	0.461843	0.321335	1	1	1	1	1	1	0.810034	0.461843	0.461843	1	1	
2.80543e-05	-nan	0.462016	0.321429	1	1	1	1	1	1	0.810025	0.462016	0.462016	1	1	
2.91072e-05	-nan	0.462193	0.321525	1	1	1	1	1	1	0.810016	0.462193	0.462193	1	1	
3.01995e-05	-nan	0.462374	0.321624	1	1	1	1	1	1	0.810008	0.462374	0.462374	1	1	
3.13329e-05	-nan	0.46256	0.321727	1	1	1	1	1	1	0.810001	0.46256	0.46256	1	1	
3.25087e-05	-nan	0.462751	0.321832	1	1	1	1	1	1	0.809994	0.462751	0.462751	1	1	
3.37287e-05	-nan	0.462947	0.321941	1	1	1	1	1	1	0.809988	0.462947	0.462947	1	1	
3.49945e-05	-nan	0.463148	0.322053	1	1	1	1	1	1	0.809982	0.463148	0.463148	1	1	
3.63078e-05	-nan	0.463354	0.322169	1	1	1	1	1	1	0.809978	0.463354	0.463354	1	1	
3.76704e-05	-nan	0.463565	0.322287	1	1	1	1	1	1	0.809974	0.463565	0.463565	1	1	
3.90841e-05	-nan	0.463781	0.32241	1	1	1	1	1	1	0.809971	0.463781	0.463781	1	1	
4.05509e-05	-nan	0.464003	0.322536	1	1	1	1	1	1	0.809968	0.464003	0.464003	1	1	
4.20727e-05	-nan	0.46423	0.322665	1	1	1	1	1	1	0.809967	0.46423	0.46423	1	1	
4.36516e-05	-nan	0.464463	0.322799	1	1	1	1	1	1	0.809966	0.464463	0.464463	1	1	
4.52898e-05	-nan	0.464702	0.322936	1	1	1	1	1	1	0.809966	0.464702	0.464702	1	1	
4.69894e-05	-nan	0.464947	0.323078	1	1	1	1	1	1	0.809967	0.464947	0.464947	1	1	
4.87528e-05	-nan	0.465198	0.323223	1	1	1	1	1	1	0.809969	0.465198	0.465198	1	1	
5.05825e-05	-nan	0.465455	0.323373	1	1	1	1	1	1	0.809973	0.465455	0.465455	1	1	
5.24807e-05	-nan	0.465718	0.323527	1	1	1	1	1	1	0.809977	0.465718	0.465718	1	1	
5.44503e-05	-nan	0.465988	0.323685	1	1	1	1	1	1	0.809982	0.465988	0.465988	1	1	
5.64937e-05	-nan	0.466264	0.323848	1	1	1	1	1	1	0.809988	0.466264	0.466264	1	1	
5.86138e-05	-nan	0.466548	0.324016	1	1	1	1	1	1	0.809996	0.466548	0.466548	1	1	
6.08135e-05	-nan	0.466838	0.324188	1	1	1	1	1	1	0.810005	0.466838	0.466838	1	1	
6.30957e-05	-nan	0.467135	0.324365	1	1	1	1	1	1	0.810015	0.467135	0.467135	1	1	
6.54636e-05	-nan	0.467439	0.324547	1	1	1	1	1	1	0.810026	0.467439	0.467439	1	1	
6.79204e-05	-nan	0.467751	0.324735	1	1	1	1	1	1	0.810039	0.467751	0.467751	1	1	
7.04693e-05	-nan	0.468071	0.324927	1	1	1	1	1	1	0.810053	0.468071	0.468071	1	1	
7.31139e-05	-nan	0.468398	0.325125	1	1	1	1	1	1	0.810068	0.468398	0.468398	1	1	
7.58578e-05	-nan	0.468733	0.325329	1	1	1	1	1	1	0.810085	0.468733	0.468733	1	1	
7.87046e-05	-nan	0.469076	0.325538	1	1	1	1	1	1	0.810103	0.469076	0.469076	1	1	
8.16582e-05	-nan	0.469427	0.325753	1	1	1	1	1	1	0.810123	0.469427	0.469427	1	1	
8.47227e-05	-nan	0.469787	0.325974	1	1	1	1	1	1	0.810145	0.469787	0.469787	1	1	
8.79023e-05	-nan	0.470155	0.326201	1	1	1	1	1	1	0.810169	0.470155	0.470155	1	1	
9.12011e-05	-nan	0.470533	0.326435	1	1	1	1	1	1	0.810194	0.470533	0.470533	1	1	
9.46237e-05	-nan	0.470919	0.326675	1	1	1	1	1	1	0.810221	0.470919	0.470919	1	1	
9.81748e-05	-nan	0.471314	0.326921	1	1	1	1	1	1	0.81025	0.471314	0.471314	1	1	
0.000101859	-nan	0.471719	0.327174	1	1	1	1	1	1	0.810281	0.471719	0.471719	1	1	
0.000105682	-nan	0.472134	0.327434	1	1	1	1	1	1	0.810313	0.472134	0.472134	1	1	
0.000109648	-nan	0.472558	0.327701	1	1	1	1	1	1	0.810348	0.472558	0.472558	1	1	
0.000113763	-nan	0.472992	0.327976	1	1	1	1	1	1	0.810386	0.472992	0.472992	1	1	
0.000118032	-nan	0.473437	0.328258	1	1	1	1	1	1	0.810425	0.473437	0.473437	1	1	
0.000122462	-nan	0.473892	0.328547	1	1	1	1	1	1	0.810467	0.473892	0.473892	1	1	
0.000127057	-nan	0.474358	0.328844	1	1	1	1	1	1	0.810511	0.474358	0.474358	1	1	
0.000131826	-nan	0.474835	0.32915	1	1	1	1	1	1	0.810557	0.474835	0.474835	1	1	
0.000136773	-nan	0.475323	0.329463	1	1	1	1	1	1	0.810607	0.475323	0.475323	1	1	
0.000141906	-nan	0.475822	0.329785	1	1	1	1	1	1	0.810658	0.475822	0.475822	1	1	
0.000147231	-nan	0.476333	0.330116	1	1	1	1	1	1	0.810713	0.476333	0.476333	1	1	
0.000152757	-nan	0.476857	0.330455	1	1	1	1	1	1	0.81077	0.476857	0.476857	1	1	
0.000158489	-nan	0.477392	0.330804	1	1	1	1	1	1	0.810831	0.477392	0.477392	1	1	
0.000164437	-nan	0.47794	0.331161	1	1	1	1	1	1	0.810894	0.47794	0.47794	1	1	
0.000170608	-nan	0.4785	0.331529	1	1	1	1	1	1	0.810961	0.4785	0.4785	1	1	
0.000177011	-nan	0.479074	0.331906	1	1	1	1	1	1	0.811031	0.479074	0.479074	1	1	
0.000183654	-nan	0.47966	0.332293	1	1	1	1	1	1	0.811104	0.47966	0.47966	1	1	
0.000190546	-nan	0.480261	0.33269	1	1	1	1	1	1	0.81118	0.480261	0.480261	1	1	
0.000197697	-nan	0.480875	0.333098	1	1	1	1	1	1	0.811261	0.480875	0.480875	1	1	
0.000205116	-nan	0.481503	0.333516	1	1	1	1	1	1	0.811345	0.481503	0.481503	1	1	
0.000212814	-nan	0.482146	0.333946	1	1	1	1	1	1	0.811432	0.482146	0.482146	1	1	
0.0002208	-nan	0.482804	0.334387	1	1	1	1	1	1	0.811524	0.482804	0.482804	1	1	
0.000229087	-nan	0.483477	0.334839	1	1	1	1	1	1	0.81162	0.483477	0.483477	1	1	
0.000237684	-nan	0.484165	0.335303	1	1	1	1	1	1	0.81172	0.484165	0.484165	1	1	
0.000246604	-nan	0.484869	0.33578	1	1	1	1	1	1	0.811825	0.484869	0.484869	1	1	
0.000255859	-nan	0.485589	0.336269	1	1	1	1	1	1	0.811934	0.485589	0.485589	1	1	
0.000265461	-nan	0.486326	0.33677	1	1	1	1	1	1	0.812047	0.486326	0.486326	1	1	
0.000275423	-nan	0.487079	0.337285	1	1	1	1	1	1	0.812166	0.487079	0.487079	1	1	
0.000285759	-nan	0.487849	0.337813	1	1	1	1	1	1	0.812289	0.487849	0.487849	1	1	
0.000296483	-nan	0.488637	0.338355	1	1	1	1	1	1	0.812418	0.488637	0.488637	1	1	
0.00030761	-nan	0.489443	0.338911	1	1	1	1	1	1	0.812552	0.489443	0.489443	1	1	
0.000319154	-nan	0.490267	0.339481	1	1	1	1	1	1	0.812692	0.490267	0.490267	1	1	
0.000331131	-nan	0.49111	0.340066	1	1	1	1	1	1	0.812837	0.49111	0.49111	1	1	
0.000343558	-nan	0.491971	0.340667	1	1	1	1	1	1	0.812988	0.491971	0.491971	1	1	
0.000356451	-nan	0.492852	0.341282	1	1	1	1	1	1	0.813145	0.492852	0.492852	1	1	
0.000369828	-nan	0.493753	0.341914	1	1	1	1	1	1	0.813309	0.493753	0.493753	1	1	
0.000383707	-nan	0.494674	0.342562	1	1	1	1	1	1	0.813479	0.494674	0.494674	1	1	
0.000398107	-nan	0.495616	0.343227	1	1	1	1	1	1	0.813656	0.495616	0.495616	1	1	
0.000413048	-nan	0.496579	0.343908	1	1	1	1	1	1	0.81384	0.496579	0.496579	1	1	
0.000428549	-nan	0.497563	0.344607	1	1	1	1	1	1	0.81403	0.497563	0.497563	1	1	
0.000444631	-nan	0.498569	0.345325	1	1	1	1	1	1	0.814229	0.498569	0.498569	1	1	
0.000461318	-nan	0.499597	0.34606	1	1	1	1	1	1	0.814435	0.499597	0.499597	1	1	
0.00047863	-nan	0.500649	0.346815	1	1	1	1	1	1	0.814649	0.500649	0.500649	1	1	
0.000496592	-nan	0.501723	0.347588	1	1	1	1	1	1	0.814871	0.501723	0.501723	1	1	
0.000515229	-nan	0.502822	0.348382	1	1	1	1	1	1	0.815102	0.502822	0.502822	1	1	
0.000534564	-nan	0.503944	0.349195	1	1	1	1	1	1	0.815341	0.503944	0.503944	1	1	
0.000554626	-nan	0.505092	0.35003	1	1	1	1	1	1	0.815589	0.505092	0.505092	1	1	
0.00057544	-nan	0.506264	0.350885	1	1	1	1	1	1	0.815847	0.506264	0.506264	1	1	
0.000597035	-nan	0.507462	0.351763	1	1	1	1	1	1	0.816115	0.507462	0.507462	1	1	
0.000619441	-nan	0.508687	0.352663	1	1	1	1	1	1	0.816392	0.508687	0.508687	1	1	
0.000642688	-nan	0.509938	0.353585	1	1	1	1	1	1	0.81668	0.509938	0.509938	1	1	
0.000666807	-nan	0.511216	0.354531	1	1	1	1	1	1	0.816978	0.511216	0.511216	1	1	
0.000691831	-nan	0.512522	0.355501	1	1	1	1	1	1	0.817287	0.512522	0.512522	1	1	
0.000717794	-nan	0.513856	0.356496	1	1	1	1	1	1	0.817608	0.513856	0.513856	1	1	
0.000744732	-nan	0.515219	0.357516	1	1	1	1	1	1	0.81794	0.515219	0.515219	1	1	
0.000772681	-nan	0.516612	0.358561	1	1	1	1	1	1	0.818285	0.516612	0.516612	1	1	
0.000801678	-nan	0.518034	0.359633	1	1	1	1	1	1	0.818642	0.518034	0.518034	1	1	
0.000831764	-nan	0.519487	0.360732	1	1	1	1	1	1	0.819012	0.519487	0.519487	1	1	
0.000862979	-nan	0.520971	0.361859	1	1	1	1	1	1	0.819395	0.520971	0.520971	1	1	
0.000895365	-nan	0.522487	0.363014	1	1	1	1	1	1	0.819793	0.522487	0.522487	1	1	
0.000928966	-nan	0.524034	0.364198	1	1	1	1	1	1	0.820204	0.524034	0.524034	1	1	
0.000963829	-nan	0.525615	0.365412	1	1	1	1	1	1	0.820631	0.525615	0.525615	1	1	
0.001	-nan	0.527229	0.366656	1	1	1	1	1	1	0.821072	0.527229	0.527229	1	1	
0.00103753	-nan	0.528877	0.367932	1	1	1	1	1	1	0.82153	0.528877	0.528877	1	1	
0.00107647	-nan	0.530559	0.36924	1	1	1	1	1	1	0.822003	0.530559	0.530559	1	1	
0.00111686	-nan	0.532277	0.37058	1	1	1	1	1	1	0.822494	0.532277	0.532277	1	1	
0.00115878	-nan	0.53403	0.371954	1	1	1	1	1	1	0.823002	0.53403	0.53403	1	1	
0.00120226	-nan	0.53582	0.373362	1	1	1	1	1	1	0.823528	0.53582	0.53582	1	1	
0.00124738	-nan	0.537647	0.374806	1	1	1	1	1	1	0.824072	0.537647	0.537647	1	1	
0.0012942	-nan	0.539512	0.376286	1	1	1	1	1	1	0.824636	0.539512	0.539512	1	1	
0.00134276	-nan	0.541414	0.377802	1	1	1	1	1	1	0.825219	0.541414	0.541414	1	1	
0.00139316	-nan	0.543356	0.379356	1	1	1	1	1	1	0.825823	0.543356	0.543356	1	1	
0.00144544	-nan	0.545337	0.380949	1	1	1	1	1	1	0.826449	0.545337	0.545337	1	1	
0.00149968	-nan	0.547359	0.382582	1	1	1	1	1	1	0.827096	0.547359	0.547359	1	1	
0.00155597	-nan	0.549421	0.384255	1	1	1	1	1	1	0.827765	0.549421	0.549421	1	1	
0.00161436	-nan	0.551525	0.38597	1	1	1	1	1	1	0.828459	0.551525	0.551525	1	1	
0.00167494	-nan	0.553671	0.387728	1	1	1	1	1	1	0.829176	0.553671	0.553671	1	1	
0.0017378	-nan	0.555859	0.389528	1	1	1	1	1	1	0.829918	0.555859	0.555859	1	1	
0.00180302	-nan	0.558091	0.391374	1	1	1	1	1	1	0.830686	0.558091	0.558091	1	1	
0.00187068	-nan	0.560367	0.393265	1	1	1	1	1	1	0.831481	0.560367	0.560367	1	1	
0.00194089	-nan	0.562687	0.395203	1	1	1	1	1	1	0.832304	0.562687	0.562687	1	1	
0.00201372	-nan	0.565053	0.397189	1	1	1	1	1	1	0.833154	0.565053	0.565053	1	1	
0.0020893	-nan	0.567465	0.399223	1	1	1	1	1	1	0.834035	0.567465	0.567465	1	1	
0.0021677	-nan	0.569923	0.401308	1	1	1	1	1	1	0.834946	0.569923	0.569923	1	1	
0.00224905	-nan	0.572428	0.403444	1	1	1	1	1	1	0.835888	0.572428	0.572428	1	1	
0.00233346	-nan	0.574981	0.405633	1	1	1	1	1	1	0.836863	0.574981	0.574981	1	1	
0.00242103	-nan	0.577582	0.407875	1	1	1	1	1	1	0.837871	0.577582	0.577582	1	1	
0.00251189	-nan	0.580232	0.410172	1	1	1	1	1	1	0.838914	0.580232	0.580232	1	1	
0.00260615	-nan	0.582932	0.412526	1	1	1	1	1	1	0.839993	0.582932	0.582932	1	1	
0.00270396	-nan	0.585681	0.414937	1	1	1	1	1	1	0.84111	0.585681	0.585681	1	1	
0.00280543	-nan	0.588482	0.417406	1	1	1	1	1	1	0.842264	0.588482	0.588482	1	1	
0.00291072	-nan	0.591333	0.419936	1	1	1	1	1	1	0.843459	0.591333	0.591333	1	1	
0.00301995	-nan	0.594236	0.422528	1	1	1	1	1	1	0.844694	0.594236	0.594236	1	1	
0.00313329	-nan	0.597192	0.425183	1	1	1	1	1	1	0.845972	0.597192	0.597192	1	1	
0.00325087	-nan	0.6002	0.427902	1	1	1	1	1	1	0.847293	0.6002	0.6002	1	1	
0.00337287	-nan	0.603261	0.430687	1	1	1	1	1	1	0.84866	0.603261	0.603261	1	1	
0.00349945	-nan	0.606376	0.433539	1	1	1	1	1	1	0.850074	0.606376	0.606376	1	1	
0.00363078	-nan	0.609546	0.43646	1	1	1	1	1	1	0.851536	0.609546	0.609546	1	1	
0.00376704	-nan	0.612769	0.439452	1	1	1	1	1	1	0.853048	0.612769	0.612769	1	1	
0.00390841	-nan	0.616048	0.442516	1	1	1	1	1	1	0.854612	0.616048	0.616048	1	1	
0.00405509	-nan	0.619382	0.445653	1	1	1	1	1	1	0.856229	0.619382	0.619382	1	1	
0.00420727	-nan	0.622772	0.448866	1	1	1	1	1	1	0.857902	0.622772	0.622772	1	1	
0.00436516	-nan	0.626217	0.452155	1	1	1	1	1	1	0.859632	0.626217	0.626217	1	1	
0.00452898	-nan	0.629719	0.455523	1	1	1	1	1	1	0.861421	0.629719	0.629719	1	1	
0.00469894	-nan	0.633278	0.458971	1	1	1	1	1	1	0.863271	0.633278	0.633278	1	1	
0.00487528	-nan	0.636893	0.462501	1	1	1	1	1	1	0.865185	0.636893	0.636893	1	1	
0.00505825	-nan	0.640566	0.466115	1	1	1	1	1	1	0.867164	0.640566	0.640566	1	1	
0.00524807	-nan	0.644295	0.469814	1	1	1	1	1	1	0.86921	0.644295	0.644295	1	1	
0.00544503	-nan	0.648082	0.473601	1	1	1	1	1	1	0.871326	0.648082	0.648082	1	1	
0.00564937	-nan	0.651926	0.477477	1	1	1	1	1	1	0.873515	0.651926	0.651926	1	1	
0.00586138	-nan	0.655828	0.481444	1	1	1	1	1	1	0.875778	0.655828	0.655828	1	1	
0.00608135	-nan	0.659787	0.485503	1	1	1	1	1	1	0.878119	0.659787	0.659787	1	1	
0.00630957	-nan	0.663803	0.489658	1	1	1	1	1	1	0.880539	0.663803	0.663803	1	1	
0.00654636	-nan	0.667877	0.493909	1	1	1	1	1	1	0.883042	0.667877	0.667877	1	1	
0.00679204	-nan	0.672008	0.498259	1	1	1	1	1	1	0.88563	0.672008	0.672008	1	1	
0.00704693	-nan	0.676195	0.502709	1	1	1	1	1	1	0.888307	0.676195	0.676195	1	1	
0.00731139	-nan	0.68044	0.507262	1	1	1	1	1	1	0.891075	0.68044	0.68044	1	1	
0.00758578	-nan	0.684741	0.511919	1	1	1	1	1	1	0.893937	0.684741	0.684741	1	1	
0.00787046	-nan	0.689098	0.516683	1	1	1	1	1	1	0.896897	0.689098	0.689098	1	1	
0.00816582	-nan	0.693511	0.521556	1	1	1	1	1	1	0.899958	0.693511	0.693511	1	1	
0.00847227	-nan	0.697979	0.526539	1	1	1	1	1	1	0.903124	0.697979	0.697979	1	1	
0.00879023	-nan	0.702502	0.531635	1	1	1	1	1	1	0.906397	0.702502	0.702502	1	1	
0.00912011	-nan	0.707079	0.536846	1	1	1	1	1	1	0.909781	0.707079	0.707079	1	1	
0.00946237	-nan	0.71171	0.542174	1	1	1	1	1	1	0.913281	0.71171	0.71171	1	1	
0.00981748	-nan	0.716394	0.54762	1	1	1	1	1	1	0.916901	0.716394	0.716394	1	1	
0.0101859	-nan	0.721129	0.553188	1	1	1	1	1	1	0.920643	0.721129	0.721129	1	1	
0.0105682	-nan	0.725916	0.558878	1	1	1	1	1	1	0.924513	0.725916	0.725916	1	1	
0.0109648	-nan	0.730754	0.564694	1	1	1	1	1	1	0.928515	0.730754	0.730754	1	1	
0.0113763	-nan	0.735641	0.570637	1	1	1	1	1	1	0.932653	0.735641	0.735641	1	1	
0.0118032	-nan	0.740576	0.576709	1	1	1	1	1	1	0.936931	0.740576	0.740576	1	1	
0.0122462	-nan	0.745558	0.582913	1	1	1	1	1	1	0.941356	0.745558	0.745558	1	1	
0.0127057	-nan	0.750587	0.58925	1	1	1	1	1	1	0.94593	0.750587	0.750587	1	1	
0.0131826	-nan	0.75566	0.595723	1	1	1	1	1	1	0.95066	0.75566	0.75566	1	1	
0.0136773	-nan	0.760777	0.602333	1	1	1	1	1	1	0.95555	0.760777	0.760777	1	1	
0.0141906	-nan	0.765936	0.609083	1	1	1	1	1	1	0.960607	0.765936	0.765936	1	1	
0.0147231	-nan	0.771136	0.615974	1	1	1	1	1	1	0.965834	0.771136	0.771136	1	1	
0.0152757	-nan	0.776375	0.623009	1	1	1	1	1	1	0.971239	0.776375	0.776375	1	1	
0.0158489	-nan	0.781651	0.630189	1	1	1	1	1	1	0.976827	0.781651	0.781651	1	1	
0.0164437	-nan	0.786963	0.637517	1	1	1	1	1	1	0.982604	0.786963	0.786963	1	1	
0.0170608	-nan	0.79231	0.644993	1	1	1	1	1	1	0.988576	0.79231	0.79231	1	1	
0.0177011	-nan	0.797688	0.652621	1	1	1	1	1	1	0.99475	0.797688	0.797688	1	1	
0.0183654	-nan	0.803096	0.660401	1	1	1	1	1	1	1.00113	0.803096	0.803096	1	1	
0.0190546	-nan	0.808533	0.668335	1	1	1	1	1	1	1.00773	0.808533	0.808533	1	1	
0.0197697	-nan	0.813996	0.676425	1	1	1	1	1	1	1.01455	0.813996	0.813996	1	1	
0.0205116	-nan	0.819482	0.684673	1	1	1	1	1	1	1.02159	0.819482	0.819482	1	1	
0.0212814	-nan	0.82499	0.693079	1	1	1	1	1	1	1.02888	0.82499	0.82499	1	1	
0.02208	-nan	0.830518	0.701646	1	1	1	1	1	1	1.0364	0.830518	0.830518	1	1	
0.0229087	-nan	0.836062	0.710374	1	1	1	1	1	1	1.04418	0.836062	0.836062	1	1	
0.0237684	-nan	0.841621	0.719264	1	1	1	1	1	1	1.05222	0.841621	0.841621	1	1	
0.0246604	-nan	0.847191	0.728319	1	1	1	1	1	1	1.06053	0.847191	0.847191	1	1	
0.0255859	-nan	0.852771	0.737538	1	1	1	1	1	1	1.06911	0.852771	0.852771	1	1	
0.0265461	-nan	0.858357	0.746923	1	1	1	1	1	1	1.07797	0.858357	0.858357	1	1	
0.0275423	-nan	0.863946	0.756474	1	1	1	1	1	1	1.08713	0.863946	0.863946	1	1	
0.0285759	-nan	0.869536	0.766191	1	1	1	1	1	1	1.09659	0.869536	0.869536	1	1	
0.0296483	-nan	0.875124	0.776076	1	1	1	1	1	1	1.10636	0.875124	0.875124	1	1	
0.030761	-nan	0.880707	0.786128	1	1	1	1	1	1	1.11646	0.880707	0.880707	1	1	
0.0319154	-nan	0.88628	0.796347	1	1	1	1	1	1	1.12688	0.88628	0.88628	1	1	
0.0331131	-nan	0.891843	0.806733	1	1	1	1	1	1	1.13764	0.891843	0.891843	1	1	
0.0343558	-nan	0.89739	0.817286	1	1	1	1	1	1	1.14874	0.89739	0.89739	1	1	
0.0356451	-nan	0.902918	0.828005	1	1	1	1	1	1	1.16021	0.902918	0.902918	1	1	
0.0369828	-nan	0.908425	0.838889	1	1	1	1	1	1	1.17205	0.908425	0.908425	1	1	
0.0383707	-nan	0.913907	0.849938	1	1	1	1	1	1	1.18426	0.913907	0.913907	1	1	
0.0398107	-nan	0.91936	0.861149	1	1	1	1	1	1	1.19687	0.91936	0.91936	1	1	
0.0413048	-nan	0.92478	0.872521	1	1	1	1	1	1	1.20988	0.92478	0.92478	1	1	
0.0428549	-nan	0.930165	0.884052	1	1	1	1	1	1	1.22329	0.930165	0.930165	1	1	
0.0444631	-nan	0.935509	0.89574	1	1	1	1	1	1	1.23713	0.935509	0.935509	1	1	
0.0461318	-nan	0.940809	0.907581	1	1	1	1	1	1	1.2514	0.940809	0.940809	1	1	
0.047863	-nan	0.946062	0.919574	1	1	1	1	1	1	1.26612	0.946062	0.946062	1	1	
0.0496592	-nan	0.951263	0.931713	1	1	1	1	1	1	1.28129	0.951263	0.951263	1	1	
0.0515229	-nan	0.956409	0.943997	1	1	1	1	1	1	1.29693	0.956409	0.956409	1	1	
0.0534564	-nan	0.961496	0.956419	1	1	1	1	1	1	1.31304	0.961496	0.961496	1	1	
0.0554626	-nan	0.966519	0.968975	1	1	1	1	1	1	1.32965	0.966519	0.966519	1	1	
0.057544	-nan	0.971474	0.98166	1	1	1	1	1	1	1.34675	0.971474	0.971474	1	1	
0.0597035	-nan	0.976358	0.994468	1	1	1	1	1	1	1.36437	0.976358	0.976358	1	1	
0.0619441	-nan	0.981166	1.00739	1	1	1	1	1	1	1.38251	0.981166	0.981166	1	1	
0.0642688	-nan	0.985895	1.02043	1	1	1	1	1	1	1.40119	0.985895	0.985895	1	1	
0.0666807	-nan	0.99054	1.03356	1	1	1	1	1	1	1.42041	0.99054	0.99054	1	1	
0.0691831	-nan	0.995097	1.04679	1	1	1	1	1	1	1.44019	0.995097	0.995097	1	1	
0.0717794	-nan	0.999563	1.0601	1	1	1	1	1	1	1.46054	0.999563	0.999563	1	1	
0.0744732	-nan	1.00393	1.07348	1	1	1	1	1	1	1.48147	1.00393	1.00393	1	1	
0.0772681	-nan	1.00821	1.08693	1	1	1	1	1	1	1.503	1.00821	1.00821	1	1	
0.0801678	-nan	1.01238	1.10043	1	1	1	1	1	1	1.52512	1.01238	1.01238	1	1	
0.0831764	-nan	1.01644	1.11397	1	1	1	1	1	1	1.54786	1.01644	1.01644	1	1	
0.0862979	-nan	1.02039	1.12754	1	1	1	1	1	1	1.57122	1.02039	1.02039	1	1	
0.0895365	-nan	1.02424	1.14112	1	1	1	1	1	1	1.59522	1.02424	1.02424	1	1	
0.0928966	-nan	1.02797	1.15469	1	1	1	1	1	1	1.61987	1.02797	1.02797	1	1	
0.0963829	-nan	1.03158	1.16825	1	1	1	1	1	1	1.64517	1.03158	1.03158	1	1	
0.1	-nan	1.03507	1.18177	1	1	1	1	1	1	1.67113	1.03507	1.03507	1	1	
0.103614	-nan	1.03833	1.19475	1	1	1	1	1	1	1.69679	1.03833	1.03833	1	1	
0.107229	-nan	1.04136	1.20722	1	1	1	1	1	1	1.72217	1.04136	1.04136	1	1	
0.110843	-nan	1.04419	1.21921	1	1	1	1	1	1	1.74729	1.04419	1.04419	1	1	
0.114458	-nan	1.04684	1.23073	1	1	1	1	1	1	1.77213	1.04684	1.04684	1	1	
0.118072	-nan	1.04932	1.2418	1	1	1	1	1	1	1.79671	1.04932	1.04932	1	1	
0.121687	-nan	1.05164	1.25244	1	1	1	1	1	1	1.82104	1.05164	1.05164	1	1	
0.125301	-nan	1.05382	1.26266	1	1	1	1	1	1	1.84511	1.05382	1.05382	1	1	
0.128916	-nan	1.05586	1.27248	1	1	1	1	1	1	1.86893	1.05586	1.05586	1	1	
0.13253	-nan	1.05778	1.28191	1	1	1	1	1	1	1.89251	1.05778	1.05778	1	1	
0.136145	-nan	1.05958	1.29097	1	1	1	1	1	1	1.91585	1.05958	1.05958	1	1	
0.139759	-nan	1.06128	1.29967	1	1	1	1	1	1	1.93896	1.06128	1.06128	1	1	
0.143373	-nan	1.06288	1.30803	1	1	1	1	1	1	1.96184	1.06288	1.06288	1	1	
0.146988	-nan	1.0644	1.31605	1	1	1	1	1	1	1.98449	1.0644	1.0644	1	1	
0.150602	-nan	1.06583	1.32375	1	1	1	1	1	1	2.00691	1.06583	1.06583	1	1	
0.154217	-nan	1.06718	1.33114	1	1	1	1	1	1	2.02912	1.06718	1.06718	1	1	
0.157831	-nan	1.06847	1.33823	1	1	1	1	1	1	2.05111	1.06847	1.06847	1	1	
0.161446	-nan	1.06969	1.34502	1	1	1	1	1	1	2.07289	1.06969	1.06969	1	1	
0.16506	-nan	1.07085	1.35154	1	1	1	1	1	1	2.09446	1.07085	1.07085	1	1	
0.168675	-nan	1.07196	1.35778	1	1	1	1	1	1	2.11583	1.07196	1.07196	1	1	
0.172289	-nan	1.07301	1.36376	1	1	1	1	1	1	2.13699	1.07301	1.07301	1	1	
0.175904	-nan	1.07402	1.36949	1	1	1	1	1	1	2.15796	1.07402	1.07402	1	1	
0.179518	-nan	1.07499	1.37497	1	1	1	1	1	1	2.17873	1.07499	1.07499	1	1	
0.183133	-nan	1.07591	1.38021	1	1	1	1	1	1	2.1993	1.07591	1.07591	1	1	
0.186747	-nan	1.0768	1.38523	1	1	1	1	1	1	2.21969	1.0768	1.0768	1	1	
0.190361	-nan	1.07766	1.39002	1	1	1	1	1	1	2.23989	1.07766	1.07766	1	1	
0.193976	-nan	1.07849	1.3946	1	1	1	1	1	1	2.2599	1.07849	1.07849	1	1	
0.19759	-nan	1.07928	1.39898	1	1	1	1	1	1	2.27974	1.07928	1.07928	1	1	
0.201205	-nan	1.08006	1.40315	1	1	1	1	1	1	2.29939	1.08006	1.08006	1	1	
0.204819	-nan	1.0808	1.40713	1	1	1	1	1	1	2.31887	1.0808	1.0808	1	1	
0.208434	-nan	1.08153	1.41093	1	1	1	1	1	1	2.33818	1.08153	1.08153	1	1	
0.212048	-nan	1.08223	1.41454	1	1	1	1	1	1	2.35731	1.08223	1.08223	1	1	
0.215663	-nan	1.08292	1.41798	1	1	1	1	1	1	2.37628	1.08292	1.08292	1	1	
0.219277	-nan	1.08359	1.42126	1	1	1	1	1	1	2.39507	1.08359	1.08359	1	1	
0.222892	-nan	1.08425	1.42437	1	1	1	1	1	1	2.41371	1.08425	1.08425	1	1	
0.226506	-nan	1.08488	1.42732	1	1	1	1	1	1	2.43218	1.08488	1.08488	1	1	
0.23012	-nan	1.08551	1.43012	1	1	1	1	1	1	2.4505	1.08551	1.08551	1	1	
0.233735	-nan	1.08613	1.43278	1	1	1	1	1	1	2.46865	1.08613	1.08613	1	1	
0.237349	-nan	1.08673	1.4353	1	1	1	1	1	1	2.48666	1.08673	1.08673	1	1	
0.240964	-nan	1.08732	1.43768	1	1	1	1	1	1	2.5045	1.08732	1.08732	1	1	
0.244578	-nan	1.0879	1.43993	1	1	1	1	1	1	2.5222	1.0879	1.0879	1	1	
0.248193	-nan	1.08848	1.44205	1	1	1	1	1	1	2.53975	1.08848	1.08848	1	1	
0.251807	-nan	1.08905	1.44405	1	1	1	1	1	1	2.55715	1.08905	1.08905	1	1	
0.255422	-nan	1.08961	1.44594	1	1	1	1	1	1	2.57441	1.08961	1.08961	1	1	
0.259036	-nan	1.09016	1.44771	1	1	1	1	1	1	2.59152	1.09016	1.09016	1	1	
0.262651	-nan	1.0907	1.44937	1	1	1	1	1	1	2.60849	1.0907	1.0907	1	1	
0.266265	-nan	1.09125	1.45093	1	1	1	1	1	1	2.62533	1.09125	1.09125	1	1	
0.26988	-nan	1.09178	1.45239	1	1	1	1	1	1	2.64202	1.09178	1.09178	1	1	
0.273494	-nan	1.09231	1.45375	1	1	1	1	1	1	2.65858	1.09231	1.09231	1	1	
0.277108	-nan	1.09284	1.45501	1	1	1	1	1	1	2.675	1.09284	1.09284	1	1	
0.280723	-nan	1.09336	1.45619	1	1	1	1	1	1	2.6913	1.09336	1.09336	1	1	
0.284337	-nan	1.09388	1.45728	1	1	1	1	1	1	2.70746	1.09388	1.09388	1	1	
0.287952	-nan	1.09439	1.45829	1	1	1	1	1	1	2.72349	1.09439	1.09439	1	1	
0.291566	-nan	1.0949	1.45922	1	1	1	1	1	1	2.73939	1.0949	1.0949	1	1	
0.295181	-nan	1.09541	1.46007	1	1	1	1	1	1	2.75516	1.09541	1.09541	1	1	
0.298795	-nan	1.09591	1.46085	1	1	1	1	1	1	2.77082	1.09591	1.09591	1	1	
0.30241	-nan	1.09642	1.46156	1	1	1	1	1	1	2.78634	1.09642	1.09642	1	1	
0.306024	-nan	1.09692	1.4622	1	1	1	1	1	1	2.80175	1.09692	1.09692	1	1	
0.309639	-nan	1.09741	1.46278	1	1	1	1	1	1	2.81703	1.09741	1.09741	1	1	
0.313253	-nan	1.09791	1.46329	1	1	1	1	1	1	2.8322	1.09791	1.09791	1	1	
0.316867	-nan	1.0984	1.46375	1	1	1	1	1	1	2.84724	1.0984	1.0984	1	1	
0.320482	-nan	1.09889	1.46415	1	1	1	1	1	1	2.86217	1.09889	1.09889	1	1	
0.324096	-nan	1.09938	1.46449	1	1	1	1	1	1	2.87699	1.09938	1.09938	1	1	
0.327711	-nan	1.09987	1.46478	1	1	1	1	1	1	2.89169	1.09987	1.09987	1	1	
0.331325	-nan	1.10035	1.46503	1	1	1	1	1	1	2.90628	1.10035	1.10035	1	1	
0.33494	-nan	1.10084	1.46522	1	1	1	1	1	1	2.92075	1.10084	1.10084	1	1	
0.338554	-nan	1.10132	1.46538	1	1	1	1	1	1	2.93511	1.10132	1.10132	1	1	
0.342169	-nan	1.1018	1.46548	1	1	1	1	1	1	2.94937	1.1018	1.1018	1	1	
0.345783	-nan	1.10228	1.46555	1	1	1	1	1	1	2.96351	1.10228	1.10228	1	1	
0.349398	-nan	1.10276	1.46558	1	1	1	1	1	1	2.97755	1.10276	1.10276	1	1	
0.353012	-nan	1.10323	1.46557	1	1	1	1	1	1	2.99148	1.10323	1.10323	1	1	
0.356627	-nan	1.10371	1.46553	1	1	1	1	1	1	3.00531	1.10371	1.10371	1	1	
0.360241	-nan	1.10418	1.46545	1	1	1	1	1	1	3.01902	1.10418	1.10418	1	1	
0.363855	-nan	1.10465	1.46534	1	1	1	1	1	1	3.03264	1.10465	1.10465	1	1	
0.36747	-nan	1.10512	1.46521	1	1	1	1	1	1	3.04615	1.10512	1.10512	1	1	
0.371084	-nan	1.10559	1.46504	1	1	1	1	1	1	3.05957	1.10559	1.10559	1	1	
0.374699	-nan	1.10606	1.46485	1	1	1	1	1	1	3.07288	1.10606	1.10606	1	1	
0.378313	-nan	1.10653	1.46463	1	1	1	1	1	1	3.08608	1.10653	1.10653	1	1	
0.381928	-nan	1.10699	1.46438	1	1	1	1	1	1	3.09919	1.10699	1.10699	1	1	
0.385542	-nan	1.10746	1.46412	1	1	1	1	1	1	3.11221	1.10746	1.10746	1	1	
0.389157	-nan	1.10792	1.46383	1	1	1	1	1	1	3.12512	1.10792	1.10792	1	1	
0.392771	-nan	1.10839	1.46353	1	1	1	1	1	1	3.13793	1.10839	1.10839	1	1	
0.396386	-nan	1.10885	1.4632	1	1	1	1	1	1	3.15065	1.10885	1.10885	1	1	
0.4	-nan	1.10931	1.46286	1	1	1	1	1	1	3.16328	1.10931	1.10931	1	1	
0.403614	-nan	1.10977	1.46251	1	1	1	1	1	1	3.17581	1.10977	1.10977	1	1	
0.407229	-nan	1.11022	1.46213	1	1	1	1	1	1	3.18824	1.11022	1.11022	1	1	
0.410843	-nan	1.11068	1.46175	1	1	1	1	1	1	3.20058	1.11068	1.11068	1	1	
0.414458	-nan	1.11114	1.46135	1	1	1	1	1	1	3.21283	1.11114	1.11114	1	1	
0.418072	-nan	1.11159	1.46094	1	1	1	1	1	1	3.22498	1.11159	1.11159	1	1	
0.421687	-nan	1.11204	1.46051	1	1	1	1	1	1	3.23705	1.11204	1.11204	1	1	
0.425301	-nan	1.1125	1.46008	1	1	1	1	1	1	3.24902	1.1125	1.1125	1	1	
0.428916	-nan	1.11295	1.45964	1	1	1	1	1	1	3.2609	1.11295	1.11295	1	1	
0.43253	-nan	1.1134	1.45919	1	1	1	1	1	1	3.27269	1.1134	1.1134	1	1	
0.436145	-nan	1.11385	1.45873	1	1	1	1	1	1	3.28439	1.11385	1.11385	1	1	
0.439759	-nan	1.11429	1.45827	1	1	1	1	1	1	3.296	1.11429	1.11429	1	1	
0.443373	-nan	1.11474	1.4578	1	1	1	1	1	1	3.30752	1.11474	1.11474	1	1	
0.446988	-nan	1.11519	1.45732	1	1	1	1	1	1	3.31896	1.11519	1.11519	1	1	
0.450602	-nan	1.11563	1.45684	1	1	1	1	1	1	3.33031	1.11563	1.11563	1	1	
0.454217	-nan	1.11607	1.45636	1	1	1	1	1	1	3.34157	1.11607	1.11607	1	1	
0.457831	-nan	1.11651	1.45588	1	1	1	1	1	1	3.35274	1.11651	1.11651	1	1	
0.461446	-nan	1.11696	1.45539	1	1	1	1	1	1	3.36383	1.11696	1.11696	1	1	
0.46506	-nan	1.1174	1.4549	1	1	1	1	1	1	3.37483	1.1174	1.1174	1	1	
0.468675	-nan	1.11783	1.4544	1	1	1	1	1	1	3.38575	1.11783	1.11783	1	1	
0.472289	-nan	1.11827	1.45391	1	1	1	1	1	1	3.39658	1.11827	1.11827	1	1	
0.475904	-nan	1.11871	1.45342	1	1	1	1	1	1	3.40733	1.11871	1.11871	1	1	
0.479518	-nan	1.11914	1.45292	1	1	1	1	1	1	3.418	1.11914	1.11914	1	1	
0.483133	-nan	1.11958	1.45243	1	1	1	1	1	1	3.42858	1.11958	1.11958	1	1	
0.486747	-nan	1.12001	1.45194	1	1	1	1	1	1	3.43908	1.12001	1.12001	1	1	
0.490361	-nan	1.12044	1.45144	1	1	1	1	1	1	3.44949	1.12044	1.12044	1	1	
0.493976	-nan	1.12087	1.45096	1	1	1	1	1	1	3.45983	1.12087	1.12087	1	1	
0.49759	-nan	1.1213	1.45047	1	1	1	1	1	1	3.47008	1.1213	1.1213	1	1	
0.501205	-nan	1.12173	1.44998	1	1	1	1	1	1	3.48025	1.12173	1.12173	1	1	
0.504819	-nan	1.12215	1.4495	1	1	1	1	1	1	3.49034	1.12215	1.12215	1	1	
0.508434	-nan	1.12258	1.44902	1	1	1	1	1	1	3.50035	1.12258	1.12258	1	1	
0.512048	-nan	1.123	1.44855	1	1	1	1	1	1	3.51028	1.123	1.123	1	1	
0.515663	-nan	1.12343	1.44808	1	1	1	1	1	1	3.52013	1.12343	1.12343	1	1	
0.519277	-nan	1.12385	1.44761	1	1	1	1	1	1	3.52991	1.12385	1.12385	1	1	
0.522892	-nan	1.12427	1.44715	1	1	1	1	1	1	3.5396	1.12427	1.12427	1	1	
0.526506	-nan	1.12469	1.44669	1	1	1	1	1	1	3.54921	1.12469	1.12469	1	1	
0.53012	-nan	1.12511	1.44623	1	1	1	1	1	1	3.55875	1.12511	1.12511	1	1	
0.533735	-nan	1.12553	1.44578	1	1	1	1	1	1	3.56821	1.12553	1.12553	1	1	
0.537349	-nan	1.12594	1.44534	1	1	1	1	1	1	3.57759	1.12594	1.12594	1	1	
0.540964	-nan	1.12636	1.4449	1	1	1	1	1	1	3.5869	1.12636	1.12636	1	1	
0.544578	-nan	1.12677	1.44447	1	1	1	1	1	1	3.59613	1.12677	1.12677	1	1	
0.548193	-nan	1.12718	1.44404	1	1	1	1	1	1	3.60528	1.12718	1.12718	1	1	
0.551807	-nan	1.12759	1.44362	1	1	1	1	1	1	3.61436	1.12759	1.12759	1	1	
0.555422	-nan	1.128	1.4432	1	1	1	1	1	1	3.62337	1.128	1.128	1	1	
0.559036	-nan	1.12841	1.44279	1	1	1	1	1	1	3.6323	1.12841	1.12841	1	1	
0.562651	-nan	1.12882	1.44239	1	1	1	1	1	1	3.64115	1.12882	1.12882	1	1	
0.566265	-nan	1.12923	1.44199	1	1	1	1	1	1	3.64993	1.12923	1.12923	1	1	
0.56988	-nan	1.12963	1.4416	1	1	1	1	1	1	3.65864	1.12963	1.12963	1	1	
0.573494	-nan	1.13004	1.44122	1	1	1	1	1	1	3.66728	1.13004	1.13004	1	1	
0.577108	-nan	1.13044	1.44084	1	1	1	1	1	1	3.67584	1.13044	1.13044	1	1	
0.580723	-nan	1.13084	1.44047	1	1	1	1	1	1	3.68433	1.13084	1.13084	1	1	
0.584337	-nan	1.13124	1.44011	1	1	1	1	1	1	3.69275	1.13124	1.13124	1	1	
0.587952	-nan	1.13164	1.43975	1	1	1	1	1	1	3.7011	1.13164	1.13164	1	1	
0.591566	-nan	1.13204	1.4394	1	1	1	1	1	1	3.70938	1.13204	1.13204	1	1	
0.595181	-nan	1.13243	1.43906	1	1	1	1	1	1	3.71759	1.13243	1.13243	1	1	
0.598795	-nan	1.13283	1.43872	1	1	1	1	1	1	3.72573	1.13283	1.13283	1	1	
0.60241	-nan	1.13322	1.43839	1	1	1	1	1	1	3.7338	1.13322	1.13322	1	1	
0.606024	-nan	1.13362	1.43807	1	1	1	1	1	1	3.7418	1.13362	1.13362	1	1	
0.609639	-nan	1.13401	1.43775	1	1	1	1	1	1	3.74973	1.13401	1.13401	1	1	
0.613253	-nan	1.1344	1.43744	1	1	1	1	1	1	3.75759	1.1344	1.1344	1	1	
0.616867	-nan	1.13479	1.43714	1	1	1	1	1	1	3.76539	1.13479	1.13479	1	1	
0.620482	-nan	1.13518	1.43685	1	1	1	1	1	1	3.77312	1.13518	1.13518	1	1	
0.624096	-nan	1.13556	1.43656	1	1	1	1	1	1	3.78078	1.13556	1.13556	1	1	
0.627711	-nan	1.13595	1.43628	1	1	1	1	1	1	3.78837	1.13595	1.13595	1	1	
0.631325	-nan	1.13633	1.43601	1	1	1	1	1	1	3.7959	1.13633	1.13633	1	1	
0.63494	-nan	1.13672	1.43574	1	1	1	1	1	1	3.80337	1.13672	1.13672	1	1	
0.638554	-nan	1.1371	1.43548	1	1	1	1	1	1	3.81077	1.1371	1.1371	1	1	
0.642169	-nan	1.13748	1.43523	1	1	1	1	1	1	3.8181	1.13748	1.13748	1	1	
0.645783	-nan	1.13786	1.43498	1	1	1	1	1	1	3.82537	1.13786	1.13786	1	1	
0.649398	-nan	1.13824	1.43474	1	1	1	1	1	1	3.83258	1.13824	1.13824	1	1	
0.653012	-nan	1.13862	1.43451	1	1	1	1	1	1	3.83973	1.13862	1.13862	1	1	
0.656627	-nan	1.13899	1.43429	1	1	1	1	1	1	3.84681	1.13899	1.13899	1	1	
0.660241	-nan	1.13937	1.43407	1	1	1	1	1	1	3.85383	1.13937	1.13937	1	1	
0.663855	-nan	1.13974	1.43386	1	1	1	1	1	1	3.86078	1.13974	1.13974	1	1	
0.66747	-nan	1.14011	1.43365	1	1	1	1	1	1	3.86768	1.14011	1.14011	1	1	
0.671084	-nan	1.14048	1.43346	1	1	1	1	1	1	3.87452	1.14048	1.14048	1	1	
0.674699	-nan	1.14085	1.43327	1	1	1	1	1	1	3.88129	1.14085	1.14085	1	1	
0.678313	-nan	1.14122	1.43308	1	1	1	1	1	1	3.88801	1.14122	1.14122	1	1	
0.681928	-nan	1.14159	1.4329	1	1	1	1	1	1	3.89466	1.14159	1.14159	1	1	
0.685542	-nan	1.14196	1.43273	1	1	1	1	1	1	3.90126	1.14196	1.14196	1	1	
0.689157	-nan	1.14232	1.43257	1	1	1	1	1	1	3.9078	1.14232	1.14232	1	1	
0.692771	-nan	1.14269	1.43241	1	1	1	1	1	1	3.91428	1.14269	1.14269	1	1	
0.696386	-nan	1.14305	1.43226	1	1	1	1	1	1	3.9207	1.14305	1.14305	1	1	
0.7	-nan	1.14341	1.43211	1	1	1	1	1	1	3.92706	1.14341	1.14341	1	1	
0.703614	-nan	1.14377	1.43197	1	1	1	1	1	1	3.93337	1.14377	1.14377	1	1	
0.707229	-nan	1.14413	1.43184	1	1	1	1	1	1	3.93962	1.14413	1.14413	1	1	
0.710843	-nan	1.14449	1.43171	1	1	1	1	1	1	3.94582	1.14449	1.14449	1	1	
0.714458	-nan	1.14484	1.43159	1	1	1	1	1	1	3.95196	1.14484	1.14484	1	1	
0.718072	-nan	1.1452	1.43147	1	1	1	1	1	1	3.95804	1.1452	1.1452	1	1	
0.721687	-nan	1.14555	1.43136	1	1	1	1	1	1	3.96407	1.14555	1.14555	1	1	
0.725301	-nan	1.1459	1.43126	1	1	1	1	1	1	3.97005	1.1459	1.1459	1	1	
0.728916	-nan	1.14626	1.43116	1	1	1	1	1	1	3.97597	1.14626	1.14626	1	1	
0.73253	-nan	1.14661	1.43107	1	1	1	1	1	1	3.98184	1.14661	1.14661	1	1	
0.736145	-nan	1.14696	1.43098	1	1	1	1	1	1	3.98766	1.14696	1.14696	1	1	
0.739759	-nan	1.1473	1.4309	1	1	1	1	1	1	3.99342	1.1473	1.1473	1	1	
0.743373	-nan	1.14765	1.43082	1	1	1	1	1	1	3.99913	1.14765	1.14765	1	1	
0.746988	-nan	1.148	1.43075	1	1	1	1	1	1	4.00479	1.148	1.148	1	1	
0.750602	-nan	1.14834	1.43069	1	1	1	1	1	1	4.0104	1.14834	1.14834	1	1	
0.754217	-nan	1.14868	1.43063	1	1	1	1	1	1	4.01596	1.14868	1.14868	1	1	
0.757831	-nan	1.14902	1.43058	1	1	1	1	1	1	4.02146	1.14902	1.14902	1	1	
0.761446	-nan	1.14936	1.43053	1	1	1	1	1	1	4.02692	1.14936	1.14936	1	1	
0.76506	-nan	1.1497	1.43048	1	1	1	1	1	1	4.03233	1.1497	1.1497	1	1	
0.768675	-nan	1.15004	1.43044	1	1	1	1	1	1	4.03769	1.15004	1.15004	1	1	
0.772289	-nan	1.15038	1.43041	1	1	1	1	1	1	4.04299	1.15038	1.15038	1	1	
0.775904	-nan	1.15071	1.43038	1	1	1	1	1	1	4.04826	1.15071	1.15071	1	1	
0.779518	-nan	1.15105	1.43036	1	1	1	1	1	1	4.05347	1.15105	1.15105	1	1	
0.783133	-nan	1.15138	1.43034	1	1	1	1	1	1	4.05863	1.15138	1.15138	1	1	
0.786747	-nan	1.15171	1.43032	1	1	1	1	1	1	4.06375	1.15171	1.15171	1	1	
0.790361	-nan	1.15204	1.43031	1	1	1	1	1	1	4.06882	1.15204	1.15204	1	1	
0.793976	-nan	1.15237	1.4303	1	1	1	1	1	1	4.07385	1.15237	1.15237	1	1	
0.79759	-nan	1.1527	1.4303	1	1	1	1	1	1	4.07883	1.1527	1.1527	1	1	
0.801205	-nan	1.15303	1.43031	1	1	1	1	1	1	4.08376	1.15303	1.15303	1	1	
0.804819	-nan	1.15335	1.43031	1	1	1	1	1	1	4.08865	1.15335	1.15335	1	1	
0.808434	-nan	1.15368	1.43033	1	1	1	1	1	1	4.09349	1.15368	1.15368	1	1	
0.812048	-nan	1.154	1.43034	1	1	1	1	1	1	4.09829	1.154	1.154	1	1	
0.815663	-nan	1.15432	1.43036	1	1	1	1	1	1	4.10305	1.15432	1.15432	1	1	
0.819277	-nan	1.15464	1.43039	1	1	1	1	1	1	4.10776	1.15464	1.15464	1	1	
0.822892	-nan	1.15496	1.43041	1	1	1	1	1	1	4.11243	1.15496	1.15496	1	1	
0.826506	-nan	1.15528	1.43045	1	1	1	1	1	1	4.11705	1.15528	1.15528	1	1	
0.83012	-nan	1.1556	1.43048	1	1	1	1	1	1	4.12163	1.1556	1.1556	1	1	
0.833735	-nan	1.15591	1.43052	1	1	1	1	1	1	4.12617	1.15591	1.15591	1	1	
0.837349	-nan	1.15622	1.43057	1	1	1	1	1	1	4.13067	1.15622	1.15622	1	1	
0.840964	-nan	1.15654	1.43061	1	1	1	1	1	1	4.13513	1.15654	1.15654	1	1	
0.844578	-nan	1.15685	1.43066	1	1	1	1	1	1	4.13954	1.15685	1.15685	1	1	
0.848193	-nan	1.15716	1.43072	1	1	1	1	1	1	4.14392	1.15716	1.15716	1	1	
0.851807	-nan	1.15747	1.43078	1	1	1	1	1	1	4.14825	1.15747	1.15747	1	1	
0.855422	-nan	1.15778	1.43084	1	1	1	1	1	1	4.15254	1.15778	1.15778	1	1	
0.859036	-nan	1.15808	1.4309	1	1	1	1	1	1	4.1568	1.15808	1.15808	1	1	
0.862651	-nan	1.15839	1.43097	1	1	1	1	1	1	4.16101	1.15839	1.15839	1	1	
0.866265	-nan	1.15869	1.43104	1	1	1	1	1	1	4.16519	1.15869	1.15869	1	1	
0.86988	-nan	1.15899	1.43112	1	1	1	1	1	1	4.16932	1.15899	1.15899	1	1	
0.873494	-nan	1.1593	1.43119	1	1	1	1	1	1	4.17342	1.1593	1.1593	1	1	
0.877108	-nan	1.1596	1.43128	1	1	1	1	1	1	4.17748	1.1596	1.1596	1	1	
0.880723	-nan	1.15989	1.43136	1	1	1	1	1	1	4.1815	1.15989	1.15989	1	1	
0.884337	-nan	1.16019	1.43145	1	1	1	1	1	1	4.18549	1.16019	1.16019	1	1	
0.887952	-nan	1.16049	1.43154	1	1	1	1	1	1	4.18943	1.16049	1.16049	1	1	
0.891566	-nan	1.16078	1.43163	1	1	1	1	1	1	4.19334	1.16078	1.16078	1	1	
0.895181	-nan	1.16108	1.43173	1	1	1	1	1	1	4.19721	1.16108	1.16108	1	1	
0.898795	-nan	1.16137	1.43182	1	1	1	1	1	1	4.20105	1.16137	1.16137	1	1	
0.90241	-nan	1.16166	1.43193	1	1	1	1	1	1	4.20485	1.16166	1.16166	1	1	
0.906024	-nan	1.16195	1.43203	1	1	1	1	1	1	4.20862	1.16195	1.16195	1	1	
0.909639	-nan	1.16224	1.43214	1	1	1	1	1	1	4.21235	1.16224	1.16224	1	1	
0.913253	-nan	1.16252	1.43224	1	1	1	1	1	1	4.21604	1.16252	1.16252	1	1	
0.916867	-nan	1.16281	1.43236	1	1	1	1	1	1	4.2197	1.16281	1.16281	1	1	
0.920482	-nan	1.16309	1.43247	1	1	1	1	1	1	4.22332	1.16309	1.16309	1	1	
0.924096	-nan	1.16338	1.43259	1	1	1	1	1	1	4.22691	1.16338	1.16338	1	1	
0.927711	-nan	1.16366	1.43271	1	1	1	1	1	1	4.23047	1.16366	1.16366	1	1	
0.931325	-nan	1.16394	1.43283	1	1	1	1	1	1	4.23399	1.16394	1.16394	1	1	
0.93494	-nan	1.16422	1.43295	1	1	1	1	1	1	4.23748	1.16422	1.16422	1	1	
0.938554	-nan	1.1645	1.43308	1	1	1	1	1	1	4.24094	1.1645	1.1645	1	1	
0.942169	-nan	1.16477	1.43321	1	1	1	1	1	1	4.24436	1.16477	1.16477	1	1	
0.945783	-nan	1.16505	1.43334	1	1	1	1	1	1	4.24775	1.16505	1.16505	1	1	
0.949398	-nan	1.16532	1.43347	1	1	1	1	1	1	4.25111	1.16532	1.16532	1	1	
0.953012	-nan	1.1656	1.4336	1	1	1	1	1	1	4.25444	1.1656	1.1656	1	1	
0.956627	-nan	1.16587	1.43374	1	1	1	1	1	1	4.25773	1.16587	1.16587	1	1	
0.960241	-nan	1.16614	1.43388	1	1	1	1	1	1	4.26099	1.16614	1.16614	1	1	
0.963855	-nan	1.16641	1.43402	1	1	1	1	1	1	4.26422	1.16641	1.16641	1	1	
0.96747	-nan	1.16667	1.43416	1	1	1	1	1	1	4.26742	1.16667	1.16667	1	1	
0.971084	-nan	1.16694	1.43431	1	1	1	1	1	1	4.27059	1.16694	1.16694	1	1	
0.974699	-nan	1.16721	1.43445	1	1	1	1	1	1	4.27373	1.16721	1.16721	1	1	
0.978313	-nan	1.16747	1.4346	1	1	1	1	1	1	4.27684	1.16747	1.16747	1	1	
0.981928	-nan	1.16773	1.43475	1	1	1	1	1	1	4.27992	1.16773	1.16773	1	1	
0.985542	-nan	1.16799	1.4349	1	1	1	1	1	1	4.28297	1.16799	1.16799	1	1	
0.989157	-nan	1.16825	1.43506	1	1	1	1	1	1	4.28599	1.16825	1.16825	1	1	
0.992771	-nan	1.16851	1.43521	1	1	1	1	1	1	4.28898	1.16851	1.16851	1	1	
0.996386	-nan	1.16877	1.43537	1	1	1	1	1	1	4.29194	1.16877	1.16877	1	1	
1	-nan	-nan	-nan	-nan	-nan	-nan	-nan	-nan	-nan	-nan	-nan	-nan	-nan	-nan	
