1e-05	-nan	0.54648	0.311198	1	1	1	1	1	1	1.00731	0.54648	0.54648	1	1	
1.03753e-05	-nan	0.546663	0.311256	1	1	1	1	1	1	1.00731	0.546663	0.546663	1	1	
1.07647e-05	-nan	0.546848	0.311314	1	1	1	1	1	1	1.00731	0.546848	0.546848	1	1	
1.11686e-05	-nan	0.547034	0.311373	1	1	1	1	1	1	1.00731	0.547034	0.547034	1	1	
1.15878e-05	-nan	0.547223	0.311434	1	1	1	1	1	1	1.00732	0.547223	0.547223	1	1	
1.20226e-05	-nan	0.547413	0.311496	1	1	1	1	1	1	1.00732	0.547413	0.547413	1	1	
1.24738e-05	-nan	0.547605	0.311558	1	1	1	1	1	1	1.00732	0.547605	0.547605	1	1	
1.2942e-05	-nan	0.5478	0.311622	1	1	1	1	1	1	1.00732	0.5478	0.5478	1	1	
1.34276e-05	-nan	0.547996	0.311687	1	1	1	1	1	1	1.00732	0.547996	0.547996	1	1	
1.39316e-05	-nan	0.548194	0.311753	1	1	1	1	1	1	1.00732	0.548194	0.548194	1	1	
1.44544e-05	-nan	0.548395	0.311821	1	1	1	1	1	1	1.00732	0.548395	0.548395	1	1	
1.49968e-05	-nan	0.548597	0.311889	1	1	1	1	1	1	1.00732	0.548597	0.548597	1	1	
1.55597e-05	-nan	0.548802	0.311959	1	1	1	1	1	1	1.00733	0.548802	0.548802	1	1	
1.61436e-05	-nan	0.549009	0.31203	1	1	1	1	1	1	1.00733	0.549009	0.549009	1	1	
1.67494e-05	-nan	0.549218	0.312102	1	1	1	1	1	1	1.00733	0.549218	0.549218	1	1	
1.7378e-05	-nan	0.54943	0.312176	1	1	1	1	1	1	1.00733	0.54943	0.54943	1	1	
1.80302e-05	-nan	0.549644	0.312251	1	1	1	1	1	1	1.00733	0.549644	0.549644	1	1	
1.87068e-05	-nan	0.54986	0.312327	1	1	1	1	1	1	1.00733	0.54986	0.54986	1	1	
1.94089e-05	-nan	0.550079	0.312405	1	1	1	1	1	1	1.00734	0.550079	0.550079	1	1	
2.01372e-05	-nan	0.5503	0.312484	1	1	1	1	1	1	1.00734	0.5503	0.5503	1	1	
2.0893e-05	-nan	0.550523	0.312564	1	1	1	1	1	1	1.00734	0.550523	0.550523	1	1	
2.1677e-05	-nan	0.55075	0.312646	1	1	1	1	1	1	1.00734	0.55075	0.55075	1	1	
2.24905e-05	-nan	0.550978	0.312729	1	1	1	1	1	1	1.00734	0.550978	0.550978	1	1	
2.33346e-05	-nan	0.55121	0.312814	1	1	1	1	1	1	1.00734	0.55121	0.55121	1	1	
2.42103e-05	-nan	0.551444	0.3129	1	1	1	1	1	1	1.00735	0.551444	0.551444	1	1	
2.51189e-05	-nan	0.551681	0.312988	1	1	1	1	1	1	1.00735	0.551681	0.551681	1	1	
2.60615e-05	-nan	0.551921	0.313077	1	1	1	1	1	1	1.00735	0.551921	0.551921	1	1	
2.70396e-05	-nan	0.552163	0.313168	1	1	1	1	1	1	1.00735	0.552163	0.552163	1	1	
2.80543e-05	-nan	0.552409	0.313261	1	1	1	1	1	1	1.00736	0.552409	0.552409	1	1	
2.91072e-05	-nan	0.552657	0.313355	1	1	1	1	1	1	1.00736	0.552657	0.552657	1	1	
3.01995e-05	-nan	0.552909	0.31345	1	1	1	1	1	1	1.00736	0.552909	0.552909	1	1	
3.13329e-05	-nan	0.553163	0.313548	1	1	1	1	1	1	1.00736	0.553163	0.553163	1	1	
3.25087e-05	-nan	0.553421	0.313647	1	1	1	1	1	1	1.00737	0.553421	0.553421	1	1	
3.37287e-05	-nan	0.553682	0.313748	1	1	1	1	1	1	1.00737	0.553682	0.553682	1	1	
3.49945e-05	-nan	0.553946	0.313851	1	1	1	1	1	1	1.00737	0.553946	0.553946	1	1	
3.63078e-05	-nan	0.554214	0.313955	1	1	1	1	1	1	1.00737	0.554214	0.554214	1	1	
3.76704e-05	-nan	0.554485	0.314062	1	1	1	1	1	1	1.00738	0.554485	0.554485	1	1	
3.90841e-05	-nan	0.554759	0.31417	1	1	1	1	1	1	1.00738	0.554759	0.554759	1	1	
4.05509e-05	-nan	0.555037	0.31428	1	1	1	1	1	1	1.00738	0.555037	0.555037	1	1	
4.20727e-05	-nan	0.555319	0.314392	1	1	1	1	1	1	1.00739	0.555319	0.555319	1	1	
4.36516e-05	-nan	0.555604	0.314506	1	1	1	1	1	1	1.00739	0.555604	0.555604	1	1	
4.52898e-05	-nan	0.555893	0.314622	1	1	1	1	1	1	1.00739	0.555893	0.555893	1	1	
4.69894e-05	-nan	0.556186	0.31474	1	1	1	1	1	1	1.0074	0.556186	0.556186	1	1	
4.87528e-05	-nan	0.556483	0.314861	1	1	1	1	1	1	1.0074	0.556483	0.556483	1	1	
5.05825e-05	-nan	0.556784	0.314983	1	1	1	1	1	1	1.0074	0.556784	0.556784	1	1	
5.24807e-05	-nan	0.557089	0.315107	1	1	1	1	1	1	1.00741	0.557089	0.557089	1	1	
5.44503e-05	-nan	0.557398	0.315234	1	1	1	1	1	1	1.00741	0.557398	0.557398	1	1	
5.64937e-05	-nan	0.557711	0.315363	1	1	1	1	1	1	1.00742	0.557711	0.557711	1	1	
5.86138e-05	-nan	0.558029	0.315494	1	1	1	1	1	1	1.00742	0.558029	0.558029	1	1	
6.08135e-05	-nan	0.558351	0.315627	1	1	1	1	1	1	1.00743	0.558351	0.558351	1	1	
6.30957e-05	-nan	0.558677	0.315763	1	1	1	1	1	1	1.00743	0.558677	0.558677	1	1	
6.54636e-05	-nan	0.559008	0.315901	1	1	1	1	1	1	1.00744	0.559008	0.559008	1	1	
6.79204e-05	-nan	0.559344	0.316041	1	1	1	1	1	1	1.00744	0.559344	0.559344	1	1	
7.04693e-05	-nan	0.559685	0.316184	1	1	1	1	1	1	1.00745	0.559685	0.559685	1	1	
7.31139e-05	-nan	0.56003	0.31633	1	1	1	1	1	1	1.00745	0.56003	0.56003	1	1	
7.58578e-05	-nan	0.560381	0.316478	1	1	1	1	1	1	1.00746	0.560381	0.560381	1	1	
7.87046e-05	-nan	0.560736	0.316628	1	1	1	1	1	1	1.00746	0.560736	0.560736	1	1	
8.16582e-05	-nan	0.561097	0.316781	1	1	1	1	1	1	1.00747	0.561097	0.561097	1	1	
8.47227e-05	-nan	0.561463	0.316937	1	1	1	1	1	1	1.00748	0.561463	0.561463	1	1	
8.79023e-05	-nan	0.561835	0.317096	1	1	1	1	1	1	1.00748	0.561835	0.561835	1	1	
9.12011e-05	-nan	0.562212	0.317257	1	1	1	1	1	1	1.00749	0.562212	0.562212	1	1	
9.46237e-05	-nan	0.562595	0.317422	1	1	1	1	1	1	1.0075	0.562595	0.562595	1	1	
9.81748e-05	-nan	0.562983	0.317589	1	1	1	1	1	1	1.0075	0.562983	0.562983	1	1	
0.000101859	-nan	0.563378	0.317759	1	1	1	1	1	1	1.00751	0.563378	0.563378	1	1	
0.000105682	-nan	0.563778	0.317932	1	1	1	1	1	1	1.00752	0.563778	0.563778	1	1	
0.000109648	-nan	0.564185	0.318108	1	1	1	1	1	1	1.00753	0.564185	0.564185	1	1	
0.000113763	-nan	0.564598	0.318287	1	1	1	1	1	1	1.00754	0.564598	0.564598	1	1	
0.000118032	-nan	0.565017	0.318469	1	1	1	1	1	1	1.00754	0.565017	0.565017	1	1	
0.000122462	-nan	0.565443	0.318655	1	1	1	1	1	1	1.00755	0.565443	0.565443	1	1	
0.000127057	-nan	0.565875	0.318843	1	1	1	1	1	1	1.00756	0.565875	0.565875	1	1	
0.000131826	-nan	0.566315	0.319035	1	1	1	1	1	1	1.00757	0.566315	0.566315	1	1	
0.000136773	-nan	0.566761	0.319231	1	1	1	1	1	1	1.00758	0.566761	0.566761	1	1	
0.000141906	-nan	0.567215	0.31943	1	1	1	1	1	1	1.00759	0.567215	0.567215	1	1	
0.000147231	-nan	0.567676	0.319632	1	1	1	1	1	1	1.00761	0.567676	0.567676	1	1	
0.000152757	-nan	0.568144	0.319838	1	1	1	1	1	1	1.00762	0.568144	0.568144	1	1	
0.000158489	-nan	0.56862	0.320047	1	1	1	1	1	1	1.00763	0.56862	0.56862	1	1	
0.000164437	-nan	0.569104	0.320261	1	1	1	1	1	1	1.00764	0.569104	0.569104	1	1	
0.000170608	-nan	0.569596	0.320478	1	1	1	1	1	1	1.00765	0.569596	0.569596	1	1	
0.000177011	-nan	0.570096	0.320698	1	1	1	1	1	1	1.00767	0.570096	0.570096	1	1	
0.000183654	-nan	0.570604	0.320923	1	1	1	1	1	1	1.00768	0.570604	0.570604	1	1	
0.000190546	-nan	0.571121	0.321152	1	1	1	1	1	1	1.0077	0.571121	0.571121	1	1	
0.000197697	-nan	0.571646	0.321384	1	1	1	1	1	1	1.00771	0.571646	0.571646	1	1	
0.000205116	-nan	0.57218	0.321621	1	1	1	1	1	1	1.00773	0.57218	0.57218	1	1	
0.000212814	-nan	0.572724	0.321862	1	1	1	1	1	1	1.00774	0.572724	0.572724	1	1	
0.0002208	-nan	0.573276	0.322107	1	1	1	1	1	1	1.00776	0.573276	0.573276	1	1	
0.000229087	-nan	0.573838	0.322357	1	1	1	1	1	1	1.00778	0.573838	0.573838	1	1	
0.000237684	-nan	0.57441	0.322611	1	1	1	1	1	1	1.0078	0.57441	0.57441	1	1	
0.000246604	-nan	0.574992	0.322869	1	1	1	1	1	1	1.00782	0.574992	0.574992	1	1	
0.000255859	-nan	0.575584	0.323132	1	1	1	1	1	1	1.00784	0.575584	0.575584	1	1	
0.000265461	-nan	0.576186	0.3234	1	1	1	1	1	1	1.00786	0.576186	0.576186	1	1	
0.000275423	-nan	0.576798	0.323673	1	1	1	1	1	1	1.00788	0.576798	0.576798	1	1	
0.000285759	-nan	0.577422	0.32395	1	1	1	1	1	1	1.0079	0.577422	0.577422	1	1	
0.000296483	-nan	0.578056	0.324232	1	1	1	1	1	1	1.00792	0.578056	0.578056	1	1	
0.00030761	-nan	0.578702	0.32452	1	1	1	1	1	1	1.00795	0.578702	0.578702	1	1	
0.000319154	-nan	0.579359	0.324812	1	1	1	1	1	1	1.00797	0.579359	0.579359	1	1	
0.000331131	-nan	0.580028	0.32511	1	1	1	1	1	1	1.008	0.580028	0.580028	1	1	
0.000343558	-nan	0.580709	0.325413	1	1	1	1	1	1	1.00803	0.580709	0.580709	1	1	
0.000356451	-nan	0.581403	0.325721	1	1	1	1	1	1	1.00806	0.581403	0.581403	1	1	
0.000369828	-nan	0.582109	0.326035	1	1	1	1	1	1	1.00809	0.582109	0.582109	1	1	
0.000383707	-nan	0.582827	0.326355	1	1	1	1	1	1	1.00812	0.582827	0.582827	1	1	
0.000398107	-nan	0.583559	0.32668	1	1	1	1	1	1	1.00815	0.583559	0.583559	1	1	
0.000413048	-nan	0.584305	0.327011	1	1	1	1	1	1	1.00819	0.584305	0.584305	1	1	
0.000428549	-nan	0.585064	0.327349	1	1	1	1	1	1	1.00822	0.585064	0.585064	1	1	
0.000444631	-nan	0.585837	0.327692	1	1	1	1	1	1	1.00826	0.585837	0.585837	1	1	
0.000461318	-nan	0.586624	0.328041	1	1	1	1	1	1	1.0083	0.586624	0.586624	1	1	
0.00047863	-nan	0.587426	0.328397	1	1	1	1	1	1	1.00834	0.587426	0.587426	1	1	
0.000496592	-nan	0.588243	0.328759	1	1	1	1	1	1	1.00838	0.588243	0.588243	1	1	
0.000515229	-nan	0.589075	0.329128	1	1	1	1	1	1	1.00842	0.589075	0.589075	1	1	
0.000534564	-nan	0.589923	0.329504	1	1	1	1	1	1	1.00847	0.589923	0.589923	1	1	
0.000554626	-nan	0.590786	0.329886	1	1	1	1	1	1	1.00851	0.590786	0.590786	1	1	
0.00057544	-nan	0.591666	0.330276	1	1	1	1	1	1	1.00856	0.591666	0.591666	1	1	
0.000597035	-nan	0.592563	0.330672	1	1	1	1	1	1	1.00862	0.592563	0.592563	1	1	
0.000619441	-nan	0.593477	0.331076	1	1	1	1	1	1	1.00867	0.593477	0.593477	1	1	
0.000642688	-nan	0.594407	0.331487	1	1	1	1	1	1	1.00873	0.594407	0.594407	1	1	
0.000666807	-nan	0.595356	0.331906	1	1	1	1	1	1	1.00878	0.595356	0.595356	1	1	
0.000691831	-nan	0.596323	0.332333	1	1	1	1	1	1	1.00885	0.596323	0.596323	1	1	
0.000717794	-nan	0.597308	0.332768	1	1	1	1	1	1	1.00891	0.597308	0.597308	1	1	
0.000744732	-nan	0.598312	0.33321	1	1	1	1	1	1	1.00898	0.598312	0.598312	1	1	
0.000772681	-nan	0.599336	0.333661	1	1	1	1	1	1	1.00905	0.599336	0.599336	1	1	
0.000801678	-nan	0.600379	0.33412	1	1	1	1	1	1	1.00912	0.600379	0.600379	1	1	
0.000831764	-nan	0.601442	0.334588	1	1	1	1	1	1	1.00919	0.601442	0.601442	1	1	
0.000862979	-nan	0.602526	0.335065	1	1	1	1	1	1	1.00927	0.602526	0.602526	1	1	
0.000895365	-nan	0.603631	0.33555	1	1	1	1	1	1	1.00936	0.603631	0.603631	1	1	
0.000928966	-nan	0.604757	0.336045	1	1	1	1	1	1	1.00944	0.604757	0.604757	1	1	
0.000963829	-nan	0.605905	0.336549	1	1	1	1	1	1	1.00953	0.605905	0.605905	1	1	
0.001	-nan	0.607075	0.337063	1	1	1	1	1	1	1.00963	0.607075	0.607075	1	1	
0.00103753	-nan	0.608268	0.337587	1	1	1	1	1	1	1.00972	0.608268	0.608268	1	1	
0.00107647	-nan	0.609484	0.33812	1	1	1	1	1	1	1.00983	0.609484	0.609484	1	1	
0.00111686	-nan	0.610724	0.338664	1	1	1	1	1	1	1.00993	0.610724	0.610724	1	1	
0.00115878	-nan	0.611988	0.339219	1	1	1	1	1	1	1.01005	0.611988	0.611988	1	1	
0.00120226	-nan	0.613276	0.339784	1	1	1	1	1	1	1.01016	0.613276	0.613276	1	1	
0.00124738	-nan	0.61459	0.34036	1	1	1	1	1	1	1.01029	0.61459	0.61459	1	1	
0.0012942	-nan	0.615929	0.340947	1	1	1	1	1	1	1.01041	0.615929	0.615929	1	1	
0.00134276	-nan	0.617295	0.341546	1	1	1	1	1	1	1.01055	0.617295	0.617295	1	1	
0.00139316	-nan	0.618686	0.342157	1	1	1	1	1	1	1.01069	0.618686	0.618686	1	1	
0.00144544	-nan	0.620106	0.342779	1	1	1	1	1	1	1.01083	0.620106	0.620106	1	1	
0.00149968	-nan	0.621552	0.343414	1	1	1	1	1	1	1.01099	0.621552	0.621552	1	1	
0.00155597	-nan	0.623027	0.344062	1	1	1	1	1	1	1.01115	0.623027	0.623027	1	1	
0.00161436	-nan	0.624531	0.344723	1	1	1	1	1	1	1.01131	0.624531	0.624531	1	1	
0.00167494	-nan	0.626064	0.345397	1	1	1	1	1	1	1.01149	0.626064	0.626064	1	1	
0.0017378	-nan	0.627626	0.346085	1	1	1	1	1	1	1.01167	0.627626	0.627626	1	1	
0.00180302	-nan	0.629219	0.346786	1	1	1	1	1	1	1.01186	0.629219	0.629219	1	1	
0.00187068	-nan	0.630843	0.347503	1	1	1	1	1	1	1.01206	0.630843	0.630843	1	1	
0.00194089	-nan	0.632498	0.348234	1	1	1	1	1	1	1.01227	0.632498	0.632498	1	1	
0.00201372	-nan	0.634185	0.34898	1	1	1	1	1	1	1.01249	0.634185	0.634185	1	1	
0.0020893	-nan	0.635905	0.349741	1	1	1	1	1	1	1.01272	0.635905	0.635905	1	1	
0.0021677	-nan	0.637657	0.350519	1	1	1	1	1	1	1.01295	0.637657	0.637657	1	1	
0.00224905	-nan	0.639443	0.351313	1	1	1	1	1	1	1.0132	0.639443	0.639443	1	1	
0.00233346	-nan	0.641264	0.352124	1	1	1	1	1	1	1.01347	0.641264	0.641264	1	1	
0.00242103	-nan	0.643119	0.352952	1	1	1	1	1	1	1.01374	0.643119	0.643119	1	1	
0.00251189	-nan	0.64501	0.353799	1	1	1	1	1	1	1.01403	0.64501	0.64501	1	1	
0.00260615	-nan	0.646936	0.354663	1	1	1	1	1	1	1.01433	0.646936	0.646936	1	1	
0.00270396	-nan	0.648899	0.355547	1	1	1	1	1	1	1.01464	0.648899	0.648899	1	1	
0.00280543	-nan	0.650898	0.35645	1	1	1	1	1	1	1.01497	0.650898	0.650898	1	1	
0.00291072	-nan	0.652936	0.357373	1	1	1	1	1	1	1.01531	0.652936	0.652936	1	1	
0.00301995	-nan	0.655011	0.358317	1	1	1	1	1	1	1.01567	0.655011	0.655011	1	1	
0.00313329	-nan	0.657125	0.359282	1	1	1	1	1	1	1.01605	0.657125	0.657125	1	1	
0.00325087	-nan	0.659278	0.36027	1	1	1	1	1	1	1.01644	0.659278	0.659278	1	1	
0.00337287	-nan	0.661471	0.36128	1	1	1	1	1	1	1.01686	0.661471	0.661471	1	1	
0.00349945	-nan	0.663705	0.362314	1	1	1	1	1	1	1.01729	0.663705	0.663705	1	1	
0.00363078	-nan	0.665979	0.363372	1	1	1	1	1	1	1.01774	0.665979	0.665979	1	1	
0.00376704	-nan	0.668294	0.364455	1	1	1	1	1	1	1.01822	0.668294	0.668294	1	1	
0.00390841	-nan	0.670651	0.365563	1	1	1	1	1	1	1.01872	0.670651	0.670651	1	1	
0.00405509	-nan	0.67305	0.366699	1	1	1	1	1	1	1.01924	0.67305	0.67305	1	1	
0.00420727	-nan	0.675492	0.367863	1	1	1	1	1	1	1.01978	0.675492	0.675492	1	1	
0.00436516	-nan	0.677978	0.369055	1	1	1	1	1	1	1.02036	0.677978	0.677978	1	1	
0.00452898	-nan	0.680507	0.370277	1	1	1	1	1	1	1.02096	0.680507	0.680507	1	1	
0.00469894	-nan	0.68308	0.37153	1	1	1	1	1	1	1.02159	0.68308	0.68308	1	1	
0.00487528	-nan	0.685698	0.372815	1	1	1	1	1	1	1.02224	0.685698	0.685698	1	1	
0.00505825	-nan	0.688361	0.374133	1	1	1	1	1	1	1.02294	0.688361	0.688361	1	1	
0.00524807	-nan	0.69107	0.375485	1	1	1	1	1	1	1.02366	0.69107	0.69107	1	1	
0.00544503	-nan	0.693824	0.376874	1	1	1	1	1	1	1.02442	0.693824	0.693824	1	1	
0.00564937	-nan	0.696624	0.378299	1	1	1	1	1	1	1.02522	0.696624	0.696624	1	1	
0.00586138	-nan	0.699471	0.379763	1	1	1	1	1	1	1.02606	0.699471	0.699471	1	1	
0.00608135	-nan	0.702365	0.381268	1	1	1	1	1	1	1.02694	0.702365	0.702365	1	1	
0.00630957	-nan	0.705305	0.382814	1	1	1	1	1	1	1.02786	0.705305	0.705305	1	1	
0.00654636	-nan	0.708293	0.384404	1	1	1	1	1	1	1.02882	0.708293	0.708293	1	1	
0.00679204	-nan	0.711329	0.386039	1	1	1	1	1	1	1.02984	0.711329	0.711329	1	1	
0.00704693	-nan	0.714412	0.387721	1	1	1	1	1	1	1.03091	0.714412	0.714412	1	1	
0.00731139	-nan	0.717544	0.389453	1	1	1	1	1	1	1.03203	0.717544	0.717544	1	1	
0.00758578	-nan	0.720723	0.391236	1	1	1	1	1	1	1.0332	0.720723	0.720723	1	1	
0.00787046	-nan	0.723951	0.393074	1	1	1	1	1	1	1.03444	0.723951	0.723951	1	1	
0.00816582	-nan	0.727227	0.394967	1	1	1	1	1	1	1.03573	0.727227	0.727227	1	1	
0.00847227	-nan	0.730551	0.396919	1	1	1	1	1	1	1.03709	0.730551	0.730551	1	1	
0.00879023	-nan	0.733924	0.398933	1	1	1	1	1	1	1.03853	0.733924	0.733924	1	1	
0.00912011	-nan	0.737344	0.401011	1	1	1	1	1	1	1.04003	0.737344	0.737344	1	1	
0.00946237	-nan	0.740814	0.403156	1	1	1	1	1	1	1.04161	0.740814	0.740814	1	1	
0.00981748	-nan	0.744331	0.405372	1	1	1	1	1	1	1.04328	0.744331	0.744331	1	1	
0.0101859	-nan	0.747896	0.407662	1	1	1	1	1	1	1.04503	0.747896	0.747896	1	1	
0.0105682	-nan	0.751509	0.41003	1	1	1	1	1	1	1.04687	0.751509	0.751509	1	1	
0.0109648	-nan	0.75517	0.412479	1	1	1	1	1	1	1.04881	0.75517	0.75517	1	1	
0.0113763	-nan	0.758877	0.415013	1	1	1	1	1	1	1.05085	0.758877	0.758877	1	1	
0.0118032	-nan	0.762632	0.417637	1	1	1	1	1	1	1.05299	0.762632	0.762632	1	1	
0.0122462	-nan	0.766433	0.420356	1	1	1	1	1	1	1.05526	0.766433	0.766433	1	1	
0.0127057	-nan	0.77028	0.423173	1	1	1	1	1	1	1.05764	0.77028	0.77028	1	1	
0.0131826	-nan	0.774173	0.426096	1	1	1	1	1	1	1.06014	0.774173	0.774173	1	1	
0.0136773	-nan	0.778111	0.429128	1	1	1	1	1	1	1.06279	0.778111	0.778111	1	1	
0.0141906	-nan	0.782093	0.432275	1	1	1	1	1	1	1.06557	0.782093	0.782093	1	1	
0.0147231	-nan	0.786119	0.435545	1	1	1	1	1	1	1.06851	0.786119	0.786119	1	1	
0.0152757	-nan	0.790188	0.438943	1	1	1	1	1	1	1.07161	0.790188	0.790188	1	1	
0.0158489	-nan	0.7943	0.442477	1	1	1	1	1	1	1.07488	0.7943	0.7943	1	1	
0.0164437	-nan	0.798453	0.446153	1	1	1	1	1	1	1.07833	0.798453	0.798453	1	1	
0.0170608	-nan	0.802646	0.449981	1	1	1	1	1	1	1.08197	0.802646	0.802646	1	1	
0.0177011	-nan	0.80688	0.453967	1	1	1	1	1	1	1.08581	0.80688	0.80688	1	1	
0.0183654	-nan	0.811152	0.458122	1	1	1	1	1	1	1.08988	0.811152	0.811152	1	1	
0.0190546	-nan	0.815462	0.462454	1	1	1	1	1	1	1.09417	0.815462	0.815462	1	1	
0.0197697	-nan	0.819808	0.466973	1	1	1	1	1	1	1.0987	0.819808	0.819808	1	1	
0.0205116	-nan	0.82419	0.471691	1	1	1	1	1	1	1.1035	0.82419	0.82419	1	1	
0.0212814	-nan	0.828607	0.476619	1	1	1	1	1	1	1.10857	0.828607	0.828607	1	1	
0.02208	-nan	0.833056	0.481768	1	1	1	1	1	1	1.11393	0.833056	0.833056	1	1	
0.0229087	-nan	0.837537	0.487151	1	1	1	1	1	1	1.11961	0.837537	0.837537	1	1	
0.0237684	-nan	0.842048	0.492782	1	1	1	1	1	1	1.12563	0.842048	0.842048	1	1	
0.0246604	-nan	0.846588	0.498675	1	1	1	1	1	1	1.13199	0.846588	0.846588	1	1	
0.0255859	-nan	0.851156	0.504845	1	1	1	1	1	1	1.13874	0.851156	0.851156	1	1	
0.0265461	-nan	0.855749	0.511308	1	1	1	1	1	1	1.14588	0.855749	0.855749	1	1	
0.0275423	-nan	0.860367	0.518082	1	1	1	1	1	1	1.15346	0.860367	0.860367	1	1	
0.0285759	-nan	0.865007	0.525182	1	1	1	1	1	1	1.16149	0.865007	0.865007	1	1	
0.0296483	-nan	0.869667	0.53263	1	1	1	1	1	1	1.17002	0.869667	0.869667	1	1	
0.030761	-nan	0.874347	0.540443	1	1	1	1	1	1	1.17906	0.874347	0.874347	1	1	
0.0319154	-nan	0.879044	0.548643	1	1	1	1	1	1	1.18865	0.879044	0.879044	1	1	
0.0331131	-nan	0.883757	0.557252	1	1	1	1	1	1	1.19883	0.883757	0.883757	1	1	
0.0343558	-nan	0.888483	0.566291	1	1	1	1	1	1	1.20965	0.888483	0.888483	1	1	
0.0356451	-nan	0.89322	0.575784	1	1	1	1	1	1	1.22113	0.89322	0.89322	1	1	
0.0369828	-nan	0.897967	0.585756	1	1	1	1	1	1	1.23332	0.897967	0.897967	1	1	
0.0383707	-nan	0.902721	0.596231	1	1	1	1	1	1	1.24627	0.902721	0.902721	1	1	
0.0398107	-nan	0.90748	0.607237	1	1	1	1	1	1	1.26003	0.90748	0.90748	1	1	
0.0413048	-nan	0.912242	0.618798	1	1	1	1	1	1	1.27464	0.912242	0.912242	1	1	
0.0428549	-nan	0.917005	0.630943	1	1	1	1	1	1	1.29016	0.917005	0.917005	1	1	
0.0444631	-nan	0.921767	0.643698	1	1	1	1	1	1	1.30663	0.921767	0.921767	1	1	
0.0461318	-nan	0.926524	0.657091	1	1	1	1	1	1	1.32413	0.926524	0.926524	1	1	
0.047863	-nan	0.931276	0.67115	1	1	1	1	1	1	1.3427	0.931276	0.931276	1	1	
0.0496592	-nan	0.936019	0.685901	1	1	1	1	1	1	1.3624	0.936019	0.936019	1	1	
0.0515229	-nan	0.940751	0.70137	1	1	1	1	1	1	1.3833	0.940751	0.940751	1	1	
0.0534564	-nan	0.94547	0.717583	1	1	1	1	1	1	1.40544	0.94547	0.94547	1	1	
0.0554626	-nan	0.950173	0.734562	1	1	1	1	1	1	1.42889	0.950173	0.950173	1	1	
0.057544	-nan	0.954857	0.752329	1	1	1	1	1	1	1.4537	0.954857	0.954857	1	1	
0.0597035	-nan	0.95952	0.770902	1	1	1	1	1	1	1.47992	0.95952	0.95952	1	1	
0.0619441	-nan	0.96416	0.790296	1	1	1	1	1	1	1.5076	0.96416	0.96416	1	1	
0.0642688	-nan	0.968773	0.810523	1	1	1	1	1	1	1.53679	0.968773	0.968773	1	1	
0.0666807	-nan	0.973357	0.831588	1	1	1	1	1	1	1.56751	0.973357	0.973357	1	1	
0.0691831	-nan	0.97791	0.853495	1	1	1	1	1	1	1.5998	0.97791	0.97791	1	1	
0.0717794	-nan	0.982428	0.876236	1	1	1	1	1	1	1.63366	0.982428	0.982428	1	1	
0.0744732	-nan	0.986908	0.899801	1	1	1	1	1	1	1.6691	0.986908	0.986908	1	1	
0.0772681	-nan	0.991349	0.924171	1	1	1	1	1	1	1.70609	0.991349	0.991349	1	1	
0.0801678	-nan	0.995746	0.949318	1	1	1	1	1	1	1.74462	0.995746	0.995746	1	1	
0.0831764	-nan	1.0001	0.975207	1	1	1	1	1	1	1.78463	1.0001	1.0001	1	1	
0.0862979	-nan	1.0044	1.00179	1	1	1	1	1	1	1.82604	1.0044	1.0044	1	1	
0.0895365	-nan	1.00865	1.02903	1	1	1	1	1	1	1.86878	1.00865	1.00865	1	1	
0.0928966	-nan	1.01285	1.05684	1	1	1	1	1	1	1.91272	1.01285	1.01285	1	1	
0.0963829	-nan	1.01699	1.08516	1	1	1	1	1	1	1.95774	1.01699	1.01699	1	1	
0.1	-nan	1.02106	1.11392	1	1	1	1	1	1	2.00367	1.02106	1.02106	1	1	
0.103614	-nan	1.02493	1.14196	1	1	1	1	1	1	2.04865	1.02493	1.02493	1	1	
0.107229	-nan	1.02861	1.16926	1	1	1	1	1	1	2.09259	1.02861	1.02861	1	1	
0.110843	-nan	1.03211	1.19578	1	1	1	1	1	1	2.13537	1.03211	1.03211	1	1	
0.114458	-nan	1.03544	1.22151	1	1	1	1	1	1	2.17693	1.03544	1.03544	1	1	
0.118072	-nan	1.03861	1.24641	1	1	1	1	1	1	2.21718	1.03861	1.03861	1	1	
0.121687	-nan	1.04163	1.27048	1	1	1	1	1	1	2.25607	1.04163	1.04163	1	1	
0.125301	-nan	1.04451	1.29371	1	1	1	1	1	1	2.29358	1.04451	1.04451	1	1	
0.128916	-nan	1.04726	1.3161	1	1	1	1	1	1	2.32968	1.04726	1.04726	1	1	
0.13253	-nan	1.04988	1.33766	1	1	1	1	1	1	2.36436	1.04988	1.04988	1	1	
0.136145	-nan	1.05238	1.35838	1	1	1	1	1	1	2.39762	1.05238	1.05238	1	1	
0.139759	-nan	1.05478	1.37829	1	1	1	1	1	1	2.42947	1.05478	1.05478	1	1	
0.143373	-nan	1.05706	1.3974	1	1	1	1	1	1	2.45994	1.05706	1.05706	1	1	
0.146988	-nan	1.05924	1.41572	1	1	1	1	1	1	2.48905	1.05924	1.05924	1	1	
0.150602	-nan	1.06133	1.43327	1	1	1	1	1	1	2.51682	1.06133	1.06133	1	1	
0.154217	-nan	1.06332	1.45009	1	1	1	1	1	1	2.54331	1.06332	1.06332	1	1	
0.157831	-nan	1.06523	1.46618	1	1	1	1	1	1	2.56854	1.06523	1.06523	1	1	
0.161446	-nan	1.06705	1.48157	1	1	1	1	1	1	2.59256	1.06705	1.06705	1	1	
0.16506	-nan	1.0688	1.49629	1	1	1	1	1	1	2.61542	1.0688	1.0688	1	1	
0.168675	-nan	1.07046	1.51036	1	1	1	1	1	1	2.63715	1.07046	1.07046	1	1	
0.172289	-nan	1.07205	1.5238	1	1	1	1	1	1	2.65781	1.07205	1.07205	1	1	
0.175904	-nan	1.07358	1.53665	1	1	1	1	1	1	2.67744	1.07358	1.07358	1	1	
0.179518	-nan	1.07503	1.54891	1	1	1	1	1	1	2.69609	1.07503	1.07503	1	1	
0.183133	-nan	1.07642	1.56062	1	1	1	1	1	1	2.71379	1.07642	1.07642	1	1	
0.186747	-nan	1.07775	1.5718	1	1	1	1	1	1	2.7306	1.07775	1.07775	1	1	
0.190361	-nan	1.07902	1.58247	1	1	1	1	1	1	2.74656	1.07902	1.07902	1	1	
0.193976	-nan	1.08023	1.59266	1	1	1	1	1	1	2.76171	1.08023	1.08023	1	1	
0.19759	-nan	1.08139	1.60239	1	1	1	1	1	1	2.77608	1.08139	1.08139	1	1	
0.201205	-nan	1.0825	1.61167	1	1	1	1	1	1	2.78973	1.0825	1.0825	1	1	
0.204819	-nan	1.08355	1.62052	1	1	1	1	1	1	2.80268	1.08355	1.08355	1	1	
0.208434	-nan	1.08456	1.62898	1	1	1	1	1	1	2.81497	1.08456	1.08456	1	1	
0.212048	-nan	1.08551	1.63704	1	1	1	1	1	1	2.82664	1.08551	1.08551	1	1	
0.215663	-nan	1.08643	1.64475	1	1	1	1	1	1	2.83772	1.08643	1.08643	1	1	
0.219277	-nan	1.08729	1.6521	1	1	1	1	1	1	2.84823	1.08729	1.08729	1	1	
0.222892	-nan	1.08812	1.65911	1	1	1	1	1	1	2.85821	1.08812	1.08812	1	1	
0.226506	-nan	1.0889	1.66581	1	1	1	1	1	1	2.86769	1.0889	1.0889	1	1	
0.23012	-nan	1.08965	1.6722	1	1	1	1	1	1	2.87669	1.08965	1.08965	1	1	
0.233735	-nan	1.09035	1.67831	1	1	1	1	1	1	2.88524	1.09035	1.09035	1	1	
0.237349	-nan	1.09102	1.68413	1	1	1	1	1	1	2.89336	1.09102	1.09102	1	1	
0.240964	-nan	1.09165	1.6897	1	1	1	1	1	1	2.90107	1.09165	1.09165	1	1	
0.244578	-nan	1.09225	1.69501	1	1	1	1	1	1	2.9084	1.09225	1.09225	1	1	
0.248193	-nan	1.09282	1.70009	1	1	1	1	1	1	2.91537	1.09282	1.09282	1	1	
0.251807	-nan	1.09335	1.70493	1	1	1	1	1	1	2.92199	1.09335	1.09335	1	1	
0.255422	-nan	1.09385	1.70956	1	1	1	1	1	1	2.92829	1.09385	1.09385	1	1	
0.259036	-nan	1.09431	1.71399	1	1	1	1	1	1	2.93427	1.09431	1.09431	1	1	
0.262651	-nan	1.09475	1.71821	1	1	1	1	1	1	2.93997	1.09475	1.09475	1	1	
0.266265	-nan	1.09516	1.72225	1	1	1	1	1	1	2.94538	1.09516	1.09516	1	1	
0.26988	-nan	1.09554	1.72611	1	1	1	1	1	1	2.95053	1.09554	1.09554	1	1	
0.273494	-nan	1.0959	1.72979	1	1	1	1	1	1	2.95543	1.0959	1.0959	1	1	
0.277108	-nan	1.09622	1.73332	1	1	1	1	1	1	2.96009	1.09622	1.09622	1	1	
0.280723	-nan	1.09652	1.73668	1	1	1	1	1	1	2.96453	1.09652	1.09652	1	1	
0.284337	-nan	1.0968	1.7399	1	1	1	1	1	1	2.96875	1.0968	1.0968	1	1	
0.287952	-nan	1.09705	1.74297	1	1	1	1	1	1	2.97277	1.09705	1.09705	1	1	
0.291566	-nan	1.09728	1.74591	1	1	1	1	1	1	2.97659	1.09728	1.09728	1	1	
0.295181	-nan	1.09748	1.74872	1	1	1	1	1	1	2.98023	1.09748	1.09748	1	1	
0.298795	-nan	1.09766	1.7514	1	1	1	1	1	1	2.9837	1.09766	1.09766	1	1	
0.30241	-nan	1.09782	1.75397	1	1	1	1	1	1	2.987	1.09782	1.09782	1	1	
0.306024	-nan	1.09796	1.75642	1	1	1	1	1	1	2.99015	1.09796	1.09796	1	1	
0.309639	-nan	1.09808	1.75876	1	1	1	1	1	1	2.99314	1.09808	1.09808	1	1	
0.313253	-nan	1.09817	1.761	1	1	1	1	1	1	2.996	1.09817	1.09817	1	1	
0.316867	-nan	1.09825	1.76314	1	1	1	1	1	1	2.99871	1.09825	1.09825	1	1	
0.320482	-nan	1.0983	1.76519	1	1	1	1	1	1	3.0013	1.0983	1.0983	1	1	
0.324096	-nan	1.09834	1.76714	1	1	1	1	1	1	3.00376	1.09834	1.09834	1	1	
0.327711	-nan	1.09836	1.76901	1	1	1	1	1	1	3.00611	1.09836	1.09836	1	1	
0.331325	-nan	1.09836	1.7708	1	1	1	1	1	1	3.00835	1.09836	1.09836	1	1	
0.33494	-nan	1.09834	1.7725	1	1	1	1	1	1	3.01048	1.09834	1.09834	1	1	
0.338554	-nan	1.09831	1.77413	1	1	1	1	1	1	3.0125	1.09831	1.09831	1	1	
0.342169	-nan	1.09826	1.77569	1	1	1	1	1	1	3.01443	1.09826	1.09826	1	1	
0.345783	-nan	1.09819	1.77717	1	1	1	1	1	1	3.01627	1.09819	1.09819	1	1	
0.349398	-nan	1.09811	1.77859	1	1	1	1	1	1	3.01802	1.09811	1.09811	1	1	
0.353012	-nan	1.09801	1.77994	1	1	1	1	1	1	3.01969	1.09801	1.09801	1	1	
0.356627	-nan	1.09789	1.78124	1	1	1	1	1	1	3.02127	1.09789	1.09789	1	1	
0.360241	-nan	1.09776	1.78247	1	1	1	1	1	1	3.02278	1.09776	1.09776	1	1	
0.363855	-nan	1.09761	1.78365	1	1	1	1	1	1	3.02421	1.09761	1.09761	1	1	
0.36747	-nan	1.09745	1.78477	1	1	1	1	1	1	3.02558	1.09745	1.09745	1	1	
0.371084	-nan	1.09728	1.78584	1	1	1	1	1	1	3.02687	1.09728	1.09728	1	1	
0.374699	-nan	1.09709	1.78686	1	1	1	1	1	1	3.0281	1.09709	1.09709	1	1	
0.378313	-nan	1.09689	1.78783	1	1	1	1	1	1	3.02928	1.09689	1.09689	1	1	
0.381928	-nan	1.09667	1.78876	1	1	1	1	1	1	3.03039	1.09667	1.09667	1	1	
0.385542	-nan	1.09644	1.78964	1	1	1	1	1	1	3.03144	1.09644	1.09644	1	1	
0.389157	-nan	1.0962	1.79048	1	1	1	1	1	1	3.03244	1.0962	1.0962	1	1	
0.392771	-nan	1.09595	1.79128	1	1	1	1	1	1	3.03339	1.09595	1.09595	1	1	
0.396386	-nan	1.09568	1.79204	1	1	1	1	1	1	3.03429	1.09568	1.09568	1	1	
0.4	-nan	1.0954	1.79276	1	1	1	1	1	1	3.03514	1.0954	1.0954	1	1	
0.403614	-nan	1.09511	1.79345	1	1	1	1	1	1	3.03595	1.09511	1.09511	1	1	
0.407229	-nan	1.09481	1.7941	1	1	1	1	1	1	3.03671	1.09481	1.09481	1	1	
0.410843	-nan	1.0945	1.79472	1	1	1	1	1	1	3.03743	1.0945	1.0945	1	1	
0.414458	-nan	1.09417	1.79531	1	1	1	1	1	1	3.03811	1.09417	1.09417	1	1	
0.418072	-nan	1.09384	1.79586	1	1	1	1	1	1	3.03876	1.09384	1.09384	1	1	
0.421687	-nan	1.09349	1.79639	1	1	1	1	1	1	3.03936	1.09349	1.09349	1	1	
0.425301	-nan	1.09313	1.79689	1	1	1	1	1	1	3.03993	1.09313	1.09313	1	1	
0.428916	-nan	1.09276	1.79736	1	1	1	1	1	1	3.04046	1.09276	1.09276	1	1	
0.43253	-nan	1.09238	1.7978	1	1	1	1	1	1	3.04096	1.09238	1.09238	1	1	
0.436145	-nan	1.092	1.79822	1	1	1	1	1	1	3.04143	1.092	1.092	1	1	
0.439759	-nan	1.0916	1.79862	1	1	1	1	1	1	3.04187	1.0916	1.0916	1	1	
0.443373	-nan	1.09119	1.79899	1	1	1	1	1	1	3.04228	1.09119	1.09119	1	1	
0.446988	-nan	1.09077	1.79934	1	1	1	1	1	1	3.04266	1.09077	1.09077	1	1	
0.450602	-nan	1.09034	1.79967	1	1	1	1	1	1	3.04301	1.09034	1.09034	1	1	
0.454217	-nan	1.08991	1.79997	1	1	1	1	1	1	3.04333	1.08991	1.08991	1	1	
0.457831	-nan	1.08946	1.80026	1	1	1	1	1	1	3.04364	1.08946	1.08946	1	1	
0.461446	-nan	1.08901	1.80053	1	1	1	1	1	1	3.04391	1.08901	1.08901	1	1	
0.46506	-nan	1.08854	1.80078	1	1	1	1	1	1	3.04416	1.08854	1.08854	1	1	
0.468675	-nan	1.08807	1.80101	1	1	1	1	1	1	3.04439	1.08807	1.08807	1	1	
0.472289	-nan	1.08759	1.80123	1	1	1	1	1	1	3.0446	1.08759	1.08759	1	1	
0.475904	-nan	1.0871	1.80143	1	1	1	1	1	1	3.04479	1.0871	1.0871	1	1	
0.479518	-nan	1.0866	1.80161	1	1	1	1	1	1	3.04495	1.0866	1.0866	1	1	
0.483133	-nan	1.08609	1.80178	1	1	1	1	1	1	3.0451	1.08609	1.08609	1	1	
0.486747	-nan	1.08558	1.80193	1	1	1	1	1	1	3.04523	1.08558	1.08558	1	1	
0.490361	-nan	1.08506	1.80207	1	1	1	1	1	1	3.04534	1.08506	1.08506	1	1	
0.493976	-nan	1.08453	1.8022	1	1	1	1	1	1	3.04543	1.08453	1.08453	1	1	
0.49759	-nan	1.08399	1.80231	1	1	1	1	1	1	3.0455	1.08399	1.08399	1	1	
0.501205	-nan	1.08345	1.80241	1	1	1	1	1	1	3.04556	1.08345	1.08345	1	1	
0.504819	-nan	1.08289	1.8025	1	1	1	1	1	1	3.0456	1.08289	1.08289	1	1	
0.508434	-nan	1.08233	1.80258	1	1	1	1	1	1	3.04562	1.08233	1.08233	1	1	
0.512048	-nan	1.08176	1.80265	1	1	1	1	1	1	3.04563	1.08176	1.08176	1	1	
0.515663	-nan	1.08119	1.80271	1	1	1	1	1	1	3.04562	1.08119	1.08119	1	1	
0.519277	-nan	1.08061	1.80275	1	1	1	1	1	1	3.04561	1.08061	1.08061	1	1	
0.522892	-nan	1.08002	1.80279	1	1	1	1	1	1	3.04557	1.08002	1.08002	1	1	
0.526506	-nan	1.07942	1.80282	1	1	1	1	1	1	3.04552	1.07942	1.07942	1	1	
0.53012	-nan	1.07882	1.80284	1	1	1	1	1	1	3.04547	1.07882	1.07882	1	1	
0.533735	-nan	1.07821	1.80285	1	1	1	1	1	1	3.04539	1.07821	1.07821	1	1	
0.537349	-nan	1.0776	1.80285	1	1	1	1	1	1	3.04531	1.0776	1.0776	1	1	
0.540964	-nan	1.07698	1.80284	1	1	1	1	1	1	3.04521	1.07698	1.07698	1	1	
0.544578	-nan	1.07635	1.80283	1	1	1	1	1	1	3.0451	1.07635	1.07635	1	1	
0.548193	-nan	1.07571	1.80281	1	1	1	1	1	1	3.04498	1.07571	1.07571	1	1	
0.551807	-nan	1.07507	1.80278	1	1	1	1	1	1	3.04485	1.07507	1.07507	1	1	
0.555422	-nan	1.07442	1.80275	1	1	1	1	1	1	3.04471	1.07442	1.07442	1	1	
0.559036	-nan	1.07377	1.80271	1	1	1	1	1	1	3.04456	1.07377	1.07377	1	1	
0.562651	-nan	1.07311	1.80266	1	1	1	1	1	1	3.0444	1.07311	1.07311	1	1	
0.566265	-nan	1.07244	1.80261	1	1	1	1	1	1	3.04423	1.07244	1.07244	1	1	
0.56988	-nan	1.07177	1.80255	1	1	1	1	1	1	3.04405	1.07177	1.07177	1	1	
0.573494	-nan	1.0711	1.80249	1	1	1	1	1	1	3.04386	1.0711	1.0711	1	1	
0.577108	-nan	1.07041	1.80242	1	1	1	1	1	1	3.04366	1.07041	1.07041	1	1	
0.580723	-nan	1.06973	1.80234	1	1	1	1	1	1	3.04346	1.06973	1.06973	1	1	
0.584337	-nan	1.06903	1.80227	1	1	1	1	1	1	3.04324	1.06903	1.06903	1	1	
0.587952	-nan	1.06833	1.80218	1	1	1	1	1	1	3.04302	1.06833	1.06833	1	1	
0.591566	-nan	1.06763	1.8021	1	1	1	1	1	1	3.04279	1.06763	1.06763	1	1	
0.595181	-nan	1.06692	1.802	1	1	1	1	1	1	3.04255	1.06692	1.06692	1	1	
0.598795	-nan	1.0662	1.80191	1	1	1	1	1	1	3.0423	1.0662	1.0662	1	1	
0.60241	-nan	1.06548	1.80181	1	1	1	1	1	1	3.04204	1.06548	1.06548	1	1	
0.606024	-nan	1.06475	1.80171	1	1	1	1	1	1	3.04178	1.06475	1.06475	1	1	
0.609639	-nan	1.06402	1.8016	1	1	1	1	1	1	3.04151	1.06402	1.06402	1	1	
0.613253	-nan	1.06329	1.80149	1	1	1	1	1	1	3.04124	1.06329	1.06329	1	1	
0.616867	-nan	1.06254	1.80138	1	1	1	1	1	1	3.04095	1.06254	1.06254	1	1	
0.620482	-nan	1.0618	1.80127	1	1	1	1	1	1	3.04066	1.0618	1.0618	1	1	
0.624096	-nan	1.06105	1.80115	1	1	1	1	1	1	3.04037	1.06105	1.06105	1	1	
0.627711	-nan	1.06029	1.80103	1	1	1	1	1	1	3.04007	1.06029	1.06029	1	1	
0.631325	-nan	1.05953	1.80091	1	1	1	1	1	1	3.03976	1.05953	1.05953	1	1	
0.63494	-nan	1.05877	1.80078	1	1	1	1	1	1	3.03944	1.05877	1.05877	1	1	
0.638554	-nan	1.058	1.80066	1	1	1	1	1	1	3.03912	1.058	1.058	1	1	
0.642169	-nan	1.05722	1.80053	1	1	1	1	1	1	3.0388	1.05722	1.05722	1	1	
0.645783	-nan	1.05644	1.8004	1	1	1	1	1	1	3.03846	1.05644	1.05644	1	1	
0.649398	-nan	1.05566	1.80026	1	1	1	1	1	1	3.03813	1.05566	1.05566	1	1	
0.653012	-nan	1.05487	1.80013	1	1	1	1	1	1	3.03778	1.05487	1.05487	1	1	
0.656627	-nan	1.05408	1.79999	1	1	1	1	1	1	3.03743	1.05408	1.05408	1	1	
0.660241	-nan	1.05328	1.79986	1	1	1	1	1	1	3.03708	1.05328	1.05328	1	1	
0.663855	-nan	1.05248	1.79972	1	1	1	1	1	1	3.03672	1.05248	1.05248	1	1	
0.66747	-nan	1.05167	1.79958	1	1	1	1	1	1	3.03636	1.05167	1.05167	1	1	
0.671084	-nan	1.05086	1.79943	1	1	1	1	1	1	3.03599	1.05086	1.05086	1	1	
0.674699	-nan	1.05005	1.79929	1	1	1	1	1	1	3.03561	1.05005	1.05005	1	1	
0.678313	-nan	1.04923	1.79915	1	1	1	1	1	1	3.03523	1.04923	1.04923	1	1	
0.681928	-nan	1.04841	1.799	1	1	1	1	1	1	3.03485	1.04841	1.04841	1	1	
0.685542	-nan	1.04759	1.79886	1	1	1	1	1	1	3.03446	1.04759	1.04759	1	1	
0.689157	-nan	1.04676	1.79871	1	1	1	1	1	1	3.03407	1.04676	1.04676	1	1	
0.692771	-nan	1.04592	1.79856	1	1	1	1	1	1	3.03367	1.04592	1.04592	1	1	
0.696386	-nan	1.04508	1.79842	1	1	1	1	1	1	3.03327	1.04508	1.04508	1	1	
0.7	-nan	1.04424	1.79827	1	1	1	1	1	1	3.03287	1.04424	1.04424	1	1	
0.703614	-nan	1.0434	1.79812	1	1	1	1	1	1	3.03246	1.0434	1.0434	1	1	
0.707229	-nan	1.04255	1.79797	1	1	1	1	1	1	3.03204	1.04255	1.04255	1	1	
0.710843	-nan	1.0417	1.79782	1	1	1	1	1	1	3.03163	1.0417	1.0417	1	1	
0.714458	-nan	1.04084	1.79767	1	1	1	1	1	1	3.0312	1.04084	1.04084	1	1	
0.718072	-nan	1.03998	1.79752	1	1	1	1	1	1	3.03078	1.03998	1.03998	1	1	
0.721687	-nan	1.03912	1.79737	1	1	1	1	1	1	3.03035	1.03912	1.03912	1	1	
0.725301	-nan	1.03825	1.79722	1	1	1	1	1	1	3.02991	1.03825	1.03825	1	1	
0.728916	-nan	1.03738	1.79706	1	1	1	1	1	1	3.02948	1.03738	1.03738	1	1	
0.73253	-nan	1.0365	1.79691	1	1	1	1	1	1	3.02904	1.0365	1.0365	1	1	
0.736145	-nan	1.03563	1.79676	1	1	1	1	1	1	3.02859	1.03563	1.03563	1	1	
0.739759	-nan	1.03475	1.79661	1	1	1	1	1	1	3.02814	1.03475	1.03475	1	1	
0.743373	-nan	1.03386	1.79646	1	1	1	1	1	1	3.02769	1.03386	1.03386	1	1	
0.746988	-nan	1.03297	1.79631	1	1	1	1	1	1	3.02724	1.03297	1.03297	1	1	
0.750602	-nan	1.03208	1.79616	1	1	1	1	1	1	3.02678	1.03208	1.03208	1	1	
0.754217	-nan	1.03119	1.79601	1	1	1	1	1	1	3.02631	1.03119	1.03119	1	1	
0.757831	-nan	1.03029	1.79586	1	1	1	1	1	1	3.02585	1.03029	1.03029	1	1	
0.761446	-nan	1.02939	1.79571	1	1	1	1	1	1	3.02538	1.02939	1.02939	1	1	
0.76506	-nan	1.02849	1.79556	1	1	1	1	1	1	3.02491	1.02849	1.02849	1	1	
0.768675	-nan	1.02758	1.79541	1	1	1	1	1	1	3.02443	1.02758	1.02758	1	1	
0.772289	-nan	1.02667	1.79526	1	1	1	1	1	1	3.02395	1.02667	1.02667	1	1	
0.775904	-nan	1.02576	1.79511	1	1	1	1	1	1	3.02347	1.02576	1.02576	1	1	
0.779518	-nan	1.02485	1.79496	1	1	1	1	1	1	3.02299	1.02485	1.02485	1	1	
0.783133	-nan	1.02393	1.79481	1	1	1	1	1	1	3.0225	1.02393	1.02393	1	1	
0.786747	-nan	1.02301	1.79466	1	1	1	1	1	1	3.02201	1.02301	1.02301	1	1	
0.790361	-nan	1.02208	1.79452	1	1	1	1	1	1	3.02151	1.02208	1.02208	1	1	
0.793976	-nan	1.02116	1.79437	1	1	1	1	1	1	3.02102	1.02116	1.02116	1	1	
0.79759	-nan	1.02023	1.79422	1	1	1	1	1	1	3.02052	1.02023	1.02023	1	1	
0.801205	-nan	1.01929	1.79408	1	1	1	1	1	1	3.02001	1.01929	1.01929	1	1	
0.804819	-nan	1.01836	1.79393	1	1	1	1	1	1	3.01951	1.01836	1.01836	1	1	
0.808434	-nan	1.01742	1.79379	1	1	1	1	1	1	3.019	1.01742	1.01742	1	1	
0.812048	-nan	1.01648	1.79365	1	1	1	1	1	1	3.01849	1.01648	1.01648	1	1	
0.815663	-nan	1.01554	1.7935	1	1	1	1	1	1	3.01798	1.01554	1.01554	1	1	
0.819277	-nan	1.01459	1.79336	1	1	1	1	1	1	3.01746	1.01459	1.01459	1	1	
0.822892	-nan	1.01364	1.79322	1	1	1	1	1	1	3.01694	1.01364	1.01364	1	1	
0.826506	-nan	1.01269	1.79308	1	1	1	1	1	1	3.01642	1.01269	1.01269	1	1	
0.83012	-nan	1.01174	1.79294	1	1	1	1	1	1	3.01589	1.01174	1.01174	1	1	
0.833735	-nan	1.01079	1.7928	1	1	1	1	1	1	3.01536	1.01079	1.01079	1	1	
0.837349	-nan	1.00983	1.79266	1	1	1	1	1	1	3.01483	1.00983	1.00983	1	1	
0.840964	-nan	1.00887	1.79252	1	1	1	1	1	1	3.0143	1.00887	1.00887	1	1	
0.844578	-nan	1.00791	1.79238	1	1	1	1	1	1	3.01376	1.00791	1.00791	1	1	
0.848193	-nan	1.00694	1.79225	1	1	1	1	1	1	3.01323	1.00694	1.00694	1	1	
0.851807	-nan	1.00597	1.79211	1	1	1	1	1	1	3.01269	1.00597	1.00597	1	1	
0.855422	-nan	1.005	1.79197	1	1	1	1	1	1	3.01214	1.005	1.005	1	1	
0.859036	-nan	1.00403	1.79184	1	1	1	1	1	1	3.0116	1.00403	1.00403	1	1	
0.862651	-nan	1.00306	1.79171	1	1	1	1	1	1	3.01105	1.00306	1.00306	1	1	
0.866265	-nan	1.00208	1.79157	1	1	1	1	1	1	3.0105	1.00208	1.00208	1	1	
0.86988	-nan	1.00111	1.79144	1	1	1	1	1	1	3.00995	1.00111	1.00111	1	1	
0.873494	-nan	1.00013	1.79131	1	1	1	1	1	1	3.00939	1.00013	1.00013	1	1	
0.877108	-nan	0.999144	1.79118	1	1	1	1	1	1	3.00883	0.999144	0.999144	1	1	
0.880723	-nan	0.99816	1.79105	1	1	1	1	1	1	3.00827	0.99816	0.99816	1	1	
0.884337	-nan	0.997174	1.79092	1	1	1	1	1	1	3.00771	0.997174	0.997174	1	1	
0.887952	-nan	0.996186	1.79079	1	1	1	1	1	1	3.00714	0.996186	0.996186	1	1	
0.891566	-nan	0.995197	1.79067	1	1	1	1	1	1	3.00658	0.995197	0.995197	1	1	
0.895181	-nan	0.994205	1.79054	1	1	1	1	1	1	3.00601	0.994205	0.994205	1	1	
0.898795	-nan	0.993212	1.79042	1	1	1	1	1	1	3.00544	0.993212	0.993212	1	1	
0.90241	-nan	0.992216	1.79029	1	1	1	1	1	1	3.00486	0.992216	0.992216	1	1	
0.906024	-nan	0.991219	1.79017	1	1	1	1	1	1	3.00428	0.991219	0.991219	1	1	
0.909639	-nan	0.99022	1.79005	1	1	1	1	1	1	3.00371	0.99022	0.99022	1	1	
0.913253	-nan	0.98922	1.78992	1	1	1	1	1	1	3.00312	0.98922	0.98922	1	1	
0.916867	-nan	0.988218	1.7898	1	1	1	1	1	1	3.00254	0.988218	0.988218	1	1	
0.920482	-nan	0.987214	1.78968	1	1	1	1	1	1	3.00196	0.987214	0.987214	1	1	
0.924096	-nan	0.986208	1.78956	1	1	1	1	1	1	3.00137	0.986208	0.986208	1	1	
0.927711	-nan	0.985201	1.78945	1	1	1	1	1	1	3.00078	0.985201	0.985201	1	1	
0.931325	-nan	0.984193	1.78933	1	1	1	1	1	1	3.00019	0.984193	0.984193	1	1	
0.93494	-nan	0.983183	1.78921	1	1	1	1	1	1	2.99959	0.983183	0.983183	1	1	
0.938554	-nan	0.982171	1.7891	1	1	1	1	1	1	2.999	0.982171	0.982171	1	1	
0.942169	-nan	0.981158	1.78898	1	1	1	1	1	1	2.9984	0.981158	0.981158	1	1	
0.945783	-nan	0.980143	1.78887	1	1	1	1	1	1	2.9978	0.980143	0.980143	1	1	
0.949398	-nan	0.979127	1.78875	1	1	1	1	1	1	2.99719	0.979127	0.979127	1	1	
0.953012	-nan	0.97811	1.78864	1	1	1	1	1	1	2.99659	0.97811	0.97811	1	1	
0.956627	-nan	0.977092	1.78853	1	1	1	1	1	1	2.99598	0.977092	0.977092	1	1	
0.960241	-nan	0.976072	1.78842	1	1	1	1	1	1	2.99537	0.976072	0.976072	1	1	
0.963855	-nan	0.97505	1.78831	1	1	1	1	1	1	2.99476	0.97505	0.97505	1	1	
0.96747	-nan	0.974028	1.7882	1	1	1	1	1	1	2.99415	0.974028	0.974028	1	1	
0.971084	-nan	0.973004	1.7881	1	1	1	1	1	1	2.99353	0.973004	0.973004	1	1	
0.974699	-nan	0.971979	1.78799	1	1	1	1	1	1	2.99292	0.971979	0.971979	1	1	
0.978313	-nan	0.970953	1.78788	1	1	1	1	1	1	2.9923	0.970953	0.970953	1	1	
0.981928	-nan	0.969926	1.78778	1	1	1	1	1	1	2.99168	0.969926	0.969926	1	1	
0.985542	-nan	0.968898	1.78767	1	1	1	1	1	1	2.99105	0.968898	0.968898	1	1	
0.989157	-nan	0.967868	1.78757	1	1	1	1	1	1	2.99043	0.967868	0.967868	1	1	
0.992771	-nan	0.966838	1.78747	1	1	1	1	1	1	2.9898	0.966838	0.966838	1	1	
0.996386	-nan	0.965807	1.78737	1	1	1	1	1	1	2.98917	0.965807	0.965807	1	1	
1	-nan	-nan	-nan	-nan	-nan	-nan	-nan	-nan	-nan	-nan	-nan	-nan	-nan	-nan	
