1e-05	-nan	0.406483	0.042931	1	1	1	1	1	1	0.825663	0.406483	0.406483	1	1	
1.03753e-05	-nan	0.4072	0.0422603	1	1	1	1	1	1	0.825611	0.4072	0.4072	1	1	
1.07647e-05	-nan	0.407924	0.0415914	1	1	1	1	1	1	0.825562	0.407924	0.407924	1	1	
1.11686e-05	-nan	0.408655	0.0409245	1	1	1	1	1	1	0.825517	0.408655	0.408655	1	1	
1.15878e-05	-nan	0.409393	0.0402595	1	1	1	1	1	1	0.825474	0.409393	0.409393	1	1	
1.20226e-05	-nan	0.410138	0.0395967	1	1	1	1	1	1	0.825435	0.410138	0.410138	1	1	
1.24738e-05	-nan	0.41089	0.0389359	1	1	1	1	1	1	0.825399	0.41089	0.41089	1	1	
1.2942e-05	-nan	0.41165	0.0382772	1	1	1	1	1	1	0.825367	0.41165	0.41165	1	1	
1.34276e-05	-nan	0.412417	0.0376208	1	1	1	1	1	1	0.825338	0.412417	0.412417	1	1	
1.39316e-05	-nan	0.413192	0.0369666	1	1	1	1	1	1	0.825313	0.413192	0.413192	1	1	
1.44544e-05	-nan	0.413974	0.0363147	1	1	1	1	1	1	0.825291	0.413974	0.413974	1	1	
1.49968e-05	-nan	0.414763	0.0356653	1	1	1	1	1	1	0.825273	0.414763	0.414763	1	1	
1.55597e-05	-nan	0.41556	0.0350182	1	1	1	1	1	1	0.82526	0.41556	0.41556	1	1	
1.61436e-05	-nan	0.416365	0.0343737	1	1	1	1	1	1	0.82525	0.416365	0.416365	1	1	
1.67494e-05	-nan	0.417178	0.0337318	1	1	1	1	1	1	0.825244	0.417178	0.417178	1	1	
1.7378e-05	-nan	0.417999	0.0330924	1	1	1	1	1	1	0.825242	0.417999	0.417999	1	1	
1.80302e-05	-nan	0.418827	0.0324558	1	1	1	1	1	1	0.825245	0.418827	0.418827	1	1	
1.87068e-05	-nan	0.419664	0.0318219	1	1	1	1	1	1	0.825252	0.419664	0.419664	1	1	
1.94089e-05	-nan	0.420508	0.0311909	1	1	1	1	1	1	0.825263	0.420508	0.420508	1	1	
2.01372e-05	-nan	0.421361	0.0305628	1	1	1	1	1	1	0.825279	0.421361	0.421361	1	1	
2.0893e-05	-nan	0.422222	0.0299376	1	1	1	1	1	1	0.8253	0.422222	0.422222	1	1	
2.1677e-05	-nan	0.423092	0.0293155	1	1	1	1	1	1	0.825326	0.423092	0.423092	1	1	
2.24905e-05	-nan	0.423969	0.0286965	1	1	1	1	1	1	0.825356	0.423969	0.423969	1	1	
2.33346e-05	-nan	0.424856	0.0280808	1	1	1	1	1	1	0.825392	0.424856	0.424856	1	1	
2.42103e-05	-nan	0.42575	0.0274683	1	1	1	1	1	1	0.825433	0.42575	0.42575	1	1	
2.51189e-05	-nan	0.426654	0.0268591	1	1	1	1	1	1	0.825479	0.426654	0.426654	1	1	
2.60615e-05	-nan	0.427566	0.0262534	1	1	1	1	1	1	0.82553	0.427566	0.427566	1	1	
2.70396e-05	-nan	0.428487	0.0256512	1	1	1	1	1	1	0.825587	0.428487	0.428487	1	1	
2.80543e-05	-nan	0.429417	0.0250527	1	1	1	1	1	1	0.82565	0.429417	0.429417	1	1	
2.91072e-05	-nan	0.430355	0.0244578	1	1	1	1	1	1	0.825719	0.430355	0.430355	1	1	
3.01995e-05	-nan	0.431303	0.0238667	1	1	1	1	1	1	0.825794	0.431303	0.431303	1	1	
3.13329e-05	-nan	0.43226	0.0232795	1	1	1	1	1	1	0.825875	0.43226	0.43226	1	1	
3.25087e-05	-nan	0.433226	0.0226963	1	1	1	1	1	1	0.825962	0.433226	0.433226	1	1	
3.37287e-05	-nan	0.434202	0.0221171	1	1	1	1	1	1	0.826055	0.434202	0.434202	1	1	
3.49945e-05	-nan	0.435186	0.0215421	1	1	1	1	1	1	0.826155	0.435186	0.435186	1	1	
3.63078e-05	-nan	0.436181	0.0209713	1	1	1	1	1	1	0.826262	0.436181	0.436181	1	1	
3.76704e-05	-nan	0.437184	0.020405	1	1	1	1	1	1	0.826376	0.437184	0.437184	1	1	
3.90841e-05	-nan	0.438198	0.019843	1	1	1	1	1	1	0.826496	0.438198	0.438198	1	1	
4.05509e-05	-nan	0.439221	0.0192857	1	1	1	1	1	1	0.826624	0.439221	0.439221	1	1	
4.20727e-05	-nan	0.440254	0.018733	1	1	1	1	1	1	0.826759	0.440254	0.440254	1	1	
4.36516e-05	-nan	0.441297	0.0181851	1	1	1	1	1	1	0.826902	0.441297	0.441297	1	1	
4.52898e-05	-nan	0.44235	0.0176422	1	1	1	1	1	1	0.827053	0.44235	0.44235	1	1	
4.69894e-05	-nan	0.443413	0.0171042	1	1	1	1	1	1	0.827211	0.443413	0.443413	1	1	
4.87528e-05	-nan	0.444486	0.0165714	1	1	1	1	1	1	0.827378	0.444486	0.444486	1	1	
5.05825e-05	-nan	0.445569	0.0160439	1	1	1	1	1	1	0.827552	0.445569	0.445569	1	1	
5.24807e-05	-nan	0.446663	0.0155217	1	1	1	1	1	1	0.827735	0.446663	0.446663	1	1	
5.44503e-05	-nan	0.447768	0.015005	1	1	1	1	1	1	0.827927	0.447768	0.447768	1	1	
5.64937e-05	-nan	0.448882	0.014494	1	1	1	1	1	1	0.828128	0.448882	0.448882	1	1	
5.86138e-05	-nan	0.450008	0.0139888	1	1	1	1	1	1	0.828338	0.450008	0.450008	1	1	
6.08135e-05	-nan	0.451144	0.0134894	1	1	1	1	1	1	0.828556	0.451144	0.451144	1	1	
6.30957e-05	-nan	0.452291	0.0129961	1	1	1	1	1	1	0.828785	0.452291	0.452291	1	1	
6.54636e-05	-nan	0.453449	0.012509	1	1	1	1	1	1	0.829023	0.453449	0.453449	1	1	
6.79204e-05	-nan	0.454618	0.0120282	1	1	1	1	1	1	0.829271	0.454618	0.454618	1	1	
7.04693e-05	-nan	0.455798	0.0115538	1	1	1	1	1	1	0.829529	0.455798	0.455798	1	1	
7.31139e-05	-nan	0.45699	0.0110861	1	1	1	1	1	1	0.829797	0.45699	0.45699	1	1	
7.58578e-05	-nan	0.458192	0.0106252	1	1	1	1	1	1	0.830076	0.458192	0.458192	1	1	
7.87046e-05	-nan	0.459407	0.0101712	1	1	1	1	1	1	0.830366	0.459407	0.459407	1	1	
8.16582e-05	-nan	0.460632	0.00972426	1	1	1	1	1	1	0.830666	0.460632	0.460632	1	1	
8.47227e-05	-nan	0.46187	0.0092846	1	1	1	1	1	1	0.830979	0.46187	0.46187	1	1	
8.79023e-05	-nan	0.463119	0.00885237	1	1	1	1	1	1	0.831302	0.463119	0.463119	1	1	
9.12011e-05	-nan	0.46438	0.00842772	1	1	1	1	1	1	0.831638	0.46438	0.46438	1	1	
9.46237e-05	-nan	0.465653	0.00801085	1	1	1	1	1	1	0.831985	0.465653	0.465653	1	1	
9.81748e-05	-nan	0.466938	0.00760192	1	1	1	1	1	1	0.832345	0.466938	0.466938	1	1	
0.000101859	-nan	0.468235	0.00720112	1	1	1	1	1	1	0.832717	0.468235	0.468235	1	1	
0.000105682	-nan	0.469544	0.00680863	1	1	1	1	1	1	0.833103	0.469544	0.469544	1	1	
0.000109648	-nan	0.470866	0.00642465	1	1	1	1	1	1	0.833501	0.470866	0.470866	1	1	
0.000113763	-nan	0.472201	0.00604936	1	1	1	1	1	1	0.833913	0.472201	0.472201	1	1	
0.000118032	-nan	0.473547	0.00568298	1	1	1	1	1	1	0.834339	0.473547	0.473547	1	1	
0.000122462	-nan	0.474907	0.0053257	1	1	1	1	1	1	0.834779	0.474907	0.474907	1	1	
0.000127057	-nan	0.476279	0.00497773	1	1	1	1	1	1	0.835233	0.476279	0.476279	1	1	
0.000131826	-nan	0.477665	0.00463928	1	1	1	1	1	1	0.835702	0.477665	0.477665	1	1	
0.000136773	-nan	0.479063	0.00431057	1	1	1	1	1	1	0.836186	0.479063	0.479063	1	1	
0.000141906	-nan	0.480475	0.00399182	1	1	1	1	1	1	0.836685	0.480475	0.480475	1	1	
0.000147231	-nan	0.481899	0.00368326	1	1	1	1	1	1	0.8372	0.481899	0.481899	1	1	
0.000152757	-nan	0.483338	0.00338511	1	1	1	1	1	1	0.837731	0.483338	0.483338	1	1	
0.000158489	-nan	0.484789	0.00309763	1	1	1	1	1	1	0.838278	0.484789	0.484789	1	1	
0.000164437	-nan	0.486254	0.00282104	1	1	1	1	1	1	0.838842	0.486254	0.486254	1	1	
0.000170608	-nan	0.487733	0.0025556	1	1	1	1	1	1	0.839423	0.487733	0.487733	1	1	
0.000177011	-nan	0.489226	0.00230156	1	1	1	1	1	1	0.840022	0.489226	0.489226	1	1	
0.000183654	-nan	0.490733	0.00205918	1	1	1	1	1	1	0.840639	0.490733	0.490733	1	1	
0.000190546	-nan	0.492254	0.00182872	1	1	1	1	1	1	0.841273	0.492254	0.492254	1	1	
0.000197697	-nan	0.493789	0.00161045	1	1	1	1	1	1	0.841927	0.493789	0.493789	1	1	
0.000205116	-nan	0.495338	0.00140465	1	1	1	1	1	1	0.842599	0.495338	0.495338	1	1	
0.000212814	-nan	0.496902	0.0012116	1	1	1	1	1	1	0.843291	0.496902	0.496902	1	1	
0.0002208	-nan	0.49848	0.00103159	1	1	1	1	1	1	0.844003	0.49848	0.49848	1	1	
0.000229087	-nan	0.500073	0.000864918	1	1	1	1	1	1	0.844735	0.500073	0.500073	1	1	
0.000237684	-nan	0.50168	0.000711882	1	1	1	1	1	1	0.845488	0.50168	0.50168	1	1	
0.000246604	-nan	0.503303	0.00057279	1	1	1	1	1	1	0.846263	0.503303	0.503303	1	1	
0.000255859	-nan	0.504941	0.00044796	1	1	1	1	1	1	0.847059	0.504941	0.504941	1	1	
0.000265461	-nan	0.506593	0.000337713	1	1	1	1	1	1	0.847877	0.506593	0.506593	1	1	
0.000275423	-nan	0.508261	0.000242378	1	1	1	1	1	1	0.848717	0.508261	0.508261	1	1	
0.000285759	-nan	0.509945	0.000162294	1	1	1	1	1	1	0.849581	0.509945	0.509945	1	1	
0.000296483	-nan	0.511644	9.78048e-05	1	1	1	1	1	1	0.850468	0.511644	0.511644	1	1	
0.00030761	-nan	0.513358	4.92628e-05	1	1	1	1	1	1	0.85138	0.513358	0.513358	1	1	
0.000319154	-nan	0.515088	1.70287e-05	1	1	1	1	1	1	0.852316	0.515088	0.515088	1	1	
0.000331131	-nan	0.516834	1.47115e-06	1	1	1	1	1	1	0.853277	0.516834	0.516834	1	1	
0.000343558	-nan	0.518597	2.96711e-06	1	1	1	1	1	1	0.854264	0.518597	0.518597	1	1	
0.000356451	-nan	0.520375	2.19022e-05	1	1	1	1	1	1	0.855278	0.520375	0.520375	1	1	
0.000369828	-nan	0.522169	5.86708e-05	1	1	1	1	1	1	0.856318	0.522169	0.522169	1	1	
0.000383707	-nan	0.52398	0.000113676	1	1	1	1	1	1	0.857385	0.52398	0.52398	1	1	
0.000398107	-nan	0.525808	0.000187331	1	1	1	1	1	1	0.858481	0.525808	0.525808	1	1	
0.000413048	-nan	0.527652	0.000280058	1	1	1	1	1	1	0.859605	0.527652	0.527652	1	1	
0.000428549	-nan	0.529513	0.000392288	1	1	1	1	1	1	0.860758	0.529513	0.529513	1	1	
0.000444631	-nan	0.531391	0.000524462	1	1	1	1	1	1	0.861942	0.531391	0.531391	1	1	
0.000461318	-nan	0.533285	0.000677034	1	1	1	1	1	1	0.863155	0.533285	0.533285	1	1	
0.00047863	-nan	0.535197	0.000850464	1	1	1	1	1	1	0.8644	0.535197	0.535197	1	1	
0.000496592	-nan	0.537126	0.00104523	1	1	1	1	1	1	0.865677	0.537126	0.537126	1	1	
0.000515229	-nan	0.539073	0.00126181	1	1	1	1	1	1	0.866986	0.539073	0.539073	1	1	
0.000534564	-nan	0.541037	0.0015007	1	1	1	1	1	1	0.868328	0.541037	0.541037	1	1	
0.000554626	-nan	0.543019	0.00176241	1	1	1	1	1	1	0.869704	0.543019	0.543019	1	1	
0.00057544	-nan	0.545018	0.00204745	1	1	1	1	1	1	0.871115	0.545018	0.545018	1	1	
0.000597035	-nan	0.547036	0.00235637	1	1	1	1	1	1	0.872561	0.547036	0.547036	1	1	
0.000619441	-nan	0.549072	0.00268969	1	1	1	1	1	1	0.874043	0.549072	0.549072	1	1	
0.000642688	-nan	0.551125	0.00304799	1	1	1	1	1	1	0.875562	0.551125	0.551125	1	1	
0.000666807	-nan	0.553197	0.00343182	1	1	1	1	1	1	0.877118	0.553197	0.553197	1	1	
0.000691831	-nan	0.555288	0.00384177	1	1	1	1	1	1	0.878713	0.555288	0.555288	1	1	
0.000717794	-nan	0.557397	0.00427844	1	1	1	1	1	1	0.880348	0.557397	0.557397	1	1	
0.000744732	-nan	0.559524	0.00474244	1	1	1	1	1	1	0.882022	0.559524	0.559524	1	1	
0.000772681	-nan	0.561671	0.0052344	1	1	1	1	1	1	0.883737	0.561671	0.561671	1	1	
0.000801678	-nan	0.563836	0.00575495	1	1	1	1	1	1	0.885495	0.563836	0.563836	1	1	
0.000831764	-nan	0.566021	0.00630476	1	1	1	1	1	1	0.887295	0.566021	0.566021	1	1	
0.000862979	-nan	0.568225	0.00688449	1	1	1	1	1	1	0.889138	0.568225	0.568225	1	1	
0.000895365	-nan	0.570448	0.00749484	1	1	1	1	1	1	0.891026	0.570448	0.570448	1	1	
0.000928966	-nan	0.57269	0.00813651	1	1	1	1	1	1	0.89296	0.57269	0.57269	1	1	
0.000963829	-nan	0.574953	0.00881022	1	1	1	1	1	1	0.89494	0.574953	0.574953	1	1	
0.001	-nan	0.577234	0.00951672	1	1	1	1	1	1	0.896967	0.577234	0.577234	1	1	
0.00103753	-nan	0.579536	0.0102568	1	1	1	1	1	1	0.899043	0.579536	0.579536	1	1	
0.00107647	-nan	0.581858	0.0110311	1	1	1	1	1	1	0.901168	0.581858	0.581858	1	1	
0.00111686	-nan	0.584199	0.0118406	1	1	1	1	1	1	0.903344	0.584199	0.584199	1	1	
0.00115878	-nan	0.586561	0.0126861	1	1	1	1	1	1	0.905571	0.586561	0.586561	1	1	
0.00120226	-nan	0.588944	0.0135683	1	1	1	1	1	1	0.907851	0.588944	0.588944	1	1	
0.00124738	-nan	0.591346	0.0144881	1	1	1	1	1	1	0.910185	0.591346	0.591346	1	1	
0.0012942	-nan	0.59377	0.0154465	1	1	1	1	1	1	0.912574	0.59377	0.59377	1	1	
0.00134276	-nan	0.596214	0.0164443	1	1	1	1	1	1	0.915018	0.596214	0.596214	1	1	
0.00139316	-nan	0.598679	0.0174825	1	1	1	1	1	1	0.91752	0.598679	0.598679	1	1	
0.00144544	-nan	0.601164	0.0185619	1	1	1	1	1	1	0.920081	0.601164	0.601164	1	1	
0.00149968	-nan	0.603671	0.0196837	1	1	1	1	1	1	0.922701	0.603671	0.603671	1	1	
0.00155597	-nan	0.606199	0.0208487	1	1	1	1	1	1	0.925382	0.606199	0.606199	1	1	
0.00161436	-nan	0.608749	0.0220581	1	1	1	1	1	1	0.928125	0.608749	0.608749	1	1	
0.00167494	-nan	0.611319	0.0233128	1	1	1	1	1	1	0.930932	0.611319	0.611319	1	1	
0.0017378	-nan	0.613912	0.0246139	1	1	1	1	1	1	0.933803	0.613912	0.613912	1	1	
0.00180302	-nan	0.616526	0.0259627	1	1	1	1	1	1	0.936741	0.616526	0.616526	1	1	
0.00187068	-nan	0.619161	0.0273601	1	1	1	1	1	1	0.939747	0.619161	0.619161	1	1	
0.00194089	-nan	0.621819	0.0288074	1	1	1	1	1	1	0.942821	0.621819	0.621819	1	1	
0.00201372	-nan	0.624498	0.0303058	1	1	1	1	1	1	0.945966	0.624498	0.624498	1	1	
0.0020893	-nan	0.6272	0.0318565	1	1	1	1	1	1	0.949183	0.6272	0.6272	1	1	
0.0021677	-nan	0.629923	0.0334608	1	1	1	1	1	1	0.952473	0.629923	0.629923	1	1	
0.00224905	-nan	0.632669	0.03512	1	1	1	1	1	1	0.955839	0.632669	0.632669	1	1	
0.00233346	-nan	0.635438	0.0368354	1	1	1	1	1	1	0.95928	0.635438	0.635438	1	1	
0.00242103	-nan	0.638228	0.0386084	1	1	1	1	1	1	0.9628	0.638228	0.638228	1	1	
0.00251189	-nan	0.641042	0.0404404	1	1	1	1	1	1	0.9664	0.641042	0.641042	1	1	
0.00260615	-nan	0.643878	0.0423329	1	1	1	1	1	1	0.970081	0.643878	0.643878	1	1	
0.00270396	-nan	0.646736	0.0442874	1	1	1	1	1	1	0.973846	0.646736	0.646736	1	1	
0.00280543	-nan	0.649618	0.0463054	1	1	1	1	1	1	0.977695	0.649618	0.649618	1	1	
0.00291072	-nan	0.652522	0.0483885	1	1	1	1	1	1	0.981631	0.652522	0.652522	1	1	
0.00301995	-nan	0.65545	0.0505383	1	1	1	1	1	1	0.985655	0.65545	0.65545	1	1	
0.00313329	-nan	0.6584	0.0527564	1	1	1	1	1	1	0.98977	0.6584	0.6584	1	1	
0.00325087	-nan	0.661374	0.0550447	1	1	1	1	1	1	0.993976	0.661374	0.661374	1	1	
0.00337287	-nan	0.664371	0.0574049	1	1	1	1	1	1	0.998277	0.664371	0.664371	1	1	
0.00349945	-nan	0.667391	0.0598387	1	1	1	1	1	1	1.00267	0.667391	0.667391	1	1	
0.00363078	-nan	0.670435	0.0623481	1	1	1	1	1	1	1.00717	0.670435	0.670435	1	1	
0.00376704	-nan	0.673502	0.0649349	1	1	1	1	1	1	1.01176	0.673502	0.673502	1	1	
0.00390841	-nan	0.676592	0.0676013	1	1	1	1	1	1	1.01646	0.676592	0.676592	1	1	
0.00405509	-nan	0.679706	0.0703491	1	1	1	1	1	1	1.02126	0.679706	0.679706	1	1	
0.00420727	-nan	0.682844	0.0731806	1	1	1	1	1	1	1.02617	0.682844	0.682844	1	1	
0.00436516	-nan	0.686005	0.0760977	1	1	1	1	1	1	1.03118	0.686005	0.686005	1	1	
0.00452898	-nan	0.68919	0.0791029	1	1	1	1	1	1	1.03631	0.68919	0.68919	1	1	
0.00469894	-nan	0.692398	0.0821983	1	1	1	1	1	1	1.04155	0.692398	0.692398	1	1	
0.00487528	-nan	0.695631	0.0853864	1	1	1	1	1	1	1.0469	0.695631	0.695631	1	1	
0.00505825	-nan	0.698887	0.0886695	1	1	1	1	1	1	1.05237	0.698887	0.698887	1	1	
0.00524807	-nan	0.702166	0.0920501	1	1	1	1	1	1	1.05797	0.702166	0.702166	1	1	
0.00544503	-nan	0.70547	0.0955308	1	1	1	1	1	1	1.06368	0.70547	0.70547	1	1	
0.00564937	-nan	0.708797	0.0991143	1	1	1	1	1	1	1.06952	0.708797	0.708797	1	1	
0.00586138	-nan	0.712148	0.102803	1	1	1	1	1	1	1.07549	0.712148	0.712148	1	1	
0.00608135	-nan	0.715523	0.1066	1	1	1	1	1	1	1.08158	0.715523	0.715523	1	1	
0.00630957	-nan	0.718922	0.110509	1	1	1	1	1	1	1.08781	0.718922	0.718922	1	1	
0.00654636	-nan	0.722344	0.114531	1	1	1	1	1	1	1.09418	0.722344	0.722344	1	1	
0.00679204	-nan	0.72579	0.118671	1	1	1	1	1	1	1.10068	0.72579	0.72579	1	1	
0.00704693	-nan	0.72926	0.122931	1	1	1	1	1	1	1.10732	0.72926	0.72926	1	1	
0.00731139	-nan	0.732753	0.127315	1	1	1	1	1	1	1.11411	0.732753	0.732753	1	1	
0.00758578	-nan	0.73627	0.131825	1	1	1	1	1	1	1.12104	0.73627	0.73627	1	1	
0.00787046	-nan	0.739811	0.136466	1	1	1	1	1	1	1.12813	0.739811	0.739811	1	1	
0.00816582	-nan	0.743374	0.14124	1	1	1	1	1	1	1.13536	0.743374	0.743374	1	1	
0.00847227	-nan	0.746962	0.146152	1	1	1	1	1	1	1.14275	0.746962	0.746962	1	1	
0.00879023	-nan	0.750572	0.151206	1	1	1	1	1	1	1.1503	0.750572	0.750572	1	1	
0.00912011	-nan	0.754206	0.156404	1	1	1	1	1	1	1.15801	0.754206	0.754206	1	1	
0.00946237	-nan	0.757862	0.161751	1	1	1	1	1	1	1.16589	0.757862	0.757862	1	1	
0.00981748	-nan	0.761542	0.167252	1	1	1	1	1	1	1.17393	0.761542	0.761542	1	1	
0.0101859	-nan	0.765244	0.172909	1	1	1	1	1	1	1.18215	0.765244	0.765244	1	1	
0.0105682	-nan	0.768969	0.178729	1	1	1	1	1	1	1.19054	0.768969	0.768969	1	1	
0.0109648	-nan	0.772716	0.184714	1	1	1	1	1	1	1.1991	0.772716	0.772716	1	1	
0.0113763	-nan	0.776486	0.190869	1	1	1	1	1	1	1.20785	0.776486	0.776486	1	1	
0.0118032	-nan	0.780278	0.1972	1	1	1	1	1	1	1.21678	0.780278	0.780278	1	1	
0.0122462	-nan	0.784091	0.20371	1	1	1	1	1	1	1.2259	0.784091	0.784091	1	1	
0.0127057	-nan	0.787926	0.210405	1	1	1	1	1	1	1.23522	0.787926	0.787926	1	1	
0.0131826	-nan	0.791783	0.21729	1	1	1	1	1	1	1.24473	0.791783	0.791783	1	1	
0.0136773	-nan	0.795661	0.22437	1	1	1	1	1	1	1.25444	0.795661	0.795661	1	1	
0.0141906	-nan	0.799559	0.231649	1	1	1	1	1	1	1.26435	0.799559	0.799559	1	1	
0.0147231	-nan	0.803479	0.239134	1	1	1	1	1	1	1.27447	0.803479	0.803479	1	1	
0.0152757	-nan	0.807418	0.246831	1	1	1	1	1	1	1.28479	0.807418	0.807418	1	1	
0.0158489	-nan	0.811378	0.254743	1	1	1	1	1	1	1.29534	0.811378	0.811378	1	1	
0.0164437	-nan	0.815357	0.262878	1	1	1	1	1	1	1.3061	0.815357	0.815357	1	1	
0.0170608	-nan	0.819355	0.271241	1	1	1	1	1	1	1.31708	0.819355	0.819355	1	1	
0.0177011	-nan	0.823373	0.279838	1	1	1	1	1	1	1.3283	0.823373	0.823373	1	1	
0.0183654	-nan	0.827408	0.288676	1	1	1	1	1	1	1.33974	0.827408	0.827408	1	1	
0.0190546	-nan	0.831462	0.297759	1	1	1	1	1	1	1.35142	0.831462	0.831462	1	1	
0.0197697	-nan	0.835533	0.307096	1	1	1	1	1	1	1.36333	0.835533	0.835533	1	1	
0.0205116	-nan	0.839621	0.316691	1	1	1	1	1	1	1.37549	0.839621	0.839621	1	1	
0.0212814	-nan	0.843726	0.326552	1	1	1	1	1	1	1.3879	0.843726	0.843726	1	1	
0.02208	-nan	0.847847	0.336685	1	1	1	1	1	1	1.40056	0.847847	0.847847	1	1	
0.0229087	-nan	0.851983	0.347097	1	1	1	1	1	1	1.41348	0.851983	0.851983	1	1	
0.0237684	-nan	0.856134	0.357794	1	1	1	1	1	1	1.42665	0.856134	0.856134	1	1	
0.0246604	-nan	0.860299	0.368782	1	1	1	1	1	1	1.4401	0.860299	0.860299	1	1	
0.0255859	-nan	0.864478	0.38007	1	1	1	1	1	1	1.45381	0.864478	0.864478	1	1	
0.0265461	-nan	0.868669	0.391664	1	1	1	1	1	1	1.4678	0.868669	0.868669	1	1	
0.0275423	-nan	0.872873	0.40357	1	1	1	1	1	1	1.48207	0.872873	0.872873	1	1	
0.0285759	-nan	0.877088	0.415795	1	1	1	1	1	1	1.49662	0.877088	0.877088	1	1	
0.0296483	-nan	0.881313	0.428346	1	1	1	1	1	1	1.51146	0.881313	0.881313	1	1	
0.030761	-nan	0.885548	0.44123	1	1	1	1	1	1	1.52659	0.885548	0.885548	1	1	
0.0319154	-nan	0.889793	0.454453	1	1	1	1	1	1	1.54203	0.889793	0.889793	1	1	
0.0331131	-nan	0.894045	0.468022	1	1	1	1	1	1	1.55776	0.894045	0.894045	1	1	
0.0343558	-nan	0.898303	0.481944	1	1	1	1	1	1	1.5738	0.898303	0.898303	1	1	
0.0356451	-nan	0.902568	0.496224	1	1	1	1	1	1	1.59016	0.902568	0.902568	1	1	
0.0369828	-nan	0.906838	0.510869	1	1	1	1	1	1	1.60684	0.906838	0.906838	1	1	
0.0383707	-nan	0.911112	0.525884	1	1	1	1	1	1	1.62383	0.911112	0.911112	1	1	
0.0398107	-nan	0.915389	0.541276	1	1	1	1	1	1	1.64116	0.915389	0.915389	1	1	
0.0413048	-nan	0.919667	0.557049	1	1	1	1	1	1	1.65881	0.919667	0.919667	1	1	
0.0428549	-nan	0.923945	0.573209	1	1	1	1	1	1	1.67681	0.923945	0.923945	1	1	
0.0444631	-nan	0.928223	0.589761	1	1	1	1	1	1	1.69515	0.928223	0.928223	1	1	
0.0461318	-nan	0.932499	0.606708	1	1	1	1	1	1	1.71383	0.932499	0.932499	1	1	
0.047863	-nan	0.936771	0.624054	1	1	1	1	1	1	1.73287	0.936771	0.936771	1	1	
0.0496592	-nan	0.941038	0.641803	1	1	1	1	1	1	1.75227	0.941038	0.941038	1	1	
0.0515229	-nan	0.945299	0.659957	1	1	1	1	1	1	1.77203	0.945299	0.945299	1	1	
0.0534564	-nan	0.949552	0.678518	1	1	1	1	1	1	1.79215	0.949552	0.949552	1	1	
0.0554626	-nan	0.953796	0.697489	1	1	1	1	1	1	1.81265	0.953796	0.953796	1	1	
0.057544	-nan	0.958029	0.716868	1	1	1	1	1	1	1.83353	0.958029	0.958029	1	1	
0.0597035	-nan	0.962249	0.736658	1	1	1	1	1	1	1.8548	0.962249	0.962249	1	1	
0.0619441	-nan	0.966455	0.756856	1	1	1	1	1	1	1.87645	0.966455	0.966455	1	1	
0.0642688	-nan	0.970645	0.777461	1	1	1	1	1	1	1.89849	0.970645	0.970645	1	1	
0.0666807	-nan	0.974818	0.79847	1	1	1	1	1	1	1.92093	0.974818	0.974818	1	1	
0.0691831	-nan	0.978971	0.819879	1	1	1	1	1	1	1.94378	0.978971	0.978971	1	1	
0.0717794	-nan	0.983103	0.841683	1	1	1	1	1	1	1.96703	0.983103	0.983103	1	1	
0.0744732	-nan	0.987212	0.863877	1	1	1	1	1	1	1.9907	0.987212	0.987212	1	1	
0.0772681	-nan	0.991296	0.886453	1	1	1	1	1	1	2.01479	0.991296	0.991296	1	1	
0.0801678	-nan	0.995353	0.909402	1	1	1	1	1	1	2.0393	0.995353	0.995353	1	1	
0.0831764	-nan	0.999381	0.932715	1	1	1	1	1	1	2.06424	0.999381	0.999381	1	1	
0.0862979	-nan	1.00338	0.95638	1	1	1	1	1	1	2.08962	1.00338	1.00338	1	1	
0.0895365	-nan	1.00734	0.980384	1	1	1	1	1	1	2.11543	1.00734	1.00734	1	1	
0.0928966	-nan	1.01128	1.00471	1	1	1	1	1	1	2.14169	1.01128	1.01128	1	1	
0.0963829	-nan	1.01517	1.02935	1	1	1	1	1	1	2.1684	1.01517	1.01517	1	1	
0.1	-nan	1.01903	1.05429	1	1	1	1	1	1	2.19556	1.01903	1.01903	1	1	
0.103614	-nan	1.02271	1.07857	1	1	1	1	1	1	2.22218	1.02271	1.02271	1	1	
0.107229	-nan	1.02622	1.10225	1	1	1	1	1	1	2.24829	1.02622	1.02622	1	1	
0.110843	-nan	1.02959	1.12533	1	1	1	1	1	1	2.27393	1.02959	1.02959	1	1	
0.114458	-nan	1.03281	1.14784	1	1	1	1	1	1	2.29911	1.03281	1.03281	1	1	
0.118072	-nan	1.0359	1.16978	1	1	1	1	1	1	2.32386	1.0359	1.0359	1	1	
0.121687	-nan	1.03886	1.19118	1	1	1	1	1	1	2.3482	1.03886	1.03886	1	1	
0.125301	-nan	1.04171	1.21203	1	1	1	1	1	1	2.37214	1.04171	1.04171	1	1	
0.128916	-nan	1.04444	1.23237	1	1	1	1	1	1	2.3957	1.04444	1.04444	1	1	
0.13253	-nan	1.04707	1.2522	1	1	1	1	1	1	2.41889	1.04707	1.04707	1	1	
0.136145	-nan	1.04961	1.27154	1	1	1	1	1	1	2.44174	1.04961	1.04961	1	1	
0.139759	-nan	1.05205	1.29039	1	1	1	1	1	1	2.46426	1.05205	1.05205	1	1	
0.143373	-nan	1.0544	1.30877	1	1	1	1	1	1	2.48645	1.0544	1.0544	1	1	
0.146988	-nan	1.05667	1.32668	1	1	1	1	1	1	2.50834	1.05667	1.05667	1	1	
0.150602	-nan	1.05886	1.34415	1	1	1	1	1	1	2.52993	1.05886	1.05886	1	1	
0.154217	-nan	1.06098	1.36119	1	1	1	1	1	1	2.55124	1.06098	1.06098	1	1	
0.157831	-nan	1.06303	1.37779	1	1	1	1	1	1	2.57227	1.06303	1.06303	1	1	
0.161446	-nan	1.06502	1.39398	1	1	1	1	1	1	2.59305	1.06502	1.06502	1	1	
0.16506	-nan	1.06694	1.40976	1	1	1	1	1	1	2.61357	1.06694	1.06694	1	1	
0.168675	-nan	1.0688	1.42515	1	1	1	1	1	1	2.63385	1.0688	1.0688	1	1	
0.172289	-nan	1.07061	1.44014	1	1	1	1	1	1	2.65389	1.07061	1.07061	1	1	
0.175904	-nan	1.07236	1.45476	1	1	1	1	1	1	2.67371	1.07236	1.07236	1	1	
0.179518	-nan	1.07406	1.46901	1	1	1	1	1	1	2.69332	1.07406	1.07406	1	1	
0.183133	-nan	1.07572	1.48289	1	1	1	1	1	1	2.71272	1.07572	1.07572	1	1	
0.186747	-nan	1.07733	1.49643	1	1	1	1	1	1	2.73191	1.07733	1.07733	1	1	
0.190361	-nan	1.0789	1.50962	1	1	1	1	1	1	2.75092	1.0789	1.0789	1	1	
0.193976	-nan	1.08042	1.52247	1	1	1	1	1	1	2.76974	1.08042	1.08042	1	1	
0.19759	-nan	1.08191	1.53499	1	1	1	1	1	1	2.78838	1.08191	1.08191	1	1	
0.201205	-nan	1.08337	1.5472	1	1	1	1	1	1	2.80686	1.08337	1.08337	1	1	
0.204819	-nan	1.08478	1.55909	1	1	1	1	1	1	2.82517	1.08478	1.08478	1	1	
0.208434	-nan	1.08617	1.57067	1	1	1	1	1	1	2.84332	1.08617	1.08617	1	1	
0.212048	-nan	1.08753	1.58195	1	1	1	1	1	1	2.86132	1.08753	1.08753	1	1	
0.215663	-nan	1.08885	1.59294	1	1	1	1	1	1	2.87918	1.08885	1.08885	1	1	
0.219277	-nan	1.09015	1.60365	1	1	1	1	1	1	2.8969	1.09015	1.09015	1	1	
0.222892	-nan	1.09142	1.61407	1	1	1	1	1	1	2.91449	1.09142	1.09142	1	1	
0.226506	-nan	1.09267	1.62423	1	1	1	1	1	1	2.93195	1.09267	1.09267	1	1	
0.23012	-nan	1.0939	1.63411	1	1	1	1	1	1	2.94929	1.0939	1.0939	1	1	
0.233735	-nan	1.0951	1.64373	1	1	1	1	1	1	2.96652	1.0951	1.0951	1	1	
0.237349	-nan	1.09629	1.6531	1	1	1	1	1	1	2.98363	1.09629	1.09629	1	1	
0.240964	-nan	1.09745	1.66222	1	1	1	1	1	1	3.00065	1.09745	1.09745	1	1	
0.244578	-nan	1.0986	1.6711	1	1	1	1	1	1	3.01756	1.0986	1.0986	1	1	
0.248193	-nan	1.09972	1.67973	1	1	1	1	1	1	3.03439	1.09972	1.09972	1	1	
0.251807	-nan	1.10084	1.68813	1	1	1	1	1	1	3.05113	1.10084	1.10084	1	1	
0.255422	-nan	1.10194	1.69631	1	1	1	1	1	1	3.06778	1.10194	1.10194	1	1	
0.259036	-nan	1.10302	1.70426	1	1	1	1	1	1	3.08436	1.10302	1.10302	1	1	
0.262651	-nan	1.10409	1.71199	1	1	1	1	1	1	3.10086	1.10409	1.10409	1	1	
0.266265	-nan	1.10515	1.71951	1	1	1	1	1	1	3.1173	1.10515	1.10515	1	1	
0.26988	-nan	1.1062	1.72683	1	1	1	1	1	1	3.13368	1.1062	1.1062	1	1	
0.273494	-nan	1.10723	1.73393	1	1	1	1	1	1	3.15	1.10723	1.10723	1	1	
0.277108	-nan	1.10826	1.74084	1	1	1	1	1	1	3.16627	1.10826	1.10826	1	1	
0.280723	-nan	1.10928	1.74755	1	1	1	1	1	1	3.18249	1.10928	1.10928	1	1	
0.284337	-nan	1.11029	1.75407	1	1	1	1	1	1	3.19867	1.11029	1.11029	1	1	
0.287952	-nan	1.11129	1.76041	1	1	1	1	1	1	3.21482	1.11129	1.11129	1	1	
0.291566	-nan	1.11229	1.76656	1	1	1	1	1	1	3.23093	1.11229	1.11229	1	1	
0.295181	-nan	1.11328	1.77253	1	1	1	1	1	1	3.24701	1.11328	1.11328	1	1	
0.298795	-nan	1.11426	1.77833	1	1	1	1	1	1	3.26307	1.11426	1.11426	1	1	
0.30241	-nan	1.11524	1.78396	1	1	1	1	1	1	3.27911	1.11524	1.11524	1	1	
0.306024	-nan	1.11621	1.78942	1	1	1	1	1	1	3.29514	1.11621	1.11621	1	1	
0.309639	-nan	1.11718	1.79471	1	1	1	1	1	1	3.31116	1.11718	1.11718	1	1	
0.313253	-nan	1.11815	1.79985	1	1	1	1	1	1	3.32717	1.11815	1.11815	1	1	
0.316867	-nan	1.11911	1.80483	1	1	1	1	1	1	3.34319	1.11911	1.11911	1	1	
0.320482	-nan	1.12007	1.80966	1	1	1	1	1	1	3.35921	1.12007	1.12007	1	1	
0.324096	-nan	1.12103	1.81433	1	1	1	1	1	1	3.37524	1.12103	1.12103	1	1	
0.327711	-nan	1.12199	1.81886	1	1	1	1	1	1	3.39129	1.12199	1.12199	1	1	
0.331325	-nan	1.12295	1.82325	1	1	1	1	1	1	3.40735	1.12295	1.12295	1	1	
0.33494	-nan	1.1239	1.82749	1	1	1	1	1	1	3.42344	1.1239	1.1239	1	1	
0.338554	-nan	1.12486	1.8316	1	1	1	1	1	1	3.43955	1.12486	1.12486	1	1	
0.342169	-nan	1.12581	1.83558	1	1	1	1	1	1	3.4557	1.12581	1.12581	1	1	
0.345783	-nan	1.12676	1.83942	1	1	1	1	1	1	3.47189	1.12676	1.12676	1	1	
0.349398	-nan	1.12772	1.84313	1	1	1	1	1	1	3.48812	1.12772	1.12772	1	1	
0.353012	-nan	1.12867	1.84672	1	1	1	1	1	1	3.50439	1.12867	1.12867	1	1	
0.356627	-nan	1.12963	1.85019	1	1	1	1	1	1	3.52071	1.12963	1.12963	1	1	
0.360241	-nan	1.13059	1.85353	1	1	1	1	1	1	3.53709	1.13059	1.13059	1	1	
0.363855	-nan	1.13155	1.85676	1	1	1	1	1	1	3.55353	1.13155	1.13155	1	1	
0.36747	-nan	1.13251	1.85987	1	1	1	1	1	1	3.57003	1.13251	1.13251	1	1	
0.371084	-nan	1.13347	1.86287	1	1	1	1	1	1	3.5866	1.13347	1.13347	1	1	
0.374699	-nan	1.13444	1.86576	1	1	1	1	1	1	3.60325	1.13444	1.13444	1	1	
0.378313	-nan	1.13541	1.86855	1	1	1	1	1	1	3.61997	1.13541	1.13541	1	1	
0.381928	-nan	1.13638	1.87122	1	1	1	1	1	1	3.63677	1.13638	1.13638	1	1	
0.385542	-nan	1.13735	1.8738	1	1	1	1	1	1	3.65366	1.13735	1.13735	1	1	
0.389157	-nan	1.13833	1.87627	1	1	1	1	1	1	3.67064	1.13833	1.13833	1	1	
0.392771	-nan	1.13931	1.87865	1	1	1	1	1	1	3.68771	1.13931	1.13931	1	1	
0.396386	-nan	1.14029	1.88093	1	1	1	1	1	1	3.70488	1.14029	1.14029	1	1	
0.4	-nan	1.14127	1.88312	1	1	1	1	1	1	3.72215	1.14127	1.14127	1	1	
0.403614	-nan	1.14226	1.88521	1	1	1	1	1	1	3.73953	1.14226	1.14226	1	1	
0.407229	-nan	1.14326	1.88721	1	1	1	1	1	1	3.75702	1.14326	1.14326	1	1	
0.410843	-nan	1.14425	1.88913	1	1	1	1	1	1	3.77463	1.14425	1.14425	1	1	
0.414458	-nan	1.14526	1.89096	1	1	1	1	1	1	3.79235	1.14526	1.14526	1	1	
0.418072	-nan	1.14626	1.89271	1	1	1	1	1	1	3.81019	1.14626	1.14626	1	1	
0.421687	-nan	1.14727	1.89438	1	1	1	1	1	1	3.82816	1.14727	1.14727	1	1	
0.425301	-nan	1.14828	1.89596	1	1	1	1	1	1	3.84626	1.14828	1.14828	1	1	
0.428916	-nan	1.1493	1.89747	1	1	1	1	1	1	3.8645	1.1493	1.1493	1	1	
0.43253	-nan	1.15032	1.8989	1	1	1	1	1	1	3.88287	1.15032	1.15032	1	1	
0.436145	-nan	1.15135	1.90026	1	1	1	1	1	1	3.90138	1.15135	1.15135	1	1	
0.439759	-nan	1.15238	1.90154	1	1	1	1	1	1	3.92004	1.15238	1.15238	1	1	
0.443373	-nan	1.15341	1.90276	1	1	1	1	1	1	3.93884	1.15341	1.15341	1	1	
0.446988	-nan	1.15445	1.9039	1	1	1	1	1	1	3.95779	1.15445	1.15445	1	1	
0.450602	-nan	1.1555	1.90498	1	1	1	1	1	1	3.9769	1.1555	1.1555	1	1	
0.454217	-nan	1.15655	1.90599	1	1	1	1	1	1	3.99616	1.15655	1.15655	1	1	
0.457831	-nan	1.1576	1.90694	1	1	1	1	1	1	4.01558	1.1576	1.1576	1	1	
0.461446	-nan	1.15866	1.90782	1	1	1	1	1	1	4.03517	1.15866	1.15866	1	1	
0.46506	-nan	1.15972	1.90864	1	1	1	1	1	1	4.05492	1.15972	1.15972	1	1	
0.468675	-nan	1.16078	1.9094	1	1	1	1	1	1	4.07483	1.16078	1.16078	1	1	
0.472289	-nan	1.16186	1.91011	1	1	1	1	1	1	4.09492	1.16186	1.16186	1	1	
0.475904	-nan	1.16293	1.91075	1	1	1	1	1	1	4.11518	1.16293	1.16293	1	1	
0.479518	-nan	1.16401	1.91134	1	1	1	1	1	1	4.13561	1.16401	1.16401	1	1	
0.483133	-nan	1.1651	1.91188	1	1	1	1	1	1	4.15622	1.1651	1.1651	1	1	
0.486747	-nan	1.16619	1.91237	1	1	1	1	1	1	4.177	1.16619	1.16619	1	1	
0.490361	-nan	1.16728	1.9128	1	1	1	1	1	1	4.19797	1.16728	1.16728	1	1	
0.493976	-nan	1.16838	1.91318	1	1	1	1	1	1	4.21912	1.16838	1.16838	1	1	
0.49759	-nan	1.16948	1.91352	1	1	1	1	1	1	4.24044	1.16948	1.16948	1	1	
0.501205	-nan	1.17059	1.9138	1	1	1	1	1	1	4.26196	1.17059	1.17059	1	1	
0.504819	-nan	1.1717	1.91404	1	1	1	1	1	1	4.28365	1.1717	1.1717	1	1	
0.508434	-nan	1.17281	1.91424	1	1	1	1	1	1	4.30553	1.17281	1.17281	1	1	
0.512048	-nan	1.17393	1.91439	1	1	1	1	1	1	4.3276	1.17393	1.17393	1	1	
0.515663	-nan	1.17506	1.9145	1	1	1	1	1	1	4.34985	1.17506	1.17506	1	1	
0.519277	-nan	1.17619	1.91457	1	1	1	1	1	1	4.37229	1.17619	1.17619	1	1	
0.522892	-nan	1.17732	1.91459	1	1	1	1	1	1	4.39491	1.17732	1.17732	1	1	
0.526506	-nan	1.17846	1.91458	1	1	1	1	1	1	4.41772	1.17846	1.17846	1	1	
0.53012	-nan	1.1796	1.91453	1	1	1	1	1	1	4.44072	1.1796	1.1796	1	1	
0.533735	-nan	1.18074	1.91444	1	1	1	1	1	1	4.4639	1.18074	1.18074	1	1	
0.537349	-nan	1.18189	1.91432	1	1	1	1	1	1	4.48726	1.18189	1.18189	1	1	
0.540964	-nan	1.18304	1.91416	1	1	1	1	1	1	4.51081	1.18304	1.18304	1	1	
0.544578	-nan	1.1842	1.91397	1	1	1	1	1	1	4.53454	1.1842	1.1842	1	1	
0.548193	-nan	1.18536	1.91374	1	1	1	1	1	1	4.55845	1.18536	1.18536	1	1	
0.551807	-nan	1.18652	1.91348	1	1	1	1	1	1	4.58254	1.18652	1.18652	1	1	
0.555422	-nan	1.18769	1.91319	1	1	1	1	1	1	4.6068	1.18769	1.18769	1	1	
0.559036	-nan	1.18886	1.91287	1	1	1	1	1	1	4.63124	1.18886	1.18886	1	1	
0.562651	-nan	1.19003	1.91253	1	1	1	1	1	1	4.65585	1.19003	1.19003	1	1	
0.566265	-nan	1.19121	1.91215	1	1	1	1	1	1	4.68063	1.19121	1.19121	1	1	
0.56988	-nan	1.19239	1.91175	1	1	1	1	1	1	4.70558	1.19239	1.19239	1	1	
0.573494	-nan	1.19357	1.91131	1	1	1	1	1	1	4.73069	1.19357	1.19357	1	1	
0.577108	-nan	1.19476	1.91086	1	1	1	1	1	1	4.75596	1.19476	1.19476	1	1	
0.580723	-nan	1.19595	1.91038	1	1	1	1	1	1	4.78139	1.19595	1.19595	1	1	
0.584337	-nan	1.19714	1.90987	1	1	1	1	1	1	4.80697	1.19714	1.19714	1	1	
0.587952	-nan	1.19833	1.90934	1	1	1	1	1	1	4.8327	1.19833	1.19833	1	1	
0.591566	-nan	1.19953	1.90879	1	1	1	1	1	1	4.85858	1.19953	1.19953	1	1	
0.595181	-nan	1.20073	1.90822	1	1	1	1	1	1	4.8846	1.20073	1.20073	1	1	
0.598795	-nan	1.20194	1.90763	1	1	1	1	1	1	4.91076	1.20194	1.20194	1	1	
0.60241	-nan	1.20314	1.90701	1	1	1	1	1	1	4.93705	1.20314	1.20314	1	1	
0.606024	-nan	1.20435	1.90638	1	1	1	1	1	1	4.96347	1.20435	1.20435	1	1	
0.609639	-nan	1.20556	1.90573	1	1	1	1	1	1	4.99001	1.20556	1.20556	1	1	
0.613253	-nan	1.20677	1.90506	1	1	1	1	1	1	5.01667	1.20677	1.20677	1	1	
0.616867	-nan	1.20799	1.90437	1	1	1	1	1	1	5.04345	1.20799	1.20799	1	1	
0.620482	-nan	1.20921	1.90367	1	1	1	1	1	1	5.07033	1.20921	1.20921	1	1	
0.624096	-nan	1.21042	1.90295	1	1	1	1	1	1	5.09731	1.21042	1.21042	1	1	
0.627711	-nan	1.21165	1.90221	1	1	1	1	1	1	5.1244	1.21165	1.21165	1	1	
0.631325	-nan	1.21287	1.90146	1	1	1	1	1	1	5.15157	1.21287	1.21287	1	1	
0.63494	-nan	1.21409	1.9007	1	1	1	1	1	1	5.17884	1.21409	1.21409	1	1	
0.638554	-nan	1.21532	1.89992	1	1	1	1	1	1	5.20618	1.21532	1.21532	1	1	
0.642169	-nan	1.21655	1.89913	1	1	1	1	1	1	5.2336	1.21655	1.21655	1	1	
0.645783	-nan	1.21778	1.89833	1	1	1	1	1	1	5.26108	1.21778	1.21778	1	1	
0.649398	-nan	1.21901	1.89751	1	1	1	1	1	1	5.28864	1.21901	1.21901	1	1	
0.653012	-nan	1.22024	1.89669	1	1	1	1	1	1	5.31624	1.22024	1.22024	1	1	
0.656627	-nan	1.22147	1.89585	1	1	1	1	1	1	5.3439	1.22147	1.22147	1	1	
0.660241	-nan	1.22271	1.89501	1	1	1	1	1	1	5.37161	1.22271	1.22271	1	1	
0.663855	-nan	1.22394	1.89415	1	1	1	1	1	1	5.39935	1.22394	1.22394	1	1	
0.66747	-nan	1.22518	1.89329	1	1	1	1	1	1	5.42712	1.22518	1.22518	1	1	
0.671084	-nan	1.22642	1.89241	1	1	1	1	1	1	5.45493	1.22642	1.22642	1	1	
0.674699	-nan	1.22766	1.89153	1	1	1	1	1	1	5.48275	1.22766	1.22766	1	1	
0.678313	-nan	1.2289	1.89064	1	1	1	1	1	1	5.51059	1.2289	1.2289	1	1	
0.681928	-nan	1.23014	1.88975	1	1	1	1	1	1	5.53844	1.23014	1.23014	1	1	
0.685542	-nan	1.23138	1.88884	1	1	1	1	1	1	5.56629	1.23138	1.23138	1	1	
0.689157	-nan	1.23262	1.88794	1	1	1	1	1	1	5.59414	1.23262	1.23262	1	1	
0.692771	-nan	1.23386	1.88702	1	1	1	1	1	1	5.62198	1.23386	1.23386	1	1	
0.696386	-nan	1.2351	1.8861	1	1	1	1	1	1	5.64981	1.2351	1.2351	1	1	
0.7	-nan	1.23635	1.88518	1	1	1	1	1	1	5.67761	1.23635	1.23635	1	1	
0.703614	-nan	1.23759	1.88425	1	1	1	1	1	1	5.70539	1.23759	1.23759	1	1	
0.707229	-nan	1.23883	1.88331	1	1	1	1	1	1	5.73314	1.23883	1.23883	1	1	
0.710843	-nan	1.24008	1.88238	1	1	1	1	1	1	5.76085	1.24008	1.24008	1	1	
0.714458	-nan	1.24132	1.88144	1	1	1	1	1	1	5.78852	1.24132	1.24132	1	1	
0.718072	-nan	1.24256	1.88049	1	1	1	1	1	1	5.81615	1.24256	1.24256	1	1	
0.721687	-nan	1.24381	1.87955	1	1	1	1	1	1	5.84372	1.24381	1.24381	1	1	
0.725301	-nan	1.24505	1.8786	1	1	1	1	1	1	5.87123	1.24505	1.24505	1	1	
0.728916	-nan	1.24629	1.87765	1	1	1	1	1	1	5.89868	1.24629	1.24629	1	1	
0.73253	-nan	1.24753	1.8767	1	1	1	1	1	1	5.92607	1.24753	1.24753	1	1	
0.736145	-nan	1.24877	1.87575	1	1	1	1	1	1	5.95338	1.24877	1.24877	1	1	
0.739759	-nan	1.25002	1.8748	1	1	1	1	1	1	5.98062	1.25002	1.25002	1	1	
0.743373	-nan	1.25126	1.87384	1	1	1	1	1	1	6.00778	1.25126	1.25126	1	1	
0.746988	-nan	1.2525	1.87289	1	1	1	1	1	1	6.03485	1.2525	1.2525	1	1	
0.750602	-nan	1.25374	1.87193	1	1	1	1	1	1	6.06183	1.25374	1.25374	1	1	
0.754217	-nan	1.25498	1.87098	1	1	1	1	1	1	6.08872	1.25498	1.25498	1	1	
0.757831	-nan	1.25621	1.87003	1	1	1	1	1	1	6.11551	1.25621	1.25621	1	1	
0.761446	-nan	1.25745	1.86908	1	1	1	1	1	1	6.1422	1.25745	1.25745	1	1	
0.76506	-nan	1.25869	1.86813	1	1	1	1	1	1	6.16879	1.25869	1.25869	1	1	
0.768675	-nan	1.25992	1.86718	1	1	1	1	1	1	6.19527	1.25992	1.25992	1	1	
0.772289	-nan	1.26116	1.86623	1	1	1	1	1	1	6.22164	1.26116	1.26116	1	1	
0.775904	-nan	1.26239	1.86529	1	1	1	1	1	1	6.24789	1.26239	1.26239	1	1	
0.779518	-nan	1.26362	1.86434	1	1	1	1	1	1	6.27403	1.26362	1.26362	1	1	
0.783133	-nan	1.26486	1.8634	1	1	1	1	1	1	6.30004	1.26486	1.26486	1	1	
0.786747	-nan	1.26609	1.86247	1	1	1	1	1	1	6.32594	1.26609	1.26609	1	1	
0.790361	-nan	1.26731	1.86153	1	1	1	1	1	1	6.3517	1.26731	1.26731	1	1	
0.793976	-nan	1.26854	1.8606	1	1	1	1	1	1	6.37734	1.26854	1.26854	1	1	
0.79759	-nan	1.26977	1.85967	1	1	1	1	1	1	6.40285	1.26977	1.26977	1	1	
0.801205	-nan	1.27099	1.85875	1	1	1	1	1	1	6.42822	1.27099	1.27099	1	1	
0.804819	-nan	1.27221	1.85783	1	1	1	1	1	1	6.45346	1.27221	1.27221	1	1	
0.808434	-nan	1.27344	1.85691	1	1	1	1	1	1	6.47856	1.27344	1.27344	1	1	
0.812048	-nan	1.27466	1.856	1	1	1	1	1	1	6.50352	1.27466	1.27466	1	1	
0.815663	-nan	1.27587	1.8551	1	1	1	1	1	1	6.52833	1.27587	1.27587	1	1	
0.819277	-nan	1.27709	1.85419	1	1	1	1	1	1	6.55301	1.27709	1.27709	1	1	
0.822892	-nan	1.27831	1.85329	1	1	1	1	1	1	6.57754	1.27831	1.27831	1	1	
0.826506	-nan	1.27952	1.8524	1	1	1	1	1	1	6.60192	1.27952	1.27952	1	1	
0.83012	-nan	1.28073	1.85151	1	1	1	1	1	1	6.62616	1.28073	1.28073	1	1	
0.833735	-nan	1.28194	1.85063	1	1	1	1	1	1	6.65024	1.28194	1.28194	1	1	
0.837349	-nan	1.28315	1.84975	1	1	1	1	1	1	6.67418	1.28315	1.28315	1	1	
0.840964	-nan	1.28435	1.84888	1	1	1	1	1	1	6.69796	1.28435	1.28435	1	1	
0.844578	-nan	1.28555	1.84802	1	1	1	1	1	1	6.72159	1.28555	1.28555	1	1	
0.848193	-nan	1.28676	1.84716	1	1	1	1	1	1	6.74507	1.28676	1.28676	1	1	
0.851807	-nan	1.28796	1.8463	1	1	1	1	1	1	6.76839	1.28796	1.28796	1	1	
0.855422	-nan	1.28915	1.84545	1	1	1	1	1	1	6.79155	1.28915	1.28915	1	1	
0.859036	-nan	1.29035	1.84461	1	1	1	1	1	1	6.81456	1.29035	1.29035	1	1	
0.862651	-nan	1.29154	1.84378	1	1	1	1	1	1	6.83741	1.29154	1.29154	1	1	
0.866265	-nan	1.29273	1.84295	1	1	1	1	1	1	6.86011	1.29273	1.29273	1	1	
0.86988	-nan	1.29392	1.84212	1	1	1	1	1	1	6.88264	1.29392	1.29392	1	1	
0.873494	-nan	1.29511	1.84131	1	1	1	1	1	1	6.90502	1.29511	1.29511	1	1	
0.877108	-nan	1.29629	1.8405	1	1	1	1	1	1	6.92724	1.29629	1.29629	1	1	
0.880723	-nan	1.29747	1.8397	1	1	1	1	1	1	6.9493	1.29747	1.29747	1	1	
0.884337	-nan	1.29865	1.8389	1	1	1	1	1	1	6.9712	1.29865	1.29865	1	1	
0.887952	-nan	1.29983	1.83812	1	1	1	1	1	1	6.99293	1.29983	1.29983	1	1	
0.891566	-nan	1.301	1.83734	1	1	1	1	1	1	7.01451	1.301	1.301	1	1	
0.895181	-nan	1.30217	1.83656	1	1	1	1	1	1	7.03593	1.30217	1.30217	1	1	
0.898795	-nan	1.30334	1.8358	1	1	1	1	1	1	7.05719	1.30334	1.30334	1	1	
0.90241	-nan	1.30451	1.83504	1	1	1	1	1	1	7.07829	1.30451	1.30451	1	1	
0.906024	-nan	1.30567	1.83429	1	1	1	1	1	1	7.09923	1.30567	1.30567	1	1	
0.909639	-nan	1.30684	1.83355	1	1	1	1	1	1	7.12	1.30684	1.30684	1	1	
0.913253	-nan	1.308	1.83281	1	1	1	1	1	1	7.14062	1.308	1.308	1	1	
0.916867	-nan	1.30915	1.83208	1	1	1	1	1	1	7.16108	1.30915	1.30915	1	1	
0.920482	-nan	1.31031	1.83136	1	1	1	1	1	1	7.18138	1.31031	1.31031	1	1	
0.924096	-nan	1.31146	1.83065	1	1	1	1	1	1	7.20152	1.31146	1.31146	1	1	
0.927711	-nan	1.3126	1.82995	1	1	1	1	1	1	7.2215	1.3126	1.3126	1	1	
0.931325	-nan	1.31375	1.82925	1	1	1	1	1	1	7.24132	1.31375	1.31375	1	1	
0.93494	-nan	1.31489	1.82856	1	1	1	1	1	1	7.26098	1.31489	1.31489	1	1	
0.938554	-nan	1.31603	1.82788	1	1	1	1	1	1	7.28049	1.31603	1.31603	1	1	
0.942169	-nan	1.31717	1.82721	1	1	1	1	1	1	7.29984	1.31717	1.31717	1	1	
0.945783	-nan	1.31831	1.82655	1	1	1	1	1	1	7.31903	1.31831	1.31831	1	1	
0.949398	-nan	1.31944	1.82589	1	1	1	1	1	1	7.33806	1.31944	1.31944	1	1	
0.953012	-nan	1.32057	1.82525	1	1	1	1	1	1	7.35694	1.32057	1.32057	1	1	
0.956627	-nan	1.32169	1.82461	1	1	1	1	1	1	7.37567	1.32169	1.32169	1	1	
0.960241	-nan	1.32282	1.82398	1	1	1	1	1	1	7.39424	1.32282	1.32282	1	1	
0.963855	-nan	1.32394	1.82336	1	1	1	1	1	1	7.41265	1.32394	1.32394	1	1	
0.96747	-nan	1.32505	1.82274	1	1	1	1	1	1	7.43091	1.32505	1.32505	1	1	
0.971084	-nan	1.32617	1.82214	1	1	1	1	1	1	7.44902	1.32617	1.32617	1	1	
0.974699	-nan	1.32728	1.82154	1	1	1	1	1	1	7.46697	1.32728	1.32728	1	1	
0.978313	-nan	1.32839	1.82095	1	1	1	1	1	1	7.48478	1.32839	1.32839	1	1	
0.981928	-nan	1.3295	1.82037	1	1	1	1	1	1	7.50243	1.3295	1.3295	1	1	
0.985542	-nan	1.3306	1.8198	1	1	1	1	1	1	7.51993	1.3306	1.3306	1	1	
0.989157	-nan	1.3317	1.81924	1	1	1	1	1	1	7.53728	1.3317	1.3317	1	1	
0.992771	-nan	1.33279	1.81869	1	1	1	1	1	1	7.55449	1.33279	1.33279	1	1	
0.996386	-nan	1.33389	1.81814	1	1	1	1	1	1	7.57154	1.33389	1.33389	1	1	
1	-nan	-nan	-nan	-nan	-nan	-nan	-nan	-nan	-nan	-nan	-nan	-nan	-nan	-nan	
