1e-05	-nan	0.531019	0.464273	1	1	1	1	1	1	1.23146	0.531019	0.531019	1	1	
1.03753e-05	-nan	0.531503	0.464598	1	1	1	1	1	1	1.23178	0.531503	0.531503	1	1	
1.07647e-05	-nan	0.531992	0.464923	1	1	1	1	1	1	1.23211	0.531992	0.531992	1	1	
1.11686e-05	-nan	0.532485	0.46525	1	1	1	1	1	1	1.23244	0.532485	0.532485	1	1	
1.15878e-05	-nan	0.532982	0.465578	1	1	1	1	1	1	1.23277	0.532982	0.532982	1	1	
1.20226e-05	-nan	0.533484	0.465908	1	1	1	1	1	1	1.2331	0.533484	0.533484	1	1	
1.24738e-05	-nan	0.533991	0.466239	1	1	1	1	1	1	1.23344	0.533991	0.533991	1	1	
1.2942e-05	-nan	0.534503	0.466571	1	1	1	1	1	1	1.23377	0.534503	0.534503	1	1	
1.34276e-05	-nan	0.535019	0.466905	1	1	1	1	1	1	1.2341	0.535019	0.535019	1	1	
1.39316e-05	-nan	0.53554	0.467241	1	1	1	1	1	1	1.23444	0.53554	0.53554	1	1	
1.44544e-05	-nan	0.536067	0.467578	1	1	1	1	1	1	1.23478	0.536067	0.536067	1	1	
1.49968e-05	-nan	0.536598	0.467916	1	1	1	1	1	1	1.23511	0.536598	0.536598	1	1	
1.55597e-05	-nan	0.537134	0.468256	1	1	1	1	1	1	1.23545	0.537134	0.537134	1	1	
1.61436e-05	-nan	0.537675	0.468597	1	1	1	1	1	1	1.23579	0.537675	0.537675	1	1	
1.67494e-05	-nan	0.538221	0.46894	1	1	1	1	1	1	1.23613	0.538221	0.538221	1	1	
1.7378e-05	-nan	0.538773	0.469285	1	1	1	1	1	1	1.23648	0.538773	0.538773	1	1	
1.80302e-05	-nan	0.539329	0.469631	1	1	1	1	1	1	1.23682	0.539329	0.539329	1	1	
1.87068e-05	-nan	0.539891	0.469978	1	1	1	1	1	1	1.23716	0.539891	0.539891	1	1	
1.94089e-05	-nan	0.540458	0.470328	1	1	1	1	1	1	1.23751	0.540458	0.540458	1	1	
2.01372e-05	-nan	0.541031	0.470678	1	1	1	1	1	1	1.23786	0.541031	0.541031	1	1	
2.0893e-05	-nan	0.541609	0.471031	1	1	1	1	1	1	1.23821	0.541609	0.541609	1	1	
2.1677e-05	-nan	0.542192	0.471385	1	1	1	1	1	1	1.23855	0.542192	0.542192	1	1	
2.24905e-05	-nan	0.542781	0.471741	1	1	1	1	1	1	1.23891	0.542781	0.542781	1	1	
2.33346e-05	-nan	0.543376	0.472098	1	1	1	1	1	1	1.23926	0.543376	0.543376	1	1	
2.42103e-05	-nan	0.543976	0.472457	1	1	1	1	1	1	1.23961	0.543976	0.543976	1	1	
2.51189e-05	-nan	0.544582	0.472818	1	1	1	1	1	1	1.23996	0.544582	0.544582	1	1	
2.60615e-05	-nan	0.545194	0.473181	1	1	1	1	1	1	1.24032	0.545194	0.545194	1	1	
2.70396e-05	-nan	0.545812	0.473545	1	1	1	1	1	1	1.24068	0.545812	0.545812	1	1	
2.80543e-05	-nan	0.546436	0.473911	1	1	1	1	1	1	1.24104	0.546436	0.546436	1	1	
2.91072e-05	-nan	0.547065	0.474279	1	1	1	1	1	1	1.2414	0.547065	0.547065	1	1	
3.01995e-05	-nan	0.547701	0.474649	1	1	1	1	1	1	1.24176	0.547701	0.547701	1	1	
3.13329e-05	-nan	0.548343	0.475021	1	1	1	1	1	1	1.24212	0.548343	0.548343	1	1	
3.25087e-05	-nan	0.548991	0.475394	1	1	1	1	1	1	1.24248	0.548991	0.548991	1	1	
3.37287e-05	-nan	0.549645	0.47577	1	1	1	1	1	1	1.24285	0.549645	0.549645	1	1	
3.49945e-05	-nan	0.550305	0.476147	1	1	1	1	1	1	1.24322	0.550305	0.550305	1	1	
3.63078e-05	-nan	0.550972	0.476526	1	1	1	1	1	1	1.24358	0.550972	0.550972	1	1	
3.76704e-05	-nan	0.551645	0.476907	1	1	1	1	1	1	1.24395	0.551645	0.551645	1	1	
3.90841e-05	-nan	0.552325	0.477291	1	1	1	1	1	1	1.24433	0.552325	0.552325	1	1	
4.05509e-05	-nan	0.553012	0.477676	1	1	1	1	1	1	1.2447	0.553012	0.553012	1	1	
4.20727e-05	-nan	0.553705	0.478063	1	1	1	1	1	1	1.24507	0.553705	0.553705	1	1	
4.36516e-05	-nan	0.554404	0.478452	1	1	1	1	1	1	1.24545	0.554404	0.554404	1	1	
4.52898e-05	-nan	0.555111	0.478844	1	1	1	1	1	1	1.24583	0.555111	0.555111	1	1	
4.69894e-05	-nan	0.555824	0.479237	1	1	1	1	1	1	1.24621	0.555824	0.555824	1	1	
4.87528e-05	-nan	0.556545	0.479633	1	1	1	1	1	1	1.24659	0.556545	0.556545	1	1	
5.05825e-05	-nan	0.557272	0.480031	1	1	1	1	1	1	1.24697	0.557272	0.557272	1	1	
5.24807e-05	-nan	0.558006	0.480431	1	1	1	1	1	1	1.24735	0.558006	0.558006	1	1	
5.44503e-05	-nan	0.558748	0.480833	1	1	1	1	1	1	1.24774	0.558748	0.558748	1	1	
5.64937e-05	-nan	0.559497	0.481238	1	1	1	1	1	1	1.24813	0.559497	0.559497	1	1	
5.86138e-05	-nan	0.560253	0.481645	1	1	1	1	1	1	1.24852	0.560253	0.560253	1	1	
6.08135e-05	-nan	0.561017	0.482054	1	1	1	1	1	1	1.24891	0.561017	0.561017	1	1	
6.30957e-05	-nan	0.561788	0.482466	1	1	1	1	1	1	1.2493	0.561788	0.561788	1	1	
6.54636e-05	-nan	0.562566	0.48288	1	1	1	1	1	1	1.2497	0.562566	0.562566	1	1	
6.79204e-05	-nan	0.563353	0.483297	1	1	1	1	1	1	1.2501	0.563353	0.563353	1	1	
7.04693e-05	-nan	0.564147	0.483716	1	1	1	1	1	1	1.2505	0.564147	0.564147	1	1	
7.31139e-05	-nan	0.564948	0.484137	1	1	1	1	1	1	1.2509	0.564948	0.564948	1	1	
7.58578e-05	-nan	0.565758	0.484562	1	1	1	1	1	1	1.2513	0.565758	0.565758	1	1	
7.87046e-05	-nan	0.566576	0.484988	1	1	1	1	1	1	1.25171	0.566576	0.566576	1	1	
8.16582e-05	-nan	0.567402	0.485418	1	1	1	1	1	1	1.25212	0.567402	0.567402	1	1	
8.47227e-05	-nan	0.568235	0.48585	1	1	1	1	1	1	1.25253	0.568235	0.568235	1	1	
8.79023e-05	-nan	0.569078	0.486285	1	1	1	1	1	1	1.25294	0.569078	0.569078	1	1	
9.12011e-05	-nan	0.569928	0.486722	1	1	1	1	1	1	1.25335	0.569928	0.569928	1	1	
9.46237e-05	-nan	0.570787	0.487163	1	1	1	1	1	1	1.25377	0.570787	0.570787	1	1	
9.81748e-05	-nan	0.571654	0.487606	1	1	1	1	1	1	1.25419	0.571654	0.571654	1	1	
0.000101859	-nan	0.57253	0.488053	1	1	1	1	1	1	1.25461	0.57253	0.57253	1	1	
0.000105682	-nan	0.573415	0.488502	1	1	1	1	1	1	1.25504	0.573415	0.573415	1	1	
0.000109648	-nan	0.574308	0.488954	1	1	1	1	1	1	1.25546	0.574308	0.574308	1	1	
0.000113763	-nan	0.575211	0.48941	1	1	1	1	1	1	1.25589	0.575211	0.575211	1	1	
0.000118032	-nan	0.576122	0.489868	1	1	1	1	1	1	1.25632	0.576122	0.576122	1	1	
0.000122462	-nan	0.577043	0.49033	1	1	1	1	1	1	1.25676	0.577043	0.577043	1	1	
0.000127057	-nan	0.577972	0.490795	1	1	1	1	1	1	1.2572	0.577972	0.577972	1	1	
0.000131826	-nan	0.578911	0.491263	1	1	1	1	1	1	1.25763	0.578911	0.578911	1	1	
0.000136773	-nan	0.579859	0.491735	1	1	1	1	1	1	1.25808	0.579859	0.579859	1	1	
0.000141906	-nan	0.580817	0.49221	1	1	1	1	1	1	1.25852	0.580817	0.580817	1	1	
0.000147231	-nan	0.581784	0.492688	1	1	1	1	1	1	1.25897	0.581784	0.581784	1	1	
0.000152757	-nan	0.582761	0.49317	1	1	1	1	1	1	1.25942	0.582761	0.582761	1	1	
0.000158489	-nan	0.583748	0.493656	1	1	1	1	1	1	1.25988	0.583748	0.583748	1	1	
0.000164437	-nan	0.584745	0.494146	1	1	1	1	1	1	1.26033	0.584745	0.584745	1	1	
0.000170608	-nan	0.585752	0.494639	1	1	1	1	1	1	1.26079	0.585752	0.585752	1	1	
0.000177011	-nan	0.586768	0.495136	1	1	1	1	1	1	1.26126	0.586768	0.586768	1	1	
0.000183654	-nan	0.587795	0.495637	1	1	1	1	1	1	1.26173	0.587795	0.587795	1	1	
0.000190546	-nan	0.588833	0.496141	1	1	1	1	1	1	1.2622	0.588833	0.588833	1	1	
0.000197697	-nan	0.589881	0.49665	1	1	1	1	1	1	1.26267	0.589881	0.589881	1	1	
0.000205116	-nan	0.590939	0.497163	1	1	1	1	1	1	1.26315	0.590939	0.590939	1	1	
0.000212814	-nan	0.592008	0.497681	1	1	1	1	1	1	1.26363	0.592008	0.592008	1	1	
0.0002208	-nan	0.593088	0.498202	1	1	1	1	1	1	1.26411	0.593088	0.593088	1	1	
0.000229087	-nan	0.594179	0.498728	1	1	1	1	1	1	1.2646	0.594179	0.594179	1	1	
0.000237684	-nan	0.59528	0.499258	1	1	1	1	1	1	1.26509	0.59528	0.59528	1	1	
0.000246604	-nan	0.596393	0.499793	1	1	1	1	1	1	1.26559	0.596393	0.596393	1	1	
0.000255859	-nan	0.597518	0.500333	1	1	1	1	1	1	1.26609	0.597518	0.597518	1	1	
0.000265461	-nan	0.598653	0.500877	1	1	1	1	1	1	1.26659	0.598653	0.598653	1	1	
0.000275423	-nan	0.5998	0.501427	1	1	1	1	1	1	1.2671	0.5998	0.5998	1	1	
0.000285759	-nan	0.600959	0.501981	1	1	1	1	1	1	1.26761	0.600959	0.600959	1	1	
0.000296483	-nan	0.60213	0.50254	1	1	1	1	1	1	1.26813	0.60213	0.60213	1	1	
0.00030761	-nan	0.603312	0.503104	1	1	1	1	1	1	1.26865	0.603312	0.603312	1	1	
0.000319154	-nan	0.604506	0.503674	1	1	1	1	1	1	1.26917	0.604506	0.604506	1	1	
0.000331131	-nan	0.605713	0.504249	1	1	1	1	1	1	1.2697	0.605713	0.605713	1	1	
0.000343558	-nan	0.606932	0.504829	1	1	1	1	1	1	1.27024	0.606932	0.606932	1	1	
0.000356451	-nan	0.608163	0.505415	1	1	1	1	1	1	1.27078	0.608163	0.608163	1	1	
0.000369828	-nan	0.609407	0.506007	1	1	1	1	1	1	1.27132	0.609407	0.609407	1	1	
0.000383707	-nan	0.610664	0.506605	1	1	1	1	1	1	1.27187	0.610664	0.610664	1	1	
0.000398107	-nan	0.611933	0.507209	1	1	1	1	1	1	1.27243	0.611933	0.611933	1	1	
0.000413048	-nan	0.613215	0.507818	1	1	1	1	1	1	1.27299	0.613215	0.613215	1	1	
0.000428549	-nan	0.614511	0.508434	1	1	1	1	1	1	1.27355	0.614511	0.614511	1	1	
0.000444631	-nan	0.615819	0.509057	1	1	1	1	1	1	1.27412	0.615819	0.615819	1	1	
0.000461318	-nan	0.617141	0.509686	1	1	1	1	1	1	1.2747	0.617141	0.617141	1	1	
0.00047863	-nan	0.618477	0.510321	1	1	1	1	1	1	1.27528	0.618477	0.618477	1	1	
0.000496592	-nan	0.619826	0.510964	1	1	1	1	1	1	1.27587	0.619826	0.619826	1	1	
0.000515229	-nan	0.621189	0.511613	1	1	1	1	1	1	1.27646	0.621189	0.621189	1	1	
0.000534564	-nan	0.622566	0.51227	1	1	1	1	1	1	1.27706	0.622566	0.622566	1	1	
0.000554626	-nan	0.623957	0.512934	1	1	1	1	1	1	1.27767	0.623957	0.623957	1	1	
0.00057544	-nan	0.625363	0.513605	1	1	1	1	1	1	1.27828	0.625363	0.625363	1	1	
0.000597035	-nan	0.626782	0.514284	1	1	1	1	1	1	1.2789	0.626782	0.626782	1	1	
0.000619441	-nan	0.628217	0.514971	1	1	1	1	1	1	1.27953	0.628217	0.628217	1	1	
0.000642688	-nan	0.629666	0.515666	1	1	1	1	1	1	1.28016	0.629666	0.629666	1	1	
0.000666807	-nan	0.63113	0.516369	1	1	1	1	1	1	1.2808	0.63113	0.63113	1	1	
0.000691831	-nan	0.632609	0.517081	1	1	1	1	1	1	1.28144	0.632609	0.632609	1	1	
0.000717794	-nan	0.634103	0.517801	1	1	1	1	1	1	1.2821	0.634103	0.634103	1	1	
0.000744732	-nan	0.635613	0.51853	1	1	1	1	1	1	1.28276	0.635613	0.635613	1	1	
0.000772681	-nan	0.637138	0.519268	1	1	1	1	1	1	1.28343	0.637138	0.637138	1	1	
0.000801678	-nan	0.638678	0.520015	1	1	1	1	1	1	1.28411	0.638678	0.638678	1	1	
0.000831764	-nan	0.640235	0.520772	1	1	1	1	1	1	1.28479	0.640235	0.640235	1	1	
0.000862979	-nan	0.641808	0.521538	1	1	1	1	1	1	1.28549	0.641808	0.641808	1	1	
0.000895365	-nan	0.643396	0.522314	1	1	1	1	1	1	1.28619	0.643396	0.643396	1	1	
0.000928966	-nan	0.645002	0.523101	1	1	1	1	1	1	1.2869	0.645002	0.645002	1	1	
0.000963829	-nan	0.646623	0.523898	1	1	1	1	1	1	1.28762	0.646623	0.646623	1	1	
0.001	-nan	0.648262	0.524705	1	1	1	1	1	1	1.28835	0.648262	0.648262	1	1	
0.00103753	-nan	0.649917	0.525524	1	1	1	1	1	1	1.28909	0.649917	0.649917	1	1	
0.00107647	-nan	0.651589	0.526354	1	1	1	1	1	1	1.28984	0.651589	0.651589	1	1	
0.00111686	-nan	0.653279	0.527195	1	1	1	1	1	1	1.29059	0.653279	0.653279	1	1	
0.00115878	-nan	0.654985	0.528048	1	1	1	1	1	1	1.29136	0.654985	0.654985	1	1	
0.00120226	-nan	0.65671	0.528913	1	1	1	1	1	1	1.29214	0.65671	0.65671	1	1	
0.00124738	-nan	0.658452	0.52979	1	1	1	1	1	1	1.29293	0.658452	0.658452	1	1	
0.0012942	-nan	0.660212	0.53068	1	1	1	1	1	1	1.29372	0.660212	0.660212	1	1	
0.00134276	-nan	0.66199	0.531584	1	1	1	1	1	1	1.29453	0.66199	0.66199	1	1	
0.00139316	-nan	0.663786	0.5325	1	1	1	1	1	1	1.29535	0.663786	0.663786	1	1	
0.00144544	-nan	0.665601	0.53343	1	1	1	1	1	1	1.29619	0.665601	0.665601	1	1	
0.00149968	-nan	0.667435	0.534375	1	1	1	1	1	1	1.29703	0.667435	0.667435	1	1	
0.00155597	-nan	0.669287	0.535333	1	1	1	1	1	1	1.29789	0.669287	0.669287	1	1	
0.00161436	-nan	0.671158	0.536307	1	1	1	1	1	1	1.29875	0.671158	0.671158	1	1	
0.00167494	-nan	0.673049	0.537296	1	1	1	1	1	1	1.29963	0.673049	0.673049	1	1	
0.0017378	-nan	0.674959	0.5383	1	1	1	1	1	1	1.30053	0.674959	0.674959	1	1	
0.00180302	-nan	0.676888	0.53932	1	1	1	1	1	1	1.30143	0.676888	0.676888	1	1	
0.00187068	-nan	0.678837	0.540357	1	1	1	1	1	1	1.30235	0.678837	0.678837	1	1	
0.00194089	-nan	0.680806	0.541411	1	1	1	1	1	1	1.30329	0.680806	0.680806	1	1	
0.00201372	-nan	0.682796	0.542481	1	1	1	1	1	1	1.30424	0.682796	0.682796	1	1	
0.0020893	-nan	0.684805	0.54357	1	1	1	1	1	1	1.3052	0.684805	0.684805	1	1	
0.0021677	-nan	0.686835	0.544677	1	1	1	1	1	1	1.30618	0.686835	0.686835	1	1	
0.00224905	-nan	0.688886	0.545802	1	1	1	1	1	1	1.30717	0.688886	0.688886	1	1	
0.00233346	-nan	0.690957	0.546947	1	1	1	1	1	1	1.30818	0.690957	0.690957	1	1	
0.00242103	-nan	0.69305	0.548112	1	1	1	1	1	1	1.3092	0.69305	0.69305	1	1	
0.00251189	-nan	0.695164	0.549297	1	1	1	1	1	1	1.31024	0.695164	0.695164	1	1	
0.00260615	-nan	0.697299	0.550502	1	1	1	1	1	1	1.31129	0.697299	0.697299	1	1	
0.00270396	-nan	0.699456	0.551729	1	1	1	1	1	1	1.31237	0.699456	0.699456	1	1	
0.00280543	-nan	0.701635	0.552979	1	1	1	1	1	1	1.31346	0.701635	0.701635	1	1	
0.00291072	-nan	0.703836	0.55425	1	1	1	1	1	1	1.31457	0.703836	0.703836	1	1	
0.00301995	-nan	0.706058	0.555545	1	1	1	1	1	1	1.31569	0.706058	0.706058	1	1	
0.00313329	-nan	0.708304	0.556864	1	1	1	1	1	1	1.31684	0.708304	0.708304	1	1	
0.00325087	-nan	0.710571	0.558207	1	1	1	1	1	1	1.318	0.710571	0.710571	1	1	
0.00337287	-nan	0.712862	0.559576	1	1	1	1	1	1	1.31919	0.712862	0.712862	1	1	
0.00349945	-nan	0.715175	0.56097	1	1	1	1	1	1	1.32039	0.715175	0.715175	1	1	
0.00363078	-nan	0.717512	0.562392	1	1	1	1	1	1	1.32161	0.717512	0.717512	1	1	
0.00376704	-nan	0.719871	0.56384	1	1	1	1	1	1	1.32286	0.719871	0.719871	1	1	
0.00390841	-nan	0.722255	0.565317	1	1	1	1	1	1	1.32412	0.722255	0.722255	1	1	
0.00405509	-nan	0.724661	0.566823	1	1	1	1	1	1	1.32541	0.724661	0.724661	1	1	
0.00420727	-nan	0.727092	0.568358	1	1	1	1	1	1	1.32672	0.727092	0.727092	1	1	
0.00436516	-nan	0.729546	0.569924	1	1	1	1	1	1	1.32805	0.729546	0.729546	1	1	
0.00452898	-nan	0.732025	0.571522	1	1	1	1	1	1	1.32941	0.732025	0.732025	1	1	
0.00469894	-nan	0.734528	0.573152	1	1	1	1	1	1	1.33079	0.734528	0.734528	1	1	
0.00487528	-nan	0.737055	0.574816	1	1	1	1	1	1	1.33219	0.737055	0.737055	1	1	
0.00505825	-nan	0.739606	0.576513	1	1	1	1	1	1	1.33362	0.739606	0.739606	1	1	
0.00524807	-nan	0.742183	0.578247	1	1	1	1	1	1	1.33507	0.742183	0.742183	1	1	
0.00544503	-nan	0.744784	0.580016	1	1	1	1	1	1	1.33655	0.744784	0.744784	1	1	
0.00564937	-nan	0.74741	0.581823	1	1	1	1	1	1	1.33806	0.74741	0.74741	1	1	
0.00586138	-nan	0.750062	0.583669	1	1	1	1	1	1	1.33959	0.750062	0.750062	1	1	
0.00608135	-nan	0.752739	0.585554	1	1	1	1	1	1	1.34115	0.752739	0.752739	1	1	
0.00630957	-nan	0.755441	0.58748	1	1	1	1	1	1	1.34274	0.755441	0.755441	1	1	
0.00654636	-nan	0.758168	0.589448	1	1	1	1	1	1	1.34436	0.758168	0.758168	1	1	
0.00679204	-nan	0.760921	0.59146	1	1	1	1	1	1	1.346	0.760921	0.760921	1	1	
0.00704693	-nan	0.7637	0.593516	1	1	1	1	1	1	1.34768	0.7637	0.7637	1	1	
0.00731139	-nan	0.766504	0.595617	1	1	1	1	1	1	1.34939	0.766504	0.766504	1	1	
0.00758578	-nan	0.769335	0.597767	1	1	1	1	1	1	1.35112	0.769335	0.769335	1	1	
0.00787046	-nan	0.772191	0.599965	1	1	1	1	1	1	1.35289	0.772191	0.772191	1	1	
0.00816582	-nan	0.775073	0.602213	1	1	1	1	1	1	1.3547	0.775073	0.775073	1	1	
0.00847227	-nan	0.777982	0.604513	1	1	1	1	1	1	1.35653	0.777982	0.777982	1	1	
0.00879023	-nan	0.780916	0.606866	1	1	1	1	1	1	1.3584	0.780916	0.780916	1	1	
0.00912011	-nan	0.783877	0.609274	1	1	1	1	1	1	1.3603	0.783877	0.783877	1	1	
0.00946237	-nan	0.786864	0.611738	1	1	1	1	1	1	1.36224	0.786864	0.786864	1	1	
0.00981748	-nan	0.789877	0.614261	1	1	1	1	1	1	1.36422	0.789877	0.789877	1	1	
0.0101859	-nan	0.792916	0.616844	1	1	1	1	1	1	1.36622	0.792916	0.792916	1	1	
0.0105682	-nan	0.795981	0.61949	1	1	1	1	1	1	1.36827	0.795981	0.795981	1	1	
0.0109648	-nan	0.799072	0.622199	1	1	1	1	1	1	1.37036	0.799072	0.799072	1	1	
0.0113763	-nan	0.80219	0.624974	1	1	1	1	1	1	1.37248	0.80219	0.80219	1	1	
0.0118032	-nan	0.805333	0.627817	1	1	1	1	1	1	1.37464	0.805333	0.805333	1	1	
0.0122462	-nan	0.808502	0.63073	1	1	1	1	1	1	1.37684	0.808502	0.808502	1	1	
0.0127057	-nan	0.811697	0.633715	1	1	1	1	1	1	1.37908	0.811697	0.811697	1	1	
0.0131826	-nan	0.814918	0.636775	1	1	1	1	1	1	1.38136	0.814918	0.814918	1	1	
0.0136773	-nan	0.818164	0.639912	1	1	1	1	1	1	1.38368	0.818164	0.818164	1	1	
0.0141906	-nan	0.821436	0.643128	1	1	1	1	1	1	1.38604	0.821436	0.821436	1	1	
0.0147231	-nan	0.824732	0.646426	1	1	1	1	1	1	1.38845	0.824732	0.824732	1	1	
0.0152757	-nan	0.828054	0.649809	1	1	1	1	1	1	1.39089	0.828054	0.828054	1	1	
0.0158489	-nan	0.8314	0.653279	1	1	1	1	1	1	1.39339	0.8314	0.8314	1	1	
0.0164437	-nan	0.834771	0.656839	1	1	1	1	1	1	1.39592	0.834771	0.834771	1	1	
0.0170608	-nan	0.838166	0.660492	1	1	1	1	1	1	1.3985	0.838166	0.838166	1	1	
0.0177011	-nan	0.841584	0.664241	1	1	1	1	1	1	1.40112	0.841584	0.841584	1	1	
0.0183654	-nan	0.845027	0.66809	1	1	1	1	1	1	1.40379	0.845027	0.845027	1	1	
0.0190546	-nan	0.848492	0.67204	1	1	1	1	1	1	1.40651	0.848492	0.848492	1	1	
0.0197697	-nan	0.85198	0.676097	1	1	1	1	1	1	1.40927	0.85198	0.85198	1	1	
0.0205116	-nan	0.85549	0.680262	1	1	1	1	1	1	1.41207	0.85549	0.85549	1	1	
0.0212814	-nan	0.859021	0.684541	1	1	1	1	1	1	1.41493	0.859021	0.859021	1	1	
0.02208	-nan	0.862574	0.688936	1	1	1	1	1	1	1.41782	0.862574	0.862574	1	1	
0.0229087	-nan	0.866148	0.693451	1	1	1	1	1	1	1.42077	0.866148	0.866148	1	1	
0.0237684	-nan	0.869741	0.698091	1	1	1	1	1	1	1.42376	0.869741	0.869741	1	1	
0.0246604	-nan	0.873354	0.702859	1	1	1	1	1	1	1.4268	0.873354	0.873354	1	1	
0.0255859	-nan	0.876985	0.707761	1	1	1	1	1	1	1.42989	0.876985	0.876985	1	1	
0.0265461	-nan	0.880634	0.7128	1	1	1	1	1	1	1.43302	0.880634	0.880634	1	1	
0.0275423	-nan	0.8843	0.717981	1	1	1	1	1	1	1.4362	0.8843	0.8843	1	1	
0.0285759	-nan	0.887982	0.723308	1	1	1	1	1	1	1.43942	0.887982	0.887982	1	1	
0.0296483	-nan	0.891679	0.728788	1	1	1	1	1	1	1.44269	0.891679	0.891679	1	1	
0.030761	-nan	0.89539	0.734425	1	1	1	1	1	1	1.44601	0.89539	0.89539	1	1	
0.0319154	-nan	0.899114	0.740225	1	1	1	1	1	1	1.44937	0.899114	0.899114	1	1	
0.0331131	-nan	0.90285	0.746192	1	1	1	1	1	1	1.45277	0.90285	0.90285	1	1	
0.0343558	-nan	0.906597	0.752334	1	1	1	1	1	1	1.45622	0.906597	0.906597	1	1	
0.0356451	-nan	0.910354	0.758655	1	1	1	1	1	1	1.4597	0.910354	0.910354	1	1	
0.0369828	-nan	0.914118	0.765163	1	1	1	1	1	1	1.46323	0.914118	0.914118	1	1	
0.0383707	-nan	0.917889	0.771863	1	1	1	1	1	1	1.4668	0.917889	0.917889	1	1	
0.0398107	-nan	0.921666	0.778763	1	1	1	1	1	1	1.4704	0.921666	0.921666	1	1	
0.0413048	-nan	0.925446	0.78587	1	1	1	1	1	1	1.47404	0.925446	0.925446	1	1	
0.0428549	-nan	0.929227	0.793191	1	1	1	1	1	1	1.47771	0.929227	0.929227	1	1	
0.0444631	-nan	0.933009	0.800733	1	1	1	1	1	1	1.48141	0.933009	0.933009	1	1	
0.0461318	-nan	0.936789	0.808504	1	1	1	1	1	1	1.48515	0.936789	0.936789	1	1	
0.047863	-nan	0.940565	0.816513	1	1	1	1	1	1	1.48891	0.940565	0.940565	1	1	
0.0496592	-nan	0.944335	0.824769	1	1	1	1	1	1	1.49269	0.944335	0.944335	1	1	
0.0515229	-nan	0.948097	0.833279	1	1	1	1	1	1	1.49649	0.948097	0.948097	1	1	
0.0534564	-nan	0.951848	0.842054	1	1	1	1	1	1	1.50031	0.951848	0.951848	1	1	
0.0554626	-nan	0.955586	0.851102	1	1	1	1	1	1	1.50413	0.955586	0.955586	1	1	
0.057544	-nan	0.959309	0.860435	1	1	1	1	1	1	1.50797	0.959309	0.959309	1	1	
0.0597035	-nan	0.963013	0.870061	1	1	1	1	1	1	1.51181	0.963013	0.963013	1	1	
0.0619441	-nan	0.966696	0.879993	1	1	1	1	1	1	1.51565	0.966696	0.966696	1	1	
0.0642688	-nan	0.970354	0.890242	1	1	1	1	1	1	1.51948	0.970354	0.970354	1	1	
0.0666807	-nan	0.973984	0.900818	1	1	1	1	1	1	1.5233	0.973984	0.973984	1	1	
0.0691831	-nan	0.977584	0.911735	1	1	1	1	1	1	1.5271	0.977584	0.977584	1	1	
0.0717794	-nan	0.981149	0.923005	1	1	1	1	1	1	1.53087	0.981149	0.981149	1	1	
0.0744732	-nan	0.984675	0.934642	1	1	1	1	1	1	1.53461	0.984675	0.984675	1	1	
0.0772681	-nan	0.988159	0.946659	1	1	1	1	1	1	1.5383	0.988159	0.988159	1	1	
0.0801678	-nan	0.991597	0.95907	1	1	1	1	1	1	1.54194	0.991597	0.991597	1	1	
0.0831764	-nan	0.994984	0.971892	1	1	1	1	1	1	1.54553	0.994984	0.994984	1	1	
0.0862979	-nan	0.998315	0.985138	1	1	1	1	1	1	1.54904	0.998315	0.998315	1	1	
0.0895365	-nan	1.00159	0.998826	1	1	1	1	1	1	1.55247	1.00159	1.00159	1	1	
0.0928966	-nan	1.00479	1.01297	1	1	1	1	1	1	1.55581	1.00479	1.00479	1	1	
0.0963829	-nan	1.00793	1.0276	1	1	1	1	1	1	1.55904	1.00793	1.00793	1	1	
0.1	-nan	1.01099	1.04271	1	1	1	1	1	1	1.56215	1.01099	1.01099	1	1	
0.103614	-nan	1.01386	1.05777	1	1	1	1	1	1	1.56502	1.01386	1.01386	1	1	
0.107229	-nan	1.01656	1.07278	1	1	1	1	1	1	1.56767	1.01656	1.01656	1	1	
0.110843	-nan	1.01909	1.08775	1	1	1	1	1	1	1.57009	1.01909	1.01909	1	1	
0.114458	-nan	1.02146	1.10268	1	1	1	1	1	1	1.5723	1.02146	1.02146	1	1	
0.118072	-nan	1.02368	1.11757	1	1	1	1	1	1	1.5743	1.02368	1.02368	1	1	
0.121687	-nan	1.02576	1.13243	1	1	1	1	1	1	1.57609	1.02576	1.02576	1	1	
0.125301	-nan	1.0277	1.14726	1	1	1	1	1	1	1.57769	1.0277	1.0277	1	1	
0.128916	-nan	1.02951	1.16206	1	1	1	1	1	1	1.57909	1.02951	1.02951	1	1	
0.13253	-nan	1.0312	1.17684	1	1	1	1	1	1	1.58031	1.0312	1.0312	1	1	
0.136145	-nan	1.03277	1.19159	1	1	1	1	1	1	1.58134	1.03277	1.03277	1	1	
0.139759	-nan	1.03423	1.20632	1	1	1	1	1	1	1.58219	1.03423	1.03423	1	1	
0.143373	-nan	1.03557	1.22103	1	1	1	1	1	1	1.58287	1.03557	1.03557	1	1	
0.146988	-nan	1.03681	1.23572	1	1	1	1	1	1	1.58337	1.03681	1.03681	1	1	
0.150602	-nan	1.03795	1.25039	1	1	1	1	1	1	1.58371	1.03795	1.03795	1	1	
0.154217	-nan	1.039	1.26505	1	1	1	1	1	1	1.58388	1.039	1.039	1	1	
0.157831	-nan	1.03995	1.27969	1	1	1	1	1	1	1.58389	1.03995	1.03995	1	1	
0.161446	-nan	1.04081	1.29431	1	1	1	1	1	1	1.58375	1.04081	1.04081	1	1	
0.16506	-nan	1.04158	1.30893	1	1	1	1	1	1	1.58345	1.04158	1.04158	1	1	
0.168675	-nan	1.04227	1.32353	1	1	1	1	1	1	1.58299	1.04227	1.04227	1	1	
0.172289	-nan	1.04288	1.33812	1	1	1	1	1	1	1.58239	1.04288	1.04288	1	1	
0.175904	-nan	1.04341	1.3527	1	1	1	1	1	1	1.58165	1.04341	1.04341	1	1	
0.179518	-nan	1.04386	1.36727	1	1	1	1	1	1	1.58076	1.04386	1.04386	1	1	
0.183133	-nan	1.04424	1.38184	1	1	1	1	1	1	1.57973	1.04424	1.04424	1	1	
0.186747	-nan	1.04455	1.39639	1	1	1	1	1	1	1.57856	1.04455	1.04455	1	1	
0.190361	-nan	1.04479	1.41094	1	1	1	1	1	1	1.57725	1.04479	1.04479	1	1	
0.193976	-nan	1.04497	1.42548	1	1	1	1	1	1	1.57582	1.04497	1.04497	1	1	
0.19759	-nan	1.04508	1.44001	1	1	1	1	1	1	1.57425	1.04508	1.04508	1	1	
0.201205	-nan	1.04512	1.45454	1	1	1	1	1	1	1.57255	1.04512	1.04512	1	1	
0.204819	-nan	1.04511	1.46905	1	1	1	1	1	1	1.57073	1.04511	1.04511	1	1	
0.208434	-nan	1.04504	1.48357	1	1	1	1	1	1	1.56878	1.04504	1.04504	1	1	
0.212048	-nan	1.04491	1.49808	1	1	1	1	1	1	1.56671	1.04491	1.04491	1	1	
0.215663	-nan	1.04473	1.51258	1	1	1	1	1	1	1.56453	1.04473	1.04473	1	1	
0.219277	-nan	1.04449	1.52708	1	1	1	1	1	1	1.56222	1.04449	1.04449	1	1	
0.222892	-nan	1.0442	1.54157	1	1	1	1	1	1	1.5598	1.0442	1.0442	1	1	
0.226506	-nan	1.04385	1.55606	1	1	1	1	1	1	1.55726	1.04385	1.04385	1	1	
0.23012	-nan	1.04346	1.57054	1	1	1	1	1	1	1.55461	1.04346	1.04346	1	1	
0.233735	-nan	1.04302	1.58502	1	1	1	1	1	1	1.55185	1.04302	1.04302	1	1	
0.237349	-nan	1.04254	1.59949	1	1	1	1	1	1	1.54899	1.04254	1.04254	1	1	
0.240964	-nan	1.042	1.61396	1	1	1	1	1	1	1.54602	1.042	1.042	1	1	
0.244578	-nan	1.04143	1.62843	1	1	1	1	1	1	1.54294	1.04143	1.04143	1	1	
0.248193	-nan	1.04081	1.64288	1	1	1	1	1	1	1.53976	1.04081	1.04081	1	1	
0.251807	-nan	1.04015	1.65734	1	1	1	1	1	1	1.53648	1.04015	1.04015	1	1	
0.255422	-nan	1.03944	1.67179	1	1	1	1	1	1	1.5331	1.03944	1.03944	1	1	
0.259036	-nan	1.0387	1.68623	1	1	1	1	1	1	1.52962	1.0387	1.0387	1	1	
0.262651	-nan	1.03792	1.70067	1	1	1	1	1	1	1.52605	1.03792	1.03792	1	1	
0.266265	-nan	1.0371	1.71511	1	1	1	1	1	1	1.52239	1.0371	1.0371	1	1	
0.26988	-nan	1.03624	1.72954	1	1	1	1	1	1	1.51863	1.03624	1.03624	1	1	
0.273494	-nan	1.03535	1.74396	1	1	1	1	1	1	1.51479	1.03535	1.03535	1	1	
0.277108	-nan	1.03443	1.75838	1	1	1	1	1	1	1.51085	1.03443	1.03443	1	1	
0.280723	-nan	1.03346	1.77279	1	1	1	1	1	1	1.50683	1.03346	1.03346	1	1	
0.284337	-nan	1.03247	1.78719	1	1	1	1	1	1	1.50272	1.03247	1.03247	1	1	
0.287952	-nan	1.03144	1.80159	1	1	1	1	1	1	1.49854	1.03144	1.03144	1	1	
0.291566	-nan	1.03039	1.81599	1	1	1	1	1	1	1.49427	1.03039	1.03039	1	1	
0.295181	-nan	1.0293	1.83037	1	1	1	1	1	1	1.48992	1.0293	1.0293	1	1	
0.298795	-nan	1.02818	1.84475	1	1	1	1	1	1	1.48549	1.02818	1.02818	1	1	
0.30241	-nan	1.02703	1.85912	1	1	1	1	1	1	1.48099	1.02703	1.02703	1	1	
0.306024	-nan	1.02586	1.87348	1	1	1	1	1	1	1.47641	1.02586	1.02586	1	1	
0.309639	-nan	1.02465	1.88784	1	1	1	1	1	1	1.47176	1.02465	1.02465	1	1	
0.313253	-nan	1.02342	1.90219	1	1	1	1	1	1	1.46704	1.02342	1.02342	1	1	
0.316867	-nan	1.02217	1.91652	1	1	1	1	1	1	1.46225	1.02217	1.02217	1	1	
0.320482	-nan	1.02089	1.93085	1	1	1	1	1	1	1.4574	1.02089	1.02089	1	1	
0.324096	-nan	1.01958	1.94517	1	1	1	1	1	1	1.45248	1.01958	1.01958	1	1	
0.327711	-nan	1.01825	1.95948	1	1	1	1	1	1	1.44749	1.01825	1.01825	1	1	
0.331325	-nan	1.0169	1.97378	1	1	1	1	1	1	1.44244	1.0169	1.0169	1	1	
0.33494	-nan	1.01552	1.98807	1	1	1	1	1	1	1.43734	1.01552	1.01552	1	1	
0.338554	-nan	1.01412	2.00235	1	1	1	1	1	1	1.43217	1.01412	1.01412	1	1	
0.342169	-nan	1.0127	2.01662	1	1	1	1	1	1	1.42695	1.0127	1.0127	1	1	
0.345783	-nan	1.01126	2.03088	1	1	1	1	1	1	1.42167	1.01126	1.01126	1	1	
0.349398	-nan	1.0098	2.04513	1	1	1	1	1	1	1.41634	1.0098	1.0098	1	1	
0.353012	-nan	1.00831	2.05936	1	1	1	1	1	1	1.41096	1.00831	1.00831	1	1	
0.356627	-nan	1.00681	2.07358	1	1	1	1	1	1	1.40553	1.00681	1.00681	1	1	
0.360241	-nan	1.00529	2.08779	1	1	1	1	1	1	1.40005	1.00529	1.00529	1	1	
0.363855	-nan	1.00376	2.10198	1	1	1	1	1	1	1.39453	1.00376	1.00376	1	1	
0.36747	-nan	1.0022	2.11617	1	1	1	1	1	1	1.38896	1.0022	1.0022	1	1	
0.371084	-nan	1.00063	2.13033	1	1	1	1	1	1	1.38334	1.00063	1.00063	1	1	
0.374699	-nan	0.999036	2.14449	1	1	1	1	1	1	1.37769	0.999036	0.999036	1	1	
0.378313	-nan	0.99743	2.15862	1	1	1	1	1	1	1.372	0.99743	0.99743	1	1	
0.381928	-nan	0.995808	2.17275	1	1	1	1	1	1	1.36627	0.995808	0.995808	1	1	
0.385542	-nan	0.99417	2.18685	1	1	1	1	1	1	1.3605	0.99417	0.99417	1	1	
0.389157	-nan	0.992518	2.20095	1	1	1	1	1	1	1.3547	0.992518	0.992518	1	1	
0.392771	-nan	0.990852	2.21502	1	1	1	1	1	1	1.34887	0.990852	0.990852	1	1	
0.396386	-nan	0.989172	2.22908	1	1	1	1	1	1	1.34301	0.989172	0.989172	1	1	
0.4	-nan	0.987478	2.24312	1	1	1	1	1	1	1.33712	0.987478	0.987478	1	1	
0.403614	-nan	0.985771	2.25714	1	1	1	1	1	1	1.3312	0.985771	0.985771	1	1	
0.407229	-nan	0.984052	2.27115	1	1	1	1	1	1	1.32525	0.984052	0.984052	1	1	
0.410843	-nan	0.98232	2.28514	1	1	1	1	1	1	1.31928	0.98232	0.98232	1	1	
0.414458	-nan	0.980577	2.29911	1	1	1	1	1	1	1.31329	0.980577	0.980577	1	1	
0.418072	-nan	0.978822	2.31306	1	1	1	1	1	1	1.30728	0.978822	0.978822	1	1	
0.421687	-nan	0.977057	2.32699	1	1	1	1	1	1	1.30125	0.977057	0.977057	1	1	
0.425301	-nan	0.97528	2.34089	1	1	1	1	1	1	1.2952	0.97528	0.97528	1	1	
0.428916	-nan	0.973494	2.35478	1	1	1	1	1	1	1.28914	0.973494	0.973494	1	1	
0.43253	-nan	0.971698	2.36865	1	1	1	1	1	1	1.28306	0.971698	0.971698	1	1	
0.436145	-nan	0.969892	2.3825	1	1	1	1	1	1	1.27698	0.969892	0.969892	1	1	
0.439759	-nan	0.968077	2.39633	1	1	1	1	1	1	1.27087	0.968077	0.968077	1	1	
0.443373	-nan	0.966253	2.41013	1	1	1	1	1	1	1.26476	0.966253	0.966253	1	1	
0.446988	-nan	0.964422	2.42391	1	1	1	1	1	1	1.25865	0.964422	0.964422	1	1	
0.450602	-nan	0.962581	2.43767	1	1	1	1	1	1	1.25252	0.962581	0.962581	1	1	
0.454217	-nan	0.960734	2.45141	1	1	1	1	1	1	1.24639	0.960734	0.960734	1	1	
0.457831	-nan	0.958879	2.46512	1	1	1	1	1	1	1.24026	0.958879	0.958879	1	1	
0.461446	-nan	0.957016	2.47881	1	1	1	1	1	1	1.23413	0.957016	0.957016	1	1	
0.46506	-nan	0.955147	2.49248	1	1	1	1	1	1	1.22799	0.955147	0.955147	1	1	
0.468675	-nan	0.953272	2.50612	1	1	1	1	1	1	1.22186	0.953272	0.953272	1	1	
0.472289	-nan	0.951391	2.51973	1	1	1	1	1	1	1.21572	0.951391	0.951391	1	1	
0.475904	-nan	0.949503	2.53332	1	1	1	1	1	1	1.2096	0.949503	0.949503	1	1	
0.479518	-nan	0.94761	2.54689	1	1	1	1	1	1	1.20347	0.94761	0.94761	1	1	
0.483133	-nan	0.945712	2.56043	1	1	1	1	1	1	1.19736	0.945712	0.945712	1	1	
0.486747	-nan	0.943809	2.57394	1	1	1	1	1	1	1.19125	0.943809	0.943809	1	1	
0.490361	-nan	0.941902	2.58742	1	1	1	1	1	1	1.18515	0.941902	0.941902	1	1	
0.493976	-nan	0.93999	2.60088	1	1	1	1	1	1	1.17906	0.93999	0.93999	1	1	
0.49759	-nan	0.938074	2.61431	1	1	1	1	1	1	1.17298	0.938074	0.938074	1	1	
0.501205	-nan	0.936154	2.62772	1	1	1	1	1	1	1.16691	0.936154	0.936154	1	1	
0.504819	-nan	0.93423	2.64109	1	1	1	1	1	1	1.16086	0.93423	0.93423	1	1	
0.508434	-nan	0.932303	2.65444	1	1	1	1	1	1	1.15482	0.932303	0.932303	1	1	
0.512048	-nan	0.930373	2.66776	1	1	1	1	1	1	1.1488	0.930373	0.930373	1	1	
0.515663	-nan	0.92844	2.68105	1	1	1	1	1	1	1.14279	0.92844	0.92844	1	1	
0.519277	-nan	0.926505	2.69431	1	1	1	1	1	1	1.1368	0.926505	0.926505	1	1	
0.522892	-nan	0.924567	2.70754	1	1	1	1	1	1	1.13084	0.924567	0.924567	1	1	
0.526506	-nan	0.922628	2.72074	1	1	1	1	1	1	1.12489	0.922628	0.922628	1	1	
0.53012	-nan	0.920686	2.73391	1	1	1	1	1	1	1.11896	0.920686	0.920686	1	1	
0.533735	-nan	0.918743	2.74705	1	1	1	1	1	1	1.11306	0.918743	0.918743	1	1	
0.537349	-nan	0.916798	2.76016	1	1	1	1	1	1	1.10718	0.916798	0.916798	1	1	
0.540964	-nan	0.914852	2.77324	1	1	1	1	1	1	1.10132	0.914852	0.914852	1	1	
0.544578	-nan	0.912905	2.78629	1	1	1	1	1	1	1.09549	0.912905	0.912905	1	1	
0.548193	-nan	0.910957	2.7993	1	1	1	1	1	1	1.08968	0.910957	0.910957	1	1	
0.551807	-nan	0.909009	2.81229	1	1	1	1	1	1	1.0839	0.909009	0.909009	1	1	
0.555422	-nan	0.90706	2.82524	1	1	1	1	1	1	1.07815	0.90706	0.90706	1	1	
0.559036	-nan	0.905111	2.83816	1	1	1	1	1	1	1.07242	0.905111	0.905111	1	1	
0.562651	-nan	0.903162	2.85104	1	1	1	1	1	1	1.06673	0.903162	0.903162	1	1	
0.566265	-nan	0.901214	2.8639	1	1	1	1	1	1	1.06106	0.901214	0.901214	1	1	
0.56988	-nan	0.899265	2.87672	1	1	1	1	1	1	1.05542	0.899265	0.899265	1	1	
0.573494	-nan	0.897317	2.8895	1	1	1	1	1	1	1.04982	0.897317	0.897317	1	1	
0.577108	-nan	0.89537	2.90226	1	1	1	1	1	1	1.04424	0.89537	0.89537	1	1	
0.580723	-nan	0.893424	2.91498	1	1	1	1	1	1	1.0387	0.893424	0.893424	1	1	
0.584337	-nan	0.891479	2.92766	1	1	1	1	1	1	1.03319	0.891479	0.891479	1	1	
0.587952	-nan	0.889536	2.94031	1	1	1	1	1	1	1.02771	0.889536	0.889536	1	1	
0.591566	-nan	0.887593	2.95293	1	1	1	1	1	1	1.02227	0.887593	0.887593	1	1	
0.595181	-nan	0.885653	2.96551	1	1	1	1	1	1	1.01686	0.885653	0.885653	1	1	
0.598795	-nan	0.883714	2.97805	1	1	1	1	1	1	1.01149	0.883714	0.883714	1	1	
0.60241	-nan	0.881777	2.99057	1	1	1	1	1	1	1.00615	0.881777	0.881777	1	1	
0.606024	-nan	0.879842	3.00304	1	1	1	1	1	1	1.00085	0.879842	0.879842	1	1	
0.609639	-nan	0.877909	3.01548	1	1	1	1	1	1	0.995579	0.877909	0.877909	1	1	
0.613253	-nan	0.875979	3.02788	1	1	1	1	1	1	0.990348	0.875979	0.875979	1	1	
0.616867	-nan	0.874051	3.04025	1	1	1	1	1	1	0.985154	0.874051	0.874051	1	1	
0.620482	-nan	0.872125	3.05258	1	1	1	1	1	1	0.979997	0.872125	0.872125	1	1	
0.624096	-nan	0.870203	3.06488	1	1	1	1	1	1	0.974877	0.870203	0.870203	1	1	
0.627711	-nan	0.868283	3.07714	1	1	1	1	1	1	0.969795	0.868283	0.868283	1	1	
0.631325	-nan	0.866367	3.08936	1	1	1	1	1	1	0.96475	0.866367	0.866367	1	1	
0.63494	-nan	0.864453	3.10155	1	1	1	1	1	1	0.959744	0.864453	0.864453	1	1	
0.638554	-nan	0.862543	3.11369	1	1	1	1	1	1	0.954776	0.862543	0.862543	1	1	
0.642169	-nan	0.860636	3.12581	1	1	1	1	1	1	0.949846	0.860636	0.860636	1	1	
0.645783	-nan	0.858733	3.13788	1	1	1	1	1	1	0.944955	0.858733	0.858733	1	1	
0.649398	-nan	0.856833	3.14992	1	1	1	1	1	1	0.940103	0.856833	0.856833	1	1	
0.653012	-nan	0.854937	3.16192	1	1	1	1	1	1	0.93529	0.854937	0.854937	1	1	
0.656627	-nan	0.853045	3.17388	1	1	1	1	1	1	0.930516	0.853045	0.853045	1	1	
0.660241	-nan	0.851157	3.1858	1	1	1	1	1	1	0.925781	0.851157	0.851157	1	1	
0.663855	-nan	0.849273	3.19769	1	1	1	1	1	1	0.921086	0.849273	0.849273	1	1	
0.66747	-nan	0.847393	3.20953	1	1	1	1	1	1	0.91643	0.847393	0.847393	1	1	
0.671084	-nan	0.845518	3.22134	1	1	1	1	1	1	0.911813	0.845518	0.845518	1	1	
0.674699	-nan	0.843646	3.23311	1	1	1	1	1	1	0.907236	0.843646	0.843646	1	1	
0.678313	-nan	0.84178	3.24485	1	1	1	1	1	1	0.902699	0.84178	0.84178	1	1	
0.681928	-nan	0.839918	3.25654	1	1	1	1	1	1	0.898201	0.839918	0.839918	1	1	
0.685542	-nan	0.83806	3.26819	1	1	1	1	1	1	0.893742	0.83806	0.83806	1	1	
0.689157	-nan	0.836207	3.27981	1	1	1	1	1	1	0.889323	0.836207	0.836207	1	1	
0.692771	-nan	0.834359	3.29139	1	1	1	1	1	1	0.884943	0.834359	0.834359	1	1	
0.696386	-nan	0.832516	3.30293	1	1	1	1	1	1	0.880603	0.832516	0.832516	1	1	
0.7	-nan	0.830678	3.31443	1	1	1	1	1	1	0.876302	0.830678	0.830678	1	1	
0.703614	-nan	0.828845	3.32589	1	1	1	1	1	1	0.87204	0.828845	0.828845	1	1	
0.707229	-nan	0.827017	3.33731	1	1	1	1	1	1	0.867818	0.827017	0.827017	1	1	
0.710843	-nan	0.825194	3.34869	1	1	1	1	1	1	0.863634	0.825194	0.825194	1	1	
0.714458	-nan	0.823376	3.36004	1	1	1	1	1	1	0.859489	0.823376	0.823376	1	1	
0.718072	-nan	0.821564	3.37134	1	1	1	1	1	1	0.855384	0.821564	0.821564	1	1	
0.721687	-nan	0.819758	3.38261	1	1	1	1	1	1	0.851316	0.819758	0.819758	1	1	
0.725301	-nan	0.817956	3.39383	1	1	1	1	1	1	0.847288	0.817956	0.817956	1	1	
0.728916	-nan	0.816161	3.40502	1	1	1	1	1	1	0.843298	0.816161	0.816161	1	1	
0.73253	-nan	0.814371	3.41617	1	1	1	1	1	1	0.839346	0.814371	0.814371	1	1	
0.736145	-nan	0.812586	3.42727	1	1	1	1	1	1	0.835432	0.812586	0.812586	1	1	
0.739759	-nan	0.810807	3.43834	1	1	1	1	1	1	0.831556	0.810807	0.810807	1	1	
0.743373	-nan	0.809035	3.44937	1	1	1	1	1	1	0.827717	0.809035	0.809035	1	1	
0.746988	-nan	0.807267	3.46036	1	1	1	1	1	1	0.823916	0.807267	0.807267	1	1	
0.750602	-nan	0.805506	3.47131	1	1	1	1	1	1	0.820153	0.805506	0.805506	1	1	
0.754217	-nan	0.803751	3.48222	1	1	1	1	1	1	0.816426	0.803751	0.803751	1	1	
0.757831	-nan	0.802002	3.49309	1	1	1	1	1	1	0.812736	0.802002	0.802002	1	1	
0.761446	-nan	0.800258	3.50392	1	1	1	1	1	1	0.809083	0.800258	0.800258	1	1	
0.76506	-nan	0.798521	3.51471	1	1	1	1	1	1	0.805467	0.798521	0.798521	1	1	
0.768675	-nan	0.79679	3.52546	1	1	1	1	1	1	0.801886	0.79679	0.79679	1	1	
0.772289	-nan	0.795065	3.53617	1	1	1	1	1	1	0.798342	0.795065	0.795065	1	1	
0.775904	-nan	0.793347	3.54684	1	1	1	1	1	1	0.794833	0.793347	0.793347	1	1	
0.779518	-nan	0.791634	3.55747	1	1	1	1	1	1	0.791359	0.791634	0.791634	1	1	
0.783133	-nan	0.789928	3.56806	1	1	1	1	1	1	0.787921	0.789928	0.789928	1	1	
0.786747	-nan	0.788228	3.57862	1	1	1	1	1	1	0.784518	0.788228	0.788228	1	1	
0.790361	-nan	0.786535	3.58913	1	1	1	1	1	1	0.781149	0.786535	0.786535	1	1	
0.793976	-nan	0.784848	3.5996	1	1	1	1	1	1	0.777815	0.784848	0.784848	1	1	
0.79759	-nan	0.783167	3.61004	1	1	1	1	1	1	0.774515	0.783167	0.783167	1	1	
0.801205	-nan	0.781493	3.62043	1	1	1	1	1	1	0.771248	0.781493	0.781493	1	1	
0.804819	-nan	0.779825	3.63078	1	1	1	1	1	1	0.768016	0.779825	0.779825	1	1	
0.808434	-nan	0.778163	3.6411	1	1	1	1	1	1	0.764816	0.778163	0.778163	1	1	
0.812048	-nan	0.776509	3.65138	1	1	1	1	1	1	0.76165	0.776509	0.776509	1	1	
0.815663	-nan	0.774861	3.66161	1	1	1	1	1	1	0.758516	0.774861	0.774861	1	1	
0.819277	-nan	0.773219	3.67181	1	1	1	1	1	1	0.755415	0.773219	0.773219	1	1	
0.822892	-nan	0.771584	3.68197	1	1	1	1	1	1	0.752346	0.771584	0.771584	1	1	
0.826506	-nan	0.769955	3.69208	1	1	1	1	1	1	0.749309	0.769955	0.769955	1	1	
0.83012	-nan	0.768334	3.70216	1	1	1	1	1	1	0.746304	0.768334	0.768334	1	1	
0.833735	-nan	0.766718	3.7122	1	1	1	1	1	1	0.743329	0.766718	0.766718	1	1	
0.837349	-nan	0.76511	3.7222	1	1	1	1	1	1	0.740386	0.76511	0.76511	1	1	
0.840964	-nan	0.763508	3.73216	1	1	1	1	1	1	0.737474	0.763508	0.763508	1	1	
0.844578	-nan	0.761913	3.74208	1	1	1	1	1	1	0.734592	0.761913	0.761913	1	1	
0.848193	-nan	0.760325	3.75197	1	1	1	1	1	1	0.73174	0.760325	0.760325	1	1	
0.851807	-nan	0.758743	3.76181	1	1	1	1	1	1	0.728918	0.758743	0.758743	1	1	
0.855422	-nan	0.757168	3.77162	1	1	1	1	1	1	0.726126	0.757168	0.757168	1	1	
0.859036	-nan	0.7556	3.78138	1	1	1	1	1	1	0.723363	0.7556	0.7556	1	1	
0.862651	-nan	0.754039	3.79111	1	1	1	1	1	1	0.720629	0.754039	0.754039	1	1	
0.866265	-nan	0.752484	3.8008	1	1	1	1	1	1	0.717923	0.752484	0.752484	1	1	
0.86988	-nan	0.750936	3.81045	1	1	1	1	1	1	0.715246	0.750936	0.750936	1	1	
0.873494	-nan	0.749395	3.82006	1	1	1	1	1	1	0.712598	0.749395	0.749395	1	1	
0.877108	-nan	0.747861	3.82963	1	1	1	1	1	1	0.709976	0.747861	0.747861	1	1	
0.880723	-nan	0.746333	3.83917	1	1	1	1	1	1	0.707383	0.746333	0.746333	1	1	
0.884337	-nan	0.744813	3.84867	1	1	1	1	1	1	0.704817	0.744813	0.744813	1	1	
0.887952	-nan	0.743299	3.85812	1	1	1	1	1	1	0.702277	0.743299	0.743299	1	1	
0.891566	-nan	0.741792	3.86754	1	1	1	1	1	1	0.699765	0.741792	0.741792	1	1	
0.895181	-nan	0.740291	3.87693	1	1	1	1	1	1	0.697279	0.740291	0.740291	1	1	
0.898795	-nan	0.738798	3.88627	1	1	1	1	1	1	0.694819	0.738798	0.738798	1	1	
0.90241	-nan	0.737311	3.89558	1	1	1	1	1	1	0.692384	0.737311	0.737311	1	1	
0.906024	-nan	0.735831	3.90484	1	1	1	1	1	1	0.689976	0.735831	0.735831	1	1	
0.909639	-nan	0.734358	3.91407	1	1	1	1	1	1	0.687592	0.734358	0.734358	1	1	
0.913253	-nan	0.732892	3.92327	1	1	1	1	1	1	0.685234	0.732892	0.732892	1	1	
0.916867	-nan	0.731433	3.93242	1	1	1	1	1	1	0.6829	0.731433	0.731433	1	1	
0.920482	-nan	0.72998	3.94154	1	1	1	1	1	1	0.680591	0.72998	0.72998	1	1	
0.924096	-nan	0.728534	3.95062	1	1	1	1	1	1	0.678305	0.728534	0.728534	1	1	
0.927711	-nan	0.727095	3.95966	1	1	1	1	1	1	0.676044	0.727095	0.727095	1	1	
0.931325	-nan	0.725663	3.96867	1	1	1	1	1	1	0.673807	0.725663	0.725663	1	1	
0.93494	-nan	0.724237	3.97764	1	1	1	1	1	1	0.671592	0.724237	0.724237	1	1	
0.938554	-nan	0.722818	3.98657	1	1	1	1	1	1	0.669401	0.722818	0.722818	1	1	
0.942169	-nan	0.721406	3.99547	1	1	1	1	1	1	0.667233	0.721406	0.721406	1	1	
0.945783	-nan	0.720001	4.00432	1	1	1	1	1	1	0.665087	0.720001	0.720001	1	1	
0.949398	-nan	0.718603	4.01315	1	1	1	1	1	1	0.662964	0.718603	0.718603	1	1	
0.953012	-nan	0.717211	4.02193	1	1	1	1	1	1	0.660863	0.717211	0.717211	1	1	
0.956627	-nan	0.715826	4.03068	1	1	1	1	1	1	0.658783	0.715826	0.715826	1	1	
0.960241	-nan	0.714447	4.03939	1	1	1	1	1	1	0.656725	0.714447	0.714447	1	1	
0.963855	-nan	0.713075	4.04807	1	1	1	1	1	1	0.654689	0.713075	0.713075	1	1	
0.96747	-nan	0.71171	4.05671	1	1	1	1	1	1	0.652673	0.71171	0.71171	1	1	
0.971084	-nan	0.710352	4.06532	1	1	1	1	1	1	0.650678	0.710352	0.710352	1	1	
0.974699	-nan	0.709	4.07388	1	1	1	1	1	1	0.648704	0.709	0.709	1	1	
0.978313	-nan	0.707655	4.08242	1	1	1	1	1	1	0.64675	0.707655	0.707655	1	1	
0.981928	-nan	0.706317	4.09091	1	1	1	1	1	1	0.644817	0.706317	0.706317	1	1	
0.985542	-nan	0.704985	4.09938	1	1	1	1	1	1	0.642903	0.704985	0.704985	1	1	
0.989157	-nan	0.70366	4.1078	1	1	1	1	1	1	0.641009	0.70366	0.70366	1	1	
0.992771	-nan	0.702341	4.11619	1	1	1	1	1	1	0.639134	0.702341	0.702341	1	1	
0.996386	-nan	0.701029	4.12455	1	1	1	1	1	1	0.637278	0.701029	0.701029	1	1	
1	-nan	-nan	-nan	-nan	-nan	-nan	-nan	-nan	-nan	-nan	-nan	-nan	-nan	-nan	
