1e-05	-nan	0.39289	0.649294	1	1	1	1	1	1	0.733128	0.39289	0.39289	1	1	
1.03753e-05	-nan	0.393309	0.649218	1	1	1	1	1	1	0.734624	0.393309	0.393309	1	1	
1.07647e-05	-nan	0.393736	0.649142	1	1	1	1	1	1	0.736125	0.393736	0.393736	1	1	
1.11686e-05	-nan	0.394168	0.649066	1	1	1	1	1	1	0.73763	0.394168	0.394168	1	1	
1.15878e-05	-nan	0.394608	0.648991	1	1	1	1	1	1	0.739141	0.394608	0.394608	1	1	
1.20226e-05	-nan	0.395054	0.648916	1	1	1	1	1	1	0.740656	0.395054	0.395054	1	1	
1.24738e-05	-nan	0.395508	0.648842	1	1	1	1	1	1	0.742176	0.395508	0.395508	1	1	
1.2942e-05	-nan	0.395968	0.648768	1	1	1	1	1	1	0.7437	0.395968	0.395968	1	1	
1.34276e-05	-nan	0.396436	0.648695	1	1	1	1	1	1	0.745229	0.396436	0.396436	1	1	
1.39316e-05	-nan	0.396911	0.648622	1	1	1	1	1	1	0.746763	0.396911	0.396911	1	1	
1.44544e-05	-nan	0.397393	0.64855	1	1	1	1	1	1	0.748302	0.397393	0.397393	1	1	
1.49968e-05	-nan	0.397883	0.648478	1	1	1	1	1	1	0.749845	0.397883	0.397883	1	1	
1.55597e-05	-nan	0.39838	0.648407	1	1	1	1	1	1	0.751393	0.39838	0.39838	1	1	
1.61436e-05	-nan	0.398885	0.648337	1	1	1	1	1	1	0.752946	0.398885	0.398885	1	1	
1.67494e-05	-nan	0.399398	0.648268	1	1	1	1	1	1	0.754504	0.399398	0.399398	1	1	
1.7378e-05	-nan	0.399919	0.648199	1	1	1	1	1	1	0.756066	0.399919	0.399919	1	1	
1.80302e-05	-nan	0.400448	0.648131	1	1	1	1	1	1	0.757633	0.400448	0.400448	1	1	
1.87068e-05	-nan	0.400985	0.648063	1	1	1	1	1	1	0.759205	0.400985	0.400985	1	1	
1.94089e-05	-nan	0.40153	0.647997	1	1	1	1	1	1	0.760782	0.40153	0.40153	1	1	
2.01372e-05	-nan	0.402084	0.647931	1	1	1	1	1	1	0.762363	0.402084	0.402084	1	1	
2.0893e-05	-nan	0.402646	0.647867	1	1	1	1	1	1	0.76395	0.402646	0.402646	1	1	
2.1677e-05	-nan	0.403218	0.647803	1	1	1	1	1	1	0.765541	0.403218	0.403218	1	1	
2.24905e-05	-nan	0.403797	0.64774	1	1	1	1	1	1	0.767137	0.403797	0.403797	1	1	
2.33346e-05	-nan	0.404386	0.647678	1	1	1	1	1	1	0.768737	0.404386	0.404386	1	1	
2.42103e-05	-nan	0.404984	0.647617	1	1	1	1	1	1	0.770343	0.404984	0.404984	1	1	
2.51189e-05	-nan	0.405591	0.647558	1	1	1	1	1	1	0.771953	0.405591	0.405591	1	1	
2.60615e-05	-nan	0.406208	0.647499	1	1	1	1	1	1	0.773568	0.406208	0.406208	1	1	
2.70396e-05	-nan	0.406834	0.647441	1	1	1	1	1	1	0.775188	0.406834	0.406834	1	1	
2.80543e-05	-nan	0.407469	0.647385	1	1	1	1	1	1	0.776813	0.407469	0.407469	1	1	
2.91072e-05	-nan	0.408114	0.64733	1	1	1	1	1	1	0.778442	0.408114	0.408114	1	1	
3.01995e-05	-nan	0.408769	0.647276	1	1	1	1	1	1	0.780076	0.408769	0.408769	1	1	
3.13329e-05	-nan	0.409435	0.647223	1	1	1	1	1	1	0.781715	0.409435	0.409435	1	1	
3.25087e-05	-nan	0.41011	0.647172	1	1	1	1	1	1	0.783359	0.41011	0.41011	1	1	
3.37287e-05	-nan	0.410795	0.647122	1	1	1	1	1	1	0.785008	0.410795	0.410795	1	1	
3.49945e-05	-nan	0.411492	0.647073	1	1	1	1	1	1	0.786662	0.411492	0.411492	1	1	
3.63078e-05	-nan	0.412198	0.647026	1	1	1	1	1	1	0.78832	0.412198	0.412198	1	1	
3.76704e-05	-nan	0.412916	0.646981	1	1	1	1	1	1	0.789983	0.412916	0.412916	1	1	
3.90841e-05	-nan	0.413644	0.646937	1	1	1	1	1	1	0.791651	0.413644	0.413644	1	1	
4.05509e-05	-nan	0.414384	0.646894	1	1	1	1	1	1	0.793324	0.414384	0.414384	1	1	
4.20727e-05	-nan	0.415134	0.646853	1	1	1	1	1	1	0.795002	0.415134	0.415134	1	1	
4.36516e-05	-nan	0.415896	0.646814	1	1	1	1	1	1	0.796684	0.415896	0.415896	1	1	
4.52898e-05	-nan	0.41667	0.646777	1	1	1	1	1	1	0.798371	0.41667	0.41667	1	1	
4.69894e-05	-nan	0.417455	0.646741	1	1	1	1	1	1	0.800064	0.417455	0.417455	1	1	
4.87528e-05	-nan	0.418252	0.646707	1	1	1	1	1	1	0.80176	0.418252	0.418252	1	1	
5.05825e-05	-nan	0.419061	0.646675	1	1	1	1	1	1	0.803462	0.419061	0.419061	1	1	
5.24807e-05	-nan	0.419883	0.646645	1	1	1	1	1	1	0.805169	0.419883	0.419883	1	1	
5.44503e-05	-nan	0.420717	0.646616	1	1	1	1	1	1	0.80688	0.420717	0.420717	1	1	
5.64937e-05	-nan	0.421563	0.64659	1	1	1	1	1	1	0.808596	0.421563	0.421563	1	1	
5.86138e-05	-nan	0.422422	0.646566	1	1	1	1	1	1	0.810317	0.422422	0.422422	1	1	
6.08135e-05	-nan	0.423294	0.646544	1	1	1	1	1	1	0.812043	0.423294	0.423294	1	1	
6.30957e-05	-nan	0.424179	0.646524	1	1	1	1	1	1	0.813773	0.424179	0.424179	1	1	
6.54636e-05	-nan	0.425077	0.646506	1	1	1	1	1	1	0.815509	0.425077	0.425077	1	1	
6.79204e-05	-nan	0.425988	0.64649	1	1	1	1	1	1	0.817249	0.425988	0.425988	1	1	
7.04693e-05	-nan	0.426914	0.646477	1	1	1	1	1	1	0.818994	0.426914	0.426914	1	1	
7.31139e-05	-nan	0.427853	0.646466	1	1	1	1	1	1	0.820744	0.427853	0.427853	1	1	
7.58578e-05	-nan	0.428805	0.646457	1	1	1	1	1	1	0.822498	0.428805	0.428805	1	1	
7.87046e-05	-nan	0.429773	0.646451	1	1	1	1	1	1	0.824257	0.429773	0.429773	1	1	
8.16582e-05	-nan	0.430754	0.646448	1	1	1	1	1	1	0.826021	0.430754	0.430754	1	1	
8.47227e-05	-nan	0.43175	0.646446	1	1	1	1	1	1	0.82779	0.43175	0.43175	1	1	
8.79023e-05	-nan	0.432761	0.646448	1	1	1	1	1	1	0.829563	0.432761	0.432761	1	1	
9.12011e-05	-nan	0.433786	0.646452	1	1	1	1	1	1	0.831342	0.433786	0.433786	1	1	
9.46237e-05	-nan	0.434827	0.646459	1	1	1	1	1	1	0.833125	0.434827	0.434827	1	1	
9.81748e-05	-nan	0.435883	0.646469	1	1	1	1	1	1	0.834912	0.435883	0.435883	1	1	
0.000101859	-nan	0.436954	0.646481	1	1	1	1	1	1	0.836705	0.436954	0.436954	1	1	
0.000105682	-nan	0.438042	0.646497	1	1	1	1	1	1	0.838502	0.438042	0.438042	1	1	
0.000109648	-nan	0.439145	0.646515	1	1	1	1	1	1	0.840304	0.439145	0.439145	1	1	
0.000113763	-nan	0.440264	0.646536	1	1	1	1	1	1	0.84211	0.440264	0.440264	1	1	
0.000118032	-nan	0.4414	0.646561	1	1	1	1	1	1	0.843921	0.4414	0.4414	1	1	
0.000122462	-nan	0.442552	0.646588	1	1	1	1	1	1	0.845737	0.442552	0.442552	1	1	
0.000127057	-nan	0.44372	0.646619	1	1	1	1	1	1	0.847558	0.44372	0.44372	1	1	
0.000131826	-nan	0.444906	0.646653	1	1	1	1	1	1	0.849383	0.444906	0.444906	1	1	
0.000136773	-nan	0.446109	0.646691	1	1	1	1	1	1	0.851213	0.446109	0.446109	1	1	
0.000141906	-nan	0.447329	0.646731	1	1	1	1	1	1	0.853047	0.447329	0.447329	1	1	
0.000147231	-nan	0.448567	0.646775	1	1	1	1	1	1	0.854886	0.448567	0.448567	1	1	
0.000152757	-nan	0.449823	0.646823	1	1	1	1	1	1	0.85673	0.449823	0.449823	1	1	
0.000158489	-nan	0.451097	0.646874	1	1	1	1	1	1	0.858578	0.451097	0.451097	1	1	
0.000164437	-nan	0.452388	0.646929	1	1	1	1	1	1	0.860431	0.452388	0.452388	1	1	
0.000170608	-nan	0.453699	0.646988	1	1	1	1	1	1	0.862289	0.453699	0.453699	1	1	
0.000177011	-nan	0.455028	0.64705	1	1	1	1	1	1	0.864151	0.455028	0.455028	1	1	
0.000183654	-nan	0.456376	0.647116	1	1	1	1	1	1	0.866017	0.456376	0.456376	1	1	
0.000190546	-nan	0.457743	0.647186	1	1	1	1	1	1	0.867888	0.457743	0.457743	1	1	
0.000197697	-nan	0.459129	0.64726	1	1	1	1	1	1	0.869764	0.459129	0.459129	1	1	
0.000205116	-nan	0.460535	0.647338	1	1	1	1	1	1	0.871644	0.460535	0.460535	1	1	
0.000212814	-nan	0.461961	0.64742	1	1	1	1	1	1	0.873528	0.461961	0.461961	1	1	
0.0002208	-nan	0.463407	0.647507	1	1	1	1	1	1	0.875417	0.463407	0.463407	1	1	
0.000229087	-nan	0.464873	0.647597	1	1	1	1	1	1	0.877311	0.464873	0.464873	1	1	
0.000237684	-nan	0.466359	0.647692	1	1	1	1	1	1	0.879208	0.466359	0.466359	1	1	
0.000246604	-nan	0.467866	0.647792	1	1	1	1	1	1	0.881111	0.467866	0.467866	1	1	
0.000255859	-nan	0.469394	0.647895	1	1	1	1	1	1	0.883017	0.469394	0.469394	1	1	
0.000265461	-nan	0.470944	0.648004	1	1	1	1	1	1	0.884928	0.470944	0.470944	1	1	
0.000275423	-nan	0.472515	0.648116	1	1	1	1	1	1	0.886844	0.472515	0.472515	1	1	
0.000285759	-nan	0.474107	0.648234	1	1	1	1	1	1	0.888763	0.474107	0.474107	1	1	
0.000296483	-nan	0.475721	0.648356	1	1	1	1	1	1	0.890687	0.475721	0.475721	1	1	
0.00030761	-nan	0.477357	0.648484	1	1	1	1	1	1	0.892615	0.477357	0.477357	1	1	
0.000319154	-nan	0.479016	0.648616	1	1	1	1	1	1	0.894548	0.479016	0.479016	1	1	
0.000331131	-nan	0.480697	0.648753	1	1	1	1	1	1	0.896485	0.480697	0.480697	1	1	
0.000343558	-nan	0.482401	0.648895	1	1	1	1	1	1	0.898425	0.482401	0.482401	1	1	
0.000356451	-nan	0.484128	0.649043	1	1	1	1	1	1	0.900371	0.484128	0.484128	1	1	
0.000369828	-nan	0.485879	0.649195	1	1	1	1	1	1	0.90232	0.485879	0.485879	1	1	
0.000383707	-nan	0.487653	0.649353	1	1	1	1	1	1	0.904273	0.487653	0.487653	1	1	
0.000398107	-nan	0.48945	0.649517	1	1	1	1	1	1	0.906231	0.48945	0.48945	1	1	
0.000413048	-nan	0.491272	0.649685	1	1	1	1	1	1	0.908192	0.491272	0.491272	1	1	
0.000428549	-nan	0.493118	0.64986	1	1	1	1	1	1	0.910158	0.493118	0.493118	1	1	
0.000444631	-nan	0.494988	0.65004	1	1	1	1	1	1	0.912128	0.494988	0.494988	1	1	
0.000461318	-nan	0.496883	0.650226	1	1	1	1	1	1	0.914101	0.496883	0.496883	1	1	
0.00047863	-nan	0.498802	0.650418	1	1	1	1	1	1	0.916079	0.498802	0.498802	1	1	
0.000496592	-nan	0.500747	0.650616	1	1	1	1	1	1	0.918061	0.500747	0.500747	1	1	
0.000515229	-nan	0.502718	0.650819	1	1	1	1	1	1	0.920046	0.502718	0.502718	1	1	
0.000534564	-nan	0.504713	0.651029	1	1	1	1	1	1	0.922036	0.504713	0.504713	1	1	
0.000554626	-nan	0.506735	0.651245	1	1	1	1	1	1	0.924029	0.506735	0.506735	1	1	
0.00057544	-nan	0.508783	0.651468	1	1	1	1	1	1	0.926026	0.508783	0.508783	1	1	
0.000597035	-nan	0.510857	0.651697	1	1	1	1	1	1	0.928027	0.510857	0.510857	1	1	
0.000619441	-nan	0.512957	0.651932	1	1	1	1	1	1	0.930032	0.512957	0.512957	1	1	
0.000642688	-nan	0.515084	0.652175	1	1	1	1	1	1	0.93204	0.515084	0.515084	1	1	
0.000666807	-nan	0.517238	0.652424	1	1	1	1	1	1	0.934052	0.517238	0.517238	1	1	
0.000691831	-nan	0.519419	0.652679	1	1	1	1	1	1	0.936068	0.519419	0.519419	1	1	
0.000717794	-nan	0.521627	0.652942	1	1	1	1	1	1	0.938087	0.521627	0.521627	1	1	
0.000744732	-nan	0.523863	0.653212	1	1	1	1	1	1	0.94011	0.523863	0.523863	1	1	
0.000772681	-nan	0.526127	0.653489	1	1	1	1	1	1	0.942136	0.526127	0.526127	1	1	
0.000801678	-nan	0.528419	0.653774	1	1	1	1	1	1	0.944166	0.528419	0.528419	1	1	
0.000831764	-nan	0.530739	0.654065	1	1	1	1	1	1	0.9462	0.530739	0.530739	1	1	
0.000862979	-nan	0.533087	0.654365	1	1	1	1	1	1	0.948237	0.533087	0.533087	1	1	
0.000895365	-nan	0.535464	0.654672	1	1	1	1	1	1	0.950277	0.535464	0.535464	1	1	
0.000928966	-nan	0.537869	0.654987	1	1	1	1	1	1	0.95232	0.537869	0.537869	1	1	
0.000963829	-nan	0.540304	0.65531	1	1	1	1	1	1	0.954367	0.540304	0.540304	1	1	
0.001	-nan	0.542767	0.655641	1	1	1	1	1	1	0.956417	0.542767	0.542767	1	1	
0.00103753	-nan	0.54526	0.655981	1	1	1	1	1	1	0.958471	0.54526	0.54526	1	1	
0.00107647	-nan	0.547783	0.656328	1	1	1	1	1	1	0.960527	0.547783	0.547783	1	1	
0.00111686	-nan	0.550335	0.656685	1	1	1	1	1	1	0.962587	0.550335	0.550335	1	1	
0.00115878	-nan	0.552917	0.65705	1	1	1	1	1	1	0.96465	0.552917	0.552917	1	1	
0.00120226	-nan	0.555529	0.657424	1	1	1	1	1	1	0.966716	0.555529	0.555529	1	1	
0.00124738	-nan	0.558171	0.657806	1	1	1	1	1	1	0.968784	0.558171	0.558171	1	1	
0.0012942	-nan	0.560843	0.658198	1	1	1	1	1	1	0.970856	0.560843	0.560843	1	1	
0.00134276	-nan	0.563546	0.6586	1	1	1	1	1	1	0.972931	0.563546	0.563546	1	1	
0.00139316	-nan	0.566279	0.659011	1	1	1	1	1	1	0.975008	0.566279	0.566279	1	1	
0.00144544	-nan	0.569043	0.659432	1	1	1	1	1	1	0.977089	0.569043	0.569043	1	1	
0.00149968	-nan	0.571838	0.659862	1	1	1	1	1	1	0.979172	0.571838	0.571838	1	1	
0.00155597	-nan	0.574664	0.660303	1	1	1	1	1	1	0.981258	0.574664	0.574664	1	1	
0.00161436	-nan	0.577521	0.660754	1	1	1	1	1	1	0.983346	0.577521	0.577521	1	1	
0.00167494	-nan	0.58041	0.661215	1	1	1	1	1	1	0.985437	0.58041	0.58041	1	1	
0.0017378	-nan	0.583329	0.661688	1	1	1	1	1	1	0.987531	0.583329	0.583329	1	1	
0.00180302	-nan	0.58628	0.662171	1	1	1	1	1	1	0.989627	0.58628	0.58628	1	1	
0.00187068	-nan	0.589263	0.662665	1	1	1	1	1	1	0.991726	0.589263	0.589263	1	1	
0.00194089	-nan	0.592277	0.663171	1	1	1	1	1	1	0.993827	0.592277	0.592277	1	1	
0.00201372	-nan	0.595323	0.663689	1	1	1	1	1	1	0.99593	0.595323	0.595323	1	1	
0.0020893	-nan	0.598401	0.664218	1	1	1	1	1	1	0.998036	0.598401	0.598401	1	1	
0.0021677	-nan	0.60151	0.664759	1	1	1	1	1	1	1.00014	0.60151	0.60151	1	1	
0.00224905	-nan	0.604652	0.665313	1	1	1	1	1	1	1.00225	0.604652	0.604652	1	1	
0.00233346	-nan	0.607825	0.66588	1	1	1	1	1	1	1.00437	0.607825	0.607825	1	1	
0.00242103	-nan	0.611031	0.66646	1	1	1	1	1	1	1.00648	0.611031	0.611031	1	1	
0.00251189	-nan	0.614268	0.667053	1	1	1	1	1	1	1.0086	0.614268	0.614268	1	1	
0.00260615	-nan	0.617537	0.66766	1	1	1	1	1	1	1.01072	0.617537	0.617537	1	1	
0.00270396	-nan	0.620839	0.66828	1	1	1	1	1	1	1.01284	0.620839	0.620839	1	1	
0.00280543	-nan	0.624172	0.668915	1	1	1	1	1	1	1.01496	0.624172	0.624172	1	1	
0.00291072	-nan	0.627537	0.669565	1	1	1	1	1	1	1.01708	0.627537	0.627537	1	1	
0.00301995	-nan	0.630935	0.67023	1	1	1	1	1	1	1.01921	0.630935	0.630935	1	1	
0.00313329	-nan	0.634364	0.67091	1	1	1	1	1	1	1.02134	0.634364	0.634364	1	1	
0.00325087	-nan	0.637825	0.671606	1	1	1	1	1	1	1.02347	0.637825	0.637825	1	1	
0.00337287	-nan	0.641318	0.672318	1	1	1	1	1	1	1.0256	0.641318	0.641318	1	1	
0.00349945	-nan	0.644843	0.673046	1	1	1	1	1	1	1.02773	0.644843	0.644843	1	1	
0.00363078	-nan	0.6484	0.673792	1	1	1	1	1	1	1.02986	0.6484	0.6484	1	1	
0.00376704	-nan	0.651988	0.674555	1	1	1	1	1	1	1.032	0.651988	0.651988	1	1	
0.00390841	-nan	0.655608	0.675337	1	1	1	1	1	1	1.03414	0.655608	0.655608	1	1	
0.00405509	-nan	0.659259	0.676137	1	1	1	1	1	1	1.03627	0.659259	0.659259	1	1	
0.00420727	-nan	0.662942	0.676955	1	1	1	1	1	1	1.03841	0.662942	0.662942	1	1	
0.00436516	-nan	0.666656	0.677794	1	1	1	1	1	1	1.04055	0.666656	0.666656	1	1	
0.00452898	-nan	0.670401	0.678652	1	1	1	1	1	1	1.0427	0.670401	0.670401	1	1	
0.00469894	-nan	0.674176	0.679532	1	1	1	1	1	1	1.04484	0.674176	0.674176	1	1	
0.00487528	-nan	0.677983	0.680432	1	1	1	1	1	1	1.04699	0.677983	0.677983	1	1	
0.00505825	-nan	0.681819	0.681355	1	1	1	1	1	1	1.04913	0.681819	0.681819	1	1	
0.00524807	-nan	0.685686	0.6823	1	1	1	1	1	1	1.05128	0.685686	0.685686	1	1	
0.00544503	-nan	0.689583	0.683269	1	1	1	1	1	1	1.05343	0.689583	0.689583	1	1	
0.00564937	-nan	0.69351	0.684262	1	1	1	1	1	1	1.05557	0.69351	0.69351	1	1	
0.00586138	-nan	0.697467	0.685279	1	1	1	1	1	1	1.05772	0.697467	0.697467	1	1	
0.00608135	-nan	0.701453	0.686322	1	1	1	1	1	1	1.05988	0.701453	0.701453	1	1	
0.00630957	-nan	0.705467	0.687392	1	1	1	1	1	1	1.06203	0.705467	0.705467	1	1	
0.00654636	-nan	0.709511	0.688489	1	1	1	1	1	1	1.06418	0.709511	0.709511	1	1	
0.00679204	-nan	0.713583	0.689613	1	1	1	1	1	1	1.06634	0.713583	0.713583	1	1	
0.00704693	-nan	0.717682	0.690768	1	1	1	1	1	1	1.06849	0.717682	0.717682	1	1	
0.00731139	-nan	0.72181	0.691952	1	1	1	1	1	1	1.07065	0.72181	0.72181	1	1	
0.00758578	-nan	0.725964	0.693167	1	1	1	1	1	1	1.0728	0.725964	0.725964	1	1	
0.00787046	-nan	0.730146	0.694414	1	1	1	1	1	1	1.07496	0.730146	0.730146	1	1	
0.00816582	-nan	0.734354	0.695695	1	1	1	1	1	1	1.07712	0.734354	0.734354	1	1	
0.00847227	-nan	0.738588	0.69701	1	1	1	1	1	1	1.07928	0.738588	0.738588	1	1	
0.00879023	-nan	0.742847	0.698361	1	1	1	1	1	1	1.08144	0.742847	0.742847	1	1	
0.00912011	-nan	0.747131	0.699749	1	1	1	1	1	1	1.0836	0.747131	0.747131	1	1	
0.00946237	-nan	0.75144	0.701175	1	1	1	1	1	1	1.08576	0.75144	0.75144	1	1	
0.00981748	-nan	0.755773	0.70264	1	1	1	1	1	1	1.08793	0.755773	0.755773	1	1	
0.0101859	-nan	0.760129	0.704147	1	1	1	1	1	1	1.09009	0.760129	0.760129	1	1	
0.0105682	-nan	0.764508	0.705696	1	1	1	1	1	1	1.09226	0.764508	0.764508	1	1	
0.0109648	-nan	0.768909	0.70729	1	1	1	1	1	1	1.09443	0.768909	0.768909	1	1	
0.0113763	-nan	0.773332	0.708929	1	1	1	1	1	1	1.0966	0.773332	0.773332	1	1	
0.0118032	-nan	0.777775	0.710616	1	1	1	1	1	1	1.09877	0.777775	0.777775	1	1	
0.0122462	-nan	0.782239	0.712353	1	1	1	1	1	1	1.10094	0.782239	0.782239	1	1	
0.0127057	-nan	0.786722	0.71414	1	1	1	1	1	1	1.10311	0.786722	0.786722	1	1	
0.0131826	-nan	0.791223	0.715981	1	1	1	1	1	1	1.10529	0.791223	0.791223	1	1	
0.0136773	-nan	0.795742	0.717878	1	1	1	1	1	1	1.10746	0.795742	0.795742	1	1	
0.0141906	-nan	0.800279	0.719832	1	1	1	1	1	1	1.10964	0.800279	0.800279	1	1	
0.0147231	-nan	0.804831	0.721847	1	1	1	1	1	1	1.11182	0.804831	0.804831	1	1	
0.0152757	-nan	0.809398	0.723923	1	1	1	1	1	1	1.11401	0.809398	0.809398	1	1	
0.0158489	-nan	0.813979	0.726065	1	1	1	1	1	1	1.11619	0.813979	0.813979	1	1	
0.0164437	-nan	0.818573	0.728274	1	1	1	1	1	1	1.11838	0.818573	0.818573	1	1	
0.0170608	-nan	0.82318	0.730554	1	1	1	1	1	1	1.12057	0.82318	0.82318	1	1	
0.0177011	-nan	0.827797	0.732907	1	1	1	1	1	1	1.12276	0.827797	0.827797	1	1	
0.0183654	-nan	0.832424	0.735337	1	1	1	1	1	1	1.12496	0.832424	0.832424	1	1	
0.0190546	-nan	0.83706	0.737846	1	1	1	1	1	1	1.12716	0.83706	0.83706	1	1	
0.0197697	-nan	0.841703	0.740438	1	1	1	1	1	1	1.12936	0.841703	0.841703	1	1	
0.0205116	-nan	0.846353	0.743117	1	1	1	1	1	1	1.13156	0.846353	0.846353	1	1	
0.0212814	-nan	0.851007	0.745886	1	1	1	1	1	1	1.13377	0.851007	0.851007	1	1	
0.02208	-nan	0.855664	0.748749	1	1	1	1	1	1	1.13598	0.855664	0.855664	1	1	
0.0229087	-nan	0.860323	0.751711	1	1	1	1	1	1	1.1382	0.860323	0.860323	1	1	
0.0237684	-nan	0.864982	0.754776	1	1	1	1	1	1	1.14042	0.864982	0.864982	1	1	
0.0246604	-nan	0.869641	0.757948	1	1	1	1	1	1	1.14264	0.869641	0.869641	1	1	
0.0255859	-nan	0.874296	0.761233	1	1	1	1	1	1	1.14487	0.874296	0.874296	1	1	
0.0265461	-nan	0.878946	0.764634	1	1	1	1	1	1	1.1471	0.878946	0.878946	1	1	
0.0275423	-nan	0.88359	0.768158	1	1	1	1	1	1	1.14933	0.88359	0.88359	1	1	
0.0285759	-nan	0.888226	0.771811	1	1	1	1	1	1	1.15157	0.888226	0.888226	1	1	
0.0296483	-nan	0.892851	0.775597	1	1	1	1	1	1	1.15381	0.892851	0.892851	1	1	
0.030761	-nan	0.897464	0.779524	1	1	1	1	1	1	1.15606	0.897464	0.897464	1	1	
0.0319154	-nan	0.902062	0.783597	1	1	1	1	1	1	1.15831	0.902062	0.902062	1	1	
0.0331131	-nan	0.906644	0.787824	1	1	1	1	1	1	1.16056	0.906644	0.906644	1	1	
0.0343558	-nan	0.911206	0.792212	1	1	1	1	1	1	1.16281	0.911206	0.911206	1	1	
0.0356451	-nan	0.915747	0.796768	1	1	1	1	1	1	1.16507	0.915747	0.915747	1	1	
0.0369828	-nan	0.920265	0.8015	1	1	1	1	1	1	1.16733	0.920265	0.920265	1	1	
0.0383707	-nan	0.924756	0.806418	1	1	1	1	1	1	1.16959	0.924756	0.924756	1	1	
0.0398107	-nan	0.929217	0.811529	1	1	1	1	1	1	1.17184	0.929217	0.929217	1	1	
0.0413048	-nan	0.933647	0.816843	1	1	1	1	1	1	1.1741	0.933647	0.933647	1	1	
0.0428549	-nan	0.938042	0.82237	1	1	1	1	1	1	1.17635	0.938042	0.938042	1	1	
0.0444631	-nan	0.942399	0.828119	1	1	1	1	1	1	1.1786	0.942399	0.942399	1	1	
0.0461318	-nan	0.946715	0.834103	1	1	1	1	1	1	1.18084	0.946715	0.946715	1	1	
0.047863	-nan	0.950987	0.840332	1	1	1	1	1	1	1.18307	0.950987	0.950987	1	1	
0.0496592	-nan	0.955211	0.846818	1	1	1	1	1	1	1.18529	0.955211	0.955211	1	1	
0.0515229	-nan	0.959384	0.853573	1	1	1	1	1	1	1.1875	0.959384	0.959384	1	1	
0.0534564	-nan	0.963502	0.860612	1	1	1	1	1	1	1.18968	0.963502	0.963502	1	1	
0.0554626	-nan	0.967562	0.867947	1	1	1	1	1	1	1.19184	0.967562	0.967562	1	1	
0.057544	-nan	0.971559	0.875594	1	1	1	1	1	1	1.19398	0.971559	0.971559	1	1	
0.0597035	-nan	0.97549	0.883566	1	1	1	1	1	1	1.19608	0.97549	0.97549	1	1	
0.0619441	-nan	0.97935	0.891881	1	1	1	1	1	1	1.19813	0.97935	0.97935	1	1	
0.0642688	-nan	0.983136	0.900555	1	1	1	1	1	1	1.20015	0.983136	0.983136	1	1	
0.0666807	-nan	0.986842	0.909606	1	1	1	1	1	1	1.2021	0.986842	0.986842	1	1	
0.0691831	-nan	0.990464	0.91905	1	1	1	1	1	1	1.20399	0.990464	0.990464	1	1	
0.0717794	-nan	0.993997	0.928908	1	1	1	1	1	1	1.20581	0.993997	0.993997	1	1	
0.0744732	-nan	0.997437	0.939199	1	1	1	1	1	1	1.20753	0.997437	0.997437	1	1	
0.0772681	-nan	1.00078	0.949943	1	1	1	1	1	1	1.20916	1.00078	1.00078	1	1	
0.0801678	-nan	1.00402	0.961162	1	1	1	1	1	1	1.21067	1.00402	1.00402	1	1	
0.0831764	-nan	1.00714	0.972877	1	1	1	1	1	1	1.21204	1.00714	1.00714	1	1	
0.0862979	-nan	1.01016	0.985111	1	1	1	1	1	1	1.21326	1.01016	1.01016	1	1	
0.0895365	-nan	1.01305	0.997888	1	1	1	1	1	1	1.21431	1.01305	1.01305	1	1	
0.0928966	-nan	1.01582	1.01123	1	1	1	1	1	1	1.21517	1.01582	1.01582	1	1	
0.0963829	-nan	1.01845	1.02516	1	1	1	1	1	1	1.2158	1.01845	1.01845	1	1	
0.1	-nan	1.02095	1.03971	1	1	1	1	1	1	1.21618	1.02095	1.02095	1	1	
0.103614	-nan	1.02322	1.05434	1	1	1	1	1	1	1.21628	1.02322	1.02322	1	1	
0.107229	-nan	1.02528	1.06905	1	1	1	1	1	1	1.2161	1.02528	1.02528	1	1	
0.110843	-nan	1.02715	1.08384	1	1	1	1	1	1	1.21563	1.02715	1.02715	1	1	
0.114458	-nan	1.02882	1.09871	1	1	1	1	1	1	1.21489	1.02882	1.02882	1	1	
0.118072	-nan	1.03033	1.11364	1	1	1	1	1	1	1.21385	1.03033	1.03033	1	1	
0.121687	-nan	1.03167	1.12864	1	1	1	1	1	1	1.21254	1.03167	1.03167	1	1	
0.125301	-nan	1.03285	1.14369	1	1	1	1	1	1	1.21093	1.03285	1.03285	1	1	
0.128916	-nan	1.03389	1.15879	1	1	1	1	1	1	1.20905	1.03389	1.03389	1	1	
0.13253	-nan	1.0348	1.17394	1	1	1	1	1	1	1.20687	1.0348	1.0348	1	1	
0.136145	-nan	1.03557	1.18913	1	1	1	1	1	1	1.20441	1.03557	1.03557	1	1	
0.139759	-nan	1.03622	1.20435	1	1	1	1	1	1	1.20167	1.03622	1.03622	1	1	
0.143373	-nan	1.03675	1.21959	1	1	1	1	1	1	1.19865	1.03675	1.03675	1	1	
0.146988	-nan	1.03717	1.23486	1	1	1	1	1	1	1.19534	1.03717	1.03717	1	1	
0.150602	-nan	1.03749	1.25014	1	1	1	1	1	1	1.19175	1.03749	1.03749	1	1	
0.154217	-nan	1.0377	1.26544	1	1	1	1	1	1	1.18789	1.0377	1.0377	1	1	
0.157831	-nan	1.03782	1.28073	1	1	1	1	1	1	1.18376	1.03782	1.03782	1	1	
0.161446	-nan	1.03785	1.29602	1	1	1	1	1	1	1.17935	1.03785	1.03785	1	1	
0.16506	-nan	1.0378	1.3113	1	1	1	1	1	1	1.17468	1.0378	1.0378	1	1	
0.168675	-nan	1.03766	1.32657	1	1	1	1	1	1	1.16974	1.03766	1.03766	1	1	
0.172289	-nan	1.03744	1.34181	1	1	1	1	1	1	1.16455	1.03744	1.03744	1	1	
0.175904	-nan	1.03715	1.35703	1	1	1	1	1	1	1.15911	1.03715	1.03715	1	1	
0.179518	-nan	1.03678	1.37222	1	1	1	1	1	1	1.15341	1.03678	1.03678	1	1	
0.183133	-nan	1.03635	1.38738	1	1	1	1	1	1	1.14748	1.03635	1.03635	1	1	
0.186747	-nan	1.03585	1.40249	1	1	1	1	1	1	1.14131	1.03585	1.03585	1	1	
0.190361	-nan	1.03529	1.41755	1	1	1	1	1	1	1.13491	1.03529	1.03529	1	1	
0.193976	-nan	1.03467	1.43256	1	1	1	1	1	1	1.12829	1.03467	1.03467	1	1	
0.19759	-nan	1.03399	1.44752	1	1	1	1	1	1	1.12145	1.03399	1.03399	1	1	
0.201205	-nan	1.03326	1.46241	1	1	1	1	1	1	1.1144	1.03326	1.03326	1	1	
0.204819	-nan	1.03247	1.47724	1	1	1	1	1	1	1.10715	1.03247	1.03247	1	1	
0.208434	-nan	1.03164	1.492	1	1	1	1	1	1	1.09971	1.03164	1.03164	1	1	
0.212048	-nan	1.03075	1.50669	1	1	1	1	1	1	1.09209	1.03075	1.03075	1	1	
0.215663	-nan	1.02982	1.52129	1	1	1	1	1	1	1.08428	1.02982	1.02982	1	1	
0.219277	-nan	1.02885	1.53582	1	1	1	1	1	1	1.07631	1.02885	1.02885	1	1	
0.222892	-nan	1.02783	1.55026	1	1	1	1	1	1	1.06817	1.02783	1.02783	1	1	
0.226506	-nan	1.02678	1.56461	1	1	1	1	1	1	1.05989	1.02678	1.02678	1	1	
0.23012	-nan	1.02568	1.57887	1	1	1	1	1	1	1.05146	1.02568	1.02568	1	1	
0.233735	-nan	1.02455	1.59304	1	1	1	1	1	1	1.04289	1.02455	1.02455	1	1	
0.237349	-nan	1.02338	1.6071	1	1	1	1	1	1	1.03419	1.02338	1.02338	1	1	
0.240964	-nan	1.02218	1.62107	1	1	1	1	1	1	1.02538	1.02218	1.02218	1	1	
0.244578	-nan	1.02094	1.63493	1	1	1	1	1	1	1.01646	1.02094	1.02094	1	1	
0.248193	-nan	1.01968	1.64869	1	1	1	1	1	1	1.00744	1.01968	1.01968	1	1	
0.251807	-nan	1.01838	1.66234	1	1	1	1	1	1	0.998318	1.01838	1.01838	1	1	
0.255422	-nan	1.01706	1.67587	1	1	1	1	1	1	0.989115	1.01706	1.01706	1	1	
0.259036	-nan	1.0157	1.6893	1	1	1	1	1	1	0.979836	1.0157	1.0157	1	1	
0.262651	-nan	1.01432	1.70261	1	1	1	1	1	1	0.970488	1.01432	1.01432	1	1	
0.266265	-nan	1.01292	1.7158	1	1	1	1	1	1	0.96108	1.01292	1.01292	1	1	
0.26988	-nan	1.01149	1.72888	1	1	1	1	1	1	0.951619	1.01149	1.01149	1	1	
0.273494	-nan	1.01004	1.74184	1	1	1	1	1	1	0.942112	1.01004	1.01004	1	1	
0.277108	-nan	1.00856	1.75468	1	1	1	1	1	1	0.932568	1.00856	1.00856	1	1	
0.280723	-nan	1.00706	1.76739	1	1	1	1	1	1	0.922993	1.00706	1.00706	1	1	
0.284337	-nan	1.00555	1.77999	1	1	1	1	1	1	0.913395	1.00555	1.00555	1	1	
0.287952	-nan	1.00401	1.79246	1	1	1	1	1	1	0.90378	1.00401	1.00401	1	1	
0.291566	-nan	1.00245	1.80481	1	1	1	1	1	1	0.894155	1.00245	1.00245	1	1	
0.295181	-nan	1.00088	1.81703	1	1	1	1	1	1	0.884527	1.00088	1.00088	1	1	
0.298795	-nan	0.99929	1.82913	1	1	1	1	1	1	0.874902	0.99929	0.99929	1	1	
0.30241	-nan	0.997683	1.8411	1	1	1	1	1	1	0.865286	0.997683	0.997683	1	1	
0.306024	-nan	0.99606	1.85294	1	1	1	1	1	1	0.855684	0.99606	0.99606	1	1	
0.309639	-nan	0.994423	1.86466	1	1	1	1	1	1	0.846102	0.994423	0.994423	1	1	
0.313253	-nan	0.992771	1.87625	1	1	1	1	1	1	0.836545	0.992771	0.992771	1	1	
0.316867	-nan	0.991105	1.88772	1	1	1	1	1	1	0.827019	0.991105	0.991105	1	1	
0.320482	-nan	0.989426	1.89906	1	1	1	1	1	1	0.817528	0.989426	0.989426	1	1	
0.324096	-nan	0.987735	1.91027	1	1	1	1	1	1	0.808077	0.987735	0.987735	1	1	
0.327711	-nan	0.986032	1.92136	1	1	1	1	1	1	0.79867	0.986032	0.986032	1	1	
0.331325	-nan	0.984318	1.93232	1	1	1	1	1	1	0.789311	0.984318	0.984318	1	1	
0.33494	-nan	0.982594	1.94316	1	1	1	1	1	1	0.780005	0.982594	0.982594	1	1	
0.338554	-nan	0.980859	1.95387	1	1	1	1	1	1	0.770754	0.980859	0.980859	1	1	
0.342169	-nan	0.979115	1.96446	1	1	1	1	1	1	0.761562	0.979115	0.979115	1	1	
0.345783	-nan	0.977361	1.97492	1	1	1	1	1	1	0.752433	0.977361	0.977361	1	1	
0.349398	-nan	0.975599	1.98526	1	1	1	1	1	1	0.74337	0.975599	0.975599	1	1	
0.353012	-nan	0.973829	1.99548	1	1	1	1	1	1	0.734374	0.973829	0.973829	1	1	
0.356627	-nan	0.972052	2.00558	1	1	1	1	1	1	0.72545	0.972052	0.972052	1	1	
0.360241	-nan	0.970267	2.01555	1	1	1	1	1	1	0.716599	0.970267	0.970267	1	1	
0.363855	-nan	0.968475	2.0254	1	1	1	1	1	1	0.707823	0.968475	0.968475	1	1	
0.36747	-nan	0.966678	2.03514	1	1	1	1	1	1	0.699125	0.966678	0.966678	1	1	
0.371084	-nan	0.964874	2.04475	1	1	1	1	1	1	0.690507	0.964874	0.964874	1	1	
0.374699	-nan	0.963064	2.05425	1	1	1	1	1	1	0.68197	0.963064	0.963064	1	1	
0.378313	-nan	0.96125	2.06363	1	1	1	1	1	1	0.673515	0.96125	0.96125	1	1	
0.381928	-nan	0.959431	2.0729	1	1	1	1	1	1	0.665144	0.959431	0.959431	1	1	
0.385542	-nan	0.957607	2.08205	1	1	1	1	1	1	0.656859	0.957607	0.957607	1	1	
0.389157	-nan	0.955779	2.09109	1	1	1	1	1	1	0.64866	0.955779	0.955779	1	1	
0.392771	-nan	0.953948	2.10001	1	1	1	1	1	1	0.640548	0.953948	0.953948	1	1	
0.396386	-nan	0.952113	2.10882	1	1	1	1	1	1	0.632524	0.952113	0.952113	1	1	
0.4	-nan	0.950275	2.11752	1	1	1	1	1	1	0.624589	0.950275	0.950275	1	1	
0.403614	-nan	0.948434	2.12612	1	1	1	1	1	1	0.616744	0.948434	0.948434	1	1	
0.407229	-nan	0.946591	2.1346	1	1	1	1	1	1	0.608988	0.946591	0.946591	1	1	
0.410843	-nan	0.944745	2.14298	1	1	1	1	1	1	0.601322	0.944745	0.944745	1	1	
0.414458	-nan	0.942898	2.15125	1	1	1	1	1	1	0.593747	0.942898	0.942898	1	1	
0.418072	-nan	0.941049	2.15942	1	1	1	1	1	1	0.586261	0.941049	0.941049	1	1	
0.421687	-nan	0.939199	2.16748	1	1	1	1	1	1	0.578867	0.939199	0.939199	1	1	
0.425301	-nan	0.937347	2.17545	1	1	1	1	1	1	0.571563	0.937347	0.937347	1	1	
0.428916	-nan	0.935495	2.18331	1	1	1	1	1	1	0.564349	0.935495	0.935495	1	1	
0.43253	-nan	0.933642	2.19107	1	1	1	1	1	1	0.557226	0.933642	0.933642	1	1	
0.436145	-nan	0.931789	2.19873	1	1	1	1	1	1	0.550192	0.931789	0.931789	1	1	
0.439759	-nan	0.929935	2.20629	1	1	1	1	1	1	0.543248	0.929935	0.929935	1	1	
0.443373	-nan	0.928082	2.21376	1	1	1	1	1	1	0.536392	0.928082	0.928082	1	1	
0.446988	-nan	0.926229	2.22113	1	1	1	1	1	1	0.529626	0.926229	0.926229	1	1	
0.450602	-nan	0.924376	2.22841	1	1	1	1	1	1	0.522948	0.924376	0.924376	1	1	
0.454217	-nan	0.922525	2.2356	1	1	1	1	1	1	0.516357	0.922525	0.922525	1	1	
0.457831	-nan	0.920674	2.24269	1	1	1	1	1	1	0.509853	0.920674	0.920674	1	1	
0.461446	-nan	0.918824	2.2497	1	1	1	1	1	1	0.503436	0.918824	0.918824	1	1	
0.46506	-nan	0.916975	2.25661	1	1	1	1	1	1	0.497104	0.916975	0.916975	1	1	
0.468675	-nan	0.915128	2.26344	1	1	1	1	1	1	0.490857	0.915128	0.915128	1	1	
0.472289	-nan	0.913283	2.27018	1	1	1	1	1	1	0.484694	0.913283	0.913283	1	1	
0.475904	-nan	0.911439	2.27684	1	1	1	1	1	1	0.478615	0.911439	0.911439	1	1	
0.479518	-nan	0.909598	2.28341	1	1	1	1	1	1	0.472618	0.909598	0.909598	1	1	
0.483133	-nan	0.907758	2.2899	1	1	1	1	1	1	0.466703	0.907758	0.907758	1	1	
0.486747	-nan	0.905921	2.2963	1	1	1	1	1	1	0.460868	0.905921	0.905921	1	1	
0.490361	-nan	0.904086	2.30263	1	1	1	1	1	1	0.455114	0.904086	0.904086	1	1	
0.493976	-nan	0.902254	2.30887	1	1	1	1	1	1	0.449439	0.902254	0.902254	1	1	
0.49759	-nan	0.900425	2.31504	1	1	1	1	1	1	0.443841	0.900425	0.900425	1	1	
0.501205	-nan	0.898598	2.32113	1	1	1	1	1	1	0.438322	0.898598	0.898598	1	1	
0.504819	-nan	0.896775	2.32714	1	1	1	1	1	1	0.432878	0.896775	0.896775	1	1	
0.508434	-nan	0.894954	2.33308	1	1	1	1	1	1	0.42751	0.894954	0.894954	1	1	
0.512048	-nan	0.893137	2.33894	1	1	1	1	1	1	0.422216	0.893137	0.893137	1	1	
0.515663	-nan	0.891323	2.34473	1	1	1	1	1	1	0.416995	0.891323	0.891323	1	1	
0.519277	-nan	0.889513	2.35045	1	1	1	1	1	1	0.411847	0.889513	0.889513	1	1	
0.522892	-nan	0.887707	2.3561	1	1	1	1	1	1	0.40677	0.887707	0.887707	1	1	
0.526506	-nan	0.885904	2.36167	1	1	1	1	1	1	0.401764	0.885904	0.885904	1	1	
0.53012	-nan	0.884105	2.36718	1	1	1	1	1	1	0.396828	0.884105	0.884105	1	1	
0.533735	-nan	0.88231	2.37262	1	1	1	1	1	1	0.39196	0.88231	0.88231	1	1	
0.537349	-nan	0.880519	2.37799	1	1	1	1	1	1	0.38716	0.880519	0.880519	1	1	
0.540964	-nan	0.878732	2.3833	1	1	1	1	1	1	0.382426	0.878732	0.878732	1	1	
0.544578	-nan	0.87695	2.38854	1	1	1	1	1	1	0.377758	0.87695	0.87695	1	1	
0.548193	-nan	0.875172	2.39371	1	1	1	1	1	1	0.373155	0.875172	0.875172	1	1	
0.551807	-nan	0.873398	2.39882	1	1	1	1	1	1	0.368615	0.873398	0.873398	1	1	
0.555422	-nan	0.871629	2.40388	1	1	1	1	1	1	0.364139	0.871629	0.871629	1	1	
0.559036	-nan	0.869865	2.40886	1	1	1	1	1	1	0.359724	0.869865	0.869865	1	1	
0.562651	-nan	0.868105	2.41379	1	1	1	1	1	1	0.355371	0.868105	0.868105	1	1	
0.566265	-nan	0.86635	2.41866	1	1	1	1	1	1	0.351077	0.86635	0.86635	1	1	
0.56988	-nan	0.864599	2.42347	1	1	1	1	1	1	0.346843	0.864599	0.864599	1	1	
0.573494	-nan	0.862854	2.42823	1	1	1	1	1	1	0.342667	0.862854	0.862854	1	1	
0.577108	-nan	0.861114	2.43292	1	1	1	1	1	1	0.338548	0.861114	0.861114	1	1	
0.580723	-nan	0.859379	2.43756	1	1	1	1	1	1	0.334486	0.859379	0.859379	1	1	
0.584337	-nan	0.857649	2.44214	1	1	1	1	1	1	0.330479	0.857649	0.857649	1	1	
0.587952	-nan	0.855924	2.44667	1	1	1	1	1	1	0.326527	0.855924	0.855924	1	1	
0.591566	-nan	0.854204	2.45115	1	1	1	1	1	1	0.322629	0.854204	0.854204	1	1	
0.595181	-nan	0.85249	2.45557	1	1	1	1	1	1	0.318784	0.85249	0.85249	1	1	
0.598795	-nan	0.850781	2.45994	1	1	1	1	1	1	0.314991	0.850781	0.850781	1	1	
0.60241	-nan	0.849078	2.46426	1	1	1	1	1	1	0.311249	0.849078	0.849078	1	1	
0.606024	-nan	0.84738	2.46853	1	1	1	1	1	1	0.307558	0.84738	0.84738	1	1	
0.609639	-nan	0.845688	2.47275	1	1	1	1	1	1	0.303917	0.845688	0.845688	1	1	
0.613253	-nan	0.844001	2.47692	1	1	1	1	1	1	0.300325	0.844001	0.844001	1	1	
0.616867	-nan	0.84232	2.48104	1	1	1	1	1	1	0.296781	0.84232	0.84232	1	1	
0.620482	-nan	0.840644	2.48512	1	1	1	1	1	1	0.293284	0.840644	0.840644	1	1	
0.624096	-nan	0.838975	2.48914	1	1	1	1	1	1	0.289834	0.838975	0.838975	1	1	
0.627711	-nan	0.837311	2.49312	1	1	1	1	1	1	0.28643	0.837311	0.837311	1	1	
0.631325	-nan	0.835653	2.49706	1	1	1	1	1	1	0.283071	0.835653	0.835653	1	1	
0.63494	-nan	0.834001	2.50095	1	1	1	1	1	1	0.279757	0.834001	0.834001	1	1	
0.638554	-nan	0.832354	2.50479	1	1	1	1	1	1	0.276486	0.832354	0.832354	1	1	
0.642169	-nan	0.830714	2.50859	1	1	1	1	1	1	0.273258	0.830714	0.830714	1	1	
0.645783	-nan	0.82908	2.51235	1	1	1	1	1	1	0.270073	0.82908	0.82908	1	1	
0.649398	-nan	0.827451	2.51607	1	1	1	1	1	1	0.26693	0.827451	0.827451	1	1	
0.653012	-nan	0.825829	2.51974	1	1	1	1	1	1	0.263827	0.825829	0.825829	1	1	
0.656627	-nan	0.824213	2.52338	1	1	1	1	1	1	0.260765	0.824213	0.824213	1	1	
0.660241	-nan	0.822603	2.52697	1	1	1	1	1	1	0.257742	0.822603	0.822603	1	1	
0.663855	-nan	0.820999	2.53052	1	1	1	1	1	1	0.254759	0.820999	0.820999	1	1	
0.66747	-nan	0.819401	2.53403	1	1	1	1	1	1	0.251814	0.819401	0.819401	1	1	
0.671084	-nan	0.817809	2.53751	1	1	1	1	1	1	0.248907	0.817809	0.817809	1	1	
0.674699	-nan	0.816224	2.54094	1	1	1	1	1	1	0.246038	0.816224	0.816224	1	1	
0.678313	-nan	0.814645	2.54434	1	1	1	1	1	1	0.243205	0.814645	0.814645	1	1	
0.681928	-nan	0.813072	2.5477	1	1	1	1	1	1	0.240408	0.813072	0.813072	1	1	
0.685542	-nan	0.811505	2.55103	1	1	1	1	1	1	0.237647	0.811505	0.811505	1	1	
0.689157	-nan	0.809945	2.55432	1	1	1	1	1	1	0.23492	0.809945	0.809945	1	1	
0.692771	-nan	0.808391	2.55757	1	1	1	1	1	1	0.232228	0.808391	0.808391	1	1	
0.696386	-nan	0.806843	2.56079	1	1	1	1	1	1	0.22957	0.806843	0.806843	1	1	
0.7	-nan	0.805301	2.56397	1	1	1	1	1	1	0.226946	0.805301	0.805301	1	1	
0.703614	-nan	0.803766	2.56712	1	1	1	1	1	1	0.224354	0.803766	0.803766	1	1	
0.707229	-nan	0.802238	2.57023	1	1	1	1	1	1	0.221794	0.802238	0.802238	1	1	
0.710843	-nan	0.800715	2.57331	1	1	1	1	1	1	0.219267	0.800715	0.800715	1	1	
0.714458	-nan	0.799199	2.57636	1	1	1	1	1	1	0.21677	0.799199	0.799199	1	1	
0.718072	-nan	0.79769	2.57938	1	1	1	1	1	1	0.214305	0.79769	0.79769	1	1	
0.721687	-nan	0.796187	2.58236	1	1	1	1	1	1	0.21187	0.796187	0.796187	1	1	
0.725301	-nan	0.79469	2.58532	1	1	1	1	1	1	0.209465	0.79469	0.79469	1	1	
0.728916	-nan	0.7932	2.58824	1	1	1	1	1	1	0.207089	0.7932	0.7932	1	1	
0.73253	-nan	0.791716	2.59113	1	1	1	1	1	1	0.204743	0.791716	0.791716	1	1	
0.736145	-nan	0.790239	2.59399	1	1	1	1	1	1	0.202425	0.790239	0.790239	1	1	
0.739759	-nan	0.788768	2.59682	1	1	1	1	1	1	0.200135	0.788768	0.788768	1	1	
0.743373	-nan	0.787303	2.59963	1	1	1	1	1	1	0.197873	0.787303	0.787303	1	1	
0.746988	-nan	0.785845	2.6024	1	1	1	1	1	1	0.195638	0.785845	0.785845	1	1	
0.750602	-nan	0.784394	2.60514	1	1	1	1	1	1	0.19343	0.784394	0.784394	1	1	
0.754217	-nan	0.782949	2.60786	1	1	1	1	1	1	0.191249	0.782949	0.782949	1	1	
0.757831	-nan	0.78151	2.61055	1	1	1	1	1	1	0.189094	0.78151	0.78151	1	1	
0.761446	-nan	0.780078	2.61321	1	1	1	1	1	1	0.186964	0.780078	0.780078	1	1	
0.76506	-nan	0.778652	2.61585	1	1	1	1	1	1	0.18486	0.778652	0.778652	1	1	
0.768675	-nan	0.777233	2.61845	1	1	1	1	1	1	0.182781	0.777233	0.777233	1	1	
0.772289	-nan	0.77582	2.62104	1	1	1	1	1	1	0.180726	0.77582	0.77582	1	1	
0.775904	-nan	0.774414	2.62359	1	1	1	1	1	1	0.178696	0.774414	0.774414	1	1	
0.779518	-nan	0.773014	2.62612	1	1	1	1	1	1	0.17669	0.773014	0.773014	1	1	
0.783133	-nan	0.771621	2.62863	1	1	1	1	1	1	0.174707	0.771621	0.771621	1	1	
0.786747	-nan	0.770234	2.63111	1	1	1	1	1	1	0.172747	0.770234	0.770234	1	1	
0.790361	-nan	0.768853	2.63356	1	1	1	1	1	1	0.17081	0.768853	0.768853	1	1	
0.793976	-nan	0.767479	2.63599	1	1	1	1	1	1	0.168896	0.767479	0.767479	1	1	
0.79759	-nan	0.766112	2.6384	1	1	1	1	1	1	0.167004	0.766112	0.766112	1	1	
0.801205	-nan	0.76475	2.64078	1	1	1	1	1	1	0.165135	0.76475	0.76475	1	1	
0.804819	-nan	0.763396	2.64314	1	1	1	1	1	1	0.163286	0.763396	0.763396	1	1	
0.808434	-nan	0.762047	2.64548	1	1	1	1	1	1	0.161459	0.762047	0.762047	1	1	
0.812048	-nan	0.760705	2.64779	1	1	1	1	1	1	0.159653	0.760705	0.760705	1	1	
0.815663	-nan	0.75937	2.65008	1	1	1	1	1	1	0.157868	0.75937	0.75937	1	1	
0.819277	-nan	0.758041	2.65235	1	1	1	1	1	1	0.156103	0.758041	0.758041	1	1	
0.822892	-nan	0.756718	2.6546	1	1	1	1	1	1	0.154359	0.756718	0.756718	1	1	
0.826506	-nan	0.755401	2.65682	1	1	1	1	1	1	0.152634	0.755401	0.755401	1	1	
0.83012	-nan	0.754091	2.65903	1	1	1	1	1	1	0.150929	0.754091	0.754091	1	1	
0.833735	-nan	0.752788	2.66121	1	1	1	1	1	1	0.149243	0.752788	0.752788	1	1	
0.837349	-nan	0.75149	2.66337	1	1	1	1	1	1	0.147577	0.75149	0.75149	1	1	
0.840964	-nan	0.750199	2.66552	1	1	1	1	1	1	0.145929	0.750199	0.750199	1	1	
0.844578	-nan	0.748915	2.66764	1	1	1	1	1	1	0.1443	0.748915	0.748915	1	1	
0.848193	-nan	0.747636	2.66974	1	1	1	1	1	1	0.142689	0.747636	0.747636	1	1	
0.851807	-nan	0.746364	2.67182	1	1	1	1	1	1	0.141096	0.746364	0.746364	1	1	
0.855422	-nan	0.745098	2.67388	1	1	1	1	1	1	0.139522	0.745098	0.745098	1	1	
0.859036	-nan	0.743839	2.67592	1	1	1	1	1	1	0.137964	0.743839	0.743839	1	1	
0.862651	-nan	0.742585	2.67795	1	1	1	1	1	1	0.136424	0.742585	0.742585	1	1	
0.866265	-nan	0.741338	2.67995	1	1	1	1	1	1	0.134902	0.741338	0.741338	1	1	
0.86988	-nan	0.740097	2.68194	1	1	1	1	1	1	0.133396	0.740097	0.740097	1	1	
0.873494	-nan	0.738863	2.6839	1	1	1	1	1	1	0.131907	0.738863	0.738863	1	1	
0.877108	-nan	0.737634	2.68585	1	1	1	1	1	1	0.130435	0.737634	0.737634	1	1	
0.880723	-nan	0.736412	2.68778	1	1	1	1	1	1	0.128978	0.736412	0.736412	1	1	
0.884337	-nan	0.735196	2.6897	1	1	1	1	1	1	0.127538	0.735196	0.735196	1	1	
0.887952	-nan	0.733986	2.69159	1	1	1	1	1	1	0.126114	0.733986	0.733986	1	1	
0.891566	-nan	0.732782	2.69347	1	1	1	1	1	1	0.124705	0.732782	0.732782	1	1	
0.895181	-nan	0.731584	2.69533	1	1	1	1	1	1	0.123312	0.731584	0.731584	1	1	
0.898795	-nan	0.730392	2.69718	1	1	1	1	1	1	0.121935	0.730392	0.730392	1	1	
0.90241	-nan	0.729207	2.69901	1	1	1	1	1	1	0.120572	0.729207	0.729207	1	1	
0.906024	-nan	0.728027	2.70082	1	1	1	1	1	1	0.119224	0.728027	0.728027	1	1	
0.909639	-nan	0.726854	2.70261	1	1	1	1	1	1	0.117891	0.726854	0.726854	1	1	
0.913253	-nan	0.725686	2.70439	1	1	1	1	1	1	0.116573	0.725686	0.725686	1	1	
0.916867	-nan	0.724525	2.70615	1	1	1	1	1	1	0.115269	0.724525	0.724525	1	1	
0.920482	-nan	0.72337	2.7079	1	1	1	1	1	1	0.113979	0.72337	0.72337	1	1	
0.924096	-nan	0.72222	2.70963	1	1	1	1	1	1	0.112703	0.72222	0.72222	1	1	
0.927711	-nan	0.721077	2.71135	1	1	1	1	1	1	0.111441	0.721077	0.721077	1	1	
0.931325	-nan	0.719939	2.71305	1	1	1	1	1	1	0.110193	0.719939	0.719939	1	1	
0.93494	-nan	0.718807	2.71473	1	1	1	1	1	1	0.108958	0.718807	0.718807	1	1	
0.938554	-nan	0.717682	2.7164	1	1	1	1	1	1	0.107736	0.717682	0.717682	1	1	
0.942169	-nan	0.716562	2.71806	1	1	1	1	1	1	0.106528	0.716562	0.716562	1	1	
0.945783	-nan	0.715448	2.7197	1	1	1	1	1	1	0.105333	0.715448	0.715448	1	1	
0.949398	-nan	0.714339	2.72133	1	1	1	1	1	1	0.104151	0.714339	0.714339	1	1	
0.953012	-nan	0.713237	2.72294	1	1	1	1	1	1	0.102981	0.713237	0.713237	1	1	
0.956627	-nan	0.71214	2.72454	1	1	1	1	1	1	0.101824	0.71214	0.71214	1	1	
0.960241	-nan	0.71105	2.72612	1	1	1	1	1	1	0.10068	0.71105	0.71105	1	1	
0.963855	-nan	0.709965	2.72769	1	1	1	1	1	1	0.0995473	0.709965	0.709965	1	1	
0.96747	-nan	0.708885	2.72925	1	1	1	1	1	1	0.0984272	0.708885	0.708885	1	1	
0.971084	-nan	0.707812	2.73079	1	1	1	1	1	1	0.0973191	0.707812	0.707812	1	1	
0.974699	-nan	0.706744	2.73232	1	1	1	1	1	1	0.0962229	0.706744	0.706744	1	1	
0.978313	-nan	0.705681	2.73384	1	1	1	1	1	1	0.0951384	0.705681	0.705681	1	1	
0.981928	-nan	0.704625	2.73535	1	1	1	1	1	1	0.0940655	0.704625	0.704625	1	1	
0.985542	-nan	0.703574	2.73684	1	1	1	1	1	1	0.0930041	0.703574	0.703574	1	1	
0.989157	-nan	0.702529	2.73832	1	1	1	1	1	1	0.0919541	0.702529	0.702529	1	1	
0.992771	-nan	0.701489	2.73978	1	1	1	1	1	1	0.0909152	0.701489	0.701489	1	1	
0.996386	-nan	0.700455	2.74123	1	1	1	1	1	1	0.0898875	0.700455	0.700455	1	1	
1	-nan	-nan	-nan	-nan	-nan	-nan	-nan	-nan	-nan	-nan	-nan	-nan	-nan	-nan	
