1e-05	-nan	0.526299	0.624384	1	1	1	1	1	1	3.07321	0.526299	0.526299	1	1	
1.03753e-05	-nan	0.526454	0.624349	1	1	1	1	1	1	3.07322	0.526454	0.526454	1	1	
1.07647e-05	-nan	0.526611	0.624312	1	1	1	1	1	1	3.07322	0.526611	0.526611	1	1	
1.11686e-05	-nan	0.526771	0.624273	1	1	1	1	1	1	3.07323	0.526771	0.526771	1	1	
1.15878e-05	-nan	0.526934	0.624232	1	1	1	1	1	1	3.07324	0.526934	0.526934	1	1	
1.20226e-05	-nan	0.527099	0.62419	1	1	1	1	1	1	3.07324	0.527099	0.527099	1	1	
1.24738e-05	-nan	0.527267	0.624145	1	1	1	1	1	1	3.07325	0.527267	0.527267	1	1	
1.2942e-05	-nan	0.527438	0.624098	1	1	1	1	1	1	3.07326	0.527438	0.527438	1	1	
1.34276e-05	-nan	0.527612	0.62405	1	1	1	1	1	1	3.07327	0.527612	0.527612	1	1	
1.39316e-05	-nan	0.527789	0.623999	1	1	1	1	1	1	3.07327	0.527789	0.527789	1	1	
1.44544e-05	-nan	0.527969	0.623946	1	1	1	1	1	1	3.07328	0.527969	0.527969	1	1	
1.49968e-05	-nan	0.528151	0.62389	1	1	1	1	1	1	3.07329	0.528151	0.528151	1	1	
1.55597e-05	-nan	0.528337	0.623833	1	1	1	1	1	1	3.0733	0.528337	0.528337	1	1	
1.61436e-05	-nan	0.528526	0.623773	1	1	1	1	1	1	3.0733	0.528526	0.528526	1	1	
1.67494e-05	-nan	0.528718	0.62371	1	1	1	1	1	1	3.07331	0.528718	0.528718	1	1	
1.7378e-05	-nan	0.528913	0.623646	1	1	1	1	1	1	3.07332	0.528913	0.528913	1	1	
1.80302e-05	-nan	0.529112	0.623578	1	1	1	1	1	1	3.07333	0.529112	0.529112	1	1	
1.87068e-05	-nan	0.529314	0.623508	1	1	1	1	1	1	3.07334	0.529314	0.529314	1	1	
1.94089e-05	-nan	0.529519	0.623435	1	1	1	1	1	1	3.07335	0.529519	0.529519	1	1	
2.01372e-05	-nan	0.529728	0.62336	1	1	1	1	1	1	3.07336	0.529728	0.529728	1	1	
2.0893e-05	-nan	0.52994	0.623281	1	1	1	1	1	1	3.07337	0.52994	0.52994	1	1	
2.1677e-05	-nan	0.530156	0.6232	1	1	1	1	1	1	3.07338	0.530156	0.530156	1	1	
2.24905e-05	-nan	0.530376	0.623116	1	1	1	1	1	1	3.07339	0.530376	0.530376	1	1	
2.33346e-05	-nan	0.530599	0.623029	1	1	1	1	1	1	3.0734	0.530599	0.530599	1	1	
2.42103e-05	-nan	0.530826	0.622938	1	1	1	1	1	1	3.07341	0.530826	0.530826	1	1	
2.51189e-05	-nan	0.531057	0.622845	1	1	1	1	1	1	3.07342	0.531057	0.531057	1	1	
2.60615e-05	-nan	0.531292	0.622748	1	1	1	1	1	1	3.07343	0.531292	0.531292	1	1	
2.70396e-05	-nan	0.53153	0.622648	1	1	1	1	1	1	3.07344	0.53153	0.53153	1	1	
2.80543e-05	-nan	0.531773	0.622544	1	1	1	1	1	1	3.07346	0.531773	0.531773	1	1	
2.91072e-05	-nan	0.53202	0.622437	1	1	1	1	1	1	3.07347	0.53202	0.53202	1	1	
3.01995e-05	-nan	0.532271	0.622326	1	1	1	1	1	1	3.07348	0.532271	0.532271	1	1	
3.13329e-05	-nan	0.532527	0.622212	1	1	1	1	1	1	3.07349	0.532527	0.532527	1	1	
3.25087e-05	-nan	0.532787	0.622093	1	1	1	1	1	1	3.07351	0.532787	0.532787	1	1	
3.37287e-05	-nan	0.533051	0.621971	1	1	1	1	1	1	3.07352	0.533051	0.533051	1	1	
3.49945e-05	-nan	0.53332	0.621845	1	1	1	1	1	1	3.07353	0.53332	0.53332	1	1	
3.63078e-05	-nan	0.533593	0.621715	1	1	1	1	1	1	3.07355	0.533593	0.533593	1	1	
3.76704e-05	-nan	0.533871	0.62158	1	1	1	1	1	1	3.07356	0.533871	0.533871	1	1	
3.90841e-05	-nan	0.534154	0.621442	1	1	1	1	1	1	3.07358	0.534154	0.534154	1	1	
4.05509e-05	-nan	0.534442	0.621299	1	1	1	1	1	1	3.07359	0.534442	0.534442	1	1	
4.20727e-05	-nan	0.534734	0.621151	1	1	1	1	1	1	3.07361	0.534734	0.534734	1	1	
4.36516e-05	-nan	0.535032	0.621	1	1	1	1	1	1	3.07362	0.535032	0.535032	1	1	
4.52898e-05	-nan	0.535334	0.620843	1	1	1	1	1	1	3.07364	0.535334	0.535334	1	1	
4.69894e-05	-nan	0.535642	0.620681	1	1	1	1	1	1	3.07366	0.535642	0.535642	1	1	
4.87528e-05	-nan	0.535956	0.620515	1	1	1	1	1	1	3.07368	0.535956	0.535956	1	1	
5.05825e-05	-nan	0.536274	0.620344	1	1	1	1	1	1	3.07369	0.536274	0.536274	1	1	
5.24807e-05	-nan	0.536598	0.620168	1	1	1	1	1	1	3.07371	0.536598	0.536598	1	1	
5.44503e-05	-nan	0.536928	0.619986	1	1	1	1	1	1	3.07373	0.536928	0.536928	1	1	
5.64937e-05	-nan	0.537263	0.619799	1	1	1	1	1	1	3.07375	0.537263	0.537263	1	1	
5.86138e-05	-nan	0.537605	0.619607	1	1	1	1	1	1	3.07377	0.537605	0.537605	1	1	
6.08135e-05	-nan	0.537952	0.619409	1	1	1	1	1	1	3.07379	0.537952	0.537952	1	1	
6.30957e-05	-nan	0.538305	0.619205	1	1	1	1	1	1	3.07381	0.538305	0.538305	1	1	
6.54636e-05	-nan	0.538664	0.618996	1	1	1	1	1	1	3.07383	0.538664	0.538664	1	1	
6.79204e-05	-nan	0.539029	0.618781	1	1	1	1	1	1	3.07386	0.539029	0.539029	1	1	
7.04693e-05	-nan	0.539401	0.618559	1	1	1	1	1	1	3.07388	0.539401	0.539401	1	1	
7.31139e-05	-nan	0.539779	0.618332	1	1	1	1	1	1	3.0739	0.539779	0.539779	1	1	
7.58578e-05	-nan	0.540164	0.618098	1	1	1	1	1	1	3.07393	0.540164	0.540164	1	1	
7.87046e-05	-nan	0.540556	0.617858	1	1	1	1	1	1	3.07395	0.540556	0.540556	1	1	
8.16582e-05	-nan	0.540954	0.617611	1	1	1	1	1	1	3.07397	0.540954	0.540954	1	1	
8.47227e-05	-nan	0.54136	0.617357	1	1	1	1	1	1	3.074	0.54136	0.54136	1	1	
8.79023e-05	-nan	0.541772	0.617097	1	1	1	1	1	1	3.07403	0.541772	0.541772	1	1	
9.12011e-05	-nan	0.542191	0.616829	1	1	1	1	1	1	3.07405	0.542191	0.542191	1	1	
9.46237e-05	-nan	0.542618	0.616555	1	1	1	1	1	1	3.07408	0.542618	0.542618	1	1	
9.81748e-05	-nan	0.543053	0.616273	1	1	1	1	1	1	3.07411	0.543053	0.543053	1	1	
0.000101859	-nan	0.543495	0.615983	1	1	1	1	1	1	3.07414	0.543495	0.543495	1	1	
0.000105682	-nan	0.543945	0.615687	1	1	1	1	1	1	3.07417	0.543945	0.543945	1	1	
0.000109648	-nan	0.544402	0.615382	1	1	1	1	1	1	3.0742	0.544402	0.544402	1	1	
0.000113763	-nan	0.544868	0.61507	1	1	1	1	1	1	3.07423	0.544868	0.544868	1	1	
0.000118032	-nan	0.545342	0.614749	1	1	1	1	1	1	3.07426	0.545342	0.545342	1	1	
0.000122462	-nan	0.545824	0.614421	1	1	1	1	1	1	3.0743	0.545824	0.545824	1	1	
0.000127057	-nan	0.546315	0.614084	1	1	1	1	1	1	3.07433	0.546315	0.546315	1	1	
0.000131826	-nan	0.546814	0.613739	1	1	1	1	1	1	3.07437	0.546814	0.546814	1	1	
0.000136773	-nan	0.547322	0.613385	1	1	1	1	1	1	3.0744	0.547322	0.547322	1	1	
0.000141906	-nan	0.547839	0.613022	1	1	1	1	1	1	3.07444	0.547839	0.547839	1	1	
0.000147231	-nan	0.548366	0.61265	1	1	1	1	1	1	3.07448	0.548366	0.548366	1	1	
0.000152757	-nan	0.548901	0.612269	1	1	1	1	1	1	3.07452	0.548901	0.548901	1	1	
0.000158489	-nan	0.549446	0.611879	1	1	1	1	1	1	3.07456	0.549446	0.549446	1	1	
0.000164437	-nan	0.550001	0.61148	1	1	1	1	1	1	3.0746	0.550001	0.550001	1	1	
0.000170608	-nan	0.550566	0.611071	1	1	1	1	1	1	3.07464	0.550566	0.550566	1	1	
0.000177011	-nan	0.55114	0.610652	1	1	1	1	1	1	3.07468	0.55114	0.55114	1	1	
0.000183654	-nan	0.551725	0.610223	1	1	1	1	1	1	3.07472	0.551725	0.551725	1	1	
0.000190546	-nan	0.55232	0.609784	1	1	1	1	1	1	3.07477	0.55232	0.55232	1	1	
0.000197697	-nan	0.552926	0.609335	1	1	1	1	1	1	3.07482	0.552926	0.552926	1	1	
0.000205116	-nan	0.553543	0.608876	1	1	1	1	1	1	3.07486	0.553543	0.553543	1	1	
0.000212814	-nan	0.554171	0.608405	1	1	1	1	1	1	3.07491	0.554171	0.554171	1	1	
0.0002208	-nan	0.554809	0.607925	1	1	1	1	1	1	3.07496	0.554809	0.554809	1	1	
0.000229087	-nan	0.55546	0.607433	1	1	1	1	1	1	3.07501	0.55546	0.55546	1	1	
0.000237684	-nan	0.556121	0.60693	1	1	1	1	1	1	3.07507	0.556121	0.556121	1	1	
0.000246604	-nan	0.556795	0.606416	1	1	1	1	1	1	3.07512	0.556795	0.556795	1	1	
0.000255859	-nan	0.557481	0.60589	1	1	1	1	1	1	3.07518	0.557481	0.557481	1	1	
0.000265461	-nan	0.558179	0.605353	1	1	1	1	1	1	3.07523	0.558179	0.558179	1	1	
0.000275423	-nan	0.558889	0.604804	1	1	1	1	1	1	3.07529	0.558889	0.558889	1	1	
0.000285759	-nan	0.559613	0.604243	1	1	1	1	1	1	3.07535	0.559613	0.559613	1	1	
0.000296483	-nan	0.560349	0.603671	1	1	1	1	1	1	3.07542	0.560349	0.560349	1	1	
0.00030761	-nan	0.561099	0.603085	1	1	1	1	1	1	3.07548	0.561099	0.561099	1	1	
0.000319154	-nan	0.561862	0.602488	1	1	1	1	1	1	3.07554	0.561862	0.561862	1	1	
0.000331131	-nan	0.562638	0.601878	1	1	1	1	1	1	3.07561	0.562638	0.562638	1	1	
0.000343558	-nan	0.563429	0.601255	1	1	1	1	1	1	3.07568	0.563429	0.563429	1	1	
0.000356451	-nan	0.564234	0.600619	1	1	1	1	1	1	3.07575	0.564234	0.564234	1	1	
0.000369828	-nan	0.565053	0.599971	1	1	1	1	1	1	3.07582	0.565053	0.565053	1	1	
0.000383707	-nan	0.565888	0.599309	1	1	1	1	1	1	3.07589	0.565888	0.565888	1	1	
0.000398107	-nan	0.566737	0.598634	1	1	1	1	1	1	3.07597	0.566737	0.566737	1	1	
0.000413048	-nan	0.567602	0.597945	1	1	1	1	1	1	3.07605	0.567602	0.567602	1	1	
0.000428549	-nan	0.568482	0.597243	1	1	1	1	1	1	3.07613	0.568482	0.568482	1	1	
0.000444631	-nan	0.569378	0.596527	1	1	1	1	1	1	3.07621	0.569378	0.569378	1	1	
0.000461318	-nan	0.57029	0.595797	1	1	1	1	1	1	3.0763	0.57029	0.57029	1	1	
0.00047863	-nan	0.571219	0.595053	1	1	1	1	1	1	3.07638	0.571219	0.571219	1	1	
0.000496592	-nan	0.572165	0.594295	1	1	1	1	1	1	3.07647	0.572165	0.572165	1	1	
0.000515229	-nan	0.573128	0.593523	1	1	1	1	1	1	3.07656	0.573128	0.573128	1	1	
0.000534564	-nan	0.574108	0.592737	1	1	1	1	1	1	3.07666	0.574108	0.574108	1	1	
0.000554626	-nan	0.575106	0.591936	1	1	1	1	1	1	3.07675	0.575106	0.575106	1	1	
0.00057544	-nan	0.576122	0.591121	1	1	1	1	1	1	3.07685	0.576122	0.576122	1	1	
0.000597035	-nan	0.577157	0.59029	1	1	1	1	1	1	3.07695	0.577157	0.577157	1	1	
0.000619441	-nan	0.57821	0.589446	1	1	1	1	1	1	3.07706	0.57821	0.57821	1	1	
0.000642688	-nan	0.579282	0.588586	1	1	1	1	1	1	3.07716	0.579282	0.579282	1	1	
0.000666807	-nan	0.580374	0.587712	1	1	1	1	1	1	3.07727	0.580374	0.580374	1	1	
0.000691831	-nan	0.581486	0.586822	1	1	1	1	1	1	3.07738	0.581486	0.581486	1	1	
0.000717794	-nan	0.582618	0.585918	1	1	1	1	1	1	3.0775	0.582618	0.582618	1	1	
0.000744732	-nan	0.58377	0.584999	1	1	1	1	1	1	3.07762	0.58377	0.58377	1	1	
0.000772681	-nan	0.584943	0.584064	1	1	1	1	1	1	3.07774	0.584943	0.584943	1	1	
0.000801678	-nan	0.586138	0.583115	1	1	1	1	1	1	3.07786	0.586138	0.586138	1	1	
0.000831764	-nan	0.587354	0.582151	1	1	1	1	1	1	3.07799	0.587354	0.587354	1	1	
0.000862979	-nan	0.588592	0.581171	1	1	1	1	1	1	3.07812	0.588592	0.588592	1	1	
0.000895365	-nan	0.589852	0.580177	1	1	1	1	1	1	3.07826	0.589852	0.589852	1	1	
0.000928966	-nan	0.591136	0.579167	1	1	1	1	1	1	3.0784	0.591136	0.591136	1	1	
0.000963829	-nan	0.592442	0.578143	1	1	1	1	1	1	3.07854	0.592442	0.592442	1	1	
0.001	-nan	0.593773	0.577103	1	1	1	1	1	1	3.07869	0.593773	0.593773	1	1	
0.00103753	-nan	0.595127	0.576049	1	1	1	1	1	1	3.07884	0.595127	0.595127	1	1	
0.00107647	-nan	0.596506	0.57498	1	1	1	1	1	1	3.07899	0.596506	0.596506	1	1	
0.00111686	-nan	0.597909	0.573897	1	1	1	1	1	1	3.07915	0.597909	0.597909	1	1	
0.00115878	-nan	0.599338	0.572799	1	1	1	1	1	1	3.07931	0.599338	0.599338	1	1	
0.00120226	-nan	0.600793	0.571687	1	1	1	1	1	1	3.07948	0.600793	0.600793	1	1	
0.00124738	-nan	0.602274	0.57056	1	1	1	1	1	1	3.07965	0.602274	0.602274	1	1	
0.0012942	-nan	0.603781	0.56942	1	1	1	1	1	1	3.07983	0.603781	0.603781	1	1	
0.00134276	-nan	0.605316	0.568266	1	1	1	1	1	1	3.08001	0.605316	0.605316	1	1	
0.00139316	-nan	0.606878	0.567098	1	1	1	1	1	1	3.0802	0.606878	0.606878	1	1	
0.00144544	-nan	0.608468	0.565917	1	1	1	1	1	1	3.08039	0.608468	0.608468	1	1	
0.00149968	-nan	0.610087	0.564723	1	1	1	1	1	1	3.08059	0.610087	0.610087	1	1	
0.00155597	-nan	0.611734	0.563516	1	1	1	1	1	1	3.08079	0.611734	0.611734	1	1	
0.00161436	-nan	0.613411	0.562297	1	1	1	1	1	1	3.08099	0.613411	0.613411	1	1	
0.00167494	-nan	0.615117	0.561065	1	1	1	1	1	1	3.08121	0.615117	0.615117	1	1	
0.0017378	-nan	0.616854	0.559823	1	1	1	1	1	1	3.08143	0.616854	0.616854	1	1	
0.00180302	-nan	0.618622	0.558568	1	1	1	1	1	1	3.08165	0.618622	0.618622	1	1	
0.00187068	-nan	0.620421	0.557303	1	1	1	1	1	1	3.08188	0.620421	0.620421	1	1	
0.00194089	-nan	0.622251	0.556028	1	1	1	1	1	1	3.08212	0.622251	0.622251	1	1	
0.00201372	-nan	0.624114	0.554743	1	1	1	1	1	1	3.08236	0.624114	0.624114	1	1	
0.0020893	-nan	0.626009	0.553448	1	1	1	1	1	1	3.08261	0.626009	0.626009	1	1	
0.0021677	-nan	0.627938	0.552145	1	1	1	1	1	1	3.08287	0.627938	0.627938	1	1	
0.00224905	-nan	0.6299	0.550834	1	1	1	1	1	1	3.08314	0.6299	0.6299	1	1	
0.00233346	-nan	0.631897	0.549515	1	1	1	1	1	1	3.08341	0.631897	0.631897	1	1	
0.00242103	-nan	0.633927	0.548189	1	1	1	1	1	1	3.08369	0.633927	0.633927	1	1	
0.00251189	-nan	0.635993	0.546858	1	1	1	1	1	1	3.08397	0.635993	0.635993	1	1	
0.00260615	-nan	0.638095	0.545521	1	1	1	1	1	1	3.08427	0.638095	0.638095	1	1	
0.00270396	-nan	0.640233	0.544179	1	1	1	1	1	1	3.08457	0.640233	0.640233	1	1	
0.00280543	-nan	0.642407	0.542834	1	1	1	1	1	1	3.08489	0.642407	0.642407	1	1	
0.00291072	-nan	0.644618	0.541486	1	1	1	1	1	1	3.08521	0.644618	0.644618	1	1	
0.00301995	-nan	0.646866	0.540136	1	1	1	1	1	1	3.08554	0.646866	0.646866	1	1	
0.00313329	-nan	0.649152	0.538786	1	1	1	1	1	1	3.08587	0.649152	0.649152	1	1	
0.00325087	-nan	0.651477	0.537435	1	1	1	1	1	1	3.08622	0.651477	0.651477	1	1	
0.00337287	-nan	0.65384	0.536086	1	1	1	1	1	1	3.08658	0.65384	0.65384	1	1	
0.00349945	-nan	0.656243	0.53474	1	1	1	1	1	1	3.08695	0.656243	0.656243	1	1	
0.00363078	-nan	0.658685	0.533397	1	1	1	1	1	1	3.08733	0.658685	0.658685	1	1	
0.00376704	-nan	0.661168	0.532059	1	1	1	1	1	1	3.08772	0.661168	0.661168	1	1	
0.00390841	-nan	0.66369	0.530728	1	1	1	1	1	1	3.08812	0.66369	0.66369	1	1	
0.00405509	-nan	0.666254	0.529404	1	1	1	1	1	1	3.08853	0.666254	0.666254	1	1	
0.00420727	-nan	0.668859	0.528089	1	1	1	1	1	1	3.08895	0.668859	0.668859	1	1	
0.00436516	-nan	0.671506	0.526785	1	1	1	1	1	1	3.08939	0.671506	0.671506	1	1	
0.00452898	-nan	0.674194	0.525494	1	1	1	1	1	1	3.08983	0.674194	0.674194	1	1	
0.00469894	-nan	0.676925	0.524216	1	1	1	1	1	1	3.0903	0.676925	0.676925	1	1	
0.00487528	-nan	0.679699	0.522954	1	1	1	1	1	1	3.09077	0.679699	0.679699	1	1	
0.00505825	-nan	0.682515	0.52171	1	1	1	1	1	1	3.09126	0.682515	0.682515	1	1	
0.00524807	-nan	0.685375	0.520485	1	1	1	1	1	1	3.09176	0.685375	0.685375	1	1	
0.00544503	-nan	0.688279	0.519282	1	1	1	1	1	1	3.09228	0.688279	0.688279	1	1	
0.00564937	-nan	0.691226	0.518102	1	1	1	1	1	1	3.09281	0.691226	0.691226	1	1	
0.00586138	-nan	0.694218	0.516948	1	1	1	1	1	1	3.09335	0.694218	0.694218	1	1	
0.00608135	-nan	0.697254	0.515822	1	1	1	1	1	1	3.09392	0.697254	0.697254	1	1	
0.00630957	-nan	0.700334	0.514727	1	1	1	1	1	1	3.0945	0.700334	0.700334	1	1	
0.00654636	-nan	0.703459	0.513664	1	1	1	1	1	1	3.09509	0.703459	0.703459	1	1	
0.00679204	-nan	0.706629	0.512637	1	1	1	1	1	1	3.09571	0.706629	0.706629	1	1	
0.00704693	-nan	0.709844	0.511648	1	1	1	1	1	1	3.09634	0.709844	0.709844	1	1	
0.00731139	-nan	0.713104	0.5107	1	1	1	1	1	1	3.09699	0.713104	0.713104	1	1	
0.00758578	-nan	0.71641	0.509796	1	1	1	1	1	1	3.09766	0.71641	0.71641	1	1	
0.00787046	-nan	0.71976	0.50894	1	1	1	1	1	1	3.09835	0.71976	0.71976	1	1	
0.00816582	-nan	0.723155	0.508134	1	1	1	1	1	1	3.09906	0.723155	0.723155	1	1	
0.00847227	-nan	0.726596	0.507381	1	1	1	1	1	1	3.09979	0.726596	0.726596	1	1	
0.00879023	-nan	0.730082	0.506686	1	1	1	1	1	1	3.10054	0.730082	0.730082	1	1	
0.00912011	-nan	0.733613	0.506052	1	1	1	1	1	1	3.10132	0.733613	0.733613	1	1	
0.00946237	-nan	0.737189	0.505483	1	1	1	1	1	1	3.10212	0.737189	0.737189	1	1	
0.00981748	-nan	0.74081	0.504982	1	1	1	1	1	1	3.10294	0.74081	0.74081	1	1	
0.0101859	-nan	0.744475	0.504555	1	1	1	1	1	1	3.10379	0.744475	0.744475	1	1	
0.0105682	-nan	0.748184	0.504206	1	1	1	1	1	1	3.10467	0.748184	0.748184	1	1	
0.0109648	-nan	0.751938	0.503939	1	1	1	1	1	1	3.10557	0.751938	0.751938	1	1	
0.0113763	-nan	0.755735	0.503759	1	1	1	1	1	1	3.1065	0.755735	0.755735	1	1	
0.0118032	-nan	0.759576	0.503671	1	1	1	1	1	1	3.10746	0.759576	0.759576	1	1	
0.0122462	-nan	0.76346	0.503681	1	1	1	1	1	1	3.10844	0.76346	0.76346	1	1	
0.0127057	-nan	0.767386	0.503794	1	1	1	1	1	1	3.10946	0.767386	0.767386	1	1	
0.0131826	-nan	0.771355	0.504017	1	1	1	1	1	1	3.11051	0.771355	0.771355	1	1	
0.0136773	-nan	0.775365	0.504355	1	1	1	1	1	1	3.1116	0.775365	0.775365	1	1	
0.0141906	-nan	0.779417	0.504815	1	1	1	1	1	1	3.11271	0.779417	0.779417	1	1	
0.0147231	-nan	0.783509	0.505404	1	1	1	1	1	1	3.11386	0.783509	0.783509	1	1	
0.0152757	-nan	0.787641	0.50613	1	1	1	1	1	1	3.11505	0.787641	0.787641	1	1	
0.0158489	-nan	0.791812	0.506999	1	1	1	1	1	1	3.11628	0.791812	0.791812	1	1	
0.0164437	-nan	0.796021	0.50802	1	1	1	1	1	1	3.11755	0.796021	0.796021	1	1	
0.0170608	-nan	0.800269	0.509202	1	1	1	1	1	1	3.11885	0.800269	0.800269	1	1	
0.0177011	-nan	0.804553	0.510553	1	1	1	1	1	1	3.1202	0.804553	0.804553	1	1	
0.0183654	-nan	0.808874	0.512083	1	1	1	1	1	1	3.1216	0.808874	0.808874	1	1	
0.0190546	-nan	0.813229	0.513802	1	1	1	1	1	1	3.12303	0.813229	0.813229	1	1	
0.0197697	-nan	0.817619	0.515721	1	1	1	1	1	1	3.12452	0.817619	0.817619	1	1	
0.0205116	-nan	0.822043	0.51785	1	1	1	1	1	1	3.12605	0.822043	0.822043	1	1	
0.0212814	-nan	0.826498	0.520202	1	1	1	1	1	1	3.12764	0.826498	0.826498	1	1	
0.02208	-nan	0.830985	0.522789	1	1	1	1	1	1	3.12928	0.830985	0.830985	1	1	
0.0229087	-nan	0.835503	0.525624	1	1	1	1	1	1	3.13097	0.835503	0.835503	1	1	
0.0237684	-nan	0.840049	0.528722	1	1	1	1	1	1	3.13272	0.840049	0.840049	1	1	
0.0246604	-nan	0.844623	0.532097	1	1	1	1	1	1	3.13452	0.844623	0.844623	1	1	
0.0255859	-nan	0.849224	0.535765	1	1	1	1	1	1	3.13639	0.849224	0.849224	1	1	
0.0265461	-nan	0.853851	0.539743	1	1	1	1	1	1	3.13832	0.853851	0.853851	1	1	
0.0275423	-nan	0.858502	0.544049	1	1	1	1	1	1	3.14032	0.858502	0.858502	1	1	
0.0285759	-nan	0.863176	0.548701	1	1	1	1	1	1	3.14239	0.863176	0.863176	1	1	
0.0296483	-nan	0.867872	0.553719	1	1	1	1	1	1	3.14453	0.867872	0.867872	1	1	
0.030761	-nan	0.872588	0.559123	1	1	1	1	1	1	3.14674	0.872588	0.872588	1	1	
0.0319154	-nan	0.877323	0.564938	1	1	1	1	1	1	3.14903	0.877323	0.877323	1	1	
0.0331131	-nan	0.882075	0.571185	1	1	1	1	1	1	3.1514	0.882075	0.882075	1	1	
0.0343558	-nan	0.886844	0.577889	1	1	1	1	1	1	3.15385	0.886844	0.886844	1	1	
0.0356451	-nan	0.891628	0.585077	1	1	1	1	1	1	3.15639	0.891628	0.891628	1	1	
0.0369828	-nan	0.896425	0.592777	1	1	1	1	1	1	3.15902	0.896425	0.896425	1	1	
0.0383707	-nan	0.901233	0.601016	1	1	1	1	1	1	3.16175	0.901233	0.901233	1	1	
0.0398107	-nan	0.906052	0.609826	1	1	1	1	1	1	3.16458	0.906052	0.906052	1	1	
0.0413048	-nan	0.910879	0.619238	1	1	1	1	1	1	3.1675	0.910879	0.910879	1	1	
0.0428549	-nan	0.915714	0.629285	1	1	1	1	1	1	3.17054	0.915714	0.915714	1	1	
0.0444631	-nan	0.920554	0.640002	1	1	1	1	1	1	3.17369	0.920554	0.920554	1	1	
0.0461318	-nan	0.925398	0.651424	1	1	1	1	1	1	3.17695	0.925398	0.925398	1	1	
0.047863	-nan	0.930245	0.663587	1	1	1	1	1	1	3.18033	0.930245	0.930245	1	1	
0.0496592	-nan	0.935093	0.67653	1	1	1	1	1	1	3.18385	0.935093	0.935093	1	1	
0.0515229	-nan	0.93994	0.690289	1	1	1	1	1	1	3.18749	0.93994	0.93994	1	1	
0.0534564	-nan	0.944784	0.704903	1	1	1	1	1	1	3.19127	0.944784	0.944784	1	1	
0.0554626	-nan	0.949625	0.720411	1	1	1	1	1	1	3.1952	0.949625	0.949625	1	1	
0.057544	-nan	0.95446	0.73685	1	1	1	1	1	1	3.19928	0.95446	0.95446	1	1	
0.0597035	-nan	0.959288	0.754256	1	1	1	1	1	1	3.20352	0.959288	0.959288	1	1	
0.0619441	-nan	0.964108	0.772664	1	1	1	1	1	1	3.20792	0.964108	0.964108	1	1	
0.0642688	-nan	0.968917	0.792105	1	1	1	1	1	1	3.2125	0.968917	0.968917	1	1	
0.0666807	-nan	0.973714	0.812608	1	1	1	1	1	1	3.21726	0.973714	0.973714	1	1	
0.0691831	-nan	0.978498	0.834197	1	1	1	1	1	1	3.2222	0.978498	0.978498	1	1	
0.0717794	-nan	0.983266	0.85689	1	1	1	1	1	1	3.22735	0.983266	0.983266	1	1	
0.0744732	-nan	0.988018	0.880699	1	1	1	1	1	1	3.2327	0.988018	0.988018	1	1	
0.0772681	-nan	0.992752	0.905627	1	1	1	1	1	1	3.23828	0.992752	0.992752	1	1	
0.0801678	-nan	0.997466	0.931669	1	1	1	1	1	1	3.24408	0.997466	0.997466	1	1	
0.0831764	-nan	1.00216	0.95881	1	1	1	1	1	1	3.25012	1.00216	1.00216	1	1	
0.0862979	-nan	1.00683	0.987021	1	1	1	1	1	1	3.25641	1.00683	1.00683	1	1	
0.0895365	-nan	1.01147	1.01626	1	1	1	1	1	1	3.26296	1.01147	1.01147	1	1	
0.0928966	-nan	1.01609	1.04649	1	1	1	1	1	1	3.2698	1.01609	1.01609	1	1	
0.0963829	-nan	1.02069	1.07762	1	1	1	1	1	1	3.27692	1.02069	1.02069	1	1	
0.1	-nan	1.02525	1.10958	1	1	1	1	1	1	3.28435	1.02525	1.02525	1	1	
0.103614	-nan	1.02962	1.14109	1	1	1	1	1	1	3.29182	1.02962	1.02962	1	1	
0.107229	-nan	1.03381	1.17207	1	1	1	1	1	1	3.29932	1.03381	1.03381	1	1	
0.110843	-nan	1.03784	1.20246	1	1	1	1	1	1	3.30687	1.03784	1.03784	1	1	
0.114458	-nan	1.04171	1.23219	1	1	1	1	1	1	3.31446	1.04171	1.04171	1	1	
0.118072	-nan	1.04543	1.26121	1	1	1	1	1	1	3.32209	1.04543	1.04543	1	1	
0.121687	-nan	1.04902	1.28946	1	1	1	1	1	1	3.32977	1.04902	1.04902	1	1	
0.125301	-nan	1.05248	1.31692	1	1	1	1	1	1	3.3375	1.05248	1.05248	1	1	
0.128916	-nan	1.05582	1.34356	1	1	1	1	1	1	3.34527	1.05582	1.05582	1	1	
0.13253	-nan	1.05904	1.36935	1	1	1	1	1	1	3.35309	1.05904	1.05904	1	1	
0.136145	-nan	1.06215	1.39428	1	1	1	1	1	1	3.36095	1.06215	1.06215	1	1	
0.139759	-nan	1.06517	1.41836	1	1	1	1	1	1	3.36887	1.06517	1.06517	1	1	
0.143373	-nan	1.06808	1.44157	1	1	1	1	1	1	3.37683	1.06808	1.06808	1	1	
0.146988	-nan	1.0709	1.46392	1	1	1	1	1	1	3.38484	1.0709	1.0709	1	1	
0.150602	-nan	1.07364	1.48543	1	1	1	1	1	1	3.3929	1.07364	1.07364	1	1	
0.154217	-nan	1.07629	1.50609	1	1	1	1	1	1	3.40101	1.07629	1.07629	1	1	
0.157831	-nan	1.07886	1.52594	1	1	1	1	1	1	3.40917	1.07886	1.07886	1	1	
0.161446	-nan	1.08136	1.54498	1	1	1	1	1	1	3.41739	1.08136	1.08136	1	1	
0.16506	-nan	1.08378	1.56324	1	1	1	1	1	1	3.42565	1.08378	1.08378	1	1	
0.168675	-nan	1.08614	1.58073	1	1	1	1	1	1	3.43397	1.08614	1.08614	1	1	
0.172289	-nan	1.08843	1.59749	1	1	1	1	1	1	3.44234	1.08843	1.08843	1	1	
0.175904	-nan	1.09066	1.61352	1	1	1	1	1	1	3.45076	1.09066	1.09066	1	1	
0.179518	-nan	1.09283	1.62886	1	1	1	1	1	1	3.45923	1.09283	1.09283	1	1	
0.183133	-nan	1.09494	1.64353	1	1	1	1	1	1	3.46776	1.09494	1.09494	1	1	
0.186747	-nan	1.09699	1.65756	1	1	1	1	1	1	3.47634	1.09699	1.09699	1	1	
0.190361	-nan	1.099	1.67096	1	1	1	1	1	1	3.48498	1.099	1.099	1	1	
0.193976	-nan	1.10095	1.68376	1	1	1	1	1	1	3.49367	1.10095	1.10095	1	1	
0.19759	-nan	1.10285	1.69598	1	1	1	1	1	1	3.50242	1.10285	1.10285	1	1	
0.201205	-nan	1.10471	1.70765	1	1	1	1	1	1	3.51122	1.10471	1.10471	1	1	
0.204819	-nan	1.10652	1.71879	1	1	1	1	1	1	3.52008	1.10652	1.10652	1	1	
0.208434	-nan	1.10829	1.72942	1	1	1	1	1	1	3.52899	1.10829	1.10829	1	1	
0.212048	-nan	1.11002	1.73955	1	1	1	1	1	1	3.53796	1.11002	1.11002	1	1	
0.215663	-nan	1.11171	1.74921	1	1	1	1	1	1	3.54699	1.11171	1.11171	1	1	
0.219277	-nan	1.11336	1.75843	1	1	1	1	1	1	3.55608	1.11336	1.11336	1	1	
0.222892	-nan	1.11497	1.76721	1	1	1	1	1	1	3.56522	1.11497	1.11497	1	1	
0.226506	-nan	1.11655	1.77557	1	1	1	1	1	1	3.57442	1.11655	1.11655	1	1	
0.23012	-nan	1.1181	1.78353	1	1	1	1	1	1	3.58368	1.1181	1.1181	1	1	
0.233735	-nan	1.11961	1.79111	1	1	1	1	1	1	3.593	1.11961	1.11961	1	1	
0.237349	-nan	1.12109	1.79833	1	1	1	1	1	1	3.60238	1.12109	1.12109	1	1	
0.240964	-nan	1.12253	1.8052	1	1	1	1	1	1	3.61181	1.12253	1.12253	1	1	
0.244578	-nan	1.12395	1.81172	1	1	1	1	1	1	3.62131	1.12395	1.12395	1	1	
0.248193	-nan	1.12534	1.81793	1	1	1	1	1	1	3.63086	1.12534	1.12534	1	1	
0.251807	-nan	1.1267	1.82382	1	1	1	1	1	1	3.64048	1.1267	1.1267	1	1	
0.255422	-nan	1.12804	1.82942	1	1	1	1	1	1	3.65016	1.12804	1.12804	1	1	
0.259036	-nan	1.12935	1.83474	1	1	1	1	1	1	3.65989	1.12935	1.12935	1	1	
0.262651	-nan	1.13063	1.83978	1	1	1	1	1	1	3.66969	1.13063	1.13063	1	1	
0.266265	-nan	1.13189	1.84455	1	1	1	1	1	1	3.67955	1.13189	1.13189	1	1	
0.26988	-nan	1.13313	1.84908	1	1	1	1	1	1	3.68947	1.13313	1.13313	1	1	
0.273494	-nan	1.13435	1.85336	1	1	1	1	1	1	3.69946	1.13435	1.13435	1	1	
0.277108	-nan	1.13554	1.85742	1	1	1	1	1	1	3.7095	1.13554	1.13554	1	1	
0.280723	-nan	1.13671	1.86125	1	1	1	1	1	1	3.71961	1.13671	1.13671	1	1	
0.284337	-nan	1.13786	1.86486	1	1	1	1	1	1	3.72978	1.13786	1.13786	1	1	
0.287952	-nan	1.13899	1.86828	1	1	1	1	1	1	3.74002	1.13899	1.13899	1	1	
0.291566	-nan	1.1401	1.87149	1	1	1	1	1	1	3.75031	1.1401	1.1401	1	1	
0.295181	-nan	1.14119	1.87452	1	1	1	1	1	1	3.76067	1.14119	1.14119	1	1	
0.298795	-nan	1.14227	1.87736	1	1	1	1	1	1	3.7711	1.14227	1.14227	1	1	
0.30241	-nan	1.14333	1.88003	1	1	1	1	1	1	3.78159	1.14333	1.14333	1	1	
0.306024	-nan	1.14437	1.88253	1	1	1	1	1	1	3.79214	1.14437	1.14437	1	1	
0.309639	-nan	1.14539	1.88487	1	1	1	1	1	1	3.80275	1.14539	1.14539	1	1	
0.313253	-nan	1.1464	1.88706	1	1	1	1	1	1	3.81344	1.1464	1.1464	1	1	
0.316867	-nan	1.14739	1.8891	1	1	1	1	1	1	3.82418	1.14739	1.14739	1	1	
0.320482	-nan	1.14837	1.89099	1	1	1	1	1	1	3.83499	1.14837	1.14837	1	1	
0.324096	-nan	1.14933	1.89275	1	1	1	1	1	1	3.84587	1.14933	1.14933	1	1	
0.327711	-nan	1.15028	1.89437	1	1	1	1	1	1	3.85681	1.15028	1.15028	1	1	
0.331325	-nan	1.15121	1.89587	1	1	1	1	1	1	3.86782	1.15121	1.15121	1	1	
0.33494	-nan	1.15213	1.89725	1	1	1	1	1	1	3.87889	1.15213	1.15213	1	1	
0.338554	-nan	1.15304	1.89851	1	1	1	1	1	1	3.89003	1.15304	1.15304	1	1	
0.342169	-nan	1.15394	1.89965	1	1	1	1	1	1	3.90123	1.15394	1.15394	1	1	
0.345783	-nan	1.15482	1.90069	1	1	1	1	1	1	3.9125	1.15482	1.15482	1	1	
0.349398	-nan	1.1557	1.90162	1	1	1	1	1	1	3.92384	1.1557	1.1557	1	1	
0.353012	-nan	1.15656	1.90245	1	1	1	1	1	1	3.93524	1.15656	1.15656	1	1	
0.356627	-nan	1.15741	1.90318	1	1	1	1	1	1	3.94671	1.15741	1.15741	1	1	
0.360241	-nan	1.15824	1.90383	1	1	1	1	1	1	3.95824	1.15824	1.15824	1	1	
0.363855	-nan	1.15907	1.90438	1	1	1	1	1	1	3.96985	1.15907	1.15907	1	1	
0.36747	-nan	1.15989	1.90484	1	1	1	1	1	1	3.98151	1.15989	1.15989	1	1	
0.371084	-nan	1.1607	1.90523	1	1	1	1	1	1	3.99325	1.1607	1.1607	1	1	
0.374699	-nan	1.1615	1.90553	1	1	1	1	1	1	4.00505	1.1615	1.1615	1	1	
0.378313	-nan	1.16229	1.90575	1	1	1	1	1	1	4.01692	1.16229	1.16229	1	1	
0.381928	-nan	1.16307	1.90591	1	1	1	1	1	1	4.02885	1.16307	1.16307	1	1	
0.385542	-nan	1.16384	1.90599	1	1	1	1	1	1	4.04086	1.16384	1.16384	1	1	
0.389157	-nan	1.1646	1.906	1	1	1	1	1	1	4.05293	1.1646	1.1646	1	1	
0.392771	-nan	1.16536	1.90595	1	1	1	1	1	1	4.06506	1.16536	1.16536	1	1	
0.396386	-nan	1.16611	1.90583	1	1	1	1	1	1	4.07726	1.16611	1.16611	1	1	
0.4	-nan	1.16685	1.90566	1	1	1	1	1	1	4.08953	1.16685	1.16685	1	1	
0.403614	-nan	1.16758	1.90542	1	1	1	1	1	1	4.10187	1.16758	1.16758	1	1	
0.407229	-nan	1.1683	1.90513	1	1	1	1	1	1	4.11427	1.1683	1.1683	1	1	
0.410843	-nan	1.16902	1.90478	1	1	1	1	1	1	4.12674	1.16902	1.16902	1	1	
0.414458	-nan	1.16973	1.90438	1	1	1	1	1	1	4.13927	1.16973	1.16973	1	1	
0.418072	-nan	1.17044	1.90394	1	1	1	1	1	1	4.15187	1.17044	1.17044	1	1	
0.421687	-nan	1.17114	1.90344	1	1	1	1	1	1	4.16454	1.17114	1.17114	1	1	
0.425301	-nan	1.17183	1.9029	1	1	1	1	1	1	4.17727	1.17183	1.17183	1	1	
0.428916	-nan	1.17251	1.90231	1	1	1	1	1	1	4.19007	1.17251	1.17251	1	1	
0.43253	-nan	1.17319	1.90168	1	1	1	1	1	1	4.20293	1.17319	1.17319	1	1	
0.436145	-nan	1.17387	1.90101	1	1	1	1	1	1	4.21586	1.17387	1.17387	1	1	
0.439759	-nan	1.17454	1.9003	1	1	1	1	1	1	4.22886	1.17454	1.17454	1	1	
0.443373	-nan	1.1752	1.89955	1	1	1	1	1	1	4.24192	1.1752	1.1752	1	1	
0.446988	-nan	1.17586	1.89876	1	1	1	1	1	1	4.25504	1.17586	1.17586	1	1	
0.450602	-nan	1.17652	1.89794	1	1	1	1	1	1	4.26823	1.17652	1.17652	1	1	
0.454217	-nan	1.17717	1.89709	1	1	1	1	1	1	4.28148	1.17717	1.17717	1	1	
0.457831	-nan	1.17781	1.8962	1	1	1	1	1	1	4.2948	1.17781	1.17781	1	1	
0.461446	-nan	1.17845	1.89528	1	1	1	1	1	1	4.30818	1.17845	1.17845	1	1	
0.46506	-nan	1.17909	1.89433	1	1	1	1	1	1	4.32162	1.17909	1.17909	1	1	
0.468675	-nan	1.17972	1.89336	1	1	1	1	1	1	4.33513	1.17972	1.17972	1	1	
0.472289	-nan	1.18035	1.89235	1	1	1	1	1	1	4.3487	1.18035	1.18035	1	1	
0.475904	-nan	1.18098	1.89132	1	1	1	1	1	1	4.36233	1.18098	1.18098	1	1	
0.479518	-nan	1.1816	1.89027	1	1	1	1	1	1	4.37602	1.1816	1.1816	1	1	
0.483133	-nan	1.18222	1.88919	1	1	1	1	1	1	4.38978	1.18222	1.18222	1	1	
0.486747	-nan	1.18283	1.88809	1	1	1	1	1	1	4.40359	1.18283	1.18283	1	1	
0.490361	-nan	1.18344	1.88696	1	1	1	1	1	1	4.41747	1.18344	1.18344	1	1	
0.493976	-nan	1.18405	1.88581	1	1	1	1	1	1	4.4314	1.18405	1.18405	1	1	
0.49759	-nan	1.18466	1.88465	1	1	1	1	1	1	4.4454	1.18466	1.18466	1	1	
0.501205	-nan	1.18526	1.88346	1	1	1	1	1	1	4.45945	1.18526	1.18526	1	1	
0.504819	-nan	1.18586	1.88226	1	1	1	1	1	1	4.47356	1.18586	1.18586	1	1	
0.508434	-nan	1.18646	1.88103	1	1	1	1	1	1	4.48773	1.18646	1.18646	1	1	
0.512048	-nan	1.18705	1.8798	1	1	1	1	1	1	4.50196	1.18705	1.18705	1	1	
0.515663	-nan	1.18764	1.87854	1	1	1	1	1	1	4.51624	1.18764	1.18764	1	1	
0.519277	-nan	1.18824	1.87727	1	1	1	1	1	1	4.53058	1.18824	1.18824	1	1	
0.522892	-nan	1.18882	1.87598	1	1	1	1	1	1	4.54498	1.18882	1.18882	1	1	
0.526506	-nan	1.18941	1.87468	1	1	1	1	1	1	4.55943	1.18941	1.18941	1	1	
0.53012	-nan	1.19	1.87337	1	1	1	1	1	1	4.57393	1.19	1.19	1	1	
0.533735	-nan	1.19058	1.87204	1	1	1	1	1	1	4.58849	1.19058	1.19058	1	1	
0.537349	-nan	1.19116	1.87071	1	1	1	1	1	1	4.6031	1.19116	1.19116	1	1	
0.540964	-nan	1.19174	1.86936	1	1	1	1	1	1	4.61776	1.19174	1.19174	1	1	
0.544578	-nan	1.19232	1.868	1	1	1	1	1	1	4.63248	1.19232	1.19232	1	1	
0.548193	-nan	1.1929	1.86663	1	1	1	1	1	1	4.64724	1.1929	1.1929	1	1	
0.551807	-nan	1.19347	1.86525	1	1	1	1	1	1	4.66206	1.19347	1.19347	1	1	
0.555422	-nan	1.19405	1.86386	1	1	1	1	1	1	4.67692	1.19405	1.19405	1	1	
0.559036	-nan	1.19462	1.86246	1	1	1	1	1	1	4.69183	1.19462	1.19462	1	1	
0.562651	-nan	1.1952	1.86105	1	1	1	1	1	1	4.70679	1.1952	1.1952	1	1	
0.566265	-nan	1.19577	1.85964	1	1	1	1	1	1	4.7218	1.19577	1.19577	1	1	
0.56988	-nan	1.19634	1.85822	1	1	1	1	1	1	4.73685	1.19634	1.19634	1	1	
0.573494	-nan	1.19691	1.85679	1	1	1	1	1	1	4.75195	1.19691	1.19691	1	1	
0.577108	-nan	1.19748	1.85536	1	1	1	1	1	1	4.76709	1.19748	1.19748	1	1	
0.580723	-nan	1.19805	1.85392	1	1	1	1	1	1	4.78227	1.19805	1.19805	1	1	
0.584337	-nan	1.19862	1.85247	1	1	1	1	1	1	4.7975	1.19862	1.19862	1	1	
0.587952	-nan	1.19919	1.85102	1	1	1	1	1	1	4.81277	1.19919	1.19919	1	1	
0.591566	-nan	1.19976	1.84957	1	1	1	1	1	1	4.82807	1.19976	1.19976	1	1	
0.595181	-nan	1.20033	1.84811	1	1	1	1	1	1	4.84342	1.20033	1.20033	1	1	
0.598795	-nan	1.2009	1.84665	1	1	1	1	1	1	4.85881	1.2009	1.2009	1	1	
0.60241	-nan	1.20147	1.84518	1	1	1	1	1	1	4.87423	1.20147	1.20147	1	1	
0.606024	-nan	1.20204	1.84371	1	1	1	1	1	1	4.88969	1.20204	1.20204	1	1	
0.609639	-nan	1.20261	1.84224	1	1	1	1	1	1	4.90518	1.20261	1.20261	1	1	
0.613253	-nan	1.20318	1.84076	1	1	1	1	1	1	4.92071	1.20318	1.20318	1	1	
0.616867	-nan	1.20375	1.83928	1	1	1	1	1	1	4.93627	1.20375	1.20375	1	1	
0.620482	-nan	1.20432	1.83781	1	1	1	1	1	1	4.95186	1.20432	1.20432	1	1	
0.624096	-nan	1.2049	1.83633	1	1	1	1	1	1	4.96749	1.2049	1.2049	1	1	
0.627711	-nan	1.20547	1.83484	1	1	1	1	1	1	4.98314	1.20547	1.20547	1	1	
0.631325	-nan	1.20604	1.83336	1	1	1	1	1	1	4.99883	1.20604	1.20604	1	1	
0.63494	-nan	1.20662	1.83188	1	1	1	1	1	1	5.01454	1.20662	1.20662	1	1	
0.638554	-nan	1.20719	1.83039	1	1	1	1	1	1	5.03027	1.20719	1.20719	1	1	
0.642169	-nan	1.20777	1.82891	1	1	1	1	1	1	5.04604	1.20777	1.20777	1	1	
0.645783	-nan	1.20834	1.82742	1	1	1	1	1	1	5.06182	1.20834	1.20834	1	1	
0.649398	-nan	1.20892	1.82594	1	1	1	1	1	1	5.07763	1.20892	1.20892	1	1	
0.653012	-nan	1.2095	1.82445	1	1	1	1	1	1	5.09346	1.2095	1.2095	1	1	
0.656627	-nan	1.21008	1.82297	1	1	1	1	1	1	5.10932	1.21008	1.21008	1	1	
0.660241	-nan	1.21066	1.82149	1	1	1	1	1	1	5.12519	1.21066	1.21066	1	1	
0.663855	-nan	1.21124	1.82001	1	1	1	1	1	1	5.14108	1.21124	1.21124	1	1	
0.66747	-nan	1.21183	1.81853	1	1	1	1	1	1	5.15698	1.21183	1.21183	1	1	
0.671084	-nan	1.21241	1.81705	1	1	1	1	1	1	5.17291	1.21241	1.21241	1	1	
0.674699	-nan	1.213	1.81557	1	1	1	1	1	1	5.18884	1.213	1.213	1	1	
0.678313	-nan	1.21359	1.8141	1	1	1	1	1	1	5.20479	1.21359	1.21359	1	1	
0.681928	-nan	1.21418	1.81262	1	1	1	1	1	1	5.22076	1.21418	1.21418	1	1	
0.685542	-nan	1.21477	1.81115	1	1	1	1	1	1	5.23673	1.21477	1.21477	1	1	
0.689157	-nan	1.21536	1.80968	1	1	1	1	1	1	5.25271	1.21536	1.21536	1	1	
0.692771	-nan	1.21596	1.80822	1	1	1	1	1	1	5.2687	1.21596	1.21596	1	1	
0.696386	-nan	1.21656	1.80676	1	1	1	1	1	1	5.2847	1.21656	1.21656	1	1	
0.7	-nan	1.21716	1.8053	1	1	1	1	1	1	5.3007	1.21716	1.21716	1	1	
0.703614	-nan	1.21776	1.80384	1	1	1	1	1	1	5.31671	1.21776	1.21776	1	1	
0.707229	-nan	1.21836	1.80238	1	1	1	1	1	1	5.33272	1.21836	1.21836	1	1	
0.710843	-nan	1.21897	1.80093	1	1	1	1	1	1	5.34874	1.21897	1.21897	1	1	
0.714458	-nan	1.21958	1.79949	1	1	1	1	1	1	5.36475	1.21958	1.21958	1	1	
0.718072	-nan	1.22019	1.79804	1	1	1	1	1	1	5.38076	1.22019	1.22019	1	1	
0.721687	-nan	1.2208	1.7966	1	1	1	1	1	1	5.39677	1.2208	1.2208	1	1	
0.725301	-nan	1.22141	1.79516	1	1	1	1	1	1	5.41278	1.22141	1.22141	1	1	
0.728916	-nan	1.22203	1.79373	1	1	1	1	1	1	5.42878	1.22203	1.22203	1	1	
0.73253	-nan	1.22265	1.7923	1	1	1	1	1	1	5.44478	1.22265	1.22265	1	1	
0.736145	-nan	1.22327	1.79088	1	1	1	1	1	1	5.46077	1.22327	1.22327	1	1	
0.739759	-nan	1.2239	1.78946	1	1	1	1	1	1	5.47675	1.2239	1.2239	1	1	
0.743373	-nan	1.22452	1.78804	1	1	1	1	1	1	5.49272	1.22452	1.22452	1	1	
0.746988	-nan	1.22515	1.78663	1	1	1	1	1	1	5.50869	1.22515	1.22515	1	1	
0.750602	-nan	1.22579	1.78522	1	1	1	1	1	1	5.52463	1.22579	1.22579	1	1	
0.754217	-nan	1.22642	1.78382	1	1	1	1	1	1	5.54057	1.22642	1.22642	1	1	
0.757831	-nan	1.22706	1.78242	1	1	1	1	1	1	5.55649	1.22706	1.22706	1	1	
0.761446	-nan	1.2277	1.78103	1	1	1	1	1	1	5.57239	1.2277	1.2277	1	1	
0.76506	-nan	1.22834	1.77964	1	1	1	1	1	1	5.58828	1.22834	1.22834	1	1	
0.768675	-nan	1.22899	1.77826	1	1	1	1	1	1	5.60415	1.22899	1.22899	1	1	
0.772289	-nan	1.22964	1.77688	1	1	1	1	1	1	5.62	1.22964	1.22964	1	1	
0.775904	-nan	1.23029	1.77551	1	1	1	1	1	1	5.63582	1.23029	1.23029	1	1	
0.779518	-nan	1.23095	1.77414	1	1	1	1	1	1	5.65163	1.23095	1.23095	1	1	
0.783133	-nan	1.23161	1.77278	1	1	1	1	1	1	5.66741	1.23161	1.23161	1	1	
0.786747	-nan	1.23227	1.77142	1	1	1	1	1	1	5.68317	1.23227	1.23227	1	1	
0.790361	-nan	1.23294	1.77007	1	1	1	1	1	1	5.6989	1.23294	1.23294	1	1	
0.793976	-nan	1.23361	1.76872	1	1	1	1	1	1	5.7146	1.23361	1.23361	1	1	
0.79759	-nan	1.23428	1.76738	1	1	1	1	1	1	5.73028	1.23428	1.23428	1	1	
0.801205	-nan	1.23495	1.76605	1	1	1	1	1	1	5.74592	1.23495	1.23495	1	1	
0.804819	-nan	1.23563	1.76472	1	1	1	1	1	1	5.76154	1.23563	1.23563	1	1	
0.808434	-nan	1.23632	1.76339	1	1	1	1	1	1	5.77712	1.23632	1.23632	1	1	
0.812048	-nan	1.237	1.76208	1	1	1	1	1	1	5.79267	1.237	1.237	1	1	
0.815663	-nan	1.23769	1.76076	1	1	1	1	1	1	5.80819	1.23769	1.23769	1	1	
0.819277	-nan	1.23839	1.75946	1	1	1	1	1	1	5.82367	1.23839	1.23839	1	1	
0.822892	-nan	1.23908	1.75816	1	1	1	1	1	1	5.83911	1.23908	1.23908	1	1	
0.826506	-nan	1.23978	1.75686	1	1	1	1	1	1	5.85452	1.23978	1.23978	1	1	
0.83012	-nan	1.24049	1.75557	1	1	1	1	1	1	5.86989	1.24049	1.24049	1	1	
0.833735	-nan	1.2412	1.75429	1	1	1	1	1	1	5.88522	1.2412	1.2412	1	1	
0.837349	-nan	1.24191	1.75301	1	1	1	1	1	1	5.9005	1.24191	1.24191	1	1	
0.840964	-nan	1.24262	1.75174	1	1	1	1	1	1	5.91575	1.24262	1.24262	1	1	
0.844578	-nan	1.24334	1.75048	1	1	1	1	1	1	5.93095	1.24334	1.24334	1	1	
0.848193	-nan	1.24407	1.74922	1	1	1	1	1	1	5.94611	1.24407	1.24407	1	1	
0.851807	-nan	1.24479	1.74797	1	1	1	1	1	1	5.96123	1.24479	1.24479	1	1	
0.855422	-nan	1.24553	1.74672	1	1	1	1	1	1	5.9763	1.24553	1.24553	1	1	
0.859036	-nan	1.24626	1.74548	1	1	1	1	1	1	5.99132	1.24626	1.24626	1	1	
0.862651	-nan	1.247	1.74425	1	1	1	1	1	1	6.00629	1.247	1.247	1	1	
0.866265	-nan	1.24775	1.74303	1	1	1	1	1	1	6.02122	1.24775	1.24775	1	1	
0.86988	-nan	1.24849	1.74181	1	1	1	1	1	1	6.03609	1.24849	1.24849	1	1	
0.873494	-nan	1.24925	1.74059	1	1	1	1	1	1	6.05092	1.24925	1.24925	1	1	
0.877108	-nan	1.25	1.73938	1	1	1	1	1	1	6.06569	1.25	1.25	1	1	
0.880723	-nan	1.25076	1.73818	1	1	1	1	1	1	6.08041	1.25076	1.25076	1	1	
0.884337	-nan	1.25153	1.73699	1	1	1	1	1	1	6.09508	1.25153	1.25153	1	1	
0.887952	-nan	1.2523	1.7358	1	1	1	1	1	1	6.1097	1.2523	1.2523	1	1	
0.891566	-nan	1.25307	1.73462	1	1	1	1	1	1	6.12426	1.25307	1.25307	1	1	
0.895181	-nan	1.25385	1.73344	1	1	1	1	1	1	6.13876	1.25385	1.25385	1	1	
0.898795	-nan	1.25464	1.73228	1	1	1	1	1	1	6.15321	1.25464	1.25464	1	1	
0.90241	-nan	1.25542	1.73111	1	1	1	1	1	1	6.1676	1.25542	1.25542	1	1	
0.906024	-nan	1.25621	1.72996	1	1	1	1	1	1	6.18193	1.25621	1.25621	1	1	
0.909639	-nan	1.25701	1.72881	1	1	1	1	1	1	6.1962	1.25701	1.25701	1	1	
0.913253	-nan	1.25781	1.72767	1	1	1	1	1	1	6.21042	1.25781	1.25781	1	1	
0.916867	-nan	1.25862	1.72653	1	1	1	1	1	1	6.22457	1.25862	1.25862	1	1	
0.920482	-nan	1.25943	1.72541	1	1	1	1	1	1	6.23867	1.25943	1.25943	1	1	
0.924096	-nan	1.26024	1.72428	1	1	1	1	1	1	6.2527	1.26024	1.26024	1	1	
0.927711	-nan	1.26106	1.72317	1	1	1	1	1	1	6.26667	1.26106	1.26106	1	1	
0.931325	-nan	1.26189	1.72206	1	1	1	1	1	1	6.28058	1.26189	1.26189	1	1	
0.93494	-nan	1.26272	1.72096	1	1	1	1	1	1	6.29442	1.26272	1.26272	1	1	
0.938554	-nan	1.26355	1.71986	1	1	1	1	1	1	6.3082	1.26355	1.26355	1	1	
0.942169	-nan	1.26439	1.71877	1	1	1	1	1	1	6.32192	1.26439	1.26439	1	1	
0.945783	-nan	1.26524	1.71769	1	1	1	1	1	1	6.33557	1.26524	1.26524	1	1	
0.949398	-nan	1.26609	1.71662	1	1	1	1	1	1	6.34915	1.26609	1.26609	1	1	
0.953012	-nan	1.26694	1.71555	1	1	1	1	1	1	6.36267	1.26694	1.26694	1	1	
0.956627	-nan	1.2678	1.71449	1	1	1	1	1	1	6.37612	1.2678	1.2678	1	1	
0.960241	-nan	1.26866	1.71343	1	1	1	1	1	1	6.38951	1.26866	1.26866	1	1	
0.963855	-nan	1.26953	1.71238	1	1	1	1	1	1	6.40282	1.26953	1.26953	1	1	
0.96747	-nan	1.27041	1.71134	1	1	1	1	1	1	6.41607	1.27041	1.27041	1	1	
0.971084	-nan	1.27129	1.71031	1	1	1	1	1	1	6.42925	1.27129	1.27129	1	1	
0.974699	-nan	1.27217	1.70928	1	1	1	1	1	1	6.44237	1.27217	1.27217	1	1	
0.978313	-nan	1.27306	1.70826	1	1	1	1	1	1	6.45541	1.27306	1.27306	1	1	
0.981928	-nan	1.27396	1.70725	1	1	1	1	1	1	6.46838	1.27396	1.27396	1	1	
0.985542	-nan	1.27486	1.70624	1	1	1	1	1	1	6.48129	1.27486	1.27486	1	1	
0.989157	-nan	1.27576	1.70524	1	1	1	1	1	1	6.49412	1.27576	1.27576	1	1	
0.992771	-nan	1.27668	1.70424	1	1	1	1	1	1	6.50688	1.27668	1.27668	1	1	
0.996386	-nan	1.27759	1.70326	1	1	1	1	1	1	6.51957	1.27759	1.27759	1	1	
1	-nan	-nan	-nan	-nan	-nan	-nan	-nan	-nan	-nan	-nan	-nan	-nan	-nan	-nan	
