1e-05	-nan	0.507198	0.748751	1	1	1	1	1	1	2.5958	0.507198	0.507198	1	1	
1.03753e-05	-nan	0.50728	0.748716	1	1	1	1	1	1	2.59583	0.50728	0.50728	1	1	
1.07647e-05	-nan	0.507363	0.74868	1	1	1	1	1	1	2.59585	0.507363	0.507363	1	1	
1.11686e-05	-nan	0.507448	0.748642	1	1	1	1	1	1	2.59588	0.507448	0.507448	1	1	
1.15878e-05	-nan	0.507535	0.748604	1	1	1	1	1	1	2.59591	0.507535	0.507535	1	1	
1.20226e-05	-nan	0.507624	0.748565	1	1	1	1	1	1	2.59594	0.507624	0.507624	1	1	
1.24738e-05	-nan	0.507716	0.748525	1	1	1	1	1	1	2.59597	0.507716	0.507716	1	1	
1.2942e-05	-nan	0.507809	0.748484	1	1	1	1	1	1	2.596	0.507809	0.507809	1	1	
1.34276e-05	-nan	0.507904	0.748442	1	1	1	1	1	1	2.59604	0.507904	0.507904	1	1	
1.39316e-05	-nan	0.508001	0.748398	1	1	1	1	1	1	2.59607	0.508001	0.508001	1	1	
1.44544e-05	-nan	0.508101	0.748354	1	1	1	1	1	1	2.5961	0.508101	0.508101	1	1	
1.49968e-05	-nan	0.508202	0.748309	1	1	1	1	1	1	2.59613	0.508202	0.508202	1	1	
1.55597e-05	-nan	0.508307	0.748262	1	1	1	1	1	1	2.59617	0.508307	0.508307	1	1	
1.61436e-05	-nan	0.508413	0.748215	1	1	1	1	1	1	2.5962	0.508413	0.508413	1	1	
1.67494e-05	-nan	0.508522	0.748166	1	1	1	1	1	1	2.59624	0.508522	0.508522	1	1	
1.7378e-05	-nan	0.508633	0.748116	1	1	1	1	1	1	2.59627	0.508633	0.508633	1	1	
1.80302e-05	-nan	0.508746	0.748065	1	1	1	1	1	1	2.59631	0.508746	0.508746	1	1	
1.87068e-05	-nan	0.508863	0.748012	1	1	1	1	1	1	2.59634	0.508863	0.508863	1	1	
1.94089e-05	-nan	0.508981	0.747959	1	1	1	1	1	1	2.59638	0.508981	0.508981	1	1	
2.01372e-05	-nan	0.509103	0.747904	1	1	1	1	1	1	2.59642	0.509103	0.509103	1	1	
2.0893e-05	-nan	0.509227	0.747847	1	1	1	1	1	1	2.59646	0.509227	0.509227	1	1	
2.1677e-05	-nan	0.509354	0.747789	1	1	1	1	1	1	2.5965	0.509354	0.509354	1	1	
2.24905e-05	-nan	0.509484	0.74773	1	1	1	1	1	1	2.59653	0.509484	0.509484	1	1	
2.33346e-05	-nan	0.509617	0.74767	1	1	1	1	1	1	2.59658	0.509617	0.509617	1	1	
2.42103e-05	-nan	0.509753	0.747607	1	1	1	1	1	1	2.59662	0.509753	0.509753	1	1	
2.51189e-05	-nan	0.509891	0.747544	1	1	1	1	1	1	2.59666	0.509891	0.509891	1	1	
2.60615e-05	-nan	0.510033	0.747479	1	1	1	1	1	1	2.5967	0.510033	0.510033	1	1	
2.70396e-05	-nan	0.510178	0.747412	1	1	1	1	1	1	2.59674	0.510178	0.510178	1	1	
2.80543e-05	-nan	0.510327	0.747343	1	1	1	1	1	1	2.59679	0.510327	0.510327	1	1	
2.91072e-05	-nan	0.510479	0.747273	1	1	1	1	1	1	2.59683	0.510479	0.510479	1	1	
3.01995e-05	-nan	0.510634	0.747201	1	1	1	1	1	1	2.59688	0.510634	0.510634	1	1	
3.13329e-05	-nan	0.510792	0.747128	1	1	1	1	1	1	2.59692	0.510792	0.510792	1	1	
3.25087e-05	-nan	0.510954	0.747053	1	1	1	1	1	1	2.59697	0.510954	0.510954	1	1	
3.37287e-05	-nan	0.51112	0.746976	1	1	1	1	1	1	2.59702	0.51112	0.51112	1	1	
3.49945e-05	-nan	0.51129	0.746897	1	1	1	1	1	1	2.59707	0.51129	0.51129	1	1	
3.63078e-05	-nan	0.511463	0.746816	1	1	1	1	1	1	2.59711	0.511463	0.511463	1	1	
3.76704e-05	-nan	0.511641	0.746733	1	1	1	1	1	1	2.59716	0.511641	0.511641	1	1	
3.90841e-05	-nan	0.511822	0.746648	1	1	1	1	1	1	2.59722	0.511822	0.511822	1	1	
4.05509e-05	-nan	0.512007	0.746561	1	1	1	1	1	1	2.59727	0.512007	0.512007	1	1	
4.20727e-05	-nan	0.512197	0.746472	1	1	1	1	1	1	2.59732	0.512197	0.512197	1	1	
4.36516e-05	-nan	0.512391	0.746381	1	1	1	1	1	1	2.59737	0.512391	0.512391	1	1	
4.52898e-05	-nan	0.512589	0.746288	1	1	1	1	1	1	2.59743	0.512589	0.512589	1	1	
4.69894e-05	-nan	0.512791	0.746192	1	1	1	1	1	1	2.59748	0.512791	0.512791	1	1	
4.87528e-05	-nan	0.512999	0.746095	1	1	1	1	1	1	2.59754	0.512999	0.512999	1	1	
5.05825e-05	-nan	0.513211	0.745995	1	1	1	1	1	1	2.5976	0.513211	0.513211	1	1	
5.24807e-05	-nan	0.513427	0.745892	1	1	1	1	1	1	2.59766	0.513427	0.513427	1	1	
5.44503e-05	-nan	0.513649	0.745787	1	1	1	1	1	1	2.59771	0.513649	0.513649	1	1	
5.64937e-05	-nan	0.513875	0.74568	1	1	1	1	1	1	2.59777	0.513875	0.513875	1	1	
5.86138e-05	-nan	0.514107	0.74557	1	1	1	1	1	1	2.59784	0.514107	0.514107	1	1	
6.08135e-05	-nan	0.514344	0.745457	1	1	1	1	1	1	2.5979	0.514344	0.514344	1	1	
6.30957e-05	-nan	0.514586	0.745342	1	1	1	1	1	1	2.59796	0.514586	0.514586	1	1	
6.54636e-05	-nan	0.514834	0.745224	1	1	1	1	1	1	2.59803	0.514834	0.514834	1	1	
6.79204e-05	-nan	0.515087	0.745103	1	1	1	1	1	1	2.59809	0.515087	0.515087	1	1	
7.04693e-05	-nan	0.515346	0.74498	1	1	1	1	1	1	2.59816	0.515346	0.515346	1	1	
7.31139e-05	-nan	0.515611	0.744853	1	1	1	1	1	1	2.59823	0.515611	0.515611	1	1	
7.58578e-05	-nan	0.515882	0.744724	1	1	1	1	1	1	2.5983	0.515882	0.515882	1	1	
7.87046e-05	-nan	0.516159	0.744592	1	1	1	1	1	1	2.59837	0.516159	0.516159	1	1	
8.16582e-05	-nan	0.516442	0.744456	1	1	1	1	1	1	2.59844	0.516442	0.516442	1	1	
8.47227e-05	-nan	0.516732	0.744318	1	1	1	1	1	1	2.59851	0.516732	0.516732	1	1	
8.79023e-05	-nan	0.517028	0.744176	1	1	1	1	1	1	2.59859	0.517028	0.517028	1	1	
9.12011e-05	-nan	0.517331	0.74403	1	1	1	1	1	1	2.59867	0.517331	0.517331	1	1	
9.46237e-05	-nan	0.51764	0.743882	1	1	1	1	1	1	2.59874	0.51764	0.51764	1	1	
9.81748e-05	-nan	0.517957	0.74373	1	1	1	1	1	1	2.59882	0.517957	0.517957	1	1	
0.000101859	-nan	0.518281	0.743575	1	1	1	1	1	1	2.5989	0.518281	0.518281	1	1	
0.000105682	-nan	0.518612	0.743416	1	1	1	1	1	1	2.59898	0.518612	0.518612	1	1	
0.000109648	-nan	0.51895	0.743253	1	1	1	1	1	1	2.59907	0.51895	0.51895	1	1	
0.000113763	-nan	0.519297	0.743087	1	1	1	1	1	1	2.59915	0.519297	0.519297	1	1	
0.000118032	-nan	0.519651	0.742916	1	1	1	1	1	1	2.59924	0.519651	0.519651	1	1	
0.000122462	-nan	0.520013	0.742742	1	1	1	1	1	1	2.59933	0.520013	0.520013	1	1	
0.000127057	-nan	0.520383	0.742564	1	1	1	1	1	1	2.59942	0.520383	0.520383	1	1	
0.000131826	-nan	0.520762	0.742382	1	1	1	1	1	1	2.59951	0.520762	0.520762	1	1	
0.000136773	-nan	0.521149	0.742196	1	1	1	1	1	1	2.5996	0.521149	0.521149	1	1	
0.000141906	-nan	0.521545	0.742006	1	1	1	1	1	1	2.5997	0.521545	0.521545	1	1	
0.000147231	-nan	0.521949	0.741811	1	1	1	1	1	1	2.5998	0.521949	0.521949	1	1	
0.000152757	-nan	0.522363	0.741613	1	1	1	1	1	1	2.59989	0.522363	0.522363	1	1	
0.000158489	-nan	0.522787	0.741409	1	1	1	1	1	1	2.6	0.522787	0.522787	1	1	
0.000164437	-nan	0.523219	0.741201	1	1	1	1	1	1	2.6001	0.523219	0.523219	1	1	
0.000170608	-nan	0.523662	0.740989	1	1	1	1	1	1	2.6002	0.523662	0.523662	1	1	
0.000177011	-nan	0.524115	0.740772	1	1	1	1	1	1	2.60031	0.524115	0.524115	1	1	
0.000183654	-nan	0.524577	0.74055	1	1	1	1	1	1	2.60042	0.524577	0.524577	1	1	
0.000190546	-nan	0.525051	0.740323	1	1	1	1	1	1	2.60053	0.525051	0.525051	1	1	
0.000197697	-nan	0.525535	0.740091	1	1	1	1	1	1	2.60065	0.525535	0.525535	1	1	
0.000205116	-nan	0.526029	0.739855	1	1	1	1	1	1	2.60076	0.526029	0.526029	1	1	
0.000212814	-nan	0.526535	0.739613	1	1	1	1	1	1	2.60088	0.526535	0.526535	1	1	
0.0002208	-nan	0.527053	0.739366	1	1	1	1	1	1	2.601	0.527053	0.527053	1	1	
0.000229087	-nan	0.527582	0.739113	1	1	1	1	1	1	2.60112	0.527582	0.527582	1	1	
0.000237684	-nan	0.528122	0.738855	1	1	1	1	1	1	2.60125	0.528122	0.528122	1	1	
0.000246604	-nan	0.528676	0.738592	1	1	1	1	1	1	2.60138	0.528676	0.528676	1	1	
0.000255859	-nan	0.529241	0.738323	1	1	1	1	1	1	2.60151	0.529241	0.529241	1	1	
0.000265461	-nan	0.529819	0.738048	1	1	1	1	1	1	2.60165	0.529819	0.529819	1	1	
0.000275423	-nan	0.53041	0.737768	1	1	1	1	1	1	2.60178	0.53041	0.53041	1	1	
0.000285759	-nan	0.531015	0.737482	1	1	1	1	1	1	2.60192	0.531015	0.531015	1	1	
0.000296483	-nan	0.531633	0.73719	1	1	1	1	1	1	2.60207	0.531633	0.531633	1	1	
0.00030761	-nan	0.532265	0.736891	1	1	1	1	1	1	2.60221	0.532265	0.532265	1	1	
0.000319154	-nan	0.532911	0.736587	1	1	1	1	1	1	2.60236	0.532911	0.532911	1	1	
0.000331131	-nan	0.533572	0.736276	1	1	1	1	1	1	2.60252	0.533572	0.533572	1	1	
0.000343558	-nan	0.534247	0.735959	1	1	1	1	1	1	2.60267	0.534247	0.534247	1	1	
0.000356451	-nan	0.534938	0.735636	1	1	1	1	1	1	2.60283	0.534938	0.534938	1	1	
0.000369828	-nan	0.535644	0.735306	1	1	1	1	1	1	2.603	0.535644	0.535644	1	1	
0.000383707	-nan	0.536366	0.73497	1	1	1	1	1	1	2.60316	0.536366	0.536366	1	1	
0.000398107	-nan	0.537104	0.734626	1	1	1	1	1	1	2.60334	0.537104	0.537104	1	1	
0.000413048	-nan	0.537859	0.734276	1	1	1	1	1	1	2.60351	0.537859	0.537859	1	1	
0.000428549	-nan	0.53863	0.73392	1	1	1	1	1	1	2.60369	0.53863	0.53863	1	1	
0.000444631	-nan	0.539419	0.733556	1	1	1	1	1	1	2.60388	0.539419	0.539419	1	1	
0.000461318	-nan	0.540225	0.733185	1	1	1	1	1	1	2.60406	0.540225	0.540225	1	1	
0.00047863	-nan	0.54105	0.732807	1	1	1	1	1	1	2.60426	0.54105	0.54105	1	1	
0.000496592	-nan	0.541892	0.732422	1	1	1	1	1	1	2.60445	0.541892	0.541892	1	1	
0.000515229	-nan	0.542754	0.73203	1	1	1	1	1	1	2.60466	0.542754	0.542754	1	1	
0.000534564	-nan	0.543635	0.73163	1	1	1	1	1	1	2.60486	0.543635	0.543635	1	1	
0.000554626	-nan	0.544535	0.731223	1	1	1	1	1	1	2.60508	0.544535	0.544535	1	1	
0.00057544	-nan	0.545455	0.730808	1	1	1	1	1	1	2.60529	0.545455	0.545455	1	1	
0.000597035	-nan	0.546396	0.730386	1	1	1	1	1	1	2.60552	0.546396	0.546396	1	1	
0.000619441	-nan	0.547357	0.729956	1	1	1	1	1	1	2.60575	0.547357	0.547357	1	1	
0.000642688	-nan	0.54834	0.729519	1	1	1	1	1	1	2.60598	0.54834	0.54834	1	1	
0.000666807	-nan	0.549345	0.729074	1	1	1	1	1	1	2.60622	0.549345	0.549345	1	1	
0.000691831	-nan	0.550372	0.728621	1	1	1	1	1	1	2.60647	0.550372	0.550372	1	1	
0.000717794	-nan	0.551422	0.72816	1	1	1	1	1	1	2.60672	0.551422	0.551422	1	1	
0.000744732	-nan	0.552494	0.727692	1	1	1	1	1	1	2.60699	0.552494	0.552494	1	1	
0.000772681	-nan	0.553591	0.727216	1	1	1	1	1	1	2.60725	0.553591	0.553591	1	1	
0.000801678	-nan	0.554711	0.726731	1	1	1	1	1	1	2.60753	0.554711	0.554711	1	1	
0.000831764	-nan	0.555857	0.726239	1	1	1	1	1	1	2.60781	0.555857	0.555857	1	1	
0.000862979	-nan	0.557027	0.725739	1	1	1	1	1	1	2.6081	0.557027	0.557027	1	1	
0.000895365	-nan	0.558223	0.725231	1	1	1	1	1	1	2.6084	0.558223	0.558223	1	1	
0.000928966	-nan	0.559446	0.724715	1	1	1	1	1	1	2.6087	0.559446	0.559446	1	1	
0.000963829	-nan	0.560695	0.724192	1	1	1	1	1	1	2.60902	0.560695	0.560695	1	1	
0.001	-nan	0.561971	0.72366	1	1	1	1	1	1	2.60934	0.561971	0.561971	1	1	
0.00103753	-nan	0.563275	0.723121	1	1	1	1	1	1	2.60968	0.563275	0.563275	1	1	
0.00107647	-nan	0.564608	0.722573	1	1	1	1	1	1	2.61002	0.564608	0.564608	1	1	
0.00111686	-nan	0.56597	0.722018	1	1	1	1	1	1	2.61037	0.56597	0.56597	1	1	
0.00115878	-nan	0.567361	0.721456	1	1	1	1	1	1	2.61073	0.567361	0.567361	1	1	
0.00120226	-nan	0.568783	0.720886	1	1	1	1	1	1	2.61111	0.568783	0.568783	1	1	
0.00124738	-nan	0.570235	0.720308	1	1	1	1	1	1	2.61149	0.570235	0.570235	1	1	
0.0012942	-nan	0.571718	0.719723	1	1	1	1	1	1	2.61189	0.571718	0.571718	1	1	
0.00134276	-nan	0.573234	0.719131	1	1	1	1	1	1	2.61229	0.573234	0.573234	1	1	
0.00139316	-nan	0.574782	0.718531	1	1	1	1	1	1	2.61271	0.574782	0.574782	1	1	
0.00144544	-nan	0.576364	0.717925	1	1	1	1	1	1	2.61315	0.576364	0.576364	1	1	
0.00149968	-nan	0.577979	0.717312	1	1	1	1	1	1	2.61359	0.577979	0.577979	1	1	
0.00155597	-nan	0.579629	0.716692	1	1	1	1	1	1	2.61405	0.579629	0.579629	1	1	
0.00161436	-nan	0.581314	0.716066	1	1	1	1	1	1	2.61452	0.581314	0.581314	1	1	
0.00167494	-nan	0.583035	0.715434	1	1	1	1	1	1	2.61501	0.583035	0.583035	1	1	
0.0017378	-nan	0.584793	0.714796	1	1	1	1	1	1	2.61552	0.584793	0.584793	1	1	
0.00180302	-nan	0.586587	0.714153	1	1	1	1	1	1	2.61604	0.586587	0.586587	1	1	
0.00187068	-nan	0.58842	0.713504	1	1	1	1	1	1	2.61657	0.58842	0.58842	1	1	
0.00194089	-nan	0.590291	0.71285	1	1	1	1	1	1	2.61713	0.590291	0.590291	1	1	
0.00201372	-nan	0.592202	0.712192	1	1	1	1	1	1	2.6177	0.592202	0.592202	1	1	
0.0020893	-nan	0.594153	0.71153	1	1	1	1	1	1	2.61829	0.594153	0.594153	1	1	
0.0021677	-nan	0.596144	0.710864	1	1	1	1	1	1	2.6189	0.596144	0.596144	1	1	
0.00224905	-nan	0.598177	0.710194	1	1	1	1	1	1	2.61952	0.598177	0.598177	1	1	
0.00233346	-nan	0.600252	0.709522	1	1	1	1	1	1	2.62017	0.600252	0.600252	1	1	
0.00242103	-nan	0.60237	0.708848	1	1	1	1	1	1	2.62084	0.60237	0.60237	1	1	
0.00251189	-nan	0.604532	0.708171	1	1	1	1	1	1	2.62154	0.604532	0.604532	1	1	
0.00260615	-nan	0.606738	0.707494	1	1	1	1	1	1	2.62226	0.606738	0.606738	1	1	
0.00270396	-nan	0.608989	0.706816	1	1	1	1	1	1	2.623	0.608989	0.608989	1	1	
0.00280543	-nan	0.611287	0.706139	1	1	1	1	1	1	2.62376	0.611287	0.611287	1	1	
0.00291072	-nan	0.61363	0.705462	1	1	1	1	1	1	2.62455	0.61363	0.61363	1	1	
0.00301995	-nan	0.616022	0.704787	1	1	1	1	1	1	2.62537	0.616022	0.616022	1	1	
0.00313329	-nan	0.618461	0.704115	1	1	1	1	1	1	2.62622	0.618461	0.618461	1	1	
0.00325087	-nan	0.62095	0.703446	1	1	1	1	1	1	2.6271	0.62095	0.62095	1	1	
0.00337287	-nan	0.623488	0.702782	1	1	1	1	1	1	2.62801	0.623488	0.623488	1	1	
0.00349945	-nan	0.626076	0.702122	1	1	1	1	1	1	2.62895	0.626076	0.626076	1	1	
0.00363078	-nan	0.628716	0.70147	1	1	1	1	1	1	2.62992	0.628716	0.628716	1	1	
0.00376704	-nan	0.631408	0.700824	1	1	1	1	1	1	2.63093	0.631408	0.631408	1	1	
0.00390841	-nan	0.634152	0.700188	1	1	1	1	1	1	2.63197	0.634152	0.634152	1	1	
0.00405509	-nan	0.63695	0.699561	1	1	1	1	1	1	2.63305	0.63695	0.63695	1	1	
0.00420727	-nan	0.639802	0.698945	1	1	1	1	1	1	2.63417	0.639802	0.639802	1	1	
0.00436516	-nan	0.642709	0.698343	1	1	1	1	1	1	2.63533	0.642709	0.642709	1	1	
0.00452898	-nan	0.645672	0.697754	1	1	1	1	1	1	2.63653	0.645672	0.645672	1	1	
0.00469894	-nan	0.648691	0.697181	1	1	1	1	1	1	2.63777	0.648691	0.648691	1	1	
0.00487528	-nan	0.651767	0.696625	1	1	1	1	1	1	2.63906	0.651767	0.651767	1	1	
0.00505825	-nan	0.6549	0.696088	1	1	1	1	1	1	2.6404	0.6549	0.6549	1	1	
0.00524807	-nan	0.658093	0.695572	1	1	1	1	1	1	2.64178	0.658093	0.658093	1	1	
0.00544503	-nan	0.661344	0.695079	1	1	1	1	1	1	2.64322	0.661344	0.661344	1	1	
0.00564937	-nan	0.664654	0.694611	1	1	1	1	1	1	2.64471	0.664654	0.664654	1	1	
0.00586138	-nan	0.668025	0.694169	1	1	1	1	1	1	2.64625	0.668025	0.668025	1	1	
0.00608135	-nan	0.671457	0.693757	1	1	1	1	1	1	2.64785	0.671457	0.671457	1	1	
0.00630957	-nan	0.674951	0.693376	1	1	1	1	1	1	2.64951	0.674951	0.674951	1	1	
0.00654636	-nan	0.678506	0.693029	1	1	1	1	1	1	2.65123	0.678506	0.678506	1	1	
0.00679204	-nan	0.682125	0.692719	1	1	1	1	1	1	2.65302	0.682125	0.682125	1	1	
0.00704693	-nan	0.685806	0.692448	1	1	1	1	1	1	2.65487	0.685806	0.685806	1	1	
0.00731139	-nan	0.68955	0.692219	1	1	1	1	1	1	2.6568	0.68955	0.68955	1	1	
0.00758578	-nan	0.693359	0.692035	1	1	1	1	1	1	2.65879	0.693359	0.693359	1	1	
0.00787046	-nan	0.697232	0.6919	1	1	1	1	1	1	2.66086	0.697232	0.697232	1	1	
0.00816582	-nan	0.70117	0.691816	1	1	1	1	1	1	2.66301	0.70117	0.70117	1	1	
0.00847227	-nan	0.705172	0.691787	1	1	1	1	1	1	2.66524	0.705172	0.705172	1	1	
0.00879023	-nan	0.70924	0.691817	1	1	1	1	1	1	2.66756	0.70924	0.70924	1	1	
0.00912011	-nan	0.713374	0.69191	1	1	1	1	1	1	2.66996	0.713374	0.713374	1	1	
0.00946237	-nan	0.717573	0.692069	1	1	1	1	1	1	2.67246	0.717573	0.717573	1	1	
0.00981748	-nan	0.721838	0.692299	1	1	1	1	1	1	2.67504	0.721838	0.721838	1	1	
0.0101859	-nan	0.72617	0.692605	1	1	1	1	1	1	2.67773	0.72617	0.72617	1	1	
0.0105682	-nan	0.730566	0.69299	1	1	1	1	1	1	2.68052	0.730566	0.730566	1	1	
0.0109648	-nan	0.735029	0.69346	1	1	1	1	1	1	2.68342	0.735029	0.735029	1	1	
0.0113763	-nan	0.739558	0.694019	1	1	1	1	1	1	2.68642	0.739558	0.739558	1	1	
0.0118032	-nan	0.744152	0.694674	1	1	1	1	1	1	2.68954	0.744152	0.744152	1	1	
0.0122462	-nan	0.748812	0.695429	1	1	1	1	1	1	2.69278	0.748812	0.748812	1	1	
0.0127057	-nan	0.753536	0.696291	1	1	1	1	1	1	2.69614	0.753536	0.753536	1	1	
0.0131826	-nan	0.758325	0.697265	1	1	1	1	1	1	2.69964	0.758325	0.758325	1	1	
0.0136773	-nan	0.763179	0.698358	1	1	1	1	1	1	2.70326	0.763179	0.763179	1	1	
0.0141906	-nan	0.768096	0.699577	1	1	1	1	1	1	2.70702	0.768096	0.768096	1	1	
0.0147231	-nan	0.773075	0.700927	1	1	1	1	1	1	2.71092	0.773075	0.773075	1	1	
0.0152757	-nan	0.778117	0.702418	1	1	1	1	1	1	2.71498	0.778117	0.778117	1	1	
0.0158489	-nan	0.78322	0.704056	1	1	1	1	1	1	2.71918	0.78322	0.78322	1	1	
0.0164437	-nan	0.788383	0.705849	1	1	1	1	1	1	2.72354	0.788383	0.788383	1	1	
0.0170608	-nan	0.793606	0.707805	1	1	1	1	1	1	2.72807	0.793606	0.793606	1	1	
0.0177011	-nan	0.798887	0.709934	1	1	1	1	1	1	2.73277	0.798887	0.798887	1	1	
0.0183654	-nan	0.804224	0.712244	1	1	1	1	1	1	2.73764	0.804224	0.804224	1	1	
0.0190546	-nan	0.809617	0.714745	1	1	1	1	1	1	2.7427	0.809617	0.809617	1	1	
0.0197697	-nan	0.815063	0.717446	1	1	1	1	1	1	2.74795	0.815063	0.815063	1	1	
0.0205116	-nan	0.820562	0.720358	1	1	1	1	1	1	2.75338	0.820562	0.820562	1	1	
0.0212814	-nan	0.826112	0.723492	1	1	1	1	1	1	2.75902	0.826112	0.826112	1	1	
0.02208	-nan	0.831709	0.726858	1	1	1	1	1	1	2.76487	0.831709	0.831709	1	1	
0.0229087	-nan	0.837353	0.730468	1	1	1	1	1	1	2.77093	0.837353	0.837353	1	1	
0.0237684	-nan	0.843042	0.734336	1	1	1	1	1	1	2.77721	0.843042	0.843042	1	1	
0.0246604	-nan	0.848772	0.738472	1	1	1	1	1	1	2.78371	0.848772	0.848772	1	1	
0.0255859	-nan	0.854541	0.742891	1	1	1	1	1	1	2.79045	0.854541	0.854541	1	1	
0.0265461	-nan	0.860348	0.747605	1	1	1	1	1	1	2.79742	0.860348	0.860348	1	1	
0.0275423	-nan	0.866188	0.75263	1	1	1	1	1	1	2.80465	0.866188	0.866188	1	1	
0.0285759	-nan	0.872059	0.75798	1	1	1	1	1	1	2.81212	0.872059	0.872059	1	1	
0.0296483	-nan	0.877958	0.76367	1	1	1	1	1	1	2.81985	0.877958	0.877958	1	1	
0.030761	-nan	0.883882	0.769716	1	1	1	1	1	1	2.82784	0.883882	0.883882	1	1	
0.0319154	-nan	0.889826	0.776134	1	1	1	1	1	1	2.8361	0.889826	0.889826	1	1	
0.0331131	-nan	0.895788	0.782942	1	1	1	1	1	1	2.84464	0.895788	0.895788	1	1	
0.0343558	-nan	0.901764	0.790157	1	1	1	1	1	1	2.85346	0.901764	0.901764	1	1	
0.0356451	-nan	0.907749	0.797796	1	1	1	1	1	1	2.86255	0.907749	0.907749	1	1	
0.0369828	-nan	0.913739	0.805879	1	1	1	1	1	1	2.87194	0.913739	0.913739	1	1	
0.0383707	-nan	0.919731	0.814424	1	1	1	1	1	1	2.88161	0.919731	0.919731	1	1	
0.0398107	-nan	0.925719	0.82345	1	1	1	1	1	1	2.89158	0.925719	0.925719	1	1	
0.0413048	-nan	0.931698	0.832978	1	1	1	1	1	1	2.90183	0.931698	0.931698	1	1	
0.0428549	-nan	0.937665	0.843027	1	1	1	1	1	1	2.91238	0.937665	0.937665	1	1	
0.0444631	-nan	0.943613	0.853617	1	1	1	1	1	1	2.92322	0.943613	0.943613	1	1	
0.0461318	-nan	0.949537	0.864769	1	1	1	1	1	1	2.93435	0.949537	0.949537	1	1	
0.047863	-nan	0.955432	0.876503	1	1	1	1	1	1	2.94576	0.955432	0.955432	1	1	
0.0496592	-nan	0.961293	0.888838	1	1	1	1	1	1	2.95744	0.961293	0.961293	1	1	
0.0515229	-nan	0.967112	0.901795	1	1	1	1	1	1	2.9694	0.967112	0.967112	1	1	
0.0534564	-nan	0.972884	0.915391	1	1	1	1	1	1	2.9816	0.972884	0.972884	1	1	
0.0554626	-nan	0.978604	0.929646	1	1	1	1	1	1	2.99405	0.978604	0.978604	1	1	
0.057544	-nan	0.984263	0.944574	1	1	1	1	1	1	3.00671	0.984263	0.984263	1	1	
0.0597035	-nan	0.989857	0.960192	1	1	1	1	1	1	3.01957	0.989857	0.989857	1	1	
0.0619441	-nan	0.995377	0.976512	1	1	1	1	1	1	3.0326	0.995377	0.995377	1	1	
0.0642688	-nan	1.00082	0.993543	1	1	1	1	1	1	3.04577	1.00082	1.00082	1	1	
0.0666807	-nan	1.00617	1.01129	1	1	1	1	1	1	3.05904	1.00617	1.00617	1	1	
0.0691831	-nan	1.01143	1.02976	1	1	1	1	1	1	3.07236	1.01143	1.01143	1	1	
0.0717794	-nan	1.01658	1.04894	1	1	1	1	1	1	3.08568	1.01658	1.01658	1	1	
0.0744732	-nan	1.02163	1.06883	1	1	1	1	1	1	3.09894	1.02163	1.02163	1	1	
0.0772681	-nan	1.02656	1.08942	1	1	1	1	1	1	3.11206	1.02656	1.02656	1	1	
0.0801678	-nan	1.03136	1.11066	1	1	1	1	1	1	3.12497	1.03136	1.03136	1	1	
0.0831764	-nan	1.03603	1.13253	1	1	1	1	1	1	3.13757	1.03603	1.03603	1	1	
0.0862979	-nan	1.04055	1.15498	1	1	1	1	1	1	3.14974	1.04055	1.04055	1	1	
0.0895365	-nan	1.04493	1.17793	1	1	1	1	1	1	3.16137	1.04493	1.04493	1	1	
0.0928966	-nan	1.04914	1.20132	1	1	1	1	1	1	3.17232	1.04914	1.04914	1	1	
0.0963829	-nan	1.05319	1.22503	1	1	1	1	1	1	3.18241	1.05319	1.05319	1	1	
0.1	-nan	1.05707	1.24894	1	1	1	1	1	1	3.19147	1.05707	1.05707	1	1	
0.103614	-nan	1.06062	1.27203	1	1	1	1	1	1	3.19903	1.06062	1.06062	1	1	
0.107229	-nan	1.06389	1.29422	1	1	1	1	1	1	3.20503	1.06389	1.06389	1	1	
0.110843	-nan	1.06687	1.31539	1	1	1	1	1	1	3.20943	1.06687	1.06687	1	1	
0.114458	-nan	1.06961	1.33546	1	1	1	1	1	1	3.21216	1.06961	1.06961	1	1	
0.118072	-nan	1.0721	1.35432	1	1	1	1	1	1	3.21319	1.0721	1.0721	1	1	
0.121687	-nan	1.07436	1.37187	1	1	1	1	1	1	3.21245	1.07436	1.07436	1	1	
0.125301	-nan	1.0764	1.38803	1	1	1	1	1	1	3.2099	1.0764	1.0764	1	1	
0.128916	-nan	1.07824	1.4027	1	1	1	1	1	1	3.2055	1.07824	1.07824	1	1	
0.13253	-nan	1.07989	1.4158	1	1	1	1	1	1	3.19921	1.07989	1.07989	1	1	
0.136145	-nan	1.08136	1.42726	1	1	1	1	1	1	3.19099	1.08136	1.08136	1	1	
0.139759	-nan	1.08266	1.43701	1	1	1	1	1	1	3.18083	1.08266	1.08266	1	1	
0.143373	-nan	1.0838	1.445	1	1	1	1	1	1	3.16869	1.0838	1.0838	1	1	
0.146988	-nan	1.08478	1.45118	1	1	1	1	1	1	3.15455	1.08478	1.08478	1	1	
0.150602	-nan	1.08561	1.45552	1	1	1	1	1	1	3.13842	1.08561	1.08561	1	1	
0.154217	-nan	1.08631	1.458	1	1	1	1	1	1	3.12029	1.08631	1.08631	1	1	
0.157831	-nan	1.08687	1.45863	1	1	1	1	1	1	3.10016	1.08687	1.08687	1	1	
0.161446	-nan	1.08731	1.45742	1	1	1	1	1	1	3.07805	1.08731	1.08731	1	1	
0.16506	-nan	1.08763	1.4544	1	1	1	1	1	1	3.05399	1.08763	1.08763	1	1	
0.168675	-nan	1.08784	1.44961	1	1	1	1	1	1	3.02801	1.08784	1.08784	1	1	
0.172289	-nan	1.08794	1.44314	1	1	1	1	1	1	3.00016	1.08794	1.08794	1	1	
0.175904	-nan	1.08794	1.43505	1	1	1	1	1	1	2.97048	1.08794	1.08794	1	1	
0.179518	-nan	1.08784	1.42546	1	1	1	1	1	1	2.93905	1.08784	1.08784	1	1	
0.183133	-nan	1.08765	1.41448	1	1	1	1	1	1	2.90594	1.08765	1.08765	1	1	
0.186747	-nan	1.08737	1.40223	1	1	1	1	1	1	2.87123	1.08737	1.08737	1	1	
0.190361	-nan	1.087	1.38885	1	1	1	1	1	1	2.83503	1.087	1.087	1	1	
0.193976	-nan	1.08655	1.3745	1	1	1	1	1	1	2.79742	1.08655	1.08655	1	1	
0.19759	-nan	1.08603	1.35933	1	1	1	1	1	1	2.75853	1.08603	1.08603	1	1	
0.201205	-nan	1.08543	1.3435	1	1	1	1	1	1	2.71846	1.08543	1.08543	1	1	
0.204819	-nan	1.08476	1.32717	1	1	1	1	1	1	2.67736	1.08476	1.08476	1	1	
0.208434	-nan	1.08403	1.31051	1	1	1	1	1	1	2.63535	1.08403	1.08403	1	1	
0.212048	-nan	1.08323	1.29366	1	1	1	1	1	1	2.59256	1.08323	1.08323	1	1	
0.215663	-nan	1.08237	1.27678	1	1	1	1	1	1	2.54913	1.08237	1.08237	1	1	
0.219277	-nan	1.08145	1.26001	1	1	1	1	1	1	2.50521	1.08145	1.08145	1	1	
0.222892	-nan	1.08048	1.24348	1	1	1	1	1	1	2.46093	1.08048	1.08048	1	1	
0.226506	-nan	1.07945	1.22731	1	1	1	1	1	1	2.41643	1.07945	1.07945	1	1	
0.23012	-nan	1.07837	1.21161	1	1	1	1	1	1	2.37186	1.07837	1.07837	1	1	
0.233735	-nan	1.07724	1.19648	1	1	1	1	1	1	2.32734	1.07724	1.07724	1	1	
0.237349	-nan	1.07607	1.18199	1	1	1	1	1	1	2.28301	1.07607	1.07607	1	1	
0.240964	-nan	1.07485	1.16822	1	1	1	1	1	1	2.23899	1.07485	1.07485	1	1	
0.244578	-nan	1.07359	1.15522	1	1	1	1	1	1	2.1954	1.07359	1.07359	1	1	
0.248193	-nan	1.07229	1.14303	1	1	1	1	1	1	2.15235	1.07229	1.07229	1	1	
0.251807	-nan	1.07094	1.13169	1	1	1	1	1	1	2.10993	1.07094	1.07094	1	1	
0.255422	-nan	1.06956	1.12122	1	1	1	1	1	1	2.06824	1.06956	1.06956	1	1	
0.259036	-nan	1.06815	1.11163	1	1	1	1	1	1	2.02738	1.06815	1.06815	1	1	
0.262651	-nan	1.0667	1.10291	1	1	1	1	1	1	1.9874	1.0667	1.0667	1	1	
0.266265	-nan	1.06522	1.09508	1	1	1	1	1	1	1.94838	1.06522	1.06522	1	1	
0.26988	-nan	1.0637	1.0881	1	1	1	1	1	1	1.91037	1.0637	1.0637	1	1	
0.273494	-nan	1.06216	1.08197	1	1	1	1	1	1	1.87343	1.06216	1.06216	1	1	
0.277108	-nan	1.06059	1.07667	1	1	1	1	1	1	1.83758	1.06059	1.06059	1	1	
0.280723	-nan	1.05899	1.07216	1	1	1	1	1	1	1.80287	1.05899	1.05899	1	1	
0.284337	-nan	1.05736	1.06841	1	1	1	1	1	1	1.76931	1.05736	1.05736	1	1	
0.287952	-nan	1.05571	1.0654	1	1	1	1	1	1	1.73692	1.05571	1.05571	1	1	
0.291566	-nan	1.05404	1.0631	1	1	1	1	1	1	1.70571	1.05404	1.05404	1	1	
0.295181	-nan	1.05234	1.06145	1	1	1	1	1	1	1.67569	1.05234	1.05234	1	1	
0.298795	-nan	1.05062	1.06044	1	1	1	1	1	1	1.64684	1.05062	1.05062	1	1	
0.30241	-nan	1.04888	1.06002	1	1	1	1	1	1	1.61916	1.04888	1.04888	1	1	
0.306024	-nan	1.04712	1.06016	1	1	1	1	1	1	1.59265	1.04712	1.04712	1	1	
0.309639	-nan	1.04534	1.06082	1	1	1	1	1	1	1.56727	1.04534	1.04534	1	1	
0.313253	-nan	1.04354	1.06197	1	1	1	1	1	1	1.54302	1.04354	1.04354	1	1	
0.316867	-nan	1.04173	1.06357	1	1	1	1	1	1	1.51987	1.04173	1.04173	1	1	
0.320482	-nan	1.03989	1.06559	1	1	1	1	1	1	1.4978	1.03989	1.03989	1	1	
0.324096	-nan	1.03805	1.068	1	1	1	1	1	1	1.47677	1.03805	1.03805	1	1	
0.327711	-nan	1.03619	1.07077	1	1	1	1	1	1	1.45676	1.03619	1.03619	1	1	
0.331325	-nan	1.03431	1.07386	1	1	1	1	1	1	1.43774	1.03431	1.03431	1	1	
0.33494	-nan	1.03242	1.07725	1	1	1	1	1	1	1.41968	1.03242	1.03242	1	1	
0.338554	-nan	1.03052	1.08092	1	1	1	1	1	1	1.40255	1.03052	1.03052	1	1	
0.342169	-nan	1.02861	1.08482	1	1	1	1	1	1	1.38631	1.02861	1.02861	1	1	
0.345783	-nan	1.02668	1.08895	1	1	1	1	1	1	1.37093	1.02668	1.02668	1	1	
0.349398	-nan	1.02474	1.09328	1	1	1	1	1	1	1.35639	1.02474	1.02474	1	1	
0.353012	-nan	1.0228	1.09778	1	1	1	1	1	1	1.34264	1.0228	1.0228	1	1	
0.356627	-nan	1.02084	1.10244	1	1	1	1	1	1	1.32966	1.02084	1.02084	1	1	
0.360241	-nan	1.01888	1.10724	1	1	1	1	1	1	1.31741	1.01888	1.01888	1	1	
0.363855	-nan	1.0169	1.11215	1	1	1	1	1	1	1.30587	1.0169	1.0169	1	1	
0.36747	-nan	1.01492	1.11716	1	1	1	1	1	1	1.29501	1.01492	1.01492	1	1	
0.371084	-nan	1.01293	1.12226	1	1	1	1	1	1	1.28479	1.01293	1.01293	1	1	
0.374699	-nan	1.01093	1.12743	1	1	1	1	1	1	1.27519	1.01093	1.01093	1	1	
0.378313	-nan	1.00893	1.13265	1	1	1	1	1	1	1.26619	1.00893	1.00893	1	1	
0.381928	-nan	1.00692	1.13792	1	1	1	1	1	1	1.25774	1.00692	1.00692	1	1	
0.385542	-nan	1.0049	1.14321	1	1	1	1	1	1	1.24984	1.0049	1.0049	1	1	
0.389157	-nan	1.00288	1.14852	1	1	1	1	1	1	1.24244	1.00288	1.00288	1	1	
0.392771	-nan	1.00086	1.15385	1	1	1	1	1	1	1.23554	1.00086	1.00086	1	1	
0.396386	-nan	0.998825	1.15917	1	1	1	1	1	1	1.2291	0.998825	0.998825	1	1	
0.4	-nan	0.996791	1.16447	1	1	1	1	1	1	1.22311	0.996791	0.996791	1	1	
0.403614	-nan	0.994752	1.16976	1	1	1	1	1	1	1.21754	0.994752	0.994752	1	1	
0.407229	-nan	0.99271	1.17502	1	1	1	1	1	1	1.21238	0.99271	0.99271	1	1	
0.410843	-nan	0.990665	1.18025	1	1	1	1	1	1	1.20759	0.990665	0.990665	1	1	
0.414458	-nan	0.988617	1.18544	1	1	1	1	1	1	1.20318	0.988617	0.988617	1	1	
0.418072	-nan	0.986567	1.19058	1	1	1	1	1	1	1.19911	0.986567	0.986567	1	1	
0.421687	-nan	0.984514	1.19566	1	1	1	1	1	1	1.19536	0.984514	0.984514	1	1	
0.425301	-nan	0.98246	1.20069	1	1	1	1	1	1	1.19194	0.98246	0.98246	1	1	
0.428916	-nan	0.980404	1.20565	1	1	1	1	1	1	1.18881	0.980404	0.980404	1	1	
0.43253	-nan	0.978347	1.21055	1	1	1	1	1	1	1.18596	0.978347	0.978347	1	1	
0.436145	-nan	0.976289	1.21538	1	1	1	1	1	1	1.18338	0.976289	0.976289	1	1	
0.439759	-nan	0.97423	1.22013	1	1	1	1	1	1	1.18105	0.97423	0.97423	1	1	
0.443373	-nan	0.972171	1.2248	1	1	1	1	1	1	1.17897	0.972171	0.972171	1	1	
0.446988	-nan	0.970112	1.2294	1	1	1	1	1	1	1.17712	0.970112	0.970112	1	1	
0.450602	-nan	0.968053	1.23391	1	1	1	1	1	1	1.17548	0.968053	0.968053	1	1	
0.454217	-nan	0.965995	1.23833	1	1	1	1	1	1	1.17405	0.965995	0.965995	1	1	
0.457831	-nan	0.963937	1.24267	1	1	1	1	1	1	1.17282	0.963937	0.963937	1	1	
0.461446	-nan	0.961879	1.24691	1	1	1	1	1	1	1.17177	0.961879	0.961879	1	1	
0.46506	-nan	0.959823	1.25107	1	1	1	1	1	1	1.1709	0.959823	0.959823	1	1	
0.468675	-nan	0.957768	1.25513	1	1	1	1	1	1	1.17019	0.957768	0.957768	1	1	
0.472289	-nan	0.955715	1.2591	1	1	1	1	1	1	1.16964	0.955715	0.955715	1	1	
0.475904	-nan	0.953663	1.26297	1	1	1	1	1	1	1.16924	0.953663	0.953663	1	1	
0.479518	-nan	0.951613	1.26674	1	1	1	1	1	1	1.16898	0.951613	0.951613	1	1	
0.483133	-nan	0.949565	1.27042	1	1	1	1	1	1	1.16886	0.949565	0.949565	1	1	
0.486747	-nan	0.94752	1.274	1	1	1	1	1	1	1.16886	0.94752	0.94752	1	1	
0.490361	-nan	0.945477	1.27748	1	1	1	1	1	1	1.16898	0.945477	0.945477	1	1	
0.493976	-nan	0.943436	1.28087	1	1	1	1	1	1	1.16922	0.943436	0.943436	1	1	
0.49759	-nan	0.941399	1.28416	1	1	1	1	1	1	1.16956	0.941399	0.941399	1	1	
0.501205	-nan	0.939364	1.28734	1	1	1	1	1	1	1.17	0.939364	0.939364	1	1	
0.504819	-nan	0.937333	1.29043	1	1	1	1	1	1	1.17054	0.937333	0.937333	1	1	
0.508434	-nan	0.935305	1.29342	1	1	1	1	1	1	1.17117	0.935305	0.935305	1	1	
0.512048	-nan	0.93328	1.29631	1	1	1	1	1	1	1.17188	0.93328	0.93328	1	1	
0.515663	-nan	0.931259	1.2991	1	1	1	1	1	1	1.17267	0.931259	0.931259	1	1	
0.519277	-nan	0.929242	1.3018	1	1	1	1	1	1	1.17354	0.929242	0.929242	1	1	
0.522892	-nan	0.927228	1.3044	1	1	1	1	1	1	1.17447	0.927228	0.927228	1	1	
0.526506	-nan	0.925219	1.3069	1	1	1	1	1	1	1.17548	0.925219	0.925219	1	1	
0.53012	-nan	0.923214	1.3093	1	1	1	1	1	1	1.17655	0.923214	0.923214	1	1	
0.533735	-nan	0.921214	1.31161	1	1	1	1	1	1	1.17767	0.921214	0.921214	1	1	
0.537349	-nan	0.919217	1.31382	1	1	1	1	1	1	1.17885	0.919217	0.919217	1	1	
0.540964	-nan	0.917226	1.31594	1	1	1	1	1	1	1.18009	0.917226	0.917226	1	1	
0.544578	-nan	0.915239	1.31796	1	1	1	1	1	1	1.18137	0.915239	0.915239	1	1	
0.548193	-nan	0.913257	1.31989	1	1	1	1	1	1	1.18269	0.913257	0.913257	1	1	
0.551807	-nan	0.91128	1.32172	1	1	1	1	1	1	1.18406	0.91128	0.91128	1	1	
0.555422	-nan	0.909308	1.32347	1	1	1	1	1	1	1.18547	0.909308	0.909308	1	1	
0.559036	-nan	0.907341	1.32512	1	1	1	1	1	1	1.18691	0.907341	0.907341	1	1	
0.562651	-nan	0.90538	1.32669	1	1	1	1	1	1	1.18839	0.90538	0.90538	1	1	
0.566265	-nan	0.903424	1.32816	1	1	1	1	1	1	1.18991	0.903424	0.903424	1	1	
0.56988	-nan	0.901474	1.32955	1	1	1	1	1	1	1.19145	0.901474	0.901474	1	1	
0.573494	-nan	0.899529	1.33084	1	1	1	1	1	1	1.19302	0.899529	0.899529	1	1	
0.577108	-nan	0.89759	1.33205	1	1	1	1	1	1	1.19461	0.89759	0.89759	1	1	
0.580723	-nan	0.895657	1.33318	1	1	1	1	1	1	1.19623	0.895657	0.895657	1	1	
0.584337	-nan	0.893729	1.33422	1	1	1	1	1	1	1.19787	0.893729	0.893729	1	1	
0.587952	-nan	0.891808	1.33518	1	1	1	1	1	1	1.19952	0.891808	0.891808	1	1	
0.591566	-nan	0.889893	1.33605	1	1	1	1	1	1	1.2012	0.889893	0.889893	1	1	
0.595181	-nan	0.887984	1.33684	1	1	1	1	1	1	1.20289	0.887984	0.887984	1	1	
0.598795	-nan	0.886081	1.33755	1	1	1	1	1	1	1.2046	0.886081	0.886081	1	1	
0.60241	-nan	0.884185	1.33819	1	1	1	1	1	1	1.20632	0.884185	0.884185	1	1	
0.606024	-nan	0.882295	1.33874	1	1	1	1	1	1	1.20805	0.882295	0.882295	1	1	
0.609639	-nan	0.880411	1.33921	1	1	1	1	1	1	1.2098	0.880411	0.880411	1	1	
0.613253	-nan	0.878535	1.33961	1	1	1	1	1	1	1.21155	0.878535	0.878535	1	1	
0.616867	-nan	0.876665	1.33993	1	1	1	1	1	1	1.21331	0.876665	0.876665	1	1	
0.620482	-nan	0.874801	1.34018	1	1	1	1	1	1	1.21508	0.874801	0.874801	1	1	
0.624096	-nan	0.872945	1.34035	1	1	1	1	1	1	1.21685	0.872945	0.872945	1	1	
0.627711	-nan	0.871095	1.34045	1	1	1	1	1	1	1.21863	0.871095	0.871095	1	1	
0.631325	-nan	0.869253	1.34048	1	1	1	1	1	1	1.22041	0.869253	0.869253	1	1	
0.63494	-nan	0.867417	1.34044	1	1	1	1	1	1	1.2222	0.867417	0.867417	1	1	
0.638554	-nan	0.865589	1.34033	1	1	1	1	1	1	1.22399	0.865589	0.865589	1	1	
0.642169	-nan	0.863767	1.34015	1	1	1	1	1	1	1.22578	0.863767	0.863767	1	1	
0.645783	-nan	0.861953	1.3399	1	1	1	1	1	1	1.22757	0.861953	0.861953	1	1	
0.649398	-nan	0.860147	1.33959	1	1	1	1	1	1	1.22936	0.860147	0.860147	1	1	
0.653012	-nan	0.858347	1.33921	1	1	1	1	1	1	1.23115	0.858347	0.858347	1	1	
0.656627	-nan	0.856555	1.33876	1	1	1	1	1	1	1.23293	0.856555	0.856555	1	1	
0.660241	-nan	0.854771	1.33825	1	1	1	1	1	1	1.23472	0.854771	0.854771	1	1	
0.663855	-nan	0.852994	1.33768	1	1	1	1	1	1	1.2365	0.852994	0.852994	1	1	
0.66747	-nan	0.851224	1.33704	1	1	1	1	1	1	1.23828	0.851224	0.851224	1	1	
0.671084	-nan	0.849462	1.33635	1	1	1	1	1	1	1.24005	0.849462	0.849462	1	1	
0.674699	-nan	0.847708	1.33559	1	1	1	1	1	1	1.24182	0.847708	0.847708	1	1	
0.678313	-nan	0.845961	1.33478	1	1	1	1	1	1	1.24359	0.845961	0.845961	1	1	
0.681928	-nan	0.844223	1.33391	1	1	1	1	1	1	1.24535	0.844223	0.844223	1	1	
0.685542	-nan	0.842492	1.33298	1	1	1	1	1	1	1.2471	0.842492	0.842492	1	1	
0.689157	-nan	0.840769	1.332	1	1	1	1	1	1	1.24885	0.840769	0.840769	1	1	
0.692771	-nan	0.839053	1.33096	1	1	1	1	1	1	1.25059	0.839053	0.839053	1	1	
0.696386	-nan	0.837346	1.32986	1	1	1	1	1	1	1.25232	0.837346	0.837346	1	1	
0.7	-nan	0.835647	1.32871	1	1	1	1	1	1	1.25405	0.835647	0.835647	1	1	
0.703614	-nan	0.833956	1.32751	1	1	1	1	1	1	1.25577	0.833956	0.833956	1	1	
0.707229	-nan	0.832272	1.32626	1	1	1	1	1	1	1.25748	0.832272	0.832272	1	1	
0.710843	-nan	0.830597	1.32496	1	1	1	1	1	1	1.25918	0.830597	0.830597	1	1	
0.714458	-nan	0.82893	1.3236	1	1	1	1	1	1	1.26088	0.82893	0.82893	1	1	
0.718072	-nan	0.827271	1.3222	1	1	1	1	1	1	1.26256	0.827271	0.827271	1	1	
0.721687	-nan	0.825621	1.32075	1	1	1	1	1	1	1.26424	0.825621	0.825621	1	1	
0.725301	-nan	0.823978	1.31926	1	1	1	1	1	1	1.26591	0.823978	0.823978	1	1	
0.728916	-nan	0.822344	1.31771	1	1	1	1	1	1	1.26756	0.822344	0.822344	1	1	
0.73253	-nan	0.820718	1.31612	1	1	1	1	1	1	1.26921	0.820718	0.820718	1	1	
0.736145	-nan	0.8191	1.31449	1	1	1	1	1	1	1.27085	0.8191	0.8191	1	1	
0.739759	-nan	0.817491	1.31281	1	1	1	1	1	1	1.27248	0.817491	0.817491	1	1	
0.743373	-nan	0.81589	1.31109	1	1	1	1	1	1	1.2741	0.81589	0.81589	1	1	
0.746988	-nan	0.814298	1.30933	1	1	1	1	1	1	1.2757	0.814298	0.814298	1	1	
0.750602	-nan	0.812714	1.30752	1	1	1	1	1	1	1.2773	0.812714	0.812714	1	1	
0.754217	-nan	0.811138	1.30568	1	1	1	1	1	1	1.27889	0.811138	0.811138	1	1	
0.757831	-nan	0.809571	1.30379	1	1	1	1	1	1	1.28046	0.809571	0.809571	1	1	
0.761446	-nan	0.808012	1.30187	1	1	1	1	1	1	1.28203	0.808012	0.808012	1	1	
0.76506	-nan	0.806462	1.2999	1	1	1	1	1	1	1.28358	0.806462	0.806462	1	1	
0.768675	-nan	0.804921	1.2979	1	1	1	1	1	1	1.28512	0.804921	0.804921	1	1	
0.772289	-nan	0.803388	1.29587	1	1	1	1	1	1	1.28666	0.803388	0.803388	1	1	
0.775904	-nan	0.801863	1.29379	1	1	1	1	1	1	1.28818	0.801863	0.801863	1	1	
0.779518	-nan	0.800347	1.29168	1	1	1	1	1	1	1.28969	0.800347	0.800347	1	1	
0.783133	-nan	0.79884	1.28954	1	1	1	1	1	1	1.29118	0.79884	0.79884	1	1	
0.786747	-nan	0.797341	1.28736	1	1	1	1	1	1	1.29267	0.797341	0.797341	1	1	
0.790361	-nan	0.795851	1.28515	1	1	1	1	1	1	1.29415	0.795851	0.795851	1	1	
0.793976	-nan	0.79437	1.2829	1	1	1	1	1	1	1.29561	0.79437	0.79437	1	1	
0.79759	-nan	0.792897	1.28062	1	1	1	1	1	1	1.29706	0.792897	0.792897	1	1	
0.801205	-nan	0.791433	1.27832	1	1	1	1	1	1	1.2985	0.791433	0.791433	1	1	
0.804819	-nan	0.789978	1.27598	1	1	1	1	1	1	1.29993	0.789978	0.789978	1	1	
0.808434	-nan	0.788531	1.27361	1	1	1	1	1	1	1.30135	0.788531	0.788531	1	1	
0.812048	-nan	0.787093	1.27121	1	1	1	1	1	1	1.30276	0.787093	0.787093	1	1	
0.815663	-nan	0.785664	1.26878	1	1	1	1	1	1	1.30415	0.785664	0.785664	1	1	
0.819277	-nan	0.784244	1.26633	1	1	1	1	1	1	1.30554	0.784244	0.784244	1	1	
0.822892	-nan	0.782832	1.26385	1	1	1	1	1	1	1.30691	0.782832	0.782832	1	1	
0.826506	-nan	0.781429	1.26134	1	1	1	1	1	1	1.30827	0.781429	0.781429	1	1	
0.83012	-nan	0.780035	1.2588	1	1	1	1	1	1	1.30962	0.780035	0.780035	1	1	
0.833735	-nan	0.778649	1.25624	1	1	1	1	1	1	1.31095	0.778649	0.778649	1	1	
0.837349	-nan	0.777273	1.25366	1	1	1	1	1	1	1.31228	0.777273	0.777273	1	1	
0.840964	-nan	0.775905	1.25105	1	1	1	1	1	1	1.31359	0.775905	0.775905	1	1	
0.844578	-nan	0.774546	1.24841	1	1	1	1	1	1	1.3149	0.774546	0.774546	1	1	
0.848193	-nan	0.773196	1.24575	1	1	1	1	1	1	1.31619	0.773196	0.773196	1	1	
0.851807	-nan	0.771854	1.24307	1	1	1	1	1	1	1.31747	0.771854	0.771854	1	1	
0.855422	-nan	0.770521	1.24037	1	1	1	1	1	1	1.31873	0.770521	0.770521	1	1	
0.859036	-nan	0.769198	1.23765	1	1	1	1	1	1	1.31999	0.769198	0.769198	1	1	
0.862651	-nan	0.767882	1.2349	1	1	1	1	1	1	1.32124	0.767882	0.767882	1	1	
0.866265	-nan	0.766576	1.23214	1	1	1	1	1	1	1.32247	0.766576	0.766576	1	1	
0.86988	-nan	0.765279	1.22935	1	1	1	1	1	1	1.32369	0.765279	0.765279	1	1	
0.873494	-nan	0.76399	1.22655	1	1	1	1	1	1	1.3249	0.76399	0.76399	1	1	
0.877108	-nan	0.76271	1.22372	1	1	1	1	1	1	1.3261	0.76271	0.76271	1	1	
0.880723	-nan	0.761439	1.22088	1	1	1	1	1	1	1.32729	0.761439	0.761439	1	1	
0.884337	-nan	0.760177	1.21802	1	1	1	1	1	1	1.32847	0.760177	0.760177	1	1	
0.887952	-nan	0.758923	1.21514	1	1	1	1	1	1	1.32964	0.758923	0.758923	1	1	
0.891566	-nan	0.757678	1.21225	1	1	1	1	1	1	1.33079	0.757678	0.757678	1	1	
0.895181	-nan	0.756442	1.20933	1	1	1	1	1	1	1.33193	0.756442	0.756442	1	1	
0.898795	-nan	0.755215	1.20641	1	1	1	1	1	1	1.33307	0.755215	0.755215	1	1	
0.90241	-nan	0.753997	1.20346	1	1	1	1	1	1	1.33419	0.753997	0.753997	1	1	
0.906024	-nan	0.752787	1.20051	1	1	1	1	1	1	1.3353	0.752787	0.752787	1	1	
0.909639	-nan	0.751587	1.19753	1	1	1	1	1	1	1.3364	0.751587	0.751587	1	1	
0.913253	-nan	0.750395	1.19455	1	1	1	1	1	1	1.33749	0.750395	0.750395	1	1	
0.916867	-nan	0.749211	1.19155	1	1	1	1	1	1	1.33857	0.749211	0.749211	1	1	
0.920482	-nan	0.748037	1.18853	1	1	1	1	1	1	1.33964	0.748037	0.748037	1	1	
0.924096	-nan	0.746871	1.1855	1	1	1	1	1	1	1.3407	0.746871	0.746871	1	1	
0.927711	-nan	0.745714	1.18247	1	1	1	1	1	1	1.34174	0.745714	0.745714	1	1	
0.931325	-nan	0.744566	1.17941	1	1	1	1	1	1	1.34278	0.744566	0.744566	1	1	
0.93494	-nan	0.743426	1.17635	1	1	1	1	1	1	1.3438	0.743426	0.743426	1	1	
0.938554	-nan	0.742295	1.17328	1	1	1	1	1	1	1.34482	0.742295	0.742295	1	1	
0.942169	-nan	0.741173	1.17019	1	1	1	1	1	1	1.34582	0.741173	0.741173	1	1	
0.945783	-nan	0.74006	1.1671	1	1	1	1	1	1	1.34682	0.74006	0.74006	1	1	
0.949398	-nan	0.738955	1.16399	1	1	1	1	1	1	1.3478	0.738955	0.738955	1	1	
0.953012	-nan	0.737859	1.16088	1	1	1	1	1	1	1.34878	0.737859	0.737859	1	1	
0.956627	-nan	0.736771	1.15775	1	1	1	1	1	1	1.34974	0.736771	0.736771	1	1	
0.960241	-nan	0.735693	1.15462	1	1	1	1	1	1	1.3507	0.735693	0.735693	1	1	
0.963855	-nan	0.734623	1.15148	1	1	1	1	1	1	1.35164	0.734623	0.734623	1	1	
0.96747	-nan	0.733561	1.14833	1	1	1	1	1	1	1.35257	0.733561	0.733561	1	1	
0.971084	-nan	0.732508	1.14517	1	1	1	1	1	1	1.3535	0.732508	0.732508	1	1	
0.974699	-nan	0.731464	1.14201	1	1	1	1	1	1	1.35441	0.731464	0.731464	1	1	
0.978313	-nan	0.730429	1.13884	1	1	1	1	1	1	1.35531	0.730429	0.730429	1	1	
0.981928	-nan	0.729402	1.13566	1	1	1	1	1	1	1.35621	0.729402	0.729402	1	1	
0.985542	-nan	0.728383	1.13247	1	1	1	1	1	1	1.35709	0.728383	0.728383	1	1	
0.989157	-nan	0.727373	1.12928	1	1	1	1	1	1	1.35797	0.727373	0.727373	1	1	
0.992771	-nan	0.726372	1.12608	1	1	1	1	1	1	1.35883	0.726372	0.726372	1	1	
0.996386	-nan	0.725379	1.12288	1	1	1	1	1	1	1.35969	0.725379	0.725379	1	1	
1	-nan	-nan	-nan	-nan	-nan	-nan	-nan	-nan	-nan	-nan	-nan	-nan	-nan	-nan	
