1e-05	-nan	0.599858	0.687944	1	1	1	1	1	1	0.099172	0.599858	0.599858	1	1	
1.03753e-05	-nan	0.59993	0.687757	1	1	1	1	1	1	0.099174	0.59993	0.59993	1	1	
1.07647e-05	-nan	0.600004	0.68757	1	1	1	1	1	1	0.099176	0.600004	0.600004	1	1	
1.11686e-05	-nan	0.600078	0.687383	1	1	1	1	1	1	0.0991781	0.600078	0.600078	1	1	
1.15878e-05	-nan	0.600154	0.687195	1	1	1	1	1	1	0.0991803	0.600154	0.600154	1	1	
1.20226e-05	-nan	0.600231	0.687008	1	1	1	1	1	1	0.0991825	0.600231	0.600231	1	1	
1.24738e-05	-nan	0.600309	0.68682	1	1	1	1	1	1	0.0991847	0.600309	0.600309	1	1	
1.2942e-05	-nan	0.600389	0.686633	1	1	1	1	1	1	0.0991871	0.600389	0.600389	1	1	
1.34276e-05	-nan	0.60047	0.686445	1	1	1	1	1	1	0.0991895	0.60047	0.60047	1	1	
1.39316e-05	-nan	0.600552	0.686257	1	1	1	1	1	1	0.0991919	0.600552	0.600552	1	1	
1.44544e-05	-nan	0.600635	0.686069	1	1	1	1	1	1	0.0991944	0.600635	0.600635	1	1	
1.49968e-05	-nan	0.60072	0.685881	1	1	1	1	1	1	0.099197	0.60072	0.60072	1	1	
1.55597e-05	-nan	0.600806	0.685693	1	1	1	1	1	1	0.0991996	0.600806	0.600806	1	1	
1.61436e-05	-nan	0.600894	0.685505	1	1	1	1	1	1	0.0992023	0.600894	0.600894	1	1	
1.67494e-05	-nan	0.600983	0.685316	1	1	1	1	1	1	0.099205	0.600983	0.600983	1	1	
1.7378e-05	-nan	0.601073	0.685128	1	1	1	1	1	1	0.0992079	0.601073	0.601073	1	1	
1.80302e-05	-nan	0.601165	0.684939	1	1	1	1	1	1	0.0992108	0.601165	0.601165	1	1	
1.87068e-05	-nan	0.601258	0.684751	1	1	1	1	1	1	0.0992138	0.601258	0.601258	1	1	
1.94089e-05	-nan	0.601353	0.684562	1	1	1	1	1	1	0.0992168	0.601353	0.601353	1	1	
2.01372e-05	-nan	0.60145	0.684373	1	1	1	1	1	1	0.09922	0.60145	0.60145	1	1	
2.0893e-05	-nan	0.601548	0.684184	1	1	1	1	1	1	0.0992232	0.601548	0.601548	1	1	
2.1677e-05	-nan	0.601648	0.683995	1	1	1	1	1	1	0.0992265	0.601648	0.601648	1	1	
2.24905e-05	-nan	0.601749	0.683806	1	1	1	1	1	1	0.0992298	0.601749	0.601749	1	1	
2.33346e-05	-nan	0.601853	0.683617	1	1	1	1	1	1	0.0992333	0.601853	0.601853	1	1	
2.42103e-05	-nan	0.601957	0.683427	1	1	1	1	1	1	0.0992368	0.601957	0.601957	1	1	
2.51189e-05	-nan	0.602064	0.683238	1	1	1	1	1	1	0.0992405	0.602064	0.602064	1	1	
2.60615e-05	-nan	0.602173	0.683048	1	1	1	1	1	1	0.0992442	0.602173	0.602173	1	1	
2.70396e-05	-nan	0.602283	0.682859	1	1	1	1	1	1	0.099248	0.602283	0.602283	1	1	
2.80543e-05	-nan	0.602395	0.682669	1	1	1	1	1	1	0.099252	0.602395	0.602395	1	1	
2.91072e-05	-nan	0.602509	0.682479	1	1	1	1	1	1	0.099256	0.602509	0.602509	1	1	
3.01995e-05	-nan	0.602625	0.682289	1	1	1	1	1	1	0.0992601	0.602625	0.602625	1	1	
3.13329e-05	-nan	0.602743	0.682099	1	1	1	1	1	1	0.0992644	0.602743	0.602743	1	1	
3.25087e-05	-nan	0.602863	0.681909	1	1	1	1	1	1	0.0992687	0.602863	0.602863	1	1	
3.37287e-05	-nan	0.602985	0.681719	1	1	1	1	1	1	0.0992732	0.602985	0.602985	1	1	
3.49945e-05	-nan	0.603109	0.681529	1	1	1	1	1	1	0.0992777	0.603109	0.603109	1	1	
3.63078e-05	-nan	0.603235	0.681339	1	1	1	1	1	1	0.0992824	0.603235	0.603235	1	1	
3.76704e-05	-nan	0.603363	0.681148	1	1	1	1	1	1	0.0992872	0.603363	0.603363	1	1	
3.90841e-05	-nan	0.603494	0.680958	1	1	1	1	1	1	0.0992921	0.603494	0.603494	1	1	
4.05509e-05	-nan	0.603627	0.680767	1	1	1	1	1	1	0.0992972	0.603627	0.603627	1	1	
4.20727e-05	-nan	0.603762	0.680577	1	1	1	1	1	1	0.0993024	0.603762	0.603762	1	1	
4.36516e-05	-nan	0.6039	0.680386	1	1	1	1	1	1	0.0993077	0.6039	0.6039	1	1	
4.52898e-05	-nan	0.604039	0.680196	1	1	1	1	1	1	0.0993131	0.604039	0.604039	1	1	
4.69894e-05	-nan	0.604182	0.680005	1	1	1	1	1	1	0.0993187	0.604182	0.604182	1	1	
4.87528e-05	-nan	0.604327	0.679814	1	1	1	1	1	1	0.0993245	0.604327	0.604327	1	1	
5.05825e-05	-nan	0.604474	0.679623	1	1	1	1	1	1	0.0993304	0.604474	0.604474	1	1	
5.24807e-05	-nan	0.604624	0.679432	1	1	1	1	1	1	0.0993364	0.604624	0.604624	1	1	
5.44503e-05	-nan	0.604776	0.679241	1	1	1	1	1	1	0.0993426	0.604776	0.604776	1	1	
5.64937e-05	-nan	0.604932	0.67905	1	1	1	1	1	1	0.099349	0.604932	0.604932	1	1	
5.86138e-05	-nan	0.60509	0.678859	1	1	1	1	1	1	0.0993555	0.60509	0.60509	1	1	
6.08135e-05	-nan	0.605251	0.678668	1	1	1	1	1	1	0.0993622	0.605251	0.605251	1	1	
6.30957e-05	-nan	0.605414	0.678477	1	1	1	1	1	1	0.099369	0.605414	0.605414	1	1	
6.54636e-05	-nan	0.605581	0.678286	1	1	1	1	1	1	0.0993761	0.605581	0.605581	1	1	
6.79204e-05	-nan	0.60575	0.678094	1	1	1	1	1	1	0.0993833	0.60575	0.60575	1	1	
7.04693e-05	-nan	0.605923	0.677903	1	1	1	1	1	1	0.0993907	0.605923	0.605923	1	1	
7.31139e-05	-nan	0.606099	0.677712	1	1	1	1	1	1	0.0993983	0.606099	0.606099	1	1	
7.58578e-05	-nan	0.606278	0.67752	1	1	1	1	1	1	0.0994061	0.606278	0.606278	1	1	
7.87046e-05	-nan	0.60646	0.677329	1	1	1	1	1	1	0.0994141	0.60646	0.60646	1	1	
8.16582e-05	-nan	0.606645	0.677138	1	1	1	1	1	1	0.0994223	0.606645	0.606645	1	1	
8.47227e-05	-nan	0.606834	0.676946	1	1	1	1	1	1	0.0994307	0.606834	0.606834	1	1	
8.79023e-05	-nan	0.607026	0.676755	1	1	1	1	1	1	0.0994394	0.607026	0.607026	1	1	
9.12011e-05	-nan	0.607222	0.676564	1	1	1	1	1	1	0.0994483	0.607222	0.607222	1	1	
9.46237e-05	-nan	0.607421	0.676372	1	1	1	1	1	1	0.0994574	0.607421	0.607421	1	1	
9.81748e-05	-nan	0.607624	0.676181	1	1	1	1	1	1	0.0994667	0.607624	0.607624	1	1	
0.000101859	-nan	0.60783	0.67599	1	1	1	1	1	1	0.0994763	0.60783	0.60783	1	1	
0.000105682	-nan	0.608041	0.675798	1	1	1	1	1	1	0.0994861	0.608041	0.608041	1	1	
0.000109648	-nan	0.608255	0.675607	1	1	1	1	1	1	0.0994962	0.608255	0.608255	1	1	
0.000113763	-nan	0.608473	0.675416	1	1	1	1	1	1	0.0995066	0.608473	0.608473	1	1	
0.000118032	-nan	0.608696	0.675225	1	1	1	1	1	1	0.0995172	0.608696	0.608696	1	1	
0.000122462	-nan	0.608922	0.675034	1	1	1	1	1	1	0.0995281	0.608922	0.608922	1	1	
0.000127057	-nan	0.609153	0.674843	1	1	1	1	1	1	0.0995393	0.609153	0.609153	1	1	
0.000131826	-nan	0.609387	0.674652	1	1	1	1	1	1	0.0995508	0.609387	0.609387	1	1	
0.000136773	-nan	0.609627	0.674461	1	1	1	1	1	1	0.0995626	0.609627	0.609627	1	1	
0.000141906	-nan	0.609871	0.67427	1	1	1	1	1	1	0.0995747	0.609871	0.609871	1	1	
0.000147231	-nan	0.610119	0.674079	1	1	1	1	1	1	0.0995872	0.610119	0.610119	1	1	
0.000152757	-nan	0.610372	0.673889	1	1	1	1	1	1	0.0995999	0.610372	0.610372	1	1	
0.000158489	-nan	0.61063	0.673698	1	1	1	1	1	1	0.099613	0.61063	0.61063	1	1	
0.000164437	-nan	0.610893	0.673508	1	1	1	1	1	1	0.0996265	0.610893	0.610893	1	1	
0.000170608	-nan	0.611161	0.673317	1	1	1	1	1	1	0.0996403	0.611161	0.611161	1	1	
0.000177011	-nan	0.611434	0.673127	1	1	1	1	1	1	0.0996544	0.611434	0.611434	1	1	
0.000183654	-nan	0.611712	0.672937	1	1	1	1	1	1	0.099669	0.611712	0.611712	1	1	
0.000190546	-nan	0.611995	0.672748	1	1	1	1	1	1	0.0996839	0.611995	0.611995	1	1	
0.000197697	-nan	0.612284	0.672558	1	1	1	1	1	1	0.0996992	0.612284	0.612284	1	1	
0.000205116	-nan	0.612578	0.672369	1	1	1	1	1	1	0.0997149	0.612578	0.612578	1	1	
0.000212814	-nan	0.612879	0.67218	1	1	1	1	1	1	0.0997311	0.612879	0.612879	1	1	
0.0002208	-nan	0.613184	0.671991	1	1	1	1	1	1	0.0997477	0.613184	0.613184	1	1	
0.000229087	-nan	0.613496	0.671802	1	1	1	1	1	1	0.0997647	0.613496	0.613496	1	1	
0.000237684	-nan	0.613814	0.671614	1	1	1	1	1	1	0.0997822	0.613814	0.613814	1	1	
0.000246604	-nan	0.614138	0.671426	1	1	1	1	1	1	0.0998001	0.614138	0.614138	1	1	
0.000255859	-nan	0.614469	0.671238	1	1	1	1	1	1	0.0998185	0.614469	0.614469	1	1	
0.000265461	-nan	0.614806	0.671051	1	1	1	1	1	1	0.0998375	0.614806	0.614806	1	1	
0.000275423	-nan	0.61515	0.670864	1	1	1	1	1	1	0.0998569	0.61515	0.61515	1	1	
0.000285759	-nan	0.6155	0.670677	1	1	1	1	1	1	0.0998768	0.6155	0.6155	1	1	
0.000296483	-nan	0.615857	0.670491	1	1	1	1	1	1	0.0998973	0.615857	0.615857	1	1	
0.00030761	-nan	0.616222	0.670305	1	1	1	1	1	1	0.0999183	0.616222	0.616222	1	1	
0.000319154	-nan	0.616594	0.670119	1	1	1	1	1	1	0.0999399	0.616594	0.616594	1	1	
0.000331131	-nan	0.616973	0.669934	1	1	1	1	1	1	0.0999621	0.616973	0.616973	1	1	
0.000343558	-nan	0.61736	0.66975	1	1	1	1	1	1	0.0999849	0.61736	0.61736	1	1	
0.000356451	-nan	0.617754	0.669566	1	1	1	1	1	1	0.100008	0.617754	0.617754	1	1	
0.000369828	-nan	0.618156	0.669383	1	1	1	1	1	1	0.100032	0.618156	0.618156	1	1	
0.000383707	-nan	0.618567	0.6692	1	1	1	1	1	1	0.100057	0.618567	0.618567	1	1	
0.000398107	-nan	0.618986	0.669018	1	1	1	1	1	1	0.100082	0.618986	0.618986	1	1	
0.000413048	-nan	0.619413	0.668836	1	1	1	1	1	1	0.100108	0.619413	0.619413	1	1	
0.000428549	-nan	0.619849	0.668656	1	1	1	1	1	1	0.100135	0.619849	0.619849	1	1	
0.000444631	-nan	0.620295	0.668476	1	1	1	1	1	1	0.100162	0.620295	0.620295	1	1	
0.000461318	-nan	0.620749	0.668296	1	1	1	1	1	1	0.100191	0.620749	0.620749	1	1	
0.00047863	-nan	0.621212	0.668118	1	1	1	1	1	1	0.10022	0.621212	0.621212	1	1	
0.000496592	-nan	0.621685	0.66794	1	1	1	1	1	1	0.100249	0.621685	0.621685	1	1	
0.000515229	-nan	0.622168	0.667764	1	1	1	1	1	1	0.10028	0.622168	0.622168	1	1	
0.000534564	-nan	0.622661	0.667588	1	1	1	1	1	1	0.100311	0.622661	0.622661	1	1	
0.000554626	-nan	0.623164	0.667413	1	1	1	1	1	1	0.100343	0.623164	0.623164	1	1	
0.00057544	-nan	0.623678	0.66724	1	1	1	1	1	1	0.100377	0.623678	0.623678	1	1	
0.000597035	-nan	0.624202	0.667067	1	1	1	1	1	1	0.100411	0.624202	0.624202	1	1	
0.000619441	-nan	0.624737	0.666896	1	1	1	1	1	1	0.100446	0.624737	0.624737	1	1	
0.000642688	-nan	0.625284	0.666726	1	1	1	1	1	1	0.100482	0.625284	0.625284	1	1	
0.000666807	-nan	0.625842	0.666557	1	1	1	1	1	1	0.100518	0.625842	0.625842	1	1	
0.000691831	-nan	0.626412	0.66639	1	1	1	1	1	1	0.100556	0.626412	0.626412	1	1	
0.000717794	-nan	0.626994	0.666224	1	1	1	1	1	1	0.100595	0.626994	0.626994	1	1	
0.000744732	-nan	0.627589	0.66606	1	1	1	1	1	1	0.100635	0.627589	0.627589	1	1	
0.000772681	-nan	0.628196	0.665897	1	1	1	1	1	1	0.100676	0.628196	0.628196	1	1	
0.000801678	-nan	0.628816	0.665736	1	1	1	1	1	1	0.100719	0.628816	0.628816	1	1	
0.000831764	-nan	0.62945	0.665577	1	1	1	1	1	1	0.100762	0.62945	0.62945	1	1	
0.000862979	-nan	0.630097	0.66542	1	1	1	1	1	1	0.100807	0.630097	0.630097	1	1	
0.000895365	-nan	0.630758	0.665265	1	1	1	1	1	1	0.100853	0.630758	0.630758	1	1	
0.000928966	-nan	0.631434	0.665112	1	1	1	1	1	1	0.1009	0.631434	0.631434	1	1	
0.000963829	-nan	0.632124	0.664961	1	1	1	1	1	1	0.100948	0.632124	0.632124	1	1	
0.001	-nan	0.63283	0.664812	1	1	1	1	1	1	0.100998	0.63283	0.63283	1	1	
0.00103753	-nan	0.633551	0.664666	1	1	1	1	1	1	0.101049	0.633551	0.633551	1	1	
0.00107647	-nan	0.634288	0.664522	1	1	1	1	1	1	0.101102	0.634288	0.634288	1	1	
0.00111686	-nan	0.635041	0.664381	1	1	1	1	1	1	0.101156	0.635041	0.635041	1	1	
0.00115878	-nan	0.63581	0.664243	1	1	1	1	1	1	0.101211	0.63581	0.63581	1	1	
0.00120226	-nan	0.636597	0.664108	1	1	1	1	1	1	0.101268	0.636597	0.636597	1	1	
0.00124738	-nan	0.637402	0.663976	1	1	1	1	1	1	0.101327	0.637402	0.637402	1	1	
0.0012942	-nan	0.638224	0.663847	1	1	1	1	1	1	0.101387	0.638224	0.638224	1	1	
0.00134276	-nan	0.639065	0.663722	1	1	1	1	1	1	0.101449	0.639065	0.639065	1	1	
0.00139316	-nan	0.639925	0.6636	1	1	1	1	1	1	0.101513	0.639925	0.639925	1	1	
0.00144544	-nan	0.640804	0.663482	1	1	1	1	1	1	0.101579	0.640804	0.640804	1	1	
0.00149968	-nan	0.641703	0.663369	1	1	1	1	1	1	0.101646	0.641703	0.641703	1	1	
0.00155597	-nan	0.642622	0.663259	1	1	1	1	1	1	0.101715	0.642622	0.642622	1	1	
0.00161436	-nan	0.643563	0.663154	1	1	1	1	1	1	0.101786	0.643563	0.643563	1	1	
0.00167494	-nan	0.644525	0.663053	1	1	1	1	1	1	0.10186	0.644525	0.644525	1	1	
0.0017378	-nan	0.645509	0.662958	1	1	1	1	1	1	0.101935	0.645509	0.645509	1	1	
0.00180302	-nan	0.646515	0.662867	1	1	1	1	1	1	0.102012	0.646515	0.646515	1	1	
0.00187068	-nan	0.647545	0.662782	1	1	1	1	1	1	0.102092	0.647545	0.647545	1	1	
0.00194089	-nan	0.648599	0.662703	1	1	1	1	1	1	0.102174	0.648599	0.648599	1	1	
0.00201372	-nan	0.649677	0.662629	1	1	1	1	1	1	0.102258	0.649677	0.649677	1	1	
0.0020893	-nan	0.65078	0.662562	1	1	1	1	1	1	0.102345	0.65078	0.65078	1	1	
0.0021677	-nan	0.651909	0.662502	1	1	1	1	1	1	0.102434	0.651909	0.651909	1	1	
0.00224905	-nan	0.653065	0.662448	1	1	1	1	1	1	0.102526	0.653065	0.653065	1	1	
0.00233346	-nan	0.654247	0.662402	1	1	1	1	1	1	0.10262	0.654247	0.654247	1	1	
0.00242103	-nan	0.655458	0.662363	1	1	1	1	1	1	0.102717	0.655458	0.655458	1	1	
0.00251189	-nan	0.656697	0.662333	1	1	1	1	1	1	0.102816	0.656697	0.656697	1	1	
0.00260615	-nan	0.657965	0.66231	1	1	1	1	1	1	0.102919	0.657965	0.657965	1	1	
0.00270396	-nan	0.659263	0.662297	1	1	1	1	1	1	0.103024	0.659263	0.659263	1	1	
0.00280543	-nan	0.660592	0.662293	1	1	1	1	1	1	0.103133	0.660592	0.660592	1	1	
0.00291072	-nan	0.661953	0.662299	1	1	1	1	1	1	0.103245	0.661953	0.661953	1	1	
0.00301995	-nan	0.663347	0.662316	1	1	1	1	1	1	0.10336	0.663347	0.663347	1	1	
0.00313329	-nan	0.664774	0.662343	1	1	1	1	1	1	0.103478	0.664774	0.664774	1	1	
0.00325087	-nan	0.666235	0.662381	1	1	1	1	1	1	0.103599	0.666235	0.666235	1	1	
0.00337287	-nan	0.667731	0.662432	1	1	1	1	1	1	0.103725	0.667731	0.667731	1	1	
0.00349945	-nan	0.669263	0.662495	1	1	1	1	1	1	0.103853	0.669263	0.669263	1	1	
0.00363078	-nan	0.670832	0.662571	1	1	1	1	1	1	0.103986	0.670832	0.670832	1	1	
0.00376704	-nan	0.67244	0.662662	1	1	1	1	1	1	0.104122	0.67244	0.67244	1	1	
0.00390841	-nan	0.674086	0.662767	1	1	1	1	1	1	0.104263	0.674086	0.674086	1	1	
0.00405509	-nan	0.675772	0.662887	1	1	1	1	1	1	0.104407	0.675772	0.675772	1	1	
0.00420727	-nan	0.677499	0.663024	1	1	1	1	1	1	0.104556	0.677499	0.677499	1	1	
0.00436516	-nan	0.679267	0.663178	1	1	1	1	1	1	0.104709	0.679267	0.679267	1	1	
0.00452898	-nan	0.681079	0.663349	1	1	1	1	1	1	0.104867	0.681079	0.681079	1	1	
0.00469894	-nan	0.682935	0.66354	1	1	1	1	1	1	0.105029	0.682935	0.682935	1	1	
0.00487528	-nan	0.684836	0.66375	1	1	1	1	1	1	0.105196	0.684836	0.684836	1	1	
0.00505825	-nan	0.686783	0.663982	1	1	1	1	1	1	0.105368	0.686783	0.686783	1	1	
0.00524807	-nan	0.688778	0.664235	1	1	1	1	1	1	0.105545	0.688778	0.688778	1	1	
0.00544503	-nan	0.690821	0.664511	1	1	1	1	1	1	0.105728	0.690821	0.690821	1	1	
0.00564937	-nan	0.692913	0.664812	1	1	1	1	1	1	0.105916	0.692913	0.692913	1	1	
0.00586138	-nan	0.695056	0.665138	1	1	1	1	1	1	0.106109	0.695056	0.695056	1	1	
0.00608135	-nan	0.697251	0.665491	1	1	1	1	1	1	0.106308	0.697251	0.697251	1	1	
0.00630957	-nan	0.6995	0.665873	1	1	1	1	1	1	0.106513	0.6995	0.6995	1	1	
0.00654636	-nan	0.701802	0.666284	1	1	1	1	1	1	0.106725	0.701802	0.701802	1	1	
0.00679204	-nan	0.70416	0.666726	1	1	1	1	1	1	0.106942	0.70416	0.70416	1	1	
0.00704693	-nan	0.706574	0.667202	1	1	1	1	1	1	0.107167	0.706574	0.706574	1	1	
0.00731139	-nan	0.709046	0.667712	1	1	1	1	1	1	0.107398	0.709046	0.709046	1	1	
0.00758578	-nan	0.711576	0.668259	1	1	1	1	1	1	0.107636	0.711576	0.711576	1	1	
0.00787046	-nan	0.714167	0.668845	1	1	1	1	1	1	0.107881	0.714167	0.714167	1	1	
0.00816582	-nan	0.716819	0.669471	1	1	1	1	1	1	0.108134	0.716819	0.716819	1	1	
0.00847227	-nan	0.719532	0.67014	1	1	1	1	1	1	0.108394	0.719532	0.719532	1	1	
0.00879023	-nan	0.722309	0.670853	1	1	1	1	1	1	0.108662	0.722309	0.722309	1	1	
0.00912011	-nan	0.72515	0.671614	1	1	1	1	1	1	0.108939	0.72515	0.72515	1	1	
0.00946237	-nan	0.728057	0.672425	1	1	1	1	1	1	0.109224	0.728057	0.728057	1	1	
0.00981748	-nan	0.731029	0.673289	1	1	1	1	1	1	0.109518	0.731029	0.731029	1	1	
0.0101859	-nan	0.734069	0.674208	1	1	1	1	1	1	0.109821	0.734069	0.734069	1	1	
0.0105682	-nan	0.737176	0.675185	1	1	1	1	1	1	0.110134	0.737176	0.737176	1	1	
0.0109648	-nan	0.740352	0.676224	1	1	1	1	1	1	0.110456	0.740352	0.740352	1	1	
0.0113763	-nan	0.743598	0.677327	1	1	1	1	1	1	0.110788	0.743598	0.743598	1	1	
0.0118032	-nan	0.746913	0.678499	1	1	1	1	1	1	0.11113	0.746913	0.746913	1	1	
0.0122462	-nan	0.750299	0.679743	1	1	1	1	1	1	0.111484	0.750299	0.750299	1	1	
0.0127057	-nan	0.753757	0.681063	1	1	1	1	1	1	0.111848	0.753757	0.753757	1	1	
0.0131826	-nan	0.757286	0.682464	1	1	1	1	1	1	0.112224	0.757286	0.757286	1	1	
0.0136773	-nan	0.760886	0.683948	1	1	1	1	1	1	0.112612	0.760886	0.760886	1	1	
0.0141906	-nan	0.764558	0.685522	1	1	1	1	1	1	0.113012	0.764558	0.764558	1	1	
0.0147231	-nan	0.768303	0.68719	1	1	1	1	1	1	0.113424	0.768303	0.768303	1	1	
0.0152757	-nan	0.772119	0.688957	1	1	1	1	1	1	0.11385	0.772119	0.772119	1	1	
0.0158489	-nan	0.776006	0.690828	1	1	1	1	1	1	0.11429	0.776006	0.776006	1	1	
0.0164437	-nan	0.779965	0.69281	1	1	1	1	1	1	0.114744	0.779965	0.779965	1	1	
0.0170608	-nan	0.783995	0.694909	1	1	1	1	1	1	0.115212	0.783995	0.783995	1	1	
0.0177011	-nan	0.788094	0.697131	1	1	1	1	1	1	0.115696	0.788094	0.788094	1	1	
0.0183654	-nan	0.792263	0.699482	1	1	1	1	1	1	0.116195	0.792263	0.792263	1	1	
0.0190546	-nan	0.7965	0.701971	1	1	1	1	1	1	0.11671	0.7965	0.7965	1	1	
0.0197697	-nan	0.800803	0.704605	1	1	1	1	1	1	0.117243	0.800803	0.800803	1	1	
0.0205116	-nan	0.805172	0.707392	1	1	1	1	1	1	0.117793	0.805172	0.805172	1	1	
0.0212814	-nan	0.809605	0.71034	1	1	1	1	1	1	0.11836	0.809605	0.809605	1	1	
0.02208	-nan	0.8141	0.71346	1	1	1	1	1	1	0.118947	0.8141	0.8141	1	1	
0.0229087	-nan	0.818654	0.71676	1	1	1	1	1	1	0.119553	0.818654	0.818654	1	1	
0.0237684	-nan	0.823267	0.72025	1	1	1	1	1	1	0.12018	0.823267	0.823267	1	1	
0.0246604	-nan	0.827935	0.723942	1	1	1	1	1	1	0.120827	0.827935	0.827935	1	1	
0.0255859	-nan	0.832655	0.727848	1	1	1	1	1	1	0.121496	0.832655	0.832655	1	1	
0.0265461	-nan	0.837426	0.731978	1	1	1	1	1	1	0.122188	0.837426	0.837426	1	1	
0.0275423	-nan	0.842243	0.736346	1	1	1	1	1	1	0.122903	0.842243	0.842243	1	1	
0.0285759	-nan	0.847103	0.740967	1	1	1	1	1	1	0.123642	0.847103	0.847103	1	1	
0.0296483	-nan	0.852003	0.745853	1	1	1	1	1	1	0.124407	0.852003	0.852003	1	1	
0.030761	-nan	0.85694	0.75102	1	1	1	1	1	1	0.125198	0.85694	0.85694	1	1	
0.0319154	-nan	0.861908	0.756484	1	1	1	1	1	1	0.126016	0.861908	0.861908	1	1	
0.0331131	-nan	0.866905	0.762263	1	1	1	1	1	1	0.126863	0.866905	0.866905	1	1	
0.0343558	-nan	0.871925	0.768373	1	1	1	1	1	1	0.127739	0.871925	0.871925	1	1	
0.0356451	-nan	0.876963	0.774835	1	1	1	1	1	1	0.128645	0.876963	0.876963	1	1	
0.0369828	-nan	0.882016	0.781667	1	1	1	1	1	1	0.129584	0.882016	0.882016	1	1	
0.0383707	-nan	0.887078	0.78889	1	1	1	1	1	1	0.130556	0.887078	0.887078	1	1	
0.0398107	-nan	0.892143	0.796528	1	1	1	1	1	1	0.131562	0.892143	0.892143	1	1	
0.0413048	-nan	0.897207	0.804601	1	1	1	1	1	1	0.132604	0.897207	0.897207	1	1	
0.0428549	-nan	0.902263	0.813135	1	1	1	1	1	1	0.133684	0.902263	0.902263	1	1	
0.0444631	-nan	0.907306	0.822155	1	1	1	1	1	1	0.134802	0.907306	0.907306	1	1	
0.0461318	-nan	0.91233	0.831686	1	1	1	1	1	1	0.135961	0.91233	0.91233	1	1	
0.047863	-nan	0.917328	0.841756	1	1	1	1	1	1	0.137162	0.917328	0.917328	1	1	
0.0496592	-nan	0.922294	0.852393	1	1	1	1	1	1	0.138408	0.922294	0.922294	1	1	
0.0515229	-nan	0.927222	0.863625	1	1	1	1	1	1	0.139699	0.927222	0.927222	1	1	
0.0534564	-nan	0.932103	0.875482	1	1	1	1	1	1	0.141039	0.932103	0.932103	1	1	
0.0554626	-nan	0.936933	0.887994	1	1	1	1	1	1	0.142428	0.936933	0.936933	1	1	
0.057544	-nan	0.941703	0.901191	1	1	1	1	1	1	0.14387	0.941703	0.941703	1	1	
0.0597035	-nan	0.946406	0.915104	1	1	1	1	1	1	0.145366	0.946406	0.946406	1	1	
0.0619441	-nan	0.951034	0.929762	1	1	1	1	1	1	0.14692	0.951034	0.951034	1	1	
0.0642688	-nan	0.955581	0.945193	1	1	1	1	1	1	0.148533	0.955581	0.955581	1	1	
0.0666807	-nan	0.960037	0.961427	1	1	1	1	1	1	0.150208	0.960037	0.960037	1	1	
0.0691831	-nan	0.964395	0.978487	1	1	1	1	1	1	0.151949	0.964395	0.964395	1	1	
0.0717794	-nan	0.968647	0.996398	1	1	1	1	1	1	0.153758	0.968647	0.968647	1	1	
0.0744732	-nan	0.972785	1.01518	1	1	1	1	1	1	0.155638	0.972785	0.972785	1	1	
0.0772681	-nan	0.9768	1.03484	1	1	1	1	1	1	0.157594	0.9768	0.9768	1	1	
0.0801678	-nan	0.980683	1.05539	1	1	1	1	1	1	0.159628	0.980683	0.980683	1	1	
0.0831764	-nan	0.984426	1.07684	1	1	1	1	1	1	0.161745	0.984426	0.984426	1	1	
0.0862979	-nan	0.988021	1.09917	1	1	1	1	1	1	0.163948	0.988021	0.988021	1	1	
0.0895365	-nan	0.991457	1.12237	1	1	1	1	1	1	0.166242	0.991457	0.991457	1	1	
0.0928966	-nan	0.994726	1.14639	1	1	1	1	1	1	0.168631	0.994726	0.994726	1	1	
0.0963829	-nan	0.99782	1.17121	1	1	1	1	1	1	0.171121	0.99782	0.99782	1	1	
0.1	-nan	1.00073	1.19675	1	1	1	1	1	1	0.173717	1.00073	1.00073	1	1	
0.103614	-nan	1.00335	1.22197	1	1	1	1	1	1	0.176324	1.00335	1.00335	1	1	
0.107229	-nan	1.0057	1.2468	1	1	1	1	1	1	0.178945	1.0057	1.0057	1	1	
0.110843	-nan	1.0078	1.27116	1	1	1	1	1	1	0.18158	1.0078	1.0078	1	1	
0.114458	-nan	1.00967	1.29496	1	1	1	1	1	1	0.184231	1.00967	1.00967	1	1	
0.118072	-nan	1.01132	1.31812	1	1	1	1	1	1	0.186897	1.01132	1.01132	1	1	
0.121687	-nan	1.01276	1.34056	1	1	1	1	1	1	0.189579	1.01276	1.01276	1	1	
0.125301	-nan	1.014	1.3622	1	1	1	1	1	1	0.192278	1.014	1.014	1	1	
0.128916	-nan	1.01506	1.38298	1	1	1	1	1	1	0.194995	1.01506	1.01506	1	1	
0.13253	-nan	1.01595	1.40283	1	1	1	1	1	1	0.197729	1.01595	1.01595	1	1	
0.136145	-nan	1.01668	1.42169	1	1	1	1	1	1	0.200482	1.01668	1.01668	1	1	
0.139759	-nan	1.01726	1.43952	1	1	1	1	1	1	0.203254	1.01726	1.01726	1	1	
0.143373	-nan	1.0177	1.45627	1	1	1	1	1	1	0.206045	1.0177	1.0177	1	1	
0.146988	-nan	1.018	1.47189	1	1	1	1	1	1	0.208857	1.018	1.018	1	1	
0.150602	-nan	1.01818	1.48637	1	1	1	1	1	1	0.211689	1.01818	1.01818	1	1	
0.154217	-nan	1.01824	1.49968	1	1	1	1	1	1	0.214542	1.01824	1.01824	1	1	
0.157831	-nan	1.01819	1.5118	1	1	1	1	1	1	0.217416	1.01819	1.01819	1	1	
0.161446	-nan	1.01803	1.52274	1	1	1	1	1	1	0.220313	1.01803	1.01803	1	1	
0.16506	-nan	1.01779	1.53249	1	1	1	1	1	1	0.223232	1.01779	1.01779	1	1	
0.168675	-nan	1.01745	1.54107	1	1	1	1	1	1	0.226174	1.01745	1.01745	1	1	
0.172289	-nan	1.01702	1.5485	1	1	1	1	1	1	0.22914	1.01702	1.01702	1	1	
0.175904	-nan	1.01652	1.5548	1	1	1	1	1	1	0.23213	1.01652	1.01652	1	1	
0.179518	-nan	1.01594	1.56001	1	1	1	1	1	1	0.235144	1.01594	1.01594	1	1	
0.183133	-nan	1.0153	1.56418	1	1	1	1	1	1	0.238183	1.0153	1.0153	1	1	
0.186747	-nan	1.01459	1.56735	1	1	1	1	1	1	0.241248	1.01459	1.01459	1	1	
0.190361	-nan	1.01382	1.56958	1	1	1	1	1	1	0.244338	1.01382	1.01382	1	1	
0.193976	-nan	1.013	1.57093	1	1	1	1	1	1	0.247455	1.013	1.013	1	1	
0.19759	-nan	1.01212	1.57146	1	1	1	1	1	1	0.250599	1.01212	1.01212	1	1	
0.201205	-nan	1.0112	1.57125	1	1	1	1	1	1	0.25377	1.0112	1.0112	1	1	
0.204819	-nan	1.01024	1.57036	1	1	1	1	1	1	0.256969	1.01024	1.01024	1	1	
0.208434	-nan	1.00923	1.56887	1	1	1	1	1	1	0.260197	1.00923	1.00923	1	1	
0.212048	-nan	1.00819	1.56686	1	1	1	1	1	1	0.263452	1.00819	1.00819	1	1	
0.215663	-nan	1.00712	1.5644	1	1	1	1	1	1	0.266737	1.00712	1.00712	1	1	
0.219277	-nan	1.00601	1.56157	1	1	1	1	1	1	0.270052	1.00601	1.00601	1	1	
0.222892	-nan	1.00488	1.55843	1	1	1	1	1	1	0.273396	1.00488	1.00488	1	1	
0.226506	-nan	1.00372	1.55507	1	1	1	1	1	1	0.276771	1.00372	1.00372	1	1	
0.23012	-nan	1.00254	1.55155	1	1	1	1	1	1	0.280177	1.00254	1.00254	1	1	
0.233735	-nan	1.00134	1.54793	1	1	1	1	1	1	0.283613	1.00134	1.00134	1	1	
0.237349	-nan	1.00012	1.54427	1	1	1	1	1	1	0.287082	1.00012	1.00012	1	1	
0.240964	-nan	0.998884	1.54064	1	1	1	1	1	1	0.290582	0.998884	0.998884	1	1	
0.244578	-nan	0.997632	1.53708	1	1	1	1	1	1	0.294115	0.997632	0.997632	1	1	
0.248193	-nan	0.996368	1.53365	1	1	1	1	1	1	0.297681	0.996368	0.996368	1	1	
0.251807	-nan	0.995093	1.53038	1	1	1	1	1	1	0.30128	0.995093	0.995093	1	1	
0.255422	-nan	0.993807	1.52731	1	1	1	1	1	1	0.304912	0.993807	0.993807	1	1	
0.259036	-nan	0.992513	1.52448	1	1	1	1	1	1	0.308578	0.992513	0.992513	1	1	
0.262651	-nan	0.991212	1.5219	1	1	1	1	1	1	0.312279	0.991212	0.991212	1	1	
0.266265	-nan	0.989904	1.51962	1	1	1	1	1	1	0.316013	0.989904	0.989904	1	1	
0.26988	-nan	0.98859	1.51763	1	1	1	1	1	1	0.319783	0.98859	0.98859	1	1	
0.273494	-nan	0.987273	1.51596	1	1	1	1	1	1	0.323588	0.987273	0.987273	1	1	
0.277108	-nan	0.985951	1.51462	1	1	1	1	1	1	0.327429	0.985951	0.985951	1	1	
0.280723	-nan	0.984626	1.51361	1	1	1	1	1	1	0.331305	0.984626	0.984626	1	1	
0.284337	-nan	0.983299	1.51294	1	1	1	1	1	1	0.335217	0.983299	0.983299	1	1	
0.287952	-nan	0.98197	1.51261	1	1	1	1	1	1	0.339166	0.98197	0.98197	1	1	
0.291566	-nan	0.980639	1.51262	1	1	1	1	1	1	0.343151	0.980639	0.980639	1	1	
0.295181	-nan	0.979307	1.51295	1	1	1	1	1	1	0.347173	0.979307	0.979307	1	1	
0.298795	-nan	0.977973	1.51362	1	1	1	1	1	1	0.351232	0.977973	0.977973	1	1	
0.30241	-nan	0.976638	1.5146	1	1	1	1	1	1	0.355328	0.976638	0.976638	1	1	
0.306024	-nan	0.975302	1.51588	1	1	1	1	1	1	0.359462	0.975302	0.975302	1	1	
0.309639	-nan	0.973965	1.51747	1	1	1	1	1	1	0.363633	0.973965	0.973965	1	1	
0.313253	-nan	0.972626	1.51934	1	1	1	1	1	1	0.367842	0.972626	0.972626	1	1	
0.316867	-nan	0.971285	1.52149	1	1	1	1	1	1	0.372089	0.971285	0.971285	1	1	
0.320482	-nan	0.969943	1.52389	1	1	1	1	1	1	0.376374	0.969943	0.969943	1	1	
0.324096	-nan	0.968598	1.52654	1	1	1	1	1	1	0.380697	0.968598	0.968598	1	1	
0.327711	-nan	0.96725	1.52943	1	1	1	1	1	1	0.385059	0.96725	0.96725	1	1	
0.331325	-nan	0.965899	1.53254	1	1	1	1	1	1	0.389459	0.965899	0.965899	1	1	
0.33494	-nan	0.964545	1.53585	1	1	1	1	1	1	0.393897	0.964545	0.964545	1	1	
0.338554	-nan	0.963186	1.53936	1	1	1	1	1	1	0.398374	0.963186	0.963186	1	1	
0.342169	-nan	0.961822	1.54304	1	1	1	1	1	1	0.402889	0.961822	0.961822	1	1	
0.345783	-nan	0.960452	1.5469	1	1	1	1	1	1	0.407443	0.960452	0.960452	1	1	
0.349398	-nan	0.959076	1.5509	1	1	1	1	1	1	0.412035	0.959076	0.959076	1	1	
0.353012	-nan	0.957693	1.55505	1	1	1	1	1	1	0.416666	0.957693	0.957693	1	1	
0.356627	-nan	0.956302	1.55933	1	1	1	1	1	1	0.421336	0.956302	0.956302	1	1	
0.360241	-nan	0.954903	1.56372	1	1	1	1	1	1	0.426044	0.954903	0.954903	1	1	
0.363855	-nan	0.953494	1.56822	1	1	1	1	1	1	0.43079	0.953494	0.953494	1	1	
0.36747	-nan	0.952075	1.57282	1	1	1	1	1	1	0.435574	0.952075	0.952075	1	1	
0.371084	-nan	0.950646	1.5775	1	1	1	1	1	1	0.440397	0.950646	0.950646	1	1	
0.374699	-nan	0.949206	1.58226	1	1	1	1	1	1	0.445258	0.949206	0.949206	1	1	
0.378313	-nan	0.947754	1.58709	1	1	1	1	1	1	0.450156	0.947754	0.947754	1	1	
0.381928	-nan	0.946289	1.59197	1	1	1	1	1	1	0.455093	0.946289	0.946289	1	1	
0.385542	-nan	0.944811	1.5969	1	1	1	1	1	1	0.460067	0.944811	0.944811	1	1	
0.389157	-nan	0.943321	1.60188	1	1	1	1	1	1	0.465078	0.943321	0.943321	1	1	
0.392771	-nan	0.941816	1.60689	1	1	1	1	1	1	0.470126	0.941816	0.941816	1	1	
0.396386	-nan	0.940298	1.61193	1	1	1	1	1	1	0.475211	0.940298	0.940298	1	1	
0.4	-nan	0.938765	1.61699	1	1	1	1	1	1	0.480333	0.938765	0.938765	1	1	
0.403614	-nan	0.937219	1.62207	1	1	1	1	1	1	0.485491	0.937219	0.937219	1	1	
0.407229	-nan	0.935658	1.62715	1	1	1	1	1	1	0.490685	0.935658	0.935658	1	1	
0.410843	-nan	0.934084	1.63224	1	1	1	1	1	1	0.495915	0.934084	0.934084	1	1	
0.414458	-nan	0.932497	1.63734	1	1	1	1	1	1	0.501181	0.932497	0.932497	1	1	
0.418072	-nan	0.930898	1.64242	1	1	1	1	1	1	0.506481	0.930898	0.930898	1	1	
0.421687	-nan	0.929286	1.6475	1	1	1	1	1	1	0.511816	0.929286	0.929286	1	1	
0.425301	-nan	0.927663	1.65256	1	1	1	1	1	1	0.517185	0.927663	0.927663	1	1	
0.428916	-nan	0.92603	1.65761	1	1	1	1	1	1	0.522588	0.92603	0.92603	1	1	
0.43253	-nan	0.924389	1.66264	1	1	1	1	1	1	0.528025	0.924389	0.924389	1	1	
0.436145	-nan	0.92274	1.66765	1	1	1	1	1	1	0.533495	0.92274	0.92274	1	1	
0.439759	-nan	0.921085	1.67263	1	1	1	1	1	1	0.538997	0.921085	0.921085	1	1	
0.443373	-nan	0.919426	1.67759	1	1	1	1	1	1	0.544531	0.919426	0.919426	1	1	
0.446988	-nan	0.917765	1.68251	1	1	1	1	1	1	0.550097	0.917765	0.917765	1	1	
0.450602	-nan	0.916103	1.68741	1	1	1	1	1	1	0.555695	0.916103	0.916103	1	1	
0.454217	-nan	0.914443	1.69226	1	1	1	1	1	1	0.561322	0.914443	0.914443	1	1	
0.457831	-nan	0.912786	1.69709	1	1	1	1	1	1	0.56698	0.912786	0.912786	1	1	
0.461446	-nan	0.911136	1.70188	1	1	1	1	1	1	0.572668	0.911136	0.911136	1	1	
0.46506	-nan	0.909494	1.70663	1	1	1	1	1	1	0.578384	0.909494	0.909494	1	1	
0.468675	-nan	0.907864	1.71134	1	1	1	1	1	1	0.584129	0.907864	0.907864	1	1	
0.472289	-nan	0.906246	1.71601	1	1	1	1	1	1	0.589902	0.906246	0.906246	1	1	
0.475904	-nan	0.904644	1.72064	1	1	1	1	1	1	0.595702	0.904644	0.904644	1	1	
0.479518	-nan	0.90306	1.72522	1	1	1	1	1	1	0.601529	0.90306	0.90306	1	1	
0.483133	-nan	0.901497	1.72977	1	1	1	1	1	1	0.607382	0.901497	0.901497	1	1	
0.486747	-nan	0.899957	1.73427	1	1	1	1	1	1	0.61326	0.899957	0.899957	1	1	
0.490361	-nan	0.898442	1.73873	1	1	1	1	1	1	0.619164	0.898442	0.898442	1	1	
0.493976	-nan	0.896954	1.74315	1	1	1	1	1	1	0.625091	0.896954	0.896954	1	1	
0.49759	-nan	0.895495	1.74752	1	1	1	1	1	1	0.631042	0.895495	0.895495	1	1	
0.501205	-nan	0.894067	1.75185	1	1	1	1	1	1	0.637016	0.894067	0.894067	1	1	
0.504819	-nan	0.892672	1.75613	1	1	1	1	1	1	0.643012	0.892672	0.892672	1	1	
0.508434	-nan	0.891312	1.76037	1	1	1	1	1	1	0.649029	0.891312	0.891312	1	1	
0.512048	-nan	0.889987	1.76457	1	1	1	1	1	1	0.655067	0.889987	0.889987	1	1	
0.515663	-nan	0.888699	1.76872	1	1	1	1	1	1	0.661126	0.888699	0.888699	1	1	
0.519277	-nan	0.88745	1.77283	1	1	1	1	1	1	0.667204	0.88745	0.88745	1	1	
0.522892	-nan	0.886239	1.77689	1	1	1	1	1	1	0.673301	0.886239	0.886239	1	1	
0.526506	-nan	0.885068	1.78091	1	1	1	1	1	1	0.679415	0.885068	0.885068	1	1	
0.53012	-nan	0.883936	1.78489	1	1	1	1	1	1	0.685548	0.883936	0.883936	1	1	
0.533735	-nan	0.882845	1.78883	1	1	1	1	1	1	0.691696	0.882845	0.882845	1	1	
0.537349	-nan	0.881794	1.79272	1	1	1	1	1	1	0.697861	0.881794	0.881794	1	1	
0.540964	-nan	0.880783	1.79657	1	1	1	1	1	1	0.704041	0.880783	0.880783	1	1	
0.544578	-nan	0.879812	1.80038	1	1	1	1	1	1	0.710236	0.879812	0.879812	1	1	
0.548193	-nan	0.878881	1.80415	1	1	1	1	1	1	0.716444	0.878881	0.878881	1	1	
0.551807	-nan	0.877989	1.80788	1	1	1	1	1	1	0.722666	0.877989	0.877989	1	1	
0.555422	-nan	0.877135	1.81157	1	1	1	1	1	1	0.728899	0.877135	0.877135	1	1	
0.559036	-nan	0.876319	1.81522	1	1	1	1	1	1	0.735145	0.876319	0.876319	1	1	
0.562651	-nan	0.875539	1.81882	1	1	1	1	1	1	0.741401	0.875539	0.875539	1	1	
0.566265	-nan	0.874795	1.82239	1	1	1	1	1	1	0.747668	0.874795	0.874795	1	1	
0.56988	-nan	0.874086	1.82593	1	1	1	1	1	1	0.753944	0.874086	0.874086	1	1	
0.573494	-nan	0.873411	1.82942	1	1	1	1	1	1	0.760229	0.873411	0.873411	1	1	
0.577108	-nan	0.872769	1.83288	1	1	1	1	1	1	0.766522	0.872769	0.872769	1	1	
0.580723	-nan	0.872158	1.8363	1	1	1	1	1	1	0.772822	0.872158	0.872158	1	1	
0.584337	-nan	0.871577	1.83968	1	1	1	1	1	1	0.779129	0.871577	0.871577	1	1	
0.587952	-nan	0.871025	1.84303	1	1	1	1	1	1	0.785442	0.871025	0.871025	1	1	
0.591566	-nan	0.870502	1.84635	1	1	1	1	1	1	0.79176	0.870502	0.870502	1	1	
0.595181	-nan	0.870005	1.84963	1	1	1	1	1	1	0.798083	0.870005	0.870005	1	1	
0.598795	-nan	0.869534	1.85287	1	1	1	1	1	1	0.80441	0.869534	0.869534	1	1	
0.60241	-nan	0.869088	1.85608	1	1	1	1	1	1	0.81074	0.869088	0.869088	1	1	
0.606024	-nan	0.868665	1.85926	1	1	1	1	1	1	0.817073	0.868665	0.868665	1	1	
0.609639	-nan	0.868265	1.86241	1	1	1	1	1	1	0.823407	0.868265	0.868265	1	1	
0.613253	-nan	0.867885	1.86553	1	1	1	1	1	1	0.829743	0.867885	0.867885	1	1	
0.616867	-nan	0.867527	1.86861	1	1	1	1	1	1	0.836079	0.867527	0.867527	1	1	
0.620482	-nan	0.867187	1.87167	1	1	1	1	1	1	0.842415	0.867187	0.867187	1	1	
0.624096	-nan	0.866866	1.87469	1	1	1	1	1	1	0.848751	0.866866	0.866866	1	1	
0.627711	-nan	0.866563	1.87768	1	1	1	1	1	1	0.855085	0.866563	0.866563	1	1	
0.631325	-nan	0.866276	1.88065	1	1	1	1	1	1	0.861417	0.866276	0.866276	1	1	
0.63494	-nan	0.866006	1.88359	1	1	1	1	1	1	0.867747	0.866006	0.866006	1	1	
0.638554	-nan	0.86575	1.88649	1	1	1	1	1	1	0.874073	0.86575	0.86575	1	1	
0.642169	-nan	0.865509	1.88938	1	1	1	1	1	1	0.880396	0.865509	0.865509	1	1	
0.645783	-nan	0.865282	1.89223	1	1	1	1	1	1	0.886714	0.865282	0.865282	1	1	
0.649398	-nan	0.865068	1.89506	1	1	1	1	1	1	0.893027	0.865068	0.865068	1	1	
0.653012	-nan	0.864867	1.89786	1	1	1	1	1	1	0.899335	0.864867	0.864867	1	1	
0.656627	-nan	0.864677	1.90063	1	1	1	1	1	1	0.905637	0.864677	0.864677	1	1	
0.660241	-nan	0.8645	1.90339	1	1	1	1	1	1	0.911932	0.8645	0.8645	1	1	
0.663855	-nan	0.864333	1.90611	1	1	1	1	1	1	0.91822	0.864333	0.864333	1	1	
0.66747	-nan	0.864177	1.90881	1	1	1	1	1	1	0.924501	0.864177	0.864177	1	1	
0.671084	-nan	0.864031	1.91149	1	1	1	1	1	1	0.930773	0.864031	0.864031	1	1	
0.674699	-nan	0.863895	1.91415	1	1	1	1	1	1	0.937036	0.863895	0.863895	1	1	
0.678313	-nan	0.863768	1.91678	1	1	1	1	1	1	0.94329	0.863768	0.863768	1	1	
0.681928	-nan	0.86365	1.91939	1	1	1	1	1	1	0.949534	0.86365	0.86365	1	1	
0.685542	-nan	0.863541	1.92197	1	1	1	1	1	1	0.955769	0.863541	0.863541	1	1	
0.689157	-nan	0.863441	1.92454	1	1	1	1	1	1	0.961992	0.863441	0.863441	1	1	
0.692771	-nan	0.863348	1.92708	1	1	1	1	1	1	0.968204	0.863348	0.863348	1	1	
0.696386	-nan	0.863264	1.92961	1	1	1	1	1	1	0.974405	0.863264	0.863264	1	1	
0.7	-nan	0.863187	1.93211	1	1	1	1	1	1	0.980594	0.863187	0.863187	1	1	
0.703614	-nan	0.863118	1.93459	1	1	1	1	1	1	0.98677	0.863118	0.863118	1	1	
0.707229	-nan	0.863056	1.93706	1	1	1	1	1	1	0.992934	0.863056	0.863056	1	1	
0.710843	-nan	0.863001	1.9395	1	1	1	1	1	1	0.999084	0.863001	0.863001	1	1	
0.714458	-nan	0.862952	1.94192	1	1	1	1	1	1	1.00522	0.862952	0.862952	1	1	
0.718072	-nan	0.862911	1.94433	1	1	1	1	1	1	1.01134	0.862911	0.862911	1	1	
0.721687	-nan	0.862876	1.94672	1	1	1	1	1	1	1.01745	0.862876	0.862876	1	1	
0.725301	-nan	0.862848	1.94908	1	1	1	1	1	1	1.02354	0.862848	0.862848	1	1	
0.728916	-nan	0.862825	1.95144	1	1	1	1	1	1	1.02962	0.862825	0.862825	1	1	
0.73253	-nan	0.862809	1.95377	1	1	1	1	1	1	1.03568	0.862809	0.862809	1	1	
0.736145	-nan	0.862799	1.95609	1	1	1	1	1	1	1.04173	0.862799	0.862799	1	1	
0.739759	-nan	0.862795	1.95839	1	1	1	1	1	1	1.04776	0.862795	0.862795	1	1	
0.743373	-nan	0.862796	1.96067	1	1	1	1	1	1	1.05377	0.862796	0.862796	1	1	
0.746988	-nan	0.862804	1.96294	1	1	1	1	1	1	1.05977	0.862804	0.862804	1	1	
0.750602	-nan	0.862816	1.96519	1	1	1	1	1	1	1.06575	0.862816	0.862816	1	1	
0.754217	-nan	0.862835	1.96743	1	1	1	1	1	1	1.07171	0.862835	0.862835	1	1	
0.757831	-nan	0.862858	1.96965	1	1	1	1	1	1	1.07766	0.862858	0.862858	1	1	
0.761446	-nan	0.862887	1.97185	1	1	1	1	1	1	1.08359	0.862887	0.862887	1	1	
0.76506	-nan	0.862921	1.97404	1	1	1	1	1	1	1.08949	0.862921	0.862921	1	1	
0.768675	-nan	0.862961	1.97622	1	1	1	1	1	1	1.09538	0.862961	0.862961	1	1	
0.772289	-nan	0.863005	1.97838	1	1	1	1	1	1	1.10126	0.863005	0.863005	1	1	
0.775904	-nan	0.863054	1.98053	1	1	1	1	1	1	1.10711	0.863054	0.863054	1	1	
0.779518	-nan	0.863108	1.98266	1	1	1	1	1	1	1.11294	0.863108	0.863108	1	1	
0.783133	-nan	0.863167	1.98478	1	1	1	1	1	1	1.11876	0.863167	0.863167	1	1	
0.786747	-nan	0.863231	1.98689	1	1	1	1	1	1	1.12455	0.863231	0.863231	1	1	
0.790361	-nan	0.8633	1.98898	1	1	1	1	1	1	1.13033	0.8633	0.8633	1	1	
0.793976	-nan	0.863373	1.99106	1	1	1	1	1	1	1.13608	0.863373	0.863373	1	1	
0.79759	-nan	0.86345	1.99313	1	1	1	1	1	1	1.14182	0.86345	0.86345	1	1	
0.801205	-nan	0.863532	1.99518	1	1	1	1	1	1	1.14753	0.863532	0.863532	1	1	
0.804819	-nan	0.863619	1.99722	1	1	1	1	1	1	1.15322	0.863619	0.863619	1	1	
0.808434	-nan	0.86371	1.99926	1	1	1	1	1	1	1.1589	0.86371	0.86371	1	1	
0.812048	-nan	0.863805	2.00127	1	1	1	1	1	1	1.16455	0.863805	0.863805	1	1	
0.815663	-nan	0.863905	2.00328	1	1	1	1	1	1	1.17018	0.863905	0.863905	1	1	
0.819277	-nan	0.864008	2.00528	1	1	1	1	1	1	1.17579	0.864008	0.864008	1	1	
0.822892	-nan	0.864116	2.00726	1	1	1	1	1	1	1.18138	0.864116	0.864116	1	1	
0.826506	-nan	0.864228	2.00923	1	1	1	1	1	1	1.18695	0.864228	0.864228	1	1	
0.83012	-nan	0.864344	2.01119	1	1	1	1	1	1	1.19249	0.864344	0.864344	1	1	
0.833735	-nan	0.864464	2.01314	1	1	1	1	1	1	1.19802	0.864464	0.864464	1	1	
0.837349	-nan	0.864588	2.01508	1	1	1	1	1	1	1.20352	0.864588	0.864588	1	1	
0.840964	-nan	0.864716	2.01701	1	1	1	1	1	1	1.209	0.864716	0.864716	1	1	
0.844578	-nan	0.864848	2.01893	1	1	1	1	1	1	1.21446	0.864848	0.864848	1	1	
0.848193	-nan	0.864983	2.02084	1	1	1	1	1	1	1.2199	0.864983	0.864983	1	1	
0.851807	-nan	0.865123	2.02274	1	1	1	1	1	1	1.22532	0.865123	0.865123	1	1	
0.855422	-nan	0.865265	2.02463	1	1	1	1	1	1	1.23071	0.865265	0.865265	1	1	
0.859036	-nan	0.865412	2.0265	1	1	1	1	1	1	1.23608	0.865412	0.865412	1	1	
0.862651	-nan	0.865562	2.02837	1	1	1	1	1	1	1.24143	0.865562	0.865562	1	1	
0.866265	-nan	0.865716	2.03023	1	1	1	1	1	1	1.24676	0.865716	0.865716	1	1	
0.86988	-nan	0.865873	2.03208	1	1	1	1	1	1	1.25206	0.865873	0.865873	1	1	
0.873494	-nan	0.866033	2.03392	1	1	1	1	1	1	1.25734	0.866033	0.866033	1	1	
0.877108	-nan	0.866197	2.03575	1	1	1	1	1	1	1.2626	0.866197	0.866197	1	1	
0.880723	-nan	0.866365	2.03757	1	1	1	1	1	1	1.26784	0.866365	0.866365	1	1	
0.884337	-nan	0.866535	2.03939	1	1	1	1	1	1	1.27306	0.866535	0.866535	1	1	
0.887952	-nan	0.866709	2.04119	1	1	1	1	1	1	1.27825	0.866709	0.866709	1	1	
0.891566	-nan	0.866886	2.04299	1	1	1	1	1	1	1.28342	0.866886	0.866886	1	1	
0.895181	-nan	0.867066	2.04477	1	1	1	1	1	1	1.28857	0.867066	0.867066	1	1	
0.898795	-nan	0.86725	2.04655	1	1	1	1	1	1	1.29369	0.86725	0.86725	1	1	
0.90241	-nan	0.867436	2.04832	1	1	1	1	1	1	1.2988	0.867436	0.867436	1	1	
0.906024	-nan	0.867626	2.05008	1	1	1	1	1	1	1.30388	0.867626	0.867626	1	1	
0.909639	-nan	0.867818	2.05183	1	1	1	1	1	1	1.30894	0.867818	0.867818	1	1	
0.913253	-nan	0.868014	2.05358	1	1	1	1	1	1	1.31397	0.868014	0.868014	1	1	
0.916867	-nan	0.868212	2.05532	1	1	1	1	1	1	1.31898	0.868212	0.868212	1	1	
0.920482	-nan	0.868414	2.05704	1	1	1	1	1	1	1.32398	0.868414	0.868414	1	1	
0.924096	-nan	0.868618	2.05877	1	1	1	1	1	1	1.32894	0.868618	0.868618	1	1	
0.927711	-nan	0.868825	2.06048	1	1	1	1	1	1	1.33389	0.868825	0.868825	1	1	
0.931325	-nan	0.869034	2.06218	1	1	1	1	1	1	1.33881	0.869034	0.869034	1	1	
0.93494	-nan	0.869247	2.06388	1	1	1	1	1	1	1.34371	0.869247	0.869247	1	1	
0.938554	-nan	0.869462	2.06557	1	1	1	1	1	1	1.34859	0.869462	0.869462	1	1	
0.942169	-nan	0.86968	2.06726	1	1	1	1	1	1	1.35345	0.86968	0.86968	1	1	
0.945783	-nan	0.8699	2.06893	1	1	1	1	1	1	1.35828	0.8699	0.8699	1	1	
0.949398	-nan	0.870123	2.0706	1	1	1	1	1	1	1.36309	0.870123	0.870123	1	1	
0.953012	-nan	0.870348	2.07226	1	1	1	1	1	1	1.36788	0.870348	0.870348	1	1	
0.956627	-nan	0.870576	2.07392	1	1	1	1	1	1	1.37265	0.870576	0.870576	1	1	
0.960241	-nan	0.870807	2.07556	1	1	1	1	1	1	1.3774	0.870807	0.870807	1	1	
0.963855	-nan	0.87104	2.0772	1	1	1	1	1	1	1.38212	0.87104	0.87104	1	1	
0.96747	-nan	0.871275	2.07884	1	1	1	1	1	1	1.38682	0.871275	0.871275	1	1	
0.971084	-nan	0.871513	2.08046	1	1	1	1	1	1	1.3915	0.871513	0.871513	1	1	
0.974699	-nan	0.871753	2.08208	1	1	1	1	1	1	1.39616	0.871753	0.871753	1	1	
0.978313	-nan	0.871995	2.08369	1	1	1	1	1	1	1.40079	0.871995	0.871995	1	1	
0.981928	-nan	0.87224	2.0853	1	1	1	1	1	1	1.40541	0.87224	0.87224	1	1	
0.985542	-nan	0.872487	2.0869	1	1	1	1	1	1	1.41	0.872487	0.872487	1	1	
0.989157	-nan	0.872736	2.08849	1	1	1	1	1	1	1.41457	0.872736	0.872736	1	1	
0.992771	-nan	0.872987	2.09008	1	1	1	1	1	1	1.41912	0.872987	0.872987	1	1	
0.996386	-nan	0.87324	2.09166	1	1	1	1	1	1	1.42365	0.87324	0.87324	1	1	
1	-nan	-nan	-nan	-nan	-nan	-nan	-nan	-nan	-nan	-nan	-nan	-nan	-nan	-nan	
