1e-05	-nan	0.628643	0.578193	1	1	1	1	1	1	5.94519	0.628643	0.628643	1	1	
1.03753e-05	-nan	0.628719	0.578265	1	1	1	1	1	1	5.9451	0.628719	0.628719	1	1	
1.07647e-05	-nan	0.628795	0.578337	1	1	1	1	1	1	5.945	0.628795	0.628795	1	1	
1.11686e-05	-nan	0.628873	0.578409	1	1	1	1	1	1	5.9449	0.628873	0.628873	1	1	
1.15878e-05	-nan	0.628953	0.578481	1	1	1	1	1	1	5.94478	0.628953	0.628953	1	1	
1.20226e-05	-nan	0.629033	0.578553	1	1	1	1	1	1	5.94466	0.629033	0.629033	1	1	
1.24738e-05	-nan	0.629114	0.578625	1	1	1	1	1	1	5.94453	0.629114	0.629114	1	1	
1.2942e-05	-nan	0.629197	0.578698	1	1	1	1	1	1	5.94439	0.629197	0.629197	1	1	
1.34276e-05	-nan	0.629281	0.57877	1	1	1	1	1	1	5.94424	0.629281	0.629281	1	1	
1.39316e-05	-nan	0.629366	0.578842	1	1	1	1	1	1	5.94408	0.629366	0.629366	1	1	
1.44544e-05	-nan	0.629452	0.578915	1	1	1	1	1	1	5.94392	0.629452	0.629452	1	1	
1.49968e-05	-nan	0.62954	0.578987	1	1	1	1	1	1	5.94374	0.62954	0.62954	1	1	
1.55597e-05	-nan	0.629628	0.579059	1	1	1	1	1	1	5.94355	0.629628	0.629628	1	1	
1.61436e-05	-nan	0.629719	0.579132	1	1	1	1	1	1	5.94335	0.629719	0.629719	1	1	
1.67494e-05	-nan	0.62981	0.579204	1	1	1	1	1	1	5.94314	0.62981	0.62981	1	1	
1.7378e-05	-nan	0.629903	0.579277	1	1	1	1	1	1	5.94293	0.629903	0.629903	1	1	
1.80302e-05	-nan	0.629997	0.579349	1	1	1	1	1	1	5.94269	0.629997	0.629997	1	1	
1.87068e-05	-nan	0.630093	0.579422	1	1	1	1	1	1	5.94245	0.630093	0.630093	1	1	
1.94089e-05	-nan	0.63019	0.579495	1	1	1	1	1	1	5.9422	0.63019	0.63019	1	1	
2.01372e-05	-nan	0.630288	0.579567	1	1	1	1	1	1	5.94193	0.630288	0.630288	1	1	
2.0893e-05	-nan	0.630388	0.57964	1	1	1	1	1	1	5.94166	0.630388	0.630388	1	1	
2.1677e-05	-nan	0.630489	0.579713	1	1	1	1	1	1	5.94136	0.630489	0.630489	1	1	
2.24905e-05	-nan	0.630592	0.579785	1	1	1	1	1	1	5.94106	0.630592	0.630592	1	1	
2.33346e-05	-nan	0.630697	0.579858	1	1	1	1	1	1	5.94074	0.630697	0.630697	1	1	
2.42103e-05	-nan	0.630803	0.579931	1	1	1	1	1	1	5.94041	0.630803	0.630803	1	1	
2.51189e-05	-nan	0.630911	0.580004	1	1	1	1	1	1	5.94007	0.630911	0.630911	1	1	
2.60615e-05	-nan	0.63102	0.580077	1	1	1	1	1	1	5.93971	0.63102	0.63102	1	1	
2.70396e-05	-nan	0.631131	0.58015	1	1	1	1	1	1	5.93933	0.631131	0.631131	1	1	
2.80543e-05	-nan	0.631244	0.580223	1	1	1	1	1	1	5.93894	0.631244	0.631244	1	1	
2.91072e-05	-nan	0.631358	0.580296	1	1	1	1	1	1	5.93853	0.631358	0.631358	1	1	
3.01995e-05	-nan	0.631474	0.580369	1	1	1	1	1	1	5.93811	0.631474	0.631474	1	1	
3.13329e-05	-nan	0.631592	0.580442	1	1	1	1	1	1	5.93767	0.631592	0.631592	1	1	
3.25087e-05	-nan	0.631712	0.580515	1	1	1	1	1	1	5.93722	0.631712	0.631712	1	1	
3.37287e-05	-nan	0.631834	0.580588	1	1	1	1	1	1	5.93675	0.631834	0.631834	1	1	
3.49945e-05	-nan	0.631957	0.580661	1	1	1	1	1	1	5.93626	0.631957	0.631957	1	1	
3.63078e-05	-nan	0.632083	0.580734	1	1	1	1	1	1	5.93575	0.632083	0.632083	1	1	
3.76704e-05	-nan	0.63221	0.580807	1	1	1	1	1	1	5.93522	0.63221	0.63221	1	1	
3.90841e-05	-nan	0.63234	0.580881	1	1	1	1	1	1	5.93467	0.63234	0.63234	1	1	
4.05509e-05	-nan	0.632471	0.580954	1	1	1	1	1	1	5.9341	0.632471	0.632471	1	1	
4.20727e-05	-nan	0.632605	0.581027	1	1	1	1	1	1	5.93352	0.632605	0.632605	1	1	
4.36516e-05	-nan	0.63274	0.581101	1	1	1	1	1	1	5.93291	0.63274	0.63274	1	1	
4.52898e-05	-nan	0.632878	0.581174	1	1	1	1	1	1	5.93228	0.632878	0.632878	1	1	
4.69894e-05	-nan	0.633018	0.581247	1	1	1	1	1	1	5.93163	0.633018	0.633018	1	1	
4.87528e-05	-nan	0.63316	0.58132	1	1	1	1	1	1	5.93096	0.63316	0.63316	1	1	
5.05825e-05	-nan	0.633305	0.581394	1	1	1	1	1	1	5.93026	0.633305	0.633305	1	1	
5.24807e-05	-nan	0.633452	0.581467	1	1	1	1	1	1	5.92954	0.633452	0.633452	1	1	
5.44503e-05	-nan	0.633601	0.581541	1	1	1	1	1	1	5.92879	0.633601	0.633601	1	1	
5.64937e-05	-nan	0.633753	0.581614	1	1	1	1	1	1	5.92803	0.633753	0.633753	1	1	
5.86138e-05	-nan	0.633907	0.581687	1	1	1	1	1	1	5.92723	0.633907	0.633907	1	1	
6.08135e-05	-nan	0.634063	0.581761	1	1	1	1	1	1	5.92641	0.634063	0.634063	1	1	
6.30957e-05	-nan	0.634223	0.581834	1	1	1	1	1	1	5.92556	0.634223	0.634223	1	1	
6.54636e-05	-nan	0.634385	0.581908	1	1	1	1	1	1	5.92469	0.634385	0.634385	1	1	
6.79204e-05	-nan	0.634549	0.581981	1	1	1	1	1	1	5.92378	0.634549	0.634549	1	1	
7.04693e-05	-nan	0.634716	0.582054	1	1	1	1	1	1	5.92285	0.634716	0.634716	1	1	
7.31139e-05	-nan	0.634886	0.582128	1	1	1	1	1	1	5.92189	0.634886	0.634886	1	1	
7.58578e-05	-nan	0.635059	0.582201	1	1	1	1	1	1	5.9209	0.635059	0.635059	1	1	
7.87046e-05	-nan	0.635235	0.582275	1	1	1	1	1	1	5.91988	0.635235	0.635235	1	1	
8.16582e-05	-nan	0.635414	0.582348	1	1	1	1	1	1	5.91882	0.635414	0.635414	1	1	
8.47227e-05	-nan	0.635595	0.582421	1	1	1	1	1	1	5.91774	0.635595	0.635595	1	1	
8.79023e-05	-nan	0.63578	0.582495	1	1	1	1	1	1	5.91662	0.63578	0.63578	1	1	
9.12011e-05	-nan	0.635968	0.582568	1	1	1	1	1	1	5.91546	0.635968	0.635968	1	1	
9.46237e-05	-nan	0.636159	0.582641	1	1	1	1	1	1	5.91427	0.636159	0.636159	1	1	
9.81748e-05	-nan	0.636354	0.582715	1	1	1	1	1	1	5.91305	0.636354	0.636354	1	1	
0.000101859	-nan	0.636551	0.582788	1	1	1	1	1	1	5.91178	0.636551	0.636551	1	1	
0.000105682	-nan	0.636752	0.582861	1	1	1	1	1	1	5.91048	0.636752	0.636752	1	1	
0.000109648	-nan	0.636957	0.582934	1	1	1	1	1	1	5.90914	0.636957	0.636957	1	1	
0.000113763	-nan	0.637165	0.583007	1	1	1	1	1	1	5.90777	0.637165	0.637165	1	1	
0.000118032	-nan	0.637377	0.583081	1	1	1	1	1	1	5.90635	0.637377	0.637377	1	1	
0.000122462	-nan	0.637593	0.583154	1	1	1	1	1	1	5.90489	0.637593	0.637593	1	1	
0.000127057	-nan	0.637812	0.583227	1	1	1	1	1	1	5.90338	0.637812	0.637812	1	1	
0.000131826	-nan	0.638036	0.583299	1	1	1	1	1	1	5.90184	0.638036	0.638036	1	1	
0.000136773	-nan	0.638263	0.583372	1	1	1	1	1	1	5.90024	0.638263	0.638263	1	1	
0.000141906	-nan	0.638494	0.583445	1	1	1	1	1	1	5.89861	0.638494	0.638494	1	1	
0.000147231	-nan	0.63873	0.583518	1	1	1	1	1	1	5.89692	0.63873	0.63873	1	1	
0.000152757	-nan	0.638969	0.583591	1	1	1	1	1	1	5.89519	0.638969	0.638969	1	1	
0.000158489	-nan	0.639214	0.583663	1	1	1	1	1	1	5.89341	0.639214	0.639214	1	1	
0.000164437	-nan	0.639462	0.583736	1	1	1	1	1	1	5.89158	0.639462	0.639462	1	1	
0.000170608	-nan	0.639715	0.583808	1	1	1	1	1	1	5.88969	0.639715	0.639715	1	1	
0.000177011	-nan	0.639973	0.58388	1	1	1	1	1	1	5.88776	0.639973	0.639973	1	1	
0.000183654	-nan	0.640235	0.583953	1	1	1	1	1	1	5.88577	0.640235	0.640235	1	1	
0.000190546	-nan	0.640503	0.584025	1	1	1	1	1	1	5.88372	0.640503	0.640503	1	1	
0.000197697	-nan	0.640775	0.584097	1	1	1	1	1	1	5.88162	0.640775	0.640775	1	1	
0.000205116	-nan	0.641052	0.584169	1	1	1	1	1	1	5.87946	0.641052	0.641052	1	1	
0.000212814	-nan	0.641335	0.584241	1	1	1	1	1	1	5.87725	0.641335	0.641335	1	1	
0.0002208	-nan	0.641623	0.584312	1	1	1	1	1	1	5.87497	0.641623	0.641623	1	1	
0.000229087	-nan	0.641916	0.584384	1	1	1	1	1	1	5.87263	0.641916	0.641916	1	1	
0.000237684	-nan	0.642215	0.584456	1	1	1	1	1	1	5.87022	0.642215	0.642215	1	1	
0.000246604	-nan	0.64252	0.584527	1	1	1	1	1	1	5.86775	0.64252	0.64252	1	1	
0.000255859	-nan	0.64283	0.584598	1	1	1	1	1	1	5.86522	0.64283	0.64283	1	1	
0.000265461	-nan	0.643147	0.584669	1	1	1	1	1	1	5.86261	0.643147	0.643147	1	1	
0.000275423	-nan	0.643469	0.58474	1	1	1	1	1	1	5.85994	0.643469	0.643469	1	1	
0.000285759	-nan	0.643798	0.584811	1	1	1	1	1	1	5.8572	0.643798	0.643798	1	1	
0.000296483	-nan	0.644133	0.584882	1	1	1	1	1	1	5.85438	0.644133	0.644133	1	1	
0.00030761	-nan	0.644475	0.584952	1	1	1	1	1	1	5.85149	0.644475	0.644475	1	1	
0.000319154	-nan	0.644824	0.585022	1	1	1	1	1	1	5.84852	0.644824	0.644824	1	1	
0.000331131	-nan	0.64518	0.585093	1	1	1	1	1	1	5.84548	0.64518	0.64518	1	1	
0.000343558	-nan	0.645542	0.585163	1	1	1	1	1	1	5.84236	0.645542	0.645542	1	1	
0.000356451	-nan	0.645912	0.585232	1	1	1	1	1	1	5.83915	0.645912	0.645912	1	1	
0.000369828	-nan	0.64629	0.585302	1	1	1	1	1	1	5.83587	0.64629	0.64629	1	1	
0.000383707	-nan	0.646675	0.585372	1	1	1	1	1	1	5.83249	0.646675	0.646675	1	1	
0.000398107	-nan	0.647068	0.585441	1	1	1	1	1	1	5.82904	0.647068	0.647068	1	1	
0.000413048	-nan	0.647468	0.58551	1	1	1	1	1	1	5.82549	0.647468	0.647468	1	1	
0.000428549	-nan	0.647877	0.585579	1	1	1	1	1	1	5.82185	0.647877	0.647877	1	1	
0.000444631	-nan	0.648295	0.585648	1	1	1	1	1	1	5.81812	0.648295	0.648295	1	1	
0.000461318	-nan	0.648721	0.585717	1	1	1	1	1	1	5.8143	0.648721	0.648721	1	1	
0.00047863	-nan	0.649156	0.585785	1	1	1	1	1	1	5.81038	0.649156	0.649156	1	1	
0.000496592	-nan	0.6496	0.585854	1	1	1	1	1	1	5.80636	0.6496	0.6496	1	1	
0.000515229	-nan	0.650054	0.585922	1	1	1	1	1	1	5.80225	0.650054	0.650054	1	1	
0.000534564	-nan	0.650517	0.58599	1	1	1	1	1	1	5.79803	0.650517	0.650517	1	1	
0.000554626	-nan	0.650989	0.586058	1	1	1	1	1	1	5.7937	0.650989	0.650989	1	1	
0.00057544	-nan	0.651472	0.586126	1	1	1	1	1	1	5.78927	0.651472	0.651472	1	1	
0.000597035	-nan	0.651966	0.586193	1	1	1	1	1	1	5.78474	0.651966	0.651966	1	1	
0.000619441	-nan	0.652469	0.586261	1	1	1	1	1	1	5.78009	0.652469	0.652469	1	1	
0.000642688	-nan	0.652984	0.586328	1	1	1	1	1	1	5.77532	0.652984	0.652984	1	1	
0.000666807	-nan	0.65351	0.586396	1	1	1	1	1	1	5.77045	0.65351	0.65351	1	1	
0.000691831	-nan	0.654047	0.586463	1	1	1	1	1	1	5.76545	0.654047	0.654047	1	1	
0.000717794	-nan	0.654596	0.58653	1	1	1	1	1	1	5.76034	0.654596	0.654596	1	1	
0.000744732	-nan	0.655157	0.586598	1	1	1	1	1	1	5.7551	0.655157	0.655157	1	1	
0.000772681	-nan	0.655731	0.586665	1	1	1	1	1	1	5.74974	0.655731	0.655731	1	1	
0.000801678	-nan	0.656317	0.586732	1	1	1	1	1	1	5.74425	0.656317	0.656317	1	1	
0.000831764	-nan	0.656917	0.586799	1	1	1	1	1	1	5.73864	0.656917	0.656917	1	1	
0.000862979	-nan	0.65753	0.586867	1	1	1	1	1	1	5.73289	0.65753	0.65753	1	1	
0.000895365	-nan	0.658156	0.586934	1	1	1	1	1	1	5.72701	0.658156	0.658156	1	1	
0.000928966	-nan	0.658797	0.587002	1	1	1	1	1	1	5.72099	0.658797	0.658797	1	1	
0.000963829	-nan	0.659452	0.58707	1	1	1	1	1	1	5.71484	0.659452	0.659452	1	1	
0.001	-nan	0.660123	0.587138	1	1	1	1	1	1	5.70854	0.660123	0.660123	1	1	
0.00103753	-nan	0.660808	0.587207	1	1	1	1	1	1	5.7021	0.660808	0.660808	1	1	
0.00107647	-nan	0.66151	0.587275	1	1	1	1	1	1	5.69552	0.66151	0.66151	1	1	
0.00111686	-nan	0.662227	0.587345	1	1	1	1	1	1	5.68878	0.662227	0.662227	1	1	
0.00115878	-nan	0.662961	0.587414	1	1	1	1	1	1	5.6819	0.662961	0.662961	1	1	
0.00120226	-nan	0.663713	0.587485	1	1	1	1	1	1	5.67486	0.663713	0.663713	1	1	
0.00124738	-nan	0.664482	0.587556	1	1	1	1	1	1	5.66767	0.664482	0.664482	1	1	
0.0012942	-nan	0.665269	0.587628	1	1	1	1	1	1	5.66032	0.665269	0.665269	1	1	
0.00134276	-nan	0.666074	0.5877	1	1	1	1	1	1	5.65281	0.666074	0.666074	1	1	
0.00139316	-nan	0.666899	0.587774	1	1	1	1	1	1	5.64514	0.666899	0.666899	1	1	
0.00144544	-nan	0.667743	0.587848	1	1	1	1	1	1	5.6373	0.667743	0.667743	1	1	
0.00149968	-nan	0.668608	0.587924	1	1	1	1	1	1	5.6293	0.668608	0.668608	1	1	
0.00155597	-nan	0.669493	0.588001	1	1	1	1	1	1	5.62112	0.669493	0.669493	1	1	
0.00161436	-nan	0.670399	0.58808	1	1	1	1	1	1	5.61278	0.670399	0.670399	1	1	
0.00167494	-nan	0.671327	0.58816	1	1	1	1	1	1	5.60426	0.671327	0.671327	1	1	
0.0017378	-nan	0.672278	0.588242	1	1	1	1	1	1	5.59556	0.672278	0.672278	1	1	
0.00180302	-nan	0.673252	0.588326	1	1	1	1	1	1	5.58668	0.673252	0.673252	1	1	
0.00187068	-nan	0.67425	0.588412	1	1	1	1	1	1	5.57763	0.67425	0.67425	1	1	
0.00194089	-nan	0.675272	0.5885	1	1	1	1	1	1	5.56839	0.675272	0.675272	1	1	
0.00201372	-nan	0.676319	0.588591	1	1	1	1	1	1	5.55897	0.676319	0.676319	1	1	
0.0020893	-nan	0.677392	0.588685	1	1	1	1	1	1	5.54936	0.677392	0.677392	1	1	
0.0021677	-nan	0.678491	0.588782	1	1	1	1	1	1	5.53956	0.678491	0.678491	1	1	
0.00224905	-nan	0.679618	0.588882	1	1	1	1	1	1	5.52957	0.679618	0.679618	1	1	
0.00233346	-nan	0.680773	0.588986	1	1	1	1	1	1	5.51939	0.680773	0.680773	1	1	
0.00242103	-nan	0.681957	0.589094	1	1	1	1	1	1	5.50901	0.681957	0.681957	1	1	
0.00251189	-nan	0.68317	0.589206	1	1	1	1	1	1	5.49844	0.68317	0.68317	1	1	
0.00260615	-nan	0.684413	0.589323	1	1	1	1	1	1	5.48767	0.684413	0.684413	1	1	
0.00270396	-nan	0.685688	0.589445	1	1	1	1	1	1	5.47671	0.685688	0.685688	1	1	
0.00280543	-nan	0.686995	0.589573	1	1	1	1	1	1	5.46554	0.686995	0.686995	1	1	
0.00291072	-nan	0.688335	0.589706	1	1	1	1	1	1	5.45418	0.688335	0.688335	1	1	
0.00301995	-nan	0.689709	0.589846	1	1	1	1	1	1	5.44261	0.689709	0.689709	1	1	
0.00313329	-nan	0.691118	0.589993	1	1	1	1	1	1	5.43084	0.691118	0.691118	1	1	
0.00325087	-nan	0.692562	0.590148	1	1	1	1	1	1	5.41886	0.692562	0.692562	1	1	
0.00337287	-nan	0.694044	0.59031	1	1	1	1	1	1	5.40668	0.694044	0.694044	1	1	
0.00349945	-nan	0.695563	0.590482	1	1	1	1	1	1	5.3943	0.695563	0.695563	1	1	
0.00363078	-nan	0.69712	0.590663	1	1	1	1	1	1	5.38171	0.69712	0.69712	1	1	
0.00376704	-nan	0.698718	0.590854	1	1	1	1	1	1	5.36892	0.698718	0.698718	1	1	
0.00390841	-nan	0.700356	0.591055	1	1	1	1	1	1	5.35592	0.700356	0.700356	1	1	
0.00405509	-nan	0.702037	0.591269	1	1	1	1	1	1	5.34272	0.702037	0.702037	1	1	
0.00420727	-nan	0.70376	0.591496	1	1	1	1	1	1	5.32931	0.70376	0.70376	1	1	
0.00436516	-nan	0.705527	0.591735	1	1	1	1	1	1	5.3157	0.705527	0.705527	1	1	
0.00452898	-nan	0.70734	0.59199	1	1	1	1	1	1	5.30188	0.70734	0.70734	1	1	
0.00469894	-nan	0.709199	0.59226	1	1	1	1	1	1	5.28786	0.709199	0.709199	1	1	
0.00487528	-nan	0.711106	0.592547	1	1	1	1	1	1	5.27365	0.711106	0.711106	1	1	
0.00505825	-nan	0.713061	0.592852	1	1	1	1	1	1	5.25923	0.713061	0.713061	1	1	
0.00524807	-nan	0.715066	0.593176	1	1	1	1	1	1	5.24462	0.715066	0.715066	1	1	
0.00544503	-nan	0.717123	0.593521	1	1	1	1	1	1	5.22981	0.717123	0.717123	1	1	
0.00564937	-nan	0.719232	0.593887	1	1	1	1	1	1	5.2148	0.719232	0.719232	1	1	
0.00586138	-nan	0.721394	0.594278	1	1	1	1	1	1	5.19961	0.721394	0.721394	1	1	
0.00608135	-nan	0.723612	0.594693	1	1	1	1	1	1	5.18423	0.723612	0.723612	1	1	
0.00630957	-nan	0.725885	0.595136	1	1	1	1	1	1	5.16866	0.725885	0.725885	1	1	
0.00654636	-nan	0.728216	0.595607	1	1	1	1	1	1	5.15291	0.728216	0.728216	1	1	
0.00679204	-nan	0.730605	0.59611	1	1	1	1	1	1	5.13699	0.730605	0.730605	1	1	
0.00704693	-nan	0.733055	0.596645	1	1	1	1	1	1	5.12089	0.733055	0.733055	1	1	
0.00731139	-nan	0.735565	0.597215	1	1	1	1	1	1	5.10461	0.735565	0.735565	1	1	
0.00758578	-nan	0.738138	0.597823	1	1	1	1	1	1	5.08818	0.738138	0.738138	1	1	
0.00787046	-nan	0.740774	0.59847	1	1	1	1	1	1	5.07158	0.740774	0.740774	1	1	
0.00816582	-nan	0.743475	0.59916	1	1	1	1	1	1	5.05483	0.743475	0.743475	1	1	
0.00847227	-nan	0.746242	0.599896	1	1	1	1	1	1	5.03792	0.746242	0.746242	1	1	
0.00879023	-nan	0.749076	0.60068	1	1	1	1	1	1	5.02088	0.749076	0.749076	1	1	
0.00912011	-nan	0.751978	0.601515	1	1	1	1	1	1	5.00369	0.751978	0.751978	1	1	
0.00946237	-nan	0.75495	0.602405	1	1	1	1	1	1	4.98637	0.75495	0.75495	1	1	
0.00981748	-nan	0.757992	0.603353	1	1	1	1	1	1	4.96893	0.757992	0.757992	1	1	
0.0101859	-nan	0.761105	0.604363	1	1	1	1	1	1	4.95137	0.761105	0.761105	1	1	
0.0105682	-nan	0.764291	0.605439	1	1	1	1	1	1	4.93369	0.764291	0.764291	1	1	
0.0109648	-nan	0.76755	0.606584	1	1	1	1	1	1	4.91592	0.76755	0.76755	1	1	
0.0113763	-nan	0.770883	0.607804	1	1	1	1	1	1	4.89805	0.770883	0.770883	1	1	
0.0118032	-nan	0.77429	0.609103	1	1	1	1	1	1	4.88009	0.77429	0.77429	1	1	
0.0122462	-nan	0.777774	0.610486	1	1	1	1	1	1	4.86206	0.777774	0.777774	1	1	
0.0127057	-nan	0.781333	0.611957	1	1	1	1	1	1	4.84395	0.781333	0.781333	1	1	
0.0131826	-nan	0.784969	0.613522	1	1	1	1	1	1	4.82579	0.784969	0.784969	1	1	
0.0136773	-nan	0.788682	0.615187	1	1	1	1	1	1	4.80758	0.788682	0.788682	1	1	
0.0141906	-nan	0.792473	0.616958	1	1	1	1	1	1	4.78932	0.792473	0.792473	1	1	
0.0147231	-nan	0.796341	0.618841	1	1	1	1	1	1	4.77104	0.796341	0.796341	1	1	
0.0152757	-nan	0.800286	0.620842	1	1	1	1	1	1	4.75274	0.800286	0.800286	1	1	
0.0158489	-nan	0.804309	0.622969	1	1	1	1	1	1	4.73443	0.804309	0.804309	1	1	
0.0164437	-nan	0.808409	0.625228	1	1	1	1	1	1	4.71612	0.808409	0.808409	1	1	
0.0170608	-nan	0.812587	0.627628	1	1	1	1	1	1	4.69783	0.812587	0.812587	1	1	
0.0177011	-nan	0.81684	0.630176	1	1	1	1	1	1	4.67956	0.81684	0.81684	1	1	
0.0183654	-nan	0.821169	0.63288	1	1	1	1	1	1	4.66133	0.821169	0.821169	1	1	
0.0190546	-nan	0.825573	0.635749	1	1	1	1	1	1	4.64315	0.825573	0.825573	1	1	
0.0197697	-nan	0.830051	0.638793	1	1	1	1	1	1	4.62504	0.830051	0.830051	1	1	
0.0205116	-nan	0.834602	0.64202	1	1	1	1	1	1	4.607	0.834602	0.834602	1	1	
0.0212814	-nan	0.839224	0.64544	1	1	1	1	1	1	4.58904	0.839224	0.839224	1	1	
0.02208	-nan	0.843916	0.649065	1	1	1	1	1	1	4.57119	0.843916	0.843916	1	1	
0.0229087	-nan	0.848676	0.652904	1	1	1	1	1	1	4.55346	0.848676	0.848676	1	1	
0.0237684	-nan	0.853501	0.656968	1	1	1	1	1	1	4.53585	0.853501	0.853501	1	1	
0.0246604	-nan	0.858391	0.661269	1	1	1	1	1	1	4.51838	0.858391	0.858391	1	1	
0.0255859	-nan	0.863342	0.66582	1	1	1	1	1	1	4.50107	0.863342	0.863342	1	1	
0.0265461	-nan	0.868352	0.670631	1	1	1	1	1	1	4.48393	0.868352	0.868352	1	1	
0.0275423	-nan	0.873419	0.675717	1	1	1	1	1	1	4.46698	0.873419	0.873419	1	1	
0.0285759	-nan	0.878539	0.681089	1	1	1	1	1	1	4.45022	0.878539	0.878539	1	1	
0.0296483	-nan	0.883709	0.686762	1	1	1	1	1	1	4.43368	0.883709	0.883709	1	1	
0.030761	-nan	0.888926	0.692749	1	1	1	1	1	1	4.41736	0.888926	0.888926	1	1	
0.0319154	-nan	0.894187	0.699064	1	1	1	1	1	1	4.40129	0.894187	0.894187	1	1	
0.0331131	-nan	0.899488	0.705722	1	1	1	1	1	1	4.38548	0.899488	0.899488	1	1	
0.0343558	-nan	0.904826	0.712736	1	1	1	1	1	1	4.36993	0.904826	0.904826	1	1	
0.0356451	-nan	0.910196	0.720123	1	1	1	1	1	1	4.35468	0.910196	0.910196	1	1	
0.0369828	-nan	0.915594	0.727896	1	1	1	1	1	1	4.33973	0.915594	0.915594	1	1	
0.0383707	-nan	0.921016	0.73607	1	1	1	1	1	1	4.32511	0.921016	0.921016	1	1	
0.0398107	-nan	0.926459	0.74466	1	1	1	1	1	1	4.31081	0.926459	0.926459	1	1	
0.0413048	-nan	0.931917	0.753682	1	1	1	1	1	1	4.29687	0.931917	0.931917	1	1	
0.0428549	-nan	0.937387	0.763149	1	1	1	1	1	1	4.2833	0.937387	0.937387	1	1	
0.0444631	-nan	0.942864	0.773076	1	1	1	1	1	1	4.27011	0.942864	0.942864	1	1	
0.0461318	-nan	0.948344	0.783476	1	1	1	1	1	1	4.25732	0.948344	0.948344	1	1	
0.047863	-nan	0.953822	0.794363	1	1	1	1	1	1	4.24495	0.953822	0.953822	1	1	
0.0496592	-nan	0.959294	0.805749	1	1	1	1	1	1	4.23301	0.959294	0.959294	1	1	
0.0515229	-nan	0.964756	0.817646	1	1	1	1	1	1	4.22153	0.964756	0.964756	1	1	
0.0534564	-nan	0.970204	0.830064	1	1	1	1	1	1	4.21051	0.970204	0.970204	1	1	
0.0554626	-nan	0.975632	0.843014	1	1	1	1	1	1	4.19998	0.975632	0.975632	1	1	
0.057544	-nan	0.981038	0.856502	1	1	1	1	1	1	4.18995	0.981038	0.981038	1	1	
0.0597035	-nan	0.986417	0.870536	1	1	1	1	1	1	4.18045	0.986417	0.986417	1	1	
0.0619441	-nan	0.991766	0.885119	1	1	1	1	1	1	4.17149	0.991766	0.991766	1	1	
0.0642688	-nan	0.997081	0.900255	1	1	1	1	1	1	4.16309	0.997081	0.997081	1	1	
0.0666807	-nan	1.00236	0.915944	1	1	1	1	1	1	4.15527	1.00236	1.00236	1	1	
0.0691831	-nan	1.0076	0.932185	1	1	1	1	1	1	4.14805	1.0076	1.0076	1	1	
0.0717794	-nan	1.01279	0.948972	1	1	1	1	1	1	4.14145	1.01279	1.01279	1	1	
0.0744732	-nan	1.01794	0.966298	1	1	1	1	1	1	4.13549	1.01794	1.01794	1	1	
0.0772681	-nan	1.02304	0.984153	1	1	1	1	1	1	4.1302	1.02304	1.02304	1	1	
0.0801678	-nan	1.02809	1.00252	1	1	1	1	1	1	4.1256	1.02809	1.02809	1	1	
0.0831764	-nan	1.03309	1.02139	1	1	1	1	1	1	4.1217	1.03309	1.03309	1	1	
0.0862979	-nan	1.03803	1.04074	1	1	1	1	1	1	4.11854	1.03803	1.03803	1	1	
0.0895365	-nan	1.04293	1.06055	1	1	1	1	1	1	4.11614	1.04293	1.04293	1	1	
0.0928966	-nan	1.04776	1.08078	1	1	1	1	1	1	4.11453	1.04776	1.04776	1	1	
0.0963829	-nan	1.05255	1.10141	1	1	1	1	1	1	4.11373	1.05255	1.05255	1	1	
0.1	-nan	1.05727	1.1224	1	1	1	1	1	1	4.11377	1.05727	1.05727	1	1	
0.103614	-nan	1.06178	1.14295	1	1	1	1	1	1	4.11463	1.06178	1.06178	1	1	
0.107229	-nan	1.06608	1.16304	1	1	1	1	1	1	4.11626	1.06608	1.06608	1	1	
0.110843	-nan	1.0702	1.18268	1	1	1	1	1	1	4.11859	1.0702	1.0702	1	1	
0.114458	-nan	1.07415	1.20184	1	1	1	1	1	1	4.12159	1.07415	1.07415	1	1	
0.118072	-nan	1.07794	1.22053	1	1	1	1	1	1	4.12522	1.07794	1.07794	1	1	
0.121687	-nan	1.08159	1.23874	1	1	1	1	1	1	4.12942	1.08159	1.08159	1	1	
0.125301	-nan	1.0851	1.25647	1	1	1	1	1	1	4.13418	1.0851	1.0851	1	1	
0.128916	-nan	1.08848	1.27372	1	1	1	1	1	1	4.13945	1.08848	1.08848	1	1	
0.13253	-nan	1.09175	1.29049	1	1	1	1	1	1	4.14521	1.09175	1.09175	1	1	
0.136145	-nan	1.09491	1.30679	1	1	1	1	1	1	4.15143	1.09491	1.09491	1	1	
0.139759	-nan	1.09798	1.32262	1	1	1	1	1	1	4.1581	1.09798	1.09798	1	1	
0.143373	-nan	1.10095	1.338	1	1	1	1	1	1	4.16517	1.10095	1.10095	1	1	
0.146988	-nan	1.10383	1.35291	1	1	1	1	1	1	4.17265	1.10383	1.10383	1	1	
0.150602	-nan	1.10664	1.36739	1	1	1	1	1	1	4.1805	1.10664	1.10664	1	1	
0.154217	-nan	1.10937	1.38142	1	1	1	1	1	1	4.1887	1.10937	1.10937	1	1	
0.157831	-nan	1.11203	1.39503	1	1	1	1	1	1	4.19725	1.11203	1.11203	1	1	
0.161446	-nan	1.11463	1.40821	1	1	1	1	1	1	4.20613	1.11463	1.11463	1	1	
0.16506	-nan	1.11716	1.42099	1	1	1	1	1	1	4.21532	1.11716	1.11716	1	1	
0.168675	-nan	1.11964	1.43337	1	1	1	1	1	1	4.22481	1.11964	1.11964	1	1	
0.172289	-nan	1.12207	1.44537	1	1	1	1	1	1	4.23459	1.12207	1.12207	1	1	
0.175904	-nan	1.12445	1.45698	1	1	1	1	1	1	4.24465	1.12445	1.12445	1	1	
0.179518	-nan	1.12679	1.46823	1	1	1	1	1	1	4.25497	1.12679	1.12679	1	1	
0.183133	-nan	1.12908	1.47912	1	1	1	1	1	1	4.26555	1.12908	1.12908	1	1	
0.186747	-nan	1.13133	1.48966	1	1	1	1	1	1	4.27637	1.13133	1.13133	1	1	
0.190361	-nan	1.13355	1.49987	1	1	1	1	1	1	4.28742	1.13355	1.13355	1	1	
0.193976	-nan	1.13573	1.50976	1	1	1	1	1	1	4.29871	1.13573	1.13573	1	1	
0.19759	-nan	1.13787	1.51933	1	1	1	1	1	1	4.31021	1.13787	1.13787	1	1	
0.201205	-nan	1.13999	1.52859	1	1	1	1	1	1	4.32193	1.13999	1.13999	1	1	
0.204819	-nan	1.14208	1.53756	1	1	1	1	1	1	4.33385	1.14208	1.14208	1	1	
0.208434	-nan	1.14414	1.54624	1	1	1	1	1	1	4.34597	1.14414	1.14414	1	1	
0.212048	-nan	1.14618	1.55465	1	1	1	1	1	1	4.35828	1.14618	1.14618	1	1	
0.215663	-nan	1.1482	1.56279	1	1	1	1	1	1	4.37078	1.1482	1.1482	1	1	
0.219277	-nan	1.15019	1.57067	1	1	1	1	1	1	4.38345	1.15019	1.15019	1	1	
0.222892	-nan	1.15216	1.57831	1	1	1	1	1	1	4.39629	1.15216	1.15216	1	1	
0.226506	-nan	1.15412	1.5857	1	1	1	1	1	1	4.4093	1.15412	1.15412	1	1	
0.23012	-nan	1.15605	1.59286	1	1	1	1	1	1	4.42248	1.15605	1.15605	1	1	
0.233735	-nan	1.15797	1.5998	1	1	1	1	1	1	4.4358	1.15797	1.15797	1	1	
0.237349	-nan	1.15988	1.60651	1	1	1	1	1	1	4.44928	1.15988	1.15988	1	1	
0.240964	-nan	1.16177	1.61302	1	1	1	1	1	1	4.46291	1.16177	1.16177	1	1	
0.244578	-nan	1.16365	1.61933	1	1	1	1	1	1	4.47668	1.16365	1.16365	1	1	
0.248193	-nan	1.16551	1.62544	1	1	1	1	1	1	4.49058	1.16551	1.16551	1	1	
0.251807	-nan	1.16736	1.63137	1	1	1	1	1	1	4.50462	1.16736	1.16736	1	1	
0.255422	-nan	1.1692	1.63711	1	1	1	1	1	1	4.51878	1.1692	1.1692	1	1	
0.259036	-nan	1.17103	1.64268	1	1	1	1	1	1	4.53307	1.17103	1.17103	1	1	
0.262651	-nan	1.17286	1.64808	1	1	1	1	1	1	4.54748	1.17286	1.17286	1	1	
0.266265	-nan	1.17467	1.65332	1	1	1	1	1	1	4.562	1.17467	1.17467	1	1	
0.26988	-nan	1.17647	1.6584	1	1	1	1	1	1	4.57664	1.17647	1.17647	1	1	
0.273494	-nan	1.17827	1.66332	1	1	1	1	1	1	4.59139	1.17827	1.17827	1	1	
0.277108	-nan	1.18005	1.6681	1	1	1	1	1	1	4.60624	1.18005	1.18005	1	1	
0.280723	-nan	1.18183	1.67274	1	1	1	1	1	1	4.62119	1.18183	1.18183	1	1	
0.284337	-nan	1.18361	1.67725	1	1	1	1	1	1	4.63623	1.18361	1.18361	1	1	
0.287952	-nan	1.18538	1.68162	1	1	1	1	1	1	4.65138	1.18538	1.18538	1	1	
0.291566	-nan	1.18714	1.68586	1	1	1	1	1	1	4.66661	1.18714	1.18714	1	1	
0.295181	-nan	1.18889	1.68998	1	1	1	1	1	1	4.68193	1.18889	1.18889	1	1	
0.298795	-nan	1.19064	1.69399	1	1	1	1	1	1	4.69734	1.19064	1.19064	1	1	
0.30241	-nan	1.19239	1.69788	1	1	1	1	1	1	4.71283	1.19239	1.19239	1	1	
0.306024	-nan	1.19413	1.70166	1	1	1	1	1	1	4.72839	1.19413	1.19413	1	1	
0.309639	-nan	1.19587	1.70533	1	1	1	1	1	1	4.74403	1.19587	1.19587	1	1	
0.313253	-nan	1.1976	1.7089	1	1	1	1	1	1	4.75974	1.1976	1.1976	1	1	
0.316867	-nan	1.19932	1.71237	1	1	1	1	1	1	4.77552	1.19932	1.19932	1	1	
0.320482	-nan	1.20105	1.71574	1	1	1	1	1	1	4.79137	1.20105	1.20105	1	1	
0.324096	-nan	1.20276	1.71903	1	1	1	1	1	1	4.80728	1.20276	1.20276	1	1	
0.327711	-nan	1.20448	1.72222	1	1	1	1	1	1	4.82325	1.20448	1.20448	1	1	
0.331325	-nan	1.20619	1.72532	1	1	1	1	1	1	4.83928	1.20619	1.20619	1	1	
0.33494	-nan	1.20789	1.72835	1	1	1	1	1	1	4.85537	1.20789	1.20789	1	1	
0.338554	-nan	1.20959	1.73129	1	1	1	1	1	1	4.8715	1.20959	1.20959	1	1	
0.342169	-nan	1.21129	1.73415	1	1	1	1	1	1	4.88769	1.21129	1.21129	1	1	
0.345783	-nan	1.21298	1.73694	1	1	1	1	1	1	4.90392	1.21298	1.21298	1	1	
0.349398	-nan	1.21467	1.73966	1	1	1	1	1	1	4.9202	1.21467	1.21467	1	1	
0.353012	-nan	1.21635	1.7423	1	1	1	1	1	1	4.93652	1.21635	1.21635	1	1	
0.356627	-nan	1.21803	1.74488	1	1	1	1	1	1	4.95288	1.21803	1.21803	1	1	
0.360241	-nan	1.2197	1.74739	1	1	1	1	1	1	4.96928	1.2197	1.2197	1	1	
0.363855	-nan	1.22137	1.74983	1	1	1	1	1	1	4.98571	1.22137	1.22137	1	1	
0.36747	-nan	1.22304	1.75222	1	1	1	1	1	1	5.00217	1.22304	1.22304	1	1	
0.371084	-nan	1.2247	1.75455	1	1	1	1	1	1	5.01866	1.2247	1.2247	1	1	
0.374699	-nan	1.22635	1.75681	1	1	1	1	1	1	5.03518	1.22635	1.22635	1	1	
0.378313	-nan	1.228	1.75903	1	1	1	1	1	1	5.05173	1.228	1.228	1	1	
0.381928	-nan	1.22964	1.76118	1	1	1	1	1	1	5.0683	1.22964	1.22964	1	1	
0.385542	-nan	1.23127	1.76329	1	1	1	1	1	1	5.08488	1.23127	1.23127	1	1	
0.389157	-nan	1.2329	1.76534	1	1	1	1	1	1	5.10149	1.2329	1.2329	1	1	
0.392771	-nan	1.23452	1.76735	1	1	1	1	1	1	5.11811	1.23452	1.23452	1	1	
0.396386	-nan	1.23614	1.76931	1	1	1	1	1	1	5.13475	1.23614	1.23614	1	1	
0.4	-nan	1.23774	1.77122	1	1	1	1	1	1	5.1514	1.23774	1.23774	1	1	
0.403614	-nan	1.23934	1.77308	1	1	1	1	1	1	5.16806	1.23934	1.23934	1	1	
0.407229	-nan	1.24093	1.77491	1	1	1	1	1	1	5.18473	1.24093	1.24093	1	1	
0.410843	-nan	1.24252	1.77669	1	1	1	1	1	1	5.2014	1.24252	1.24252	1	1	
0.414458	-nan	1.24409	1.77843	1	1	1	1	1	1	5.21807	1.24409	1.24409	1	1	
0.418072	-nan	1.24565	1.78013	1	1	1	1	1	1	5.23475	1.24565	1.24565	1	1	
0.421687	-nan	1.24721	1.7818	1	1	1	1	1	1	5.25143	1.24721	1.24721	1	1	
0.425301	-nan	1.24875	1.78342	1	1	1	1	1	1	5.2681	1.24875	1.24875	1	1	
0.428916	-nan	1.25029	1.78501	1	1	1	1	1	1	5.28478	1.25029	1.25029	1	1	
0.43253	-nan	1.25181	1.78657	1	1	1	1	1	1	5.30144	1.25181	1.25181	1	1	
0.436145	-nan	1.25332	1.78809	1	1	1	1	1	1	5.3181	1.25332	1.25332	1	1	
0.439759	-nan	1.25482	1.78958	1	1	1	1	1	1	5.33475	1.25482	1.25482	1	1	
0.443373	-nan	1.25631	1.79104	1	1	1	1	1	1	5.35139	1.25631	1.25631	1	1	
0.446988	-nan	1.25779	1.79246	1	1	1	1	1	1	5.36801	1.25779	1.25779	1	1	
0.450602	-nan	1.25925	1.79386	1	1	1	1	1	1	5.38462	1.25925	1.25925	1	1	
0.454217	-nan	1.2607	1.79523	1	1	1	1	1	1	5.40121	1.2607	1.2607	1	1	
0.457831	-nan	1.26214	1.79657	1	1	1	1	1	1	5.41779	1.26214	1.26214	1	1	
0.461446	-nan	1.26356	1.79788	1	1	1	1	1	1	5.43435	1.26356	1.26356	1	1	
0.46506	-nan	1.26497	1.79916	1	1	1	1	1	1	5.45088	1.26497	1.26497	1	1	
0.468675	-nan	1.26636	1.80042	1	1	1	1	1	1	5.46739	1.26636	1.26636	1	1	
0.472289	-nan	1.26774	1.80166	1	1	1	1	1	1	5.48388	1.26774	1.26774	1	1	
0.475904	-nan	1.2691	1.80286	1	1	1	1	1	1	5.50034	1.2691	1.2691	1	1	
0.479518	-nan	1.27045	1.80405	1	1	1	1	1	1	5.51678	1.27045	1.27045	1	1	
0.483133	-nan	1.27178	1.80521	1	1	1	1	1	1	5.53319	1.27178	1.27178	1	1	
0.486747	-nan	1.27309	1.80635	1	1	1	1	1	1	5.54956	1.27309	1.27309	1	1	
0.490361	-nan	1.27438	1.80747	1	1	1	1	1	1	5.56591	1.27438	1.27438	1	1	
0.493976	-nan	1.27566	1.80857	1	1	1	1	1	1	5.58222	1.27566	1.27566	1	1	
0.49759	-nan	1.27692	1.80964	1	1	1	1	1	1	5.5985	1.27692	1.27692	1	1	
0.501205	-nan	1.27817	1.8107	1	1	1	1	1	1	5.61474	1.27817	1.27817	1	1	
0.504819	-nan	1.27939	1.81174	1	1	1	1	1	1	5.63095	1.27939	1.27939	1	1	
0.508434	-nan	1.2806	1.81276	1	1	1	1	1	1	5.64711	1.2806	1.2806	1	1	
0.512048	-nan	1.28178	1.81375	1	1	1	1	1	1	5.66324	1.28178	1.28178	1	1	
0.515663	-nan	1.28295	1.81474	1	1	1	1	1	1	5.67933	1.28295	1.28295	1	1	
0.519277	-nan	1.2841	1.8157	1	1	1	1	1	1	5.69538	1.2841	1.2841	1	1	
0.522892	-nan	1.28523	1.81665	1	1	1	1	1	1	5.71139	1.28523	1.28523	1	1	
0.526506	-nan	1.28634	1.81758	1	1	1	1	1	1	5.72735	1.28634	1.28634	1	1	
0.53012	-nan	1.28744	1.81849	1	1	1	1	1	1	5.74326	1.28744	1.28744	1	1	
0.533735	-nan	1.28851	1.81939	1	1	1	1	1	1	5.75914	1.28851	1.28851	1	1	
0.537349	-nan	1.28956	1.82027	1	1	1	1	1	1	5.77496	1.28956	1.28956	1	1	
0.540964	-nan	1.2906	1.82114	1	1	1	1	1	1	5.79074	1.2906	1.2906	1	1	
0.544578	-nan	1.29161	1.82199	1	1	1	1	1	1	5.80647	1.29161	1.29161	1	1	
0.548193	-nan	1.29261	1.82283	1	1	1	1	1	1	5.82214	1.29261	1.29261	1	1	
0.551807	-nan	1.29359	1.82366	1	1	1	1	1	1	5.83777	1.29359	1.29359	1	1	
0.555422	-nan	1.29455	1.82447	1	1	1	1	1	1	5.85335	1.29455	1.29455	1	1	
0.559036	-nan	1.29549	1.82527	1	1	1	1	1	1	5.86887	1.29549	1.29549	1	1	
0.562651	-nan	1.29641	1.82605	1	1	1	1	1	1	5.88435	1.29641	1.29641	1	1	
0.566265	-nan	1.29732	1.82683	1	1	1	1	1	1	5.89976	1.29732	1.29732	1	1	
0.56988	-nan	1.2982	1.82759	1	1	1	1	1	1	5.91513	1.2982	1.2982	1	1	
0.573494	-nan	1.29907	1.82834	1	1	1	1	1	1	5.93044	1.29907	1.29907	1	1	
0.577108	-nan	1.29993	1.82908	1	1	1	1	1	1	5.94569	1.29993	1.29993	1	1	
0.580723	-nan	1.30077	1.8298	1	1	1	1	1	1	5.96089	1.30077	1.30077	1	1	
0.584337	-nan	1.30159	1.83052	1	1	1	1	1	1	5.97602	1.30159	1.30159	1	1	
0.587952	-nan	1.30239	1.83122	1	1	1	1	1	1	5.99111	1.30239	1.30239	1	1	
0.591566	-nan	1.30318	1.83192	1	1	1	1	1	1	6.00613	1.30318	1.30318	1	1	
0.595181	-nan	1.30396	1.8326	1	1	1	1	1	1	6.02109	1.30396	1.30396	1	1	
0.598795	-nan	1.30472	1.83328	1	1	1	1	1	1	6.03599	1.30472	1.30472	1	1	
0.60241	-nan	1.30547	1.83394	1	1	1	1	1	1	6.05084	1.30547	1.30547	1	1	
0.606024	-nan	1.30621	1.8346	1	1	1	1	1	1	6.06562	1.30621	1.30621	1	1	
0.609639	-nan	1.30693	1.83524	1	1	1	1	1	1	6.08034	1.30693	1.30693	1	1	
0.613253	-nan	1.30765	1.83588	1	1	1	1	1	1	6.095	1.30765	1.30765	1	1	
0.616867	-nan	1.30835	1.83651	1	1	1	1	1	1	6.1096	1.30835	1.30835	1	1	
0.620482	-nan	1.30904	1.83713	1	1	1	1	1	1	6.12413	1.30904	1.30904	1	1	
0.624096	-nan	1.30973	1.83774	1	1	1	1	1	1	6.13861	1.30973	1.30973	1	1	
0.627711	-nan	1.3104	1.83834	1	1	1	1	1	1	6.15302	1.3104	1.3104	1	1	
0.631325	-nan	1.31107	1.83893	1	1	1	1	1	1	6.16736	1.31107	1.31107	1	1	
0.63494	-nan	1.31172	1.83952	1	1	1	1	1	1	6.18164	1.31172	1.31172	1	1	
0.638554	-nan	1.31238	1.8401	1	1	1	1	1	1	6.19586	1.31238	1.31238	1	1	
0.642169	-nan	1.31302	1.84067	1	1	1	1	1	1	6.21001	1.31302	1.31302	1	1	
0.645783	-nan	1.31366	1.84123	1	1	1	1	1	1	6.2241	1.31366	1.31366	1	1	
0.649398	-nan	1.3143	1.84179	1	1	1	1	1	1	6.23812	1.3143	1.3143	1	1	
0.653012	-nan	1.31493	1.84234	1	1	1	1	1	1	6.25208	1.31493	1.31493	1	1	
0.656627	-nan	1.31555	1.84288	1	1	1	1	1	1	6.26597	1.31555	1.31555	1	1	
0.660241	-nan	1.31618	1.84342	1	1	1	1	1	1	6.27979	1.31618	1.31618	1	1	
0.663855	-nan	1.3168	1.84395	1	1	1	1	1	1	6.29355	1.3168	1.3168	1	1	
0.66747	-nan	1.31742	1.84447	1	1	1	1	1	1	6.30724	1.31742	1.31742	1	1	
0.671084	-nan	1.31804	1.84499	1	1	1	1	1	1	6.32087	1.31804	1.31804	1	1	
0.674699	-nan	1.31866	1.8455	1	1	1	1	1	1	6.33443	1.31866	1.31866	1	1	
0.678313	-nan	1.31928	1.846	1	1	1	1	1	1	6.34792	1.31928	1.31928	1	1	
0.681928	-nan	1.3199	1.8465	1	1	1	1	1	1	6.36135	1.3199	1.3199	1	1	
0.685542	-nan	1.32052	1.84699	1	1	1	1	1	1	6.37471	1.32052	1.32052	1	1	
0.689157	-nan	1.32114	1.84748	1	1	1	1	1	1	6.388	1.32114	1.32114	1	1	
0.692771	-nan	1.32176	1.84796	1	1	1	1	1	1	6.40123	1.32176	1.32176	1	1	
0.696386	-nan	1.32239	1.84844	1	1	1	1	1	1	6.41439	1.32239	1.32239	1	1	
0.7	-nan	1.32302	1.84891	1	1	1	1	1	1	6.42748	1.32302	1.32302	1	1	
0.703614	-nan	1.32365	1.84937	1	1	1	1	1	1	6.4405	1.32365	1.32365	1	1	
0.707229	-nan	1.32429	1.84983	1	1	1	1	1	1	6.45346	1.32429	1.32429	1	1	
0.710843	-nan	1.32493	1.85029	1	1	1	1	1	1	6.46635	1.32493	1.32493	1	1	
0.714458	-nan	1.32557	1.85074	1	1	1	1	1	1	6.47918	1.32557	1.32557	1	1	
0.718072	-nan	1.32622	1.85119	1	1	1	1	1	1	6.49193	1.32622	1.32622	1	1	
0.721687	-nan	1.32687	1.85163	1	1	1	1	1	1	6.50462	1.32687	1.32687	1	1	
0.725301	-nan	1.32753	1.85206	1	1	1	1	1	1	6.51725	1.32753	1.32753	1	1	
0.728916	-nan	1.32819	1.85249	1	1	1	1	1	1	6.5298	1.32819	1.32819	1	1	
0.73253	-nan	1.32886	1.85292	1	1	1	1	1	1	6.54229	1.32886	1.32886	1	1	
0.736145	-nan	1.32953	1.85334	1	1	1	1	1	1	6.55472	1.32953	1.32953	1	1	
0.739759	-nan	1.33021	1.85376	1	1	1	1	1	1	6.56707	1.33021	1.33021	1	1	
0.743373	-nan	1.3309	1.85418	1	1	1	1	1	1	6.57936	1.3309	1.3309	1	1	
0.746988	-nan	1.33159	1.85459	1	1	1	1	1	1	6.59159	1.33159	1.33159	1	1	
0.750602	-nan	1.33228	1.85499	1	1	1	1	1	1	6.60375	1.33228	1.33228	1	1	
0.754217	-nan	1.33299	1.8554	1	1	1	1	1	1	6.61584	1.33299	1.33299	1	1	
0.757831	-nan	1.33369	1.8558	1	1	1	1	1	1	6.62787	1.33369	1.33369	1	1	
0.761446	-nan	1.33441	1.85619	1	1	1	1	1	1	6.63983	1.33441	1.33441	1	1	
0.76506	-nan	1.33513	1.85658	1	1	1	1	1	1	6.65172	1.33513	1.33513	1	1	
0.768675	-nan	1.33586	1.85697	1	1	1	1	1	1	6.66355	1.33586	1.33586	1	1	
0.772289	-nan	1.33659	1.85735	1	1	1	1	1	1	6.67532	1.33659	1.33659	1	1	
0.775904	-nan	1.33733	1.85773	1	1	1	1	1	1	6.68702	1.33733	1.33733	1	1	
0.779518	-nan	1.33808	1.85811	1	1	1	1	1	1	6.69865	1.33808	1.33808	1	1	
0.783133	-nan	1.33883	1.85848	1	1	1	1	1	1	6.71023	1.33883	1.33883	1	1	
0.786747	-nan	1.33959	1.85885	1	1	1	1	1	1	6.72173	1.33959	1.33959	1	1	
0.790361	-nan	1.34035	1.85922	1	1	1	1	1	1	6.73318	1.34035	1.34035	1	1	
0.793976	-nan	1.34112	1.85958	1	1	1	1	1	1	6.74456	1.34112	1.34112	1	1	
0.79759	-nan	1.3419	1.85994	1	1	1	1	1	1	6.75587	1.3419	1.3419	1	1	
0.801205	-nan	1.34268	1.8603	1	1	1	1	1	1	6.76713	1.34268	1.34268	1	1	
0.804819	-nan	1.34346	1.86066	1	1	1	1	1	1	6.77832	1.34346	1.34346	1	1	
0.808434	-nan	1.34426	1.86101	1	1	1	1	1	1	6.78945	1.34426	1.34426	1	1	
0.812048	-nan	1.34506	1.86136	1	1	1	1	1	1	6.80051	1.34506	1.34506	1	1	
0.815663	-nan	1.34586	1.8617	1	1	1	1	1	1	6.81151	1.34586	1.34586	1	1	
0.819277	-nan	1.34667	1.86204	1	1	1	1	1	1	6.82246	1.34667	1.34667	1	1	
0.822892	-nan	1.34749	1.86238	1	1	1	1	1	1	6.83334	1.34749	1.34749	1	1	
0.826506	-nan	1.34831	1.86272	1	1	1	1	1	1	6.84415	1.34831	1.34831	1	1	
0.83012	-nan	1.34914	1.86306	1	1	1	1	1	1	6.85491	1.34914	1.34914	1	1	
0.833735	-nan	1.34997	1.86339	1	1	1	1	1	1	6.86561	1.34997	1.34997	1	1	
0.837349	-nan	1.35081	1.86372	1	1	1	1	1	1	6.87625	1.35081	1.35081	1	1	
0.840964	-nan	1.35165	1.86404	1	1	1	1	1	1	6.88682	1.35165	1.35165	1	1	
0.844578	-nan	1.3525	1.86437	1	1	1	1	1	1	6.89734	1.3525	1.3525	1	1	
0.848193	-nan	1.35335	1.86469	1	1	1	1	1	1	6.9078	1.35335	1.35335	1	1	
0.851807	-nan	1.35421	1.86501	1	1	1	1	1	1	6.9182	1.35421	1.35421	1	1	
0.855422	-nan	1.35508	1.86532	1	1	1	1	1	1	6.92853	1.35508	1.35508	1	1	
0.859036	-nan	1.35594	1.86564	1	1	1	1	1	1	6.93882	1.35594	1.35594	1	1	
0.862651	-nan	1.35682	1.86595	1	1	1	1	1	1	6.94904	1.35682	1.35682	1	1	
0.866265	-nan	1.35769	1.86626	1	1	1	1	1	1	6.9592	1.35769	1.35769	1	1	
0.86988	-nan	1.35858	1.86657	1	1	1	1	1	1	6.96931	1.35858	1.35858	1	1	
0.873494	-nan	1.35946	1.86687	1	1	1	1	1	1	6.97936	1.35946	1.35946	1	1	
0.877108	-nan	1.36035	1.86718	1	1	1	1	1	1	6.98935	1.36035	1.36035	1	1	
0.880723	-nan	1.36125	1.86748	1	1	1	1	1	1	6.99929	1.36125	1.36125	1	1	
0.884337	-nan	1.36215	1.86778	1	1	1	1	1	1	7.00917	1.36215	1.36215	1	1	
0.887952	-nan	1.36305	1.86807	1	1	1	1	1	1	7.019	1.36305	1.36305	1	1	
0.891566	-nan	1.36396	1.86837	1	1	1	1	1	1	7.02877	1.36396	1.36396	1	1	
0.895181	-nan	1.36488	1.86866	1	1	1	1	1	1	7.03848	1.36488	1.36488	1	1	
0.898795	-nan	1.36579	1.86895	1	1	1	1	1	1	7.04814	1.36579	1.36579	1	1	
0.90241	-nan	1.36671	1.86924	1	1	1	1	1	1	7.05775	1.36671	1.36671	1	1	
0.906024	-nan	1.36764	1.86953	1	1	1	1	1	1	7.0673	1.36764	1.36764	1	1	
0.909639	-nan	1.36857	1.86981	1	1	1	1	1	1	7.07679	1.36857	1.36857	1	1	
0.913253	-nan	1.3695	1.87009	1	1	1	1	1	1	7.08624	1.3695	1.3695	1	1	
0.916867	-nan	1.37044	1.87038	1	1	1	1	1	1	7.09563	1.37044	1.37044	1	1	
0.920482	-nan	1.37138	1.87066	1	1	1	1	1	1	7.10497	1.37138	1.37138	1	1	
0.924096	-nan	1.37233	1.87093	1	1	1	1	1	1	7.11425	1.37233	1.37233	1	1	
0.927711	-nan	1.37328	1.87121	1	1	1	1	1	1	7.12349	1.37328	1.37328	1	1	
0.931325	-nan	1.37423	1.87148	1	1	1	1	1	1	7.13267	1.37423	1.37423	1	1	
0.93494	-nan	1.37519	1.87176	1	1	1	1	1	1	7.1418	1.37519	1.37519	1	1	
0.938554	-nan	1.37615	1.87203	1	1	1	1	1	1	7.15088	1.37615	1.37615	1	1	
0.942169	-nan	1.37712	1.87229	1	1	1	1	1	1	7.15991	1.37712	1.37712	1	1	
0.945783	-nan	1.37808	1.87256	1	1	1	1	1	1	7.16888	1.37808	1.37808	1	1	
0.949398	-nan	1.37906	1.87283	1	1	1	1	1	1	7.17781	1.37906	1.37906	1	1	
0.953012	-nan	1.38003	1.87309	1	1	1	1	1	1	7.18669	1.38003	1.38003	1	1	
0.956627	-nan	1.38101	1.87335	1	1	1	1	1	1	7.19552	1.38101	1.38101	1	1	
0.960241	-nan	1.382	1.87362	1	1	1	1	1	1	7.2043	1.382	1.382	1	1	
0.963855	-nan	1.38298	1.87388	1	1	1	1	1	1	7.21303	1.38298	1.38298	1	1	
0.96747	-nan	1.38397	1.87413	1	1	1	1	1	1	7.22172	1.38397	1.38397	1	1	
0.971084	-nan	1.38497	1.87439	1	1	1	1	1	1	7.23035	1.38497	1.38497	1	1	
0.974699	-nan	1.38596	1.87464	1	1	1	1	1	1	7.23894	1.38596	1.38596	1	1	
0.978313	-nan	1.38696	1.8749	1	1	1	1	1	1	7.24748	1.38696	1.38696	1	1	
0.981928	-nan	1.38797	1.87515	1	1	1	1	1	1	7.25597	1.38797	1.38797	1	1	
0.985542	-nan	1.38898	1.8754	1	1	1	1	1	1	7.26442	1.38898	1.38898	1	1	
0.989157	-nan	1.38999	1.87565	1	1	1	1	1	1	7.27282	1.38999	1.38999	1	1	
0.992771	-nan	1.391	1.8759	1	1	1	1	1	1	7.28118	1.391	1.391	1	1	
0.996386	-nan	1.39202	1.87614	1	1	1	1	1	1	7.28949	1.39202	1.39202	1	1	
1	-nan	-nan	-nan	-nan	-nan	-nan	-nan	-nan	-nan	-nan	-nan	-nan	-nan	-nan	
