1e-05	-nan	0.389384	1.12757	1	1	1	1	1	1	0.417173	0.389384	0.389384	1	1	
1.03753e-05	-nan	0.38946	1.12755	1	1	1	1	1	1	0.417244	0.38946	0.38946	1	1	
1.07647e-05	-nan	0.389538	1.12753	1	1	1	1	1	1	0.417316	0.389538	0.389538	1	1	
1.11686e-05	-nan	0.389619	1.12751	1	1	1	1	1	1	0.417388	0.389619	0.389619	1	1	
1.15878e-05	-nan	0.389701	1.12748	1	1	1	1	1	1	0.417461	0.389701	0.389701	1	1	
1.20226e-05	-nan	0.389786	1.12746	1	1	1	1	1	1	0.417535	0.389786	0.389786	1	1	
1.24738e-05	-nan	0.389873	1.12743	1	1	1	1	1	1	0.417609	0.389873	0.389873	1	1	
1.2942e-05	-nan	0.389962	1.1274	1	1	1	1	1	1	0.417684	0.389962	0.389962	1	1	
1.34276e-05	-nan	0.390053	1.12738	1	1	1	1	1	1	0.41776	0.390053	0.390053	1	1	
1.39316e-05	-nan	0.390147	1.12735	1	1	1	1	1	1	0.417836	0.390147	0.390147	1	1	
1.44544e-05	-nan	0.390243	1.12732	1	1	1	1	1	1	0.417913	0.390243	0.390243	1	1	
1.49968e-05	-nan	0.390342	1.12729	1	1	1	1	1	1	0.417991	0.390342	0.390342	1	1	
1.55597e-05	-nan	0.390444	1.12726	1	1	1	1	1	1	0.418069	0.390444	0.390444	1	1	
1.61436e-05	-nan	0.390548	1.12723	1	1	1	1	1	1	0.418149	0.390548	0.390548	1	1	
1.67494e-05	-nan	0.390654	1.1272	1	1	1	1	1	1	0.418229	0.390654	0.390654	1	1	
1.7378e-05	-nan	0.390764	1.12717	1	1	1	1	1	1	0.418309	0.390764	0.390764	1	1	
1.80302e-05	-nan	0.390876	1.12713	1	1	1	1	1	1	0.418391	0.390876	0.390876	1	1	
1.87068e-05	-nan	0.390991	1.1271	1	1	1	1	1	1	0.418474	0.390991	0.390991	1	1	
1.94089e-05	-nan	0.39111	1.12706	1	1	1	1	1	1	0.418557	0.39111	0.39111	1	1	
2.01372e-05	-nan	0.391231	1.12702	1	1	1	1	1	1	0.418641	0.391231	0.391231	1	1	
2.0893e-05	-nan	0.391356	1.12699	1	1	1	1	1	1	0.418726	0.391356	0.391356	1	1	
2.1677e-05	-nan	0.391484	1.12695	1	1	1	1	1	1	0.418812	0.391484	0.391484	1	1	
2.24905e-05	-nan	0.391615	1.12691	1	1	1	1	1	1	0.418898	0.391615	0.391615	1	1	
2.33346e-05	-nan	0.391749	1.12687	1	1	1	1	1	1	0.418986	0.391749	0.391749	1	1	
2.42103e-05	-nan	0.391887	1.12683	1	1	1	1	1	1	0.419075	0.391887	0.391887	1	1	
2.51189e-05	-nan	0.392029	1.12678	1	1	1	1	1	1	0.419164	0.392029	0.392029	1	1	
2.60615e-05	-nan	0.392175	1.12674	1	1	1	1	1	1	0.419254	0.392175	0.392175	1	1	
2.70396e-05	-nan	0.392324	1.12669	1	1	1	1	1	1	0.419346	0.392324	0.392324	1	1	
2.80543e-05	-nan	0.392477	1.12664	1	1	1	1	1	1	0.419438	0.392477	0.392477	1	1	
2.91072e-05	-nan	0.392634	1.1266	1	1	1	1	1	1	0.419532	0.392634	0.392634	1	1	
3.01995e-05	-nan	0.392795	1.12655	1	1	1	1	1	1	0.419626	0.392795	0.392795	1	1	
3.13329e-05	-nan	0.392961	1.1265	1	1	1	1	1	1	0.419722	0.392961	0.392961	1	1	
3.25087e-05	-nan	0.393131	1.12644	1	1	1	1	1	1	0.419818	0.393131	0.393131	1	1	
3.37287e-05	-nan	0.393305	1.12639	1	1	1	1	1	1	0.419916	0.393305	0.393305	1	1	
3.49945e-05	-nan	0.393484	1.12633	1	1	1	1	1	1	0.420015	0.393484	0.393484	1	1	
3.63078e-05	-nan	0.393667	1.12628	1	1	1	1	1	1	0.420115	0.393667	0.393667	1	1	
3.76704e-05	-nan	0.393856	1.12622	1	1	1	1	1	1	0.420216	0.393856	0.393856	1	1	
3.90841e-05	-nan	0.394049	1.12616	1	1	1	1	1	1	0.420318	0.394049	0.394049	1	1	
4.05509e-05	-nan	0.394247	1.1261	1	1	1	1	1	1	0.420422	0.394247	0.394247	1	1	
4.20727e-05	-nan	0.394451	1.12603	1	1	1	1	1	1	0.420526	0.394451	0.394451	1	1	
4.36516e-05	-nan	0.394659	1.12597	1	1	1	1	1	1	0.420632	0.394659	0.394659	1	1	
4.52898e-05	-nan	0.394874	1.1259	1	1	1	1	1	1	0.42074	0.394874	0.394874	1	1	
4.69894e-05	-nan	0.395094	1.12583	1	1	1	1	1	1	0.420848	0.395094	0.395094	1	1	
4.87528e-05	-nan	0.395319	1.12576	1	1	1	1	1	1	0.420958	0.395319	0.395319	1	1	
5.05825e-05	-nan	0.395551	1.12569	1	1	1	1	1	1	0.421069	0.395551	0.395551	1	1	
5.24807e-05	-nan	0.395789	1.12561	1	1	1	1	1	1	0.421182	0.395789	0.395789	1	1	
5.44503e-05	-nan	0.396033	1.12553	1	1	1	1	1	1	0.421296	0.396033	0.396033	1	1	
5.64937e-05	-nan	0.396283	1.12545	1	1	1	1	1	1	0.421412	0.396283	0.396283	1	1	
5.86138e-05	-nan	0.39654	1.12537	1	1	1	1	1	1	0.421529	0.39654	0.39654	1	1	
6.08135e-05	-nan	0.396804	1.12529	1	1	1	1	1	1	0.421647	0.396804	0.396804	1	1	
6.30957e-05	-nan	0.397074	1.1252	1	1	1	1	1	1	0.421767	0.397074	0.397074	1	1	
6.54636e-05	-nan	0.397352	1.12512	1	1	1	1	1	1	0.421889	0.397352	0.397352	1	1	
6.79204e-05	-nan	0.397637	1.12502	1	1	1	1	1	1	0.422012	0.397637	0.397637	1	1	
7.04693e-05	-nan	0.397929	1.12493	1	1	1	1	1	1	0.422137	0.397929	0.397929	1	1	
7.31139e-05	-nan	0.398229	1.12484	1	1	1	1	1	1	0.422264	0.398229	0.398229	1	1	
7.58578e-05	-nan	0.398537	1.12474	1	1	1	1	1	1	0.422392	0.398537	0.398537	1	1	
7.87046e-05	-nan	0.398853	1.12464	1	1	1	1	1	1	0.422522	0.398853	0.398853	1	1	
8.16582e-05	-nan	0.399177	1.12453	1	1	1	1	1	1	0.422654	0.399177	0.399177	1	1	
8.47227e-05	-nan	0.39951	1.12442	1	1	1	1	1	1	0.422787	0.39951	0.39951	1	1	
8.79023e-05	-nan	0.399852	1.12431	1	1	1	1	1	1	0.422923	0.399852	0.399852	1	1	
9.12011e-05	-nan	0.400202	1.1242	1	1	1	1	1	1	0.42306	0.400202	0.400202	1	1	
9.46237e-05	-nan	0.400562	1.12409	1	1	1	1	1	1	0.4232	0.400562	0.400562	1	1	
9.81748e-05	-nan	0.400931	1.12397	1	1	1	1	1	1	0.423341	0.400931	0.400931	1	1	
0.000101859	-nan	0.40131	1.12384	1	1	1	1	1	1	0.423484	0.40131	0.40131	1	1	
0.000105682	-nan	0.401699	1.12372	1	1	1	1	1	1	0.42363	0.401699	0.401699	1	1	
0.000109648	-nan	0.402098	1.12359	1	1	1	1	1	1	0.423777	0.402098	0.402098	1	1	
0.000113763	-nan	0.402508	1.12346	1	1	1	1	1	1	0.423927	0.402508	0.402508	1	1	
0.000118032	-nan	0.402928	1.12332	1	1	1	1	1	1	0.424079	0.402928	0.402928	1	1	
0.000122462	-nan	0.403359	1.12318	1	1	1	1	1	1	0.424233	0.403359	0.403359	1	1	
0.000127057	-nan	0.403802	1.12304	1	1	1	1	1	1	0.424389	0.403802	0.403802	1	1	
0.000131826	-nan	0.404256	1.12289	1	1	1	1	1	1	0.424548	0.404256	0.404256	1	1	
0.000136773	-nan	0.404722	1.12274	1	1	1	1	1	1	0.424709	0.404722	0.404722	1	1	
0.000141906	-nan	0.4052	1.12258	1	1	1	1	1	1	0.424873	0.4052	0.4052	1	1	
0.000147231	-nan	0.405691	1.12242	1	1	1	1	1	1	0.425039	0.405691	0.405691	1	1	
0.000152757	-nan	0.406195	1.12225	1	1	1	1	1	1	0.425208	0.406195	0.406195	1	1	
0.000158489	-nan	0.406712	1.12209	1	1	1	1	1	1	0.42538	0.406712	0.406712	1	1	
0.000164437	-nan	0.407243	1.12191	1	1	1	1	1	1	0.425554	0.407243	0.407243	1	1	
0.000170608	-nan	0.407787	1.12173	1	1	1	1	1	1	0.42573	0.407787	0.407787	1	1	
0.000177011	-nan	0.408346	1.12155	1	1	1	1	1	1	0.42591	0.408346	0.408346	1	1	
0.000183654	-nan	0.408919	1.12136	1	1	1	1	1	1	0.426093	0.408919	0.408919	1	1	
0.000190546	-nan	0.409507	1.12117	1	1	1	1	1	1	0.426278	0.409507	0.409507	1	1	
0.000197697	-nan	0.410111	1.12097	1	1	1	1	1	1	0.426467	0.410111	0.410111	1	1	
0.000205116	-nan	0.410731	1.12076	1	1	1	1	1	1	0.426658	0.410731	0.410731	1	1	
0.000212814	-nan	0.411367	1.12056	1	1	1	1	1	1	0.426853	0.411367	0.411367	1	1	
0.0002208	-nan	0.412019	1.12034	1	1	1	1	1	1	0.427051	0.412019	0.412019	1	1	
0.000229087	-nan	0.412688	1.12012	1	1	1	1	1	1	0.427252	0.412688	0.412688	1	1	
0.000237684	-nan	0.413375	1.11989	1	1	1	1	1	1	0.427457	0.413375	0.413375	1	1	
0.000246604	-nan	0.41408	1.11966	1	1	1	1	1	1	0.427665	0.41408	0.41408	1	1	
0.000255859	-nan	0.414804	1.11942	1	1	1	1	1	1	0.427877	0.414804	0.414804	1	1	
0.000265461	-nan	0.415546	1.11918	1	1	1	1	1	1	0.428092	0.415546	0.415546	1	1	
0.000275423	-nan	0.416307	1.11892	1	1	1	1	1	1	0.428311	0.416307	0.416307	1	1	
0.000285759	-nan	0.417089	1.11866	1	1	1	1	1	1	0.428534	0.417089	0.417089	1	1	
0.000296483	-nan	0.417891	1.1184	1	1	1	1	1	1	0.42876	0.417891	0.417891	1	1	
0.00030761	-nan	0.418713	1.11813	1	1	1	1	1	1	0.428991	0.418713	0.418713	1	1	
0.000319154	-nan	0.419558	1.11785	1	1	1	1	1	1	0.429225	0.419558	0.419558	1	1	
0.000331131	-nan	0.420424	1.11756	1	1	1	1	1	1	0.429464	0.420424	0.420424	1	1	
0.000343558	-nan	0.421312	1.11726	1	1	1	1	1	1	0.429707	0.421312	0.421312	1	1	
0.000356451	-nan	0.422224	1.11696	1	1	1	1	1	1	0.429955	0.422224	0.422224	1	1	
0.000369828	-nan	0.42316	1.11665	1	1	1	1	1	1	0.430207	0.42316	0.42316	1	1	
0.000383707	-nan	0.424119	1.11633	1	1	1	1	1	1	0.430463	0.424119	0.424119	1	1	
0.000398107	-nan	0.425104	1.11601	1	1	1	1	1	1	0.430724	0.425104	0.425104	1	1	
0.000413048	-nan	0.426114	1.11567	1	1	1	1	1	1	0.43099	0.426114	0.426114	1	1	
0.000428549	-nan	0.42715	1.11532	1	1	1	1	1	1	0.431261	0.42715	0.42715	1	1	
0.000444631	-nan	0.428213	1.11497	1	1	1	1	1	1	0.431537	0.428213	0.428213	1	1	
0.000461318	-nan	0.429304	1.11461	1	1	1	1	1	1	0.431818	0.429304	0.429304	1	1	
0.00047863	-nan	0.430422	1.11424	1	1	1	1	1	1	0.432104	0.430422	0.430422	1	1	
0.000496592	-nan	0.43157	1.11386	1	1	1	1	1	1	0.432396	0.43157	0.43157	1	1	
0.000515229	-nan	0.432747	1.11346	1	1	1	1	1	1	0.432693	0.432747	0.432747	1	1	
0.000534564	-nan	0.433954	1.11306	1	1	1	1	1	1	0.432996	0.433954	0.433954	1	1	
0.000554626	-nan	0.435192	1.11265	1	1	1	1	1	1	0.433304	0.435192	0.435192	1	1	
0.00057544	-nan	0.436462	1.11223	1	1	1	1	1	1	0.433619	0.436462	0.436462	1	1	
0.000597035	-nan	0.437765	1.1118	1	1	1	1	1	1	0.43394	0.437765	0.437765	1	1	
0.000619441	-nan	0.439101	1.11135	1	1	1	1	1	1	0.434267	0.439101	0.439101	1	1	
0.000642688	-nan	0.440471	1.1109	1	1	1	1	1	1	0.4346	0.440471	0.440471	1	1	
0.000666807	-nan	0.441876	1.11043	1	1	1	1	1	1	0.43494	0.441876	0.441876	1	1	
0.000691831	-nan	0.443316	1.10995	1	1	1	1	1	1	0.435287	0.443316	0.443316	1	1	
0.000717794	-nan	0.444793	1.10946	1	1	1	1	1	1	0.43564	0.444793	0.444793	1	1	
0.000744732	-nan	0.446308	1.10896	1	1	1	1	1	1	0.436001	0.446308	0.446308	1	1	
0.000772681	-nan	0.447861	1.10844	1	1	1	1	1	1	0.436369	0.447861	0.447861	1	1	
0.000801678	-nan	0.449454	1.10791	1	1	1	1	1	1	0.436744	0.449454	0.449454	1	1	
0.000831764	-nan	0.451086	1.10737	1	1	1	1	1	1	0.437127	0.451086	0.451086	1	1	
0.000862979	-nan	0.45276	1.10682	1	1	1	1	1	1	0.437518	0.45276	0.45276	1	1	
0.000895365	-nan	0.454475	1.10625	1	1	1	1	1	1	0.437917	0.454475	0.454475	1	1	
0.000928966	-nan	0.456234	1.10566	1	1	1	1	1	1	0.438324	0.456234	0.456234	1	1	
0.000963829	-nan	0.458036	1.10507	1	1	1	1	1	1	0.438739	0.458036	0.458036	1	1	
0.001	-nan	0.459883	1.10446	1	1	1	1	1	1	0.439163	0.459883	0.459883	1	1	
0.00103753	-nan	0.461776	1.10383	1	1	1	1	1	1	0.439596	0.461776	0.461776	1	1	
0.00107647	-nan	0.463716	1.10319	1	1	1	1	1	1	0.440038	0.463716	0.463716	1	1	
0.00111686	-nan	0.465704	1.10253	1	1	1	1	1	1	0.440489	0.465704	0.465704	1	1	
0.00115878	-nan	0.467741	1.10186	1	1	1	1	1	1	0.44095	0.467741	0.467741	1	1	
0.00120226	-nan	0.469827	1.10117	1	1	1	1	1	1	0.441421	0.469827	0.469827	1	1	
0.00124738	-nan	0.471965	1.10047	1	1	1	1	1	1	0.441902	0.471965	0.471965	1	1	
0.0012942	-nan	0.474155	1.09975	1	1	1	1	1	1	0.442393	0.474155	0.474155	1	1	
0.00134276	-nan	0.476397	1.09901	1	1	1	1	1	1	0.442894	0.476397	0.476397	1	1	
0.00139316	-nan	0.478694	1.09825	1	1	1	1	1	1	0.443407	0.478694	0.478694	1	1	
0.00144544	-nan	0.481047	1.09748	1	1	1	1	1	1	0.443931	0.481047	0.481047	1	1	
0.00149968	-nan	0.483455	1.09669	1	1	1	1	1	1	0.444466	0.483455	0.483455	1	1	
0.00155597	-nan	0.485921	1.09588	1	1	1	1	1	1	0.445012	0.485921	0.485921	1	1	
0.00161436	-nan	0.488445	1.09506	1	1	1	1	1	1	0.445571	0.488445	0.488445	1	1	
0.00167494	-nan	0.491029	1.09421	1	1	1	1	1	1	0.446143	0.491029	0.491029	1	1	
0.0017378	-nan	0.493674	1.09335	1	1	1	1	1	1	0.446726	0.493674	0.493674	1	1	
0.00180302	-nan	0.49638	1.09247	1	1	1	1	1	1	0.447323	0.49638	0.49638	1	1	
0.00187068	-nan	0.499149	1.09156	1	1	1	1	1	1	0.447934	0.499149	0.499149	1	1	
0.00194089	-nan	0.501982	1.09064	1	1	1	1	1	1	0.448558	0.501982	0.501982	1	1	
0.00201372	-nan	0.50488	1.0897	1	1	1	1	1	1	0.449196	0.50488	0.50488	1	1	
0.0020893	-nan	0.507844	1.08874	1	1	1	1	1	1	0.449848	0.507844	0.507844	1	1	
0.0021677	-nan	0.510875	1.08776	1	1	1	1	1	1	0.450516	0.510875	0.510875	1	1	
0.00224905	-nan	0.513974	1.08675	1	1	1	1	1	1	0.451198	0.513974	0.513974	1	1	
0.00233346	-nan	0.517142	1.08573	1	1	1	1	1	1	0.451896	0.517142	0.517142	1	1	
0.00242103	-nan	0.52038	1.08468	1	1	1	1	1	1	0.452611	0.52038	0.52038	1	1	
0.00251189	-nan	0.523689	1.08362	1	1	1	1	1	1	0.453342	0.523689	0.523689	1	1	
0.00260615	-nan	0.52707	1.08253	1	1	1	1	1	1	0.454089	0.52707	0.52707	1	1	
0.00270396	-nan	0.530524	1.08142	1	1	1	1	1	1	0.454854	0.530524	0.530524	1	1	
0.00280543	-nan	0.534051	1.08029	1	1	1	1	1	1	0.455637	0.534051	0.534051	1	1	
0.00291072	-nan	0.537653	1.07914	1	1	1	1	1	1	0.456438	0.537653	0.537653	1	1	
0.00301995	-nan	0.541331	1.07796	1	1	1	1	1	1	0.457258	0.541331	0.541331	1	1	
0.00313329	-nan	0.545084	1.07676	1	1	1	1	1	1	0.458098	0.545084	0.545084	1	1	
0.00325087	-nan	0.548914	1.07554	1	1	1	1	1	1	0.458957	0.548914	0.548914	1	1	
0.00337287	-nan	0.552821	1.0743	1	1	1	1	1	1	0.459836	0.552821	0.552821	1	1	
0.00349945	-nan	0.556806	1.07304	1	1	1	1	1	1	0.460737	0.556806	0.556806	1	1	
0.00363078	-nan	0.56087	1.07175	1	1	1	1	1	1	0.461659	0.56087	0.56087	1	1	
0.00376704	-nan	0.565013	1.07044	1	1	1	1	1	1	0.462603	0.565013	0.565013	1	1	
0.00390841	-nan	0.569234	1.06911	1	1	1	1	1	1	0.463569	0.569234	0.569234	1	1	
0.00405509	-nan	0.573536	1.06776	1	1	1	1	1	1	0.464559	0.573536	0.573536	1	1	
0.00420727	-nan	0.577917	1.06638	1	1	1	1	1	1	0.465573	0.577917	0.577917	1	1	
0.00436516	-nan	0.582378	1.06499	1	1	1	1	1	1	0.466611	0.582378	0.582378	1	1	
0.00452898	-nan	0.586919	1.06357	1	1	1	1	1	1	0.467674	0.586919	0.586919	1	1	
0.00469894	-nan	0.59154	1.06213	1	1	1	1	1	1	0.468764	0.59154	0.59154	1	1	
0.00487528	-nan	0.596241	1.06067	1	1	1	1	1	1	0.469879	0.596241	0.596241	1	1	
0.00505825	-nan	0.601021	1.05919	1	1	1	1	1	1	0.471022	0.601021	0.601021	1	1	
0.00524807	-nan	0.60588	1.05769	1	1	1	1	1	1	0.472193	0.60588	0.60588	1	1	
0.00544503	-nan	0.610819	1.05617	1	1	1	1	1	1	0.473393	0.610819	0.610819	1	1	
0.00564937	-nan	0.615835	1.05463	1	1	1	1	1	1	0.474622	0.615835	0.615835	1	1	
0.00586138	-nan	0.620929	1.05307	1	1	1	1	1	1	0.475882	0.620929	0.620929	1	1	
0.00608135	-nan	0.626099	1.05149	1	1	1	1	1	1	0.477172	0.626099	0.626099	1	1	
0.00630957	-nan	0.631345	1.04989	1	1	1	1	1	1	0.478495	0.631345	0.631345	1	1	
0.00654636	-nan	0.636665	1.04828	1	1	1	1	1	1	0.47985	0.636665	0.636665	1	1	
0.00679204	-nan	0.642058	1.04666	1	1	1	1	1	1	0.481239	0.642058	0.642058	1	1	
0.00704693	-nan	0.647524	1.04501	1	1	1	1	1	1	0.482663	0.647524	0.647524	1	1	
0.00731139	-nan	0.65306	1.04336	1	1	1	1	1	1	0.484122	0.65306	0.65306	1	1	
0.00758578	-nan	0.658664	1.04169	1	1	1	1	1	1	0.485617	0.658664	0.658664	1	1	
0.00787046	-nan	0.664335	1.04001	1	1	1	1	1	1	0.48715	0.664335	0.664335	1	1	
0.00816582	-nan	0.670072	1.03832	1	1	1	1	1	1	0.488721	0.670072	0.670072	1	1	
0.00847227	-nan	0.675871	1.03662	1	1	1	1	1	1	0.490331	0.675871	0.675871	1	1	
0.00879023	-nan	0.68173	1.03492	1	1	1	1	1	1	0.491982	0.68173	0.68173	1	1	
0.00912011	-nan	0.687648	1.0332	1	1	1	1	1	1	0.493674	0.687648	0.687648	1	1	
0.00946237	-nan	0.693621	1.03149	1	1	1	1	1	1	0.495408	0.693621	0.693621	1	1	
0.00981748	-nan	0.699648	1.02977	1	1	1	1	1	1	0.497186	0.699648	0.699648	1	1	
0.0101859	-nan	0.705724	1.02805	1	1	1	1	1	1	0.499009	0.705724	0.705724	1	1	
0.0105682	-nan	0.711847	1.02634	1	1	1	1	1	1	0.500877	0.711847	0.711847	1	1	
0.0109648	-nan	0.718014	1.02462	1	1	1	1	1	1	0.502793	0.718014	0.718014	1	1	
0.0113763	-nan	0.724222	1.02292	1	1	1	1	1	1	0.504756	0.724222	0.724222	1	1	
0.0118032	-nan	0.730467	1.02122	1	1	1	1	1	1	0.506769	0.730467	0.730467	1	1	
0.0122462	-nan	0.736746	1.01953	1	1	1	1	1	1	0.508832	0.736746	0.736746	1	1	
0.0127057	-nan	0.743055	1.01786	1	1	1	1	1	1	0.510947	0.743055	0.743055	1	1	
0.0131826	-nan	0.74939	1.01621	1	1	1	1	1	1	0.513115	0.74939	0.74939	1	1	
0.0136773	-nan	0.755747	1.01458	1	1	1	1	1	1	0.515338	0.755747	0.755747	1	1	
0.0141906	-nan	0.762123	1.01297	1	1	1	1	1	1	0.517616	0.762123	0.762123	1	1	
0.0147231	-nan	0.768514	1.01138	1	1	1	1	1	1	0.519951	0.768514	0.768514	1	1	
0.0152757	-nan	0.774915	1.00983	1	1	1	1	1	1	0.522345	0.774915	0.774915	1	1	
0.0158489	-nan	0.781322	1.00831	1	1	1	1	1	1	0.524798	0.781322	0.781322	1	1	
0.0164437	-nan	0.78773	1.00684	1	1	1	1	1	1	0.527313	0.78773	0.78773	1	1	
0.0170608	-nan	0.794137	1.0054	1	1	1	1	1	1	0.529889	0.794137	0.794137	1	1	
0.0177011	-nan	0.800536	1.00401	1	1	1	1	1	1	0.53253	0.800536	0.800536	1	1	
0.0183654	-nan	0.806925	1.00268	1	1	1	1	1	1	0.535236	0.806925	0.806925	1	1	
0.0190546	-nan	0.813297	1.0014	1	1	1	1	1	1	0.538009	0.813297	0.813297	1	1	
0.0197697	-nan	0.81965	1.00018	1	1	1	1	1	1	0.540851	0.81965	0.81965	1	1	
0.0205116	-nan	0.825979	0.999028	1	1	1	1	1	1	0.543762	0.825979	0.825979	1	1	
0.0212814	-nan	0.832278	0.99795	1	1	1	1	1	1	0.546744	0.832278	0.832278	1	1	
0.02208	-nan	0.838545	0.99695	1	1	1	1	1	1	0.549799	0.838545	0.838545	1	1	
0.0229087	-nan	0.844773	0.996034	1	1	1	1	1	1	0.552928	0.844773	0.844773	1	1	
0.0237684	-nan	0.850961	0.995208	1	1	1	1	1	1	0.556133	0.850961	0.850961	1	1	
0.0246604	-nan	0.857102	0.994479	1	1	1	1	1	1	0.559416	0.857102	0.857102	1	1	
0.0255859	-nan	0.863192	0.993853	1	1	1	1	1	1	0.562777	0.863192	0.863192	1	1	
0.0265461	-nan	0.869229	0.993338	1	1	1	1	1	1	0.566218	0.869229	0.869229	1	1	
0.0275423	-nan	0.875207	0.992939	1	1	1	1	1	1	0.569741	0.875207	0.875207	1	1	
0.0285759	-nan	0.881123	0.992665	1	1	1	1	1	1	0.573348	0.881123	0.881123	1	1	
0.0296483	-nan	0.886973	0.992523	1	1	1	1	1	1	0.577039	0.886973	0.886973	1	1	
0.030761	-nan	0.892754	0.992521	1	1	1	1	1	1	0.580817	0.892754	0.892754	1	1	
0.0319154	-nan	0.898461	0.992666	1	1	1	1	1	1	0.584682	0.898461	0.898461	1	1	
0.0331131	-nan	0.904091	0.992967	1	1	1	1	1	1	0.588637	0.904091	0.904091	1	1	
0.0343558	-nan	0.909641	0.993432	1	1	1	1	1	1	0.592683	0.909641	0.909641	1	1	
0.0356451	-nan	0.915107	0.99407	1	1	1	1	1	1	0.59682	0.915107	0.915107	1	1	
0.0369828	-nan	0.920487	0.99489	1	1	1	1	1	1	0.601052	0.920487	0.920487	1	1	
0.0383707	-nan	0.925778	0.9959	1	1	1	1	1	1	0.605378	0.925778	0.925778	1	1	
0.0398107	-nan	0.930976	0.997109	1	1	1	1	1	1	0.6098	0.930976	0.930976	1	1	
0.0413048	-nan	0.936079	0.998527	1	1	1	1	1	1	0.614321	0.936079	0.936079	1	1	
0.0428549	-nan	0.941085	1.00016	1	1	1	1	1	1	0.61894	0.941085	0.941085	1	1	
0.0444631	-nan	0.94599	1.00203	1	1	1	1	1	1	0.623659	0.94599	0.94599	1	1	
0.0461318	-nan	0.950793	1.00413	1	1	1	1	1	1	0.62848	0.950793	0.950793	1	1	
0.047863	-nan	0.955491	1.00647	1	1	1	1	1	1	0.633403	0.955491	0.955491	1	1	
0.0496592	-nan	0.960082	1.00908	1	1	1	1	1	1	0.638431	0.960082	0.960082	1	1	
0.0515229	-nan	0.964565	1.01194	1	1	1	1	1	1	0.643563	0.964565	0.964565	1	1	
0.0534564	-nan	0.968937	1.01509	1	1	1	1	1	1	0.648801	0.968937	0.968937	1	1	
0.0554626	-nan	0.973196	1.01851	1	1	1	1	1	1	0.654146	0.973196	0.973196	1	1	
0.057544	-nan	0.977342	1.02223	1	1	1	1	1	1	0.659599	0.977342	0.977342	1	1	
0.0597035	-nan	0.981372	1.02625	1	1	1	1	1	1	0.665161	0.981372	0.981372	1	1	
0.0619441	-nan	0.985285	1.03058	1	1	1	1	1	1	0.670833	0.985285	0.985285	1	1	
0.0642688	-nan	0.989079	1.03523	1	1	1	1	1	1	0.676615	0.989079	0.989079	1	1	
0.0666807	-nan	0.992753	1.0402	1	1	1	1	1	1	0.682508	0.992753	0.992753	1	1	
0.0691831	-nan	0.996306	1.04551	1	1	1	1	1	1	0.688514	0.996306	0.996306	1	1	
0.0717794	-nan	0.999736	1.05116	1	1	1	1	1	1	0.694632	0.999736	0.999736	1	1	
0.0744732	-nan	1.00304	1.05714	1	1	1	1	1	1	0.700863	1.00304	1.00304	1	1	
0.0772681	-nan	1.00622	1.06348	1	1	1	1	1	1	0.707208	1.00622	1.00622	1	1	
0.0801678	-nan	1.00928	1.07017	1	1	1	1	1	1	0.713668	1.00928	1.00928	1	1	
0.0831764	-nan	1.01221	1.07722	1	1	1	1	1	1	0.720242	1.01221	1.01221	1	1	
0.0862979	-nan	1.01501	1.08462	1	1	1	1	1	1	0.726932	1.01501	1.01501	1	1	
0.0895365	-nan	1.01767	1.09237	1	1	1	1	1	1	0.733737	1.01767	1.01767	1	1	
0.0928966	-nan	1.02021	1.10047	1	1	1	1	1	1	0.740658	1.02021	1.02021	1	1	
0.0963829	-nan	1.02262	1.10892	1	1	1	1	1	1	0.747695	1.02262	1.02262	1	1	
0.1	-nan	1.02489	1.11771	1	1	1	1	1	1	0.754849	1.02489	1.02489	1	1	
0.103614	-nan	1.02695	1.12649	1	1	1	1	1	1	0.761854	1.02695	1.02695	1	1	
0.107229	-nan	1.02882	1.13525	1	1	1	1	1	1	0.768722	1.02882	1.02882	1	1	
0.110843	-nan	1.03051	1.14396	1	1	1	1	1	1	0.77546	1.03051	1.03051	1	1	
0.114458	-nan	1.03204	1.15262	1	1	1	1	1	1	0.782071	1.03204	1.03204	1	1	
0.118072	-nan	1.03342	1.16121	1	1	1	1	1	1	0.788562	1.03342	1.03342	1	1	
0.121687	-nan	1.03466	1.1697	1	1	1	1	1	1	0.794938	1.03466	1.03466	1	1	
0.125301	-nan	1.03577	1.17808	1	1	1	1	1	1	0.801203	1.03577	1.03577	1	1	
0.128916	-nan	1.03676	1.18635	1	1	1	1	1	1	0.807361	1.03676	1.03676	1	1	
0.13253	-nan	1.03764	1.19448	1	1	1	1	1	1	0.813416	1.03764	1.03764	1	1	
0.136145	-nan	1.03842	1.20246	1	1	1	1	1	1	0.819373	1.03842	1.03842	1	1	
0.139759	-nan	1.03909	1.2103	1	1	1	1	1	1	0.825236	1.03909	1.03909	1	1	
0.143373	-nan	1.03968	1.21796	1	1	1	1	1	1	0.831006	1.03968	1.03968	1	1	
0.146988	-nan	1.04017	1.22546	1	1	1	1	1	1	0.836688	1.04017	1.04017	1	1	
0.150602	-nan	1.04059	1.23277	1	1	1	1	1	1	0.842286	1.04059	1.04059	1	1	
0.154217	-nan	1.04092	1.23989	1	1	1	1	1	1	0.8478	1.04092	1.04092	1	1	
0.157831	-nan	1.04119	1.24681	1	1	1	1	1	1	0.853236	1.04119	1.04119	1	1	
0.161446	-nan	1.04139	1.25353	1	1	1	1	1	1	0.858595	1.04139	1.04139	1	1	
0.16506	-nan	1.04152	1.26005	1	1	1	1	1	1	0.86388	1.04152	1.04152	1	1	
0.168675	-nan	1.04159	1.26635	1	1	1	1	1	1	0.869093	1.04159	1.04159	1	1	
0.172289	-nan	1.0416	1.27244	1	1	1	1	1	1	0.874236	1.0416	1.0416	1	1	
0.175904	-nan	1.04155	1.2783	1	1	1	1	1	1	0.879313	1.04155	1.04155	1	1	
0.179518	-nan	1.04145	1.28395	1	1	1	1	1	1	0.884324	1.04145	1.04145	1	1	
0.183133	-nan	1.0413	1.28938	1	1	1	1	1	1	0.889272	1.0413	1.0413	1	1	
0.186747	-nan	1.0411	1.29458	1	1	1	1	1	1	0.894159	1.0411	1.0411	1	1	
0.190361	-nan	1.04086	1.29957	1	1	1	1	1	1	0.898987	1.04086	1.04086	1	1	
0.193976	-nan	1.04057	1.30433	1	1	1	1	1	1	0.903757	1.04057	1.04057	1	1	
0.19759	-nan	1.04024	1.30887	1	1	1	1	1	1	0.908471	1.04024	1.04024	1	1	
0.201205	-nan	1.03987	1.31319	1	1	1	1	1	1	0.913131	1.03987	1.03987	1	1	
0.204819	-nan	1.03946	1.31731	1	1	1	1	1	1	0.917739	1.03946	1.03946	1	1	
0.208434	-nan	1.03902	1.32121	1	1	1	1	1	1	0.922295	1.03902	1.03902	1	1	
0.212048	-nan	1.03854	1.3249	1	1	1	1	1	1	0.926801	1.03854	1.03854	1	1	
0.215663	-nan	1.03802	1.3284	1	1	1	1	1	1	0.931258	1.03802	1.03802	1	1	
0.219277	-nan	1.03747	1.3317	1	1	1	1	1	1	0.935669	1.03747	1.03747	1	1	
0.222892	-nan	1.03689	1.33482	1	1	1	1	1	1	0.940033	1.03689	1.03689	1	1	
0.226506	-nan	1.03628	1.33776	1	1	1	1	1	1	0.944353	1.03628	1.03628	1	1	
0.23012	-nan	1.03564	1.34052	1	1	1	1	1	1	0.948629	1.03564	1.03564	1	1	
0.233735	-nan	1.03497	1.34311	1	1	1	1	1	1	0.952863	1.03497	1.03497	1	1	
0.237349	-nan	1.03428	1.34555	1	1	1	1	1	1	0.957055	1.03428	1.03428	1	1	
0.240964	-nan	1.03356	1.34784	1	1	1	1	1	1	0.961207	1.03356	1.03356	1	1	
0.244578	-nan	1.03281	1.35	1	1	1	1	1	1	0.965319	1.03281	1.03281	1	1	
0.248193	-nan	1.03204	1.35202	1	1	1	1	1	1	0.969393	1.03204	1.03204	1	1	
0.251807	-nan	1.03125	1.35392	1	1	1	1	1	1	0.973429	1.03125	1.03125	1	1	
0.255422	-nan	1.03043	1.35571	1	1	1	1	1	1	0.977428	1.03043	1.03043	1	1	
0.259036	-nan	1.02959	1.3574	1	1	1	1	1	1	0.981391	1.02959	1.02959	1	1	
0.262651	-nan	1.02873	1.35899	1	1	1	1	1	1	0.985319	1.02873	1.02873	1	1	
0.266265	-nan	1.02785	1.3605	1	1	1	1	1	1	0.989212	1.02785	1.02785	1	1	
0.26988	-nan	1.02695	1.36194	1	1	1	1	1	1	0.993072	1.02695	1.02695	1	1	
0.273494	-nan	1.02603	1.36332	1	1	1	1	1	1	0.996898	1.02603	1.02603	1	1	
0.277108	-nan	1.02509	1.36464	1	1	1	1	1	1	1.00069	1.02509	1.02509	1	1	
0.280723	-nan	1.02414	1.36591	1	1	1	1	1	1	1.00445	1.02414	1.02414	1	1	
0.284337	-nan	1.02316	1.36715	1	1	1	1	1	1	1.00818	1.02316	1.02316	1	1	
0.287952	-nan	1.02217	1.36835	1	1	1	1	1	1	1.01188	1.02217	1.02217	1	1	
0.291566	-nan	1.02117	1.36954	1	1	1	1	1	1	1.01555	1.02117	1.02117	1	1	
0.295181	-nan	1.02015	1.37071	1	1	1	1	1	1	1.01919	1.02015	1.02015	1	1	
0.298795	-nan	1.01911	1.37187	1	1	1	1	1	1	1.0228	1.01911	1.01911	1	1	
0.30241	-nan	1.01805	1.37304	1	1	1	1	1	1	1.02638	1.01805	1.01805	1	1	
0.306024	-nan	1.01699	1.3742	1	1	1	1	1	1	1.02993	1.01699	1.01699	1	1	
0.309639	-nan	1.01591	1.37538	1	1	1	1	1	1	1.03346	1.01591	1.01591	1	1	
0.313253	-nan	1.01481	1.37658	1	1	1	1	1	1	1.03695	1.01481	1.01481	1	1	
0.316867	-nan	1.01371	1.3778	1	1	1	1	1	1	1.04042	1.01371	1.01371	1	1	
0.320482	-nan	1.01259	1.37904	1	1	1	1	1	1	1.04386	1.01259	1.01259	1	1	
0.324096	-nan	1.01145	1.38032	1	1	1	1	1	1	1.04727	1.01145	1.01145	1	1	
0.327711	-nan	1.01031	1.38163	1	1	1	1	1	1	1.05065	1.01031	1.01031	1	1	
0.331325	-nan	1.00915	1.38297	1	1	1	1	1	1	1.05401	1.00915	1.00915	1	1	
0.33494	-nan	1.00798	1.38436	1	1	1	1	1	1	1.05734	1.00798	1.00798	1	1	
0.338554	-nan	1.00681	1.38578	1	1	1	1	1	1	1.06064	1.00681	1.00681	1	1	
0.342169	-nan	1.00562	1.38725	1	1	1	1	1	1	1.06391	1.00562	1.00562	1	1	
0.345783	-nan	1.00442	1.38877	1	1	1	1	1	1	1.06716	1.00442	1.00442	1	1	
0.349398	-nan	1.00321	1.39033	1	1	1	1	1	1	1.07038	1.00321	1.00321	1	1	
0.353012	-nan	1.00199	1.39194	1	1	1	1	1	1	1.07358	1.00199	1.00199	1	1	
0.356627	-nan	1.00076	1.3936	1	1	1	1	1	1	1.07674	1.00076	1.00076	1	1	
0.360241	-nan	0.999525	1.39531	1	1	1	1	1	1	1.07988	0.999525	0.999525	1	1	
0.363855	-nan	0.998279	1.39707	1	1	1	1	1	1	1.08299	0.998279	0.998279	1	1	
0.36747	-nan	0.997025	1.39887	1	1	1	1	1	1	1.08607	0.997025	0.997025	1	1	
0.371084	-nan	0.995762	1.40073	1	1	1	1	1	1	1.08912	0.995762	0.995762	1	1	
0.374699	-nan	0.994491	1.40263	1	1	1	1	1	1	1.09214	0.994491	0.994491	1	1	
0.378313	-nan	0.993212	1.40458	1	1	1	1	1	1	1.09513	0.993212	0.993212	1	1	
0.381928	-nan	0.991926	1.40658	1	1	1	1	1	1	1.09809	0.991926	0.991926	1	1	
0.385542	-nan	0.990633	1.40862	1	1	1	1	1	1	1.10102	0.990633	0.990633	1	1	
0.389157	-nan	0.989332	1.41071	1	1	1	1	1	1	1.10392	0.989332	0.989332	1	1	
0.392771	-nan	0.988025	1.41284	1	1	1	1	1	1	1.10678	0.988025	0.988025	1	1	
0.396386	-nan	0.986711	1.41501	1	1	1	1	1	1	1.10961	0.986711	0.986711	1	1	
0.4	-nan	0.98539	1.41723	1	1	1	1	1	1	1.11241	0.98539	0.98539	1	1	
0.403614	-nan	0.984064	1.41948	1	1	1	1	1	1	1.11517	0.984064	0.984064	1	1	
0.407229	-nan	0.982731	1.42177	1	1	1	1	1	1	1.1179	0.982731	0.982731	1	1	
0.410843	-nan	0.981393	1.4241	1	1	1	1	1	1	1.12058	0.981393	0.981393	1	1	
0.414458	-nan	0.980049	1.42646	1	1	1	1	1	1	1.12323	0.980049	0.980049	1	1	
0.418072	-nan	0.978699	1.42886	1	1	1	1	1	1	1.12584	0.978699	0.978699	1	1	
0.421687	-nan	0.977345	1.43129	1	1	1	1	1	1	1.12841	0.977345	0.977345	1	1	
0.425301	-nan	0.975985	1.43375	1	1	1	1	1	1	1.13093	0.975985	0.975985	1	1	
0.428916	-nan	0.97462	1.43624	1	1	1	1	1	1	1.13341	0.97462	0.97462	1	1	
0.43253	-nan	0.973251	1.43875	1	1	1	1	1	1	1.13585	0.973251	0.973251	1	1	
0.436145	-nan	0.971877	1.44129	1	1	1	1	1	1	1.13823	0.971877	0.971877	1	1	
0.439759	-nan	0.970499	1.44385	1	1	1	1	1	1	1.14057	0.970499	0.970499	1	1	
0.443373	-nan	0.969116	1.44644	1	1	1	1	1	1	1.14285	0.969116	0.969116	1	1	
0.446988	-nan	0.967729	1.44905	1	1	1	1	1	1	1.14508	0.967729	0.967729	1	1	
0.450602	-nan	0.966339	1.45167	1	1	1	1	1	1	1.14726	0.966339	0.966339	1	1	
0.454217	-nan	0.964945	1.45432	1	1	1	1	1	1	1.14937	0.964945	0.964945	1	1	
0.457831	-nan	0.963547	1.45698	1	1	1	1	1	1	1.15143	0.963547	0.963547	1	1	
0.461446	-nan	0.962145	1.45966	1	1	1	1	1	1	1.15342	0.962145	0.962145	1	1	
0.46506	-nan	0.96074	1.46235	1	1	1	1	1	1	1.15534	0.96074	0.96074	1	1	
0.468675	-nan	0.959332	1.46505	1	1	1	1	1	1	1.1572	0.959332	0.959332	1	1	
0.472289	-nan	0.957921	1.46776	1	1	1	1	1	1	1.15898	0.957921	0.957921	1	1	
0.475904	-nan	0.956507	1.47049	1	1	1	1	1	1	1.16069	0.956507	0.956507	1	1	
0.479518	-nan	0.955091	1.47322	1	1	1	1	1	1	1.16232	0.955091	0.955091	1	1	
0.483133	-nan	0.953671	1.47596	1	1	1	1	1	1	1.16387	0.953671	0.953671	1	1	
0.486747	-nan	0.952249	1.47871	1	1	1	1	1	1	1.16534	0.952249	0.952249	1	1	
0.490361	-nan	0.950824	1.48146	1	1	1	1	1	1	1.16672	0.950824	0.950824	1	1	
0.493976	-nan	0.949398	1.48422	1	1	1	1	1	1	1.168	0.949398	0.949398	1	1	
0.49759	-nan	0.947968	1.48698	1	1	1	1	1	1	1.16919	0.947968	0.947968	1	1	
0.501205	-nan	0.946537	1.48974	1	1	1	1	1	1	1.17028	0.946537	0.946537	1	1	
0.504819	-nan	0.945104	1.49251	1	1	1	1	1	1	1.17127	0.945104	0.945104	1	1	
0.508434	-nan	0.943669	1.49527	1	1	1	1	1	1	1.17214	0.943669	0.943669	1	1	
0.512048	-nan	0.942232	1.49804	1	1	1	1	1	1	1.17291	0.942232	0.942232	1	1	
0.515663	-nan	0.940793	1.50081	1	1	1	1	1	1	1.17356	0.940793	0.940793	1	1	
0.519277	-nan	0.939353	1.50357	1	1	1	1	1	1	1.17409	0.939353	0.939353	1	1	
0.522892	-nan	0.937912	1.50633	1	1	1	1	1	1	1.17449	0.937912	0.937912	1	1	
0.526506	-nan	0.936469	1.50909	1	1	1	1	1	1	1.17476	0.936469	0.936469	1	1	
0.53012	-nan	0.935024	1.51185	1	1	1	1	1	1	1.1749	0.935024	0.935024	1	1	
0.533735	-nan	0.933579	1.5146	1	1	1	1	1	1	1.1749	0.933579	0.933579	1	1	
0.537349	-nan	0.932132	1.51735	1	1	1	1	1	1	1.17475	0.932132	0.932132	1	1	
0.540964	-nan	0.930684	1.52009	1	1	1	1	1	1	1.17446	0.930684	0.930684	1	1	
0.544578	-nan	0.929236	1.52283	1	1	1	1	1	1	1.17401	0.929236	0.929236	1	1	
0.548193	-nan	0.927786	1.52556	1	1	1	1	1	1	1.1734	0.927786	0.927786	1	1	
0.551807	-nan	0.926336	1.52829	1	1	1	1	1	1	1.17263	0.926336	0.926336	1	1	
0.555422	-nan	0.924885	1.531	1	1	1	1	1	1	1.17169	0.924885	0.924885	1	1	
0.559036	-nan	0.923434	1.53371	1	1	1	1	1	1	1.17058	0.923434	0.923434	1	1	
0.562651	-nan	0.921981	1.53642	1	1	1	1	1	1	1.1693	0.921981	0.921981	1	1	
0.566265	-nan	0.920529	1.53911	1	1	1	1	1	1	1.16783	0.920529	0.920529	1	1	
0.56988	-nan	0.919076	1.5418	1	1	1	1	1	1	1.16617	0.919076	0.919076	1	1	
0.573494	-nan	0.917623	1.54447	1	1	1	1	1	1	1.16433	0.917623	0.917623	1	1	
0.577108	-nan	0.916169	1.54714	1	1	1	1	1	1	1.1623	0.916169	0.916169	1	1	
0.580723	-nan	0.914715	1.5498	1	1	1	1	1	1	1.16007	0.914715	0.914715	1	1	
0.584337	-nan	0.913262	1.55245	1	1	1	1	1	1	1.15764	0.913262	0.913262	1	1	
0.587952	-nan	0.911808	1.55509	1	1	1	1	1	1	1.155	0.911808	0.911808	1	1	
0.591566	-nan	0.910354	1.55771	1	1	1	1	1	1	1.15217	0.910354	0.910354	1	1	
0.595181	-nan	0.9089	1.56033	1	1	1	1	1	1	1.14912	0.9089	0.9089	1	1	
0.598795	-nan	0.907447	1.56294	1	1	1	1	1	1	1.14587	0.907447	0.907447	1	1	
0.60241	-nan	0.905993	1.56554	1	1	1	1	1	1	1.14241	0.905993	0.905993	1	1	
0.606024	-nan	0.90454	1.56812	1	1	1	1	1	1	1.13874	0.90454	0.90454	1	1	
0.609639	-nan	0.903087	1.5707	1	1	1	1	1	1	1.13486	0.903087	0.903087	1	1	
0.613253	-nan	0.901635	1.57326	1	1	1	1	1	1	1.13076	0.901635	0.901635	1	1	
0.616867	-nan	0.900183	1.57582	1	1	1	1	1	1	1.12646	0.900183	0.900183	1	1	
0.620482	-nan	0.898731	1.57836	1	1	1	1	1	1	1.12195	0.898731	0.898731	1	1	
0.624096	-nan	0.89728	1.58089	1	1	1	1	1	1	1.11724	0.89728	0.89728	1	1	
0.627711	-nan	0.89583	1.58341	1	1	1	1	1	1	1.11232	0.89583	0.89583	1	1	
0.631325	-nan	0.89438	1.58592	1	1	1	1	1	1	1.10721	0.89438	0.89438	1	1	
0.63494	-nan	0.892931	1.58841	1	1	1	1	1	1	1.10189	0.892931	0.892931	1	1	
0.638554	-nan	0.891483	1.5909	1	1	1	1	1	1	1.09639	0.891483	0.891483	1	1	
0.642169	-nan	0.890036	1.59337	1	1	1	1	1	1	1.0907	0.890036	0.890036	1	1	
0.645783	-nan	0.888589	1.59583	1	1	1	1	1	1	1.08484	0.888589	0.888589	1	1	
0.649398	-nan	0.887143	1.59828	1	1	1	1	1	1	1.0788	0.887143	0.887143	1	1	
0.653012	-nan	0.885698	1.60071	1	1	1	1	1	1	1.07259	0.885698	0.885698	1	1	
0.656627	-nan	0.884254	1.60314	1	1	1	1	1	1	1.06623	0.884254	0.884254	1	1	
0.660241	-nan	0.882811	1.60555	1	1	1	1	1	1	1.05972	0.882811	0.882811	1	1	
0.663855	-nan	0.881369	1.60795	1	1	1	1	1	1	1.05307	0.881369	0.881369	1	1	
0.66747	-nan	0.879929	1.61034	1	1	1	1	1	1	1.04629	0.879929	0.879929	1	1	
0.671084	-nan	0.878489	1.61272	1	1	1	1	1	1	1.03938	0.878489	0.878489	1	1	
0.674699	-nan	0.87705	1.61509	1	1	1	1	1	1	1.03237	0.87705	0.87705	1	1	
0.678313	-nan	0.875613	1.61744	1	1	1	1	1	1	1.02526	0.875613	0.875613	1	1	
0.681928	-nan	0.874177	1.61978	1	1	1	1	1	1	1.01806	0.874177	0.874177	1	1	
0.685542	-nan	0.872742	1.62211	1	1	1	1	1	1	1.01078	0.872742	0.872742	1	1	
0.689157	-nan	0.871309	1.62443	1	1	1	1	1	1	1.00344	0.871309	0.871309	1	1	
0.692771	-nan	0.869876	1.62674	1	1	1	1	1	1	0.996048	0.869876	0.869876	1	1	
0.696386	-nan	0.868445	1.62903	1	1	1	1	1	1	0.988611	0.868445	0.868445	1	1	
0.7	-nan	0.867016	1.63131	1	1	1	1	1	1	0.981145	0.867016	0.867016	1	1	
0.703614	-nan	0.865588	1.63359	1	1	1	1	1	1	0.973662	0.865588	0.865588	1	1	
0.707229	-nan	0.864161	1.63585	1	1	1	1	1	1	0.966172	0.864161	0.864161	1	1	
0.710843	-nan	0.862736	1.63809	1	1	1	1	1	1	0.958688	0.862736	0.862736	1	1	
0.714458	-nan	0.861313	1.64033	1	1	1	1	1	1	0.951221	0.861313	0.861313	1	1	
0.718072	-nan	0.859891	1.64255	1	1	1	1	1	1	0.943783	0.859891	0.859891	1	1	
0.721687	-nan	0.85847	1.64477	1	1	1	1	1	1	0.936384	0.85847	0.85847	1	1	
0.725301	-nan	0.857051	1.64697	1	1	1	1	1	1	0.929034	0.857051	0.857051	1	1	
0.728916	-nan	0.855634	1.64916	1	1	1	1	1	1	0.921745	0.855634	0.855634	1	1	
0.73253	-nan	0.854218	1.65134	1	1	1	1	1	1	0.914525	0.854218	0.854218	1	1	
0.736145	-nan	0.852804	1.65351	1	1	1	1	1	1	0.907385	0.852804	0.852804	1	1	
0.739759	-nan	0.851392	1.65566	1	1	1	1	1	1	0.900332	0.851392	0.851392	1	1	
0.743373	-nan	0.849981	1.65781	1	1	1	1	1	1	0.893376	0.849981	0.849981	1	1	
0.746988	-nan	0.848572	1.65994	1	1	1	1	1	1	0.886523	0.848572	0.848572	1	1	
0.750602	-nan	0.847165	1.66207	1	1	1	1	1	1	0.879782	0.847165	0.847165	1	1	
0.754217	-nan	0.845759	1.66418	1	1	1	1	1	1	0.873159	0.845759	0.845759	1	1	
0.757831	-nan	0.844356	1.66628	1	1	1	1	1	1	0.866659	0.844356	0.844356	1	1	
0.761446	-nan	0.842954	1.66837	1	1	1	1	1	1	0.860289	0.842954	0.842954	1	1	
0.76506	-nan	0.841554	1.67045	1	1	1	1	1	1	0.854053	0.841554	0.841554	1	1	
0.768675	-nan	0.840155	1.67252	1	1	1	1	1	1	0.847956	0.840155	0.840155	1	1	
0.772289	-nan	0.838759	1.67457	1	1	1	1	1	1	0.842002	0.838759	0.838759	1	1	
0.775904	-nan	0.837364	1.67662	1	1	1	1	1	1	0.836194	0.837364	0.837364	1	1	
0.779518	-nan	0.835972	1.67866	1	1	1	1	1	1	0.830535	0.835972	0.835972	1	1	
0.783133	-nan	0.834581	1.68068	1	1	1	1	1	1	0.825027	0.834581	0.834581	1	1	
0.786747	-nan	0.833192	1.6827	1	1	1	1	1	1	0.819671	0.833192	0.833192	1	1	
0.790361	-nan	0.831805	1.6847	1	1	1	1	1	1	0.81447	0.831805	0.831805	1	1	
0.793976	-nan	0.83042	1.6867	1	1	1	1	1	1	0.809425	0.83042	0.83042	1	1	
0.79759	-nan	0.829037	1.68868	1	1	1	1	1	1	0.804535	0.829037	0.829037	1	1	
0.801205	-nan	0.827656	1.69065	1	1	1	1	1	1	0.7998	0.827656	0.827656	1	1	
0.804819	-nan	0.826277	1.69261	1	1	1	1	1	1	0.795222	0.826277	0.826277	1	1	
0.808434	-nan	0.8249	1.69457	1	1	1	1	1	1	0.790798	0.8249	0.8249	1	1	
0.812048	-nan	0.823525	1.69651	1	1	1	1	1	1	0.786528	0.823525	0.823525	1	1	
0.815663	-nan	0.822152	1.69844	1	1	1	1	1	1	0.782411	0.822152	0.822152	1	1	
0.819277	-nan	0.820781	1.70036	1	1	1	1	1	1	0.778446	0.820781	0.820781	1	1	
0.822892	-nan	0.819412	1.70227	1	1	1	1	1	1	0.774629	0.819412	0.819412	1	1	
0.826506	-nan	0.818044	1.70418	1	1	1	1	1	1	0.770961	0.818044	0.818044	1	1	
0.83012	-nan	0.816679	1.70607	1	1	1	1	1	1	0.767437	0.816679	0.816679	1	1	
0.833735	-nan	0.815316	1.70795	1	1	1	1	1	1	0.764057	0.815316	0.815316	1	1	
0.837349	-nan	0.813956	1.70982	1	1	1	1	1	1	0.760817	0.813956	0.813956	1	1	
0.840964	-nan	0.812597	1.71168	1	1	1	1	1	1	0.757716	0.812597	0.812597	1	1	
0.844578	-nan	0.81124	1.71353	1	1	1	1	1	1	0.754749	0.81124	0.81124	1	1	
0.848193	-nan	0.809885	1.71538	1	1	1	1	1	1	0.751915	0.809885	0.809885	1	1	
0.851807	-nan	0.808533	1.71721	1	1	1	1	1	1	0.74921	0.808533	0.808533	1	1	
0.855422	-nan	0.807182	1.71903	1	1	1	1	1	1	0.746632	0.807182	0.807182	1	1	
0.859036	-nan	0.805834	1.72084	1	1	1	1	1	1	0.744177	0.805834	0.805834	1	1	
0.862651	-nan	0.804487	1.72265	1	1	1	1	1	1	0.741842	0.804487	0.804487	1	1	
0.866265	-nan	0.803143	1.72444	1	1	1	1	1	1	0.739625	0.803143	0.803143	1	1	
0.86988	-nan	0.801801	1.72622	1	1	1	1	1	1	0.737521	0.801801	0.801801	1	1	
0.873494	-nan	0.800461	1.728	1	1	1	1	1	1	0.735529	0.800461	0.800461	1	1	
0.877108	-nan	0.799123	1.72976	1	1	1	1	1	1	0.733644	0.799123	0.799123	1	1	
0.880723	-nan	0.797787	1.73152	1	1	1	1	1	1	0.731864	0.797787	0.797787	1	1	
0.884337	-nan	0.796453	1.73326	1	1	1	1	1	1	0.730185	0.796453	0.796453	1	1	
0.887952	-nan	0.795122	1.735	1	1	1	1	1	1	0.728606	0.795122	0.795122	1	1	
0.891566	-nan	0.793792	1.73673	1	1	1	1	1	1	0.727121	0.793792	0.793792	1	1	
0.895181	-nan	0.792465	1.73845	1	1	1	1	1	1	0.725729	0.792465	0.792465	1	1	
0.898795	-nan	0.791139	1.74015	1	1	1	1	1	1	0.724427	0.791139	0.791139	1	1	
0.90241	-nan	0.789816	1.74185	1	1	1	1	1	1	0.723211	0.789816	0.789816	1	1	
0.906024	-nan	0.788495	1.74354	1	1	1	1	1	1	0.72208	0.788495	0.788495	1	1	
0.909639	-nan	0.787176	1.74522	1	1	1	1	1	1	0.721029	0.787176	0.787176	1	1	
0.913253	-nan	0.78586	1.74689	1	1	1	1	1	1	0.720057	0.78586	0.78586	1	1	
0.916867	-nan	0.784545	1.74855	1	1	1	1	1	1	0.71916	0.784545	0.784545	1	1	
0.920482	-nan	0.783233	1.75021	1	1	1	1	1	1	0.718337	0.783233	0.783233	1	1	
0.924096	-nan	0.781922	1.75185	1	1	1	1	1	1	0.717584	0.781922	0.781922	1	1	
0.927711	-nan	0.780614	1.75348	1	1	1	1	1	1	0.716899	0.780614	0.780614	1	1	
0.931325	-nan	0.779308	1.75511	1	1	1	1	1	1	0.71628	0.779308	0.779308	1	1	
0.93494	-nan	0.778004	1.75673	1	1	1	1	1	1	0.715724	0.778004	0.778004	1	1	
0.938554	-nan	0.776702	1.75833	1	1	1	1	1	1	0.715229	0.776702	0.776702	1	1	
0.942169	-nan	0.775402	1.75993	1	1	1	1	1	1	0.714793	0.775402	0.775402	1	1	
0.945783	-nan	0.774104	1.76152	1	1	1	1	1	1	0.714414	0.774104	0.774104	1	1	
0.949398	-nan	0.772809	1.7631	1	1	1	1	1	1	0.714089	0.772809	0.772809	1	1	
0.953012	-nan	0.771515	1.76467	1	1	1	1	1	1	0.713817	0.771515	0.771515	1	1	
0.956627	-nan	0.770224	1.76623	1	1	1	1	1	1	0.713595	0.770224	0.770224	1	1	
0.960241	-nan	0.768935	1.76778	1	1	1	1	1	1	0.713422	0.768935	0.768935	1	1	
0.963855	-nan	0.767647	1.76932	1	1	1	1	1	1	0.713296	0.767647	0.767647	1	1	
0.96747	-nan	0.766362	1.77086	1	1	1	1	1	1	0.713216	0.766362	0.766362	1	1	
0.971084	-nan	0.765079	1.77238	1	1	1	1	1	1	0.713178	0.765079	0.765079	1	1	
0.974699	-nan	0.763798	1.7739	1	1	1	1	1	1	0.713183	0.763798	0.763798	1	1	
0.978313	-nan	0.76252	1.7754	1	1	1	1	1	1	0.713227	0.76252	0.76252	1	1	
0.981928	-nan	0.761243	1.7769	1	1	1	1	1	1	0.71331	0.761243	0.761243	1	1	
0.985542	-nan	0.759968	1.77839	1	1	1	1	1	1	0.71343	0.759968	0.759968	1	1	
0.989157	-nan	0.758696	1.77987	1	1	1	1	1	1	0.713586	0.758696	0.758696	1	1	
0.992771	-nan	0.757425	1.78134	1	1	1	1	1	1	0.713776	0.757425	0.757425	1	1	
0.996386	-nan	0.756157	1.7828	1	1	1	1	1	1	0.714	0.756157	0.756157	1	1	
1	-nan	-nan	-nan	-nan	-nan	-nan	-nan	-nan	-nan	-nan	-nan	-nan	-nan	-nan	
