1e-05	-nan	0.165597	0.0237018	1	1	1	1	1	1	7.42724	0.165597	0.165597	1	1	
1.03753e-05	-nan	0.167109	0.0241032	1	1	1	1	1	1	7.42717	0.167109	0.167109	1	1	
1.07647e-05	-nan	0.168636	0.0245099	1	1	1	1	1	1	7.42709	0.168636	0.168636	1	1	
1.11686e-05	-nan	0.170176	0.0249221	1	1	1	1	1	1	7.42701	0.170176	0.170176	1	1	
1.15878e-05	-nan	0.171731	0.0253397	1	1	1	1	1	1	7.42693	0.171731	0.171731	1	1	
1.20226e-05	-nan	0.1733	0.0257629	1	1	1	1	1	1	7.42685	0.1733	0.1733	1	1	
1.24738e-05	-nan	0.174884	0.0261917	1	1	1	1	1	1	7.42677	0.174884	0.174884	1	1	
1.2942e-05	-nan	0.176482	0.0266262	1	1	1	1	1	1	7.42669	0.176482	0.176482	1	1	
1.34276e-05	-nan	0.178096	0.0270664	1	1	1	1	1	1	7.42661	0.178096	0.178096	1	1	
1.39316e-05	-nan	0.179724	0.0275125	1	1	1	1	1	1	7.42652	0.179724	0.179724	1	1	
1.44544e-05	-nan	0.181367	0.0279644	1	1	1	1	1	1	7.42644	0.181367	0.181367	1	1	
1.49968e-05	-nan	0.183025	0.0284223	1	1	1	1	1	1	7.42635	0.183025	0.183025	1	1	
1.55597e-05	-nan	0.184698	0.0288862	1	1	1	1	1	1	7.42627	0.184698	0.184698	1	1	
1.61436e-05	-nan	0.186386	0.0293561	1	1	1	1	1	1	7.42618	0.186386	0.186386	1	1	
1.67494e-05	-nan	0.18809	0.0298322	1	1	1	1	1	1	7.42609	0.18809	0.18809	1	1	
1.7378e-05	-nan	0.189809	0.0303145	1	1	1	1	1	1	7.426	0.189809	0.189809	1	1	
1.80302e-05	-nan	0.191544	0.0308031	1	1	1	1	1	1	7.42591	0.191544	0.191544	1	1	
1.87068e-05	-nan	0.193295	0.031298	1	1	1	1	1	1	7.42582	0.193295	0.193295	1	1	
1.94089e-05	-nan	0.195061	0.0317994	1	1	1	1	1	1	7.42573	0.195061	0.195061	1	1	
2.01372e-05	-nan	0.196843	0.0323073	1	1	1	1	1	1	7.42564	0.196843	0.196843	1	1	
2.0893e-05	-nan	0.198641	0.0328218	1	1	1	1	1	1	7.42554	0.198641	0.198641	1	1	
2.1677e-05	-nan	0.200455	0.0333429	1	1	1	1	1	1	7.42545	0.200455	0.200455	1	1	
2.24905e-05	-nan	0.202286	0.0338707	1	1	1	1	1	1	7.42535	0.202286	0.202286	1	1	
2.33346e-05	-nan	0.204132	0.0344054	1	1	1	1	1	1	7.42525	0.204132	0.204132	1	1	
2.42103e-05	-nan	0.205995	0.0349469	1	1	1	1	1	1	7.42515	0.205995	0.205995	1	1	
2.51189e-05	-nan	0.207875	0.0354954	1	1	1	1	1	1	7.42505	0.207875	0.207875	1	1	
2.60615e-05	-nan	0.209771	0.0360509	1	1	1	1	1	1	7.42495	0.209771	0.209771	1	1	
2.70396e-05	-nan	0.211684	0.0366136	1	1	1	1	1	1	7.42485	0.211684	0.211684	1	1	
2.80543e-05	-nan	0.213613	0.0371834	1	1	1	1	1	1	7.42474	0.213613	0.213613	1	1	
2.91072e-05	-nan	0.21556	0.0377606	1	1	1	1	1	1	7.42464	0.21556	0.21556	1	1	
3.01995e-05	-nan	0.217523	0.0383451	1	1	1	1	1	1	7.42453	0.217523	0.217523	1	1	
3.13329e-05	-nan	0.219504	0.0389371	1	1	1	1	1	1	7.42442	0.219504	0.219504	1	1	
3.25087e-05	-nan	0.221501	0.0395366	1	1	1	1	1	1	7.42431	0.221501	0.221501	1	1	
3.37287e-05	-nan	0.223516	0.0401437	1	1	1	1	1	1	7.42419	0.223516	0.223516	1	1	
3.49945e-05	-nan	0.225548	0.0407586	1	1	1	1	1	1	7.42408	0.225548	0.225548	1	1	
3.63078e-05	-nan	0.227598	0.0413813	1	1	1	1	1	1	7.42396	0.227598	0.227598	1	1	
3.76704e-05	-nan	0.229665	0.0420118	1	1	1	1	1	1	7.42385	0.229665	0.229665	1	1	
3.90841e-05	-nan	0.23175	0.0426504	1	1	1	1	1	1	7.42373	0.23175	0.23175	1	1	
4.05509e-05	-nan	0.233852	0.043297	1	1	1	1	1	1	7.42361	0.233852	0.233852	1	1	
4.20727e-05	-nan	0.235972	0.0439519	1	1	1	1	1	1	7.42348	0.235972	0.235972	1	1	
4.36516e-05	-nan	0.238111	0.044615	1	1	1	1	1	1	7.42336	0.238111	0.238111	1	1	
4.52898e-05	-nan	0.240267	0.0452865	1	1	1	1	1	1	7.42323	0.240267	0.240267	1	1	
4.69894e-05	-nan	0.242441	0.0459664	1	1	1	1	1	1	7.4231	0.242441	0.242441	1	1	
4.87528e-05	-nan	0.244634	0.0466549	1	1	1	1	1	1	7.42297	0.244634	0.244634	1	1	
5.05825e-05	-nan	0.246844	0.0473521	1	1	1	1	1	1	7.42284	0.246844	0.246844	1	1	
5.24807e-05	-nan	0.249073	0.0480581	1	1	1	1	1	1	7.42271	0.249073	0.249073	1	1	
5.44503e-05	-nan	0.251321	0.048773	1	1	1	1	1	1	7.42257	0.251321	0.251321	1	1	
5.64937e-05	-nan	0.253586	0.0494969	1	1	1	1	1	1	7.42243	0.253586	0.253586	1	1	
5.86138e-05	-nan	0.255871	0.0502298	1	1	1	1	1	1	7.42229	0.255871	0.255871	1	1	
6.08135e-05	-nan	0.258174	0.050972	1	1	1	1	1	1	7.42215	0.258174	0.258174	1	1	
6.30957e-05	-nan	0.260496	0.0517235	1	1	1	1	1	1	7.422	0.260496	0.260496	1	1	
6.54636e-05	-nan	0.262836	0.0524844	1	1	1	1	1	1	7.42185	0.262836	0.262836	1	1	
6.79204e-05	-nan	0.265196	0.0532548	1	1	1	1	1	1	7.4217	0.265196	0.265196	1	1	
7.04693e-05	-nan	0.267574	0.054035	1	1	1	1	1	1	7.42155	0.267574	0.267574	1	1	
7.31139e-05	-nan	0.269972	0.0548249	1	1	1	1	1	1	7.42139	0.269972	0.269972	1	1	
7.58578e-05	-nan	0.272388	0.0556247	1	1	1	1	1	1	7.42123	0.272388	0.272388	1	1	
7.87046e-05	-nan	0.274824	0.0564345	1	1	1	1	1	1	7.42107	0.274824	0.274824	1	1	
8.16582e-05	-nan	0.277279	0.0572545	1	1	1	1	1	1	7.42091	0.277279	0.277279	1	1	
8.47227e-05	-nan	0.279753	0.0580848	1	1	1	1	1	1	7.42074	0.279753	0.279753	1	1	
8.79023e-05	-nan	0.282247	0.0589254	1	1	1	1	1	1	7.42057	0.282247	0.282247	1	1	
9.12011e-05	-nan	0.28476	0.0597766	1	1	1	1	1	1	7.4204	0.28476	0.28476	1	1	
9.46237e-05	-nan	0.287293	0.0606385	1	1	1	1	1	1	7.42022	0.287293	0.287293	1	1	
9.81748e-05	-nan	0.289845	0.0615111	1	1	1	1	1	1	7.42004	0.289845	0.289845	1	1	
0.000101859	-nan	0.292417	0.0623947	1	1	1	1	1	1	7.41986	0.292417	0.292417	1	1	
0.000105682	-nan	0.295008	0.0632894	1	1	1	1	1	1	7.41967	0.295008	0.295008	1	1	
0.000109648	-nan	0.297619	0.0641953	1	1	1	1	1	1	7.41948	0.297619	0.297619	1	1	
0.000113763	-nan	0.30025	0.0651126	1	1	1	1	1	1	7.41929	0.30025	0.30025	1	1	
0.000118032	-nan	0.302901	0.0660413	1	1	1	1	1	1	7.41909	0.302901	0.302901	1	1	
0.000122462	-nan	0.305572	0.0669817	1	1	1	1	1	1	7.41889	0.305572	0.305572	1	1	
0.000127057	-nan	0.308263	0.067934	1	1	1	1	1	1	7.41869	0.308263	0.308263	1	1	
0.000131826	-nan	0.310973	0.0688982	1	1	1	1	1	1	7.41848	0.310973	0.310973	1	1	
0.000136773	-nan	0.313704	0.0698745	1	1	1	1	1	1	7.41827	0.313704	0.313704	1	1	
0.000141906	-nan	0.316455	0.0708631	1	1	1	1	1	1	7.41805	0.316455	0.316455	1	1	
0.000147231	-nan	0.319225	0.0718642	1	1	1	1	1	1	7.41783	0.319225	0.319225	1	1	
0.000152757	-nan	0.322016	0.0728779	1	1	1	1	1	1	7.41761	0.322016	0.322016	1	1	
0.000158489	-nan	0.324828	0.0739043	1	1	1	1	1	1	7.41738	0.324828	0.324828	1	1	
0.000164437	-nan	0.327659	0.0749437	1	1	1	1	1	1	7.41715	0.327659	0.327659	1	1	
0.000170608	-nan	0.330511	0.0759963	1	1	1	1	1	1	7.41691	0.330511	0.330511	1	1	
0.000177011	-nan	0.333383	0.0770622	1	1	1	1	1	1	7.41667	0.333383	0.333383	1	1	
0.000183654	-nan	0.336275	0.0781415	1	1	1	1	1	1	7.41643	0.336275	0.336275	1	1	
0.000190546	-nan	0.339187	0.0792346	1	1	1	1	1	1	7.41617	0.339187	0.339187	1	1	
0.000197697	-nan	0.34212	0.0803415	1	1	1	1	1	1	7.41592	0.34212	0.34212	1	1	
0.000205116	-nan	0.345074	0.0814625	1	1	1	1	1	1	7.41566	0.345074	0.345074	1	1	
0.000212814	-nan	0.348048	0.0825978	1	1	1	1	1	1	7.41539	0.348048	0.348048	1	1	
0.0002208	-nan	0.351042	0.0837475	1	1	1	1	1	1	7.41512	0.351042	0.351042	1	1	
0.000229087	-nan	0.354056	0.0849119	1	1	1	1	1	1	7.41484	0.354056	0.354056	1	1	
0.000237684	-nan	0.357091	0.0860913	1	1	1	1	1	1	7.41456	0.357091	0.357091	1	1	
0.000246604	-nan	0.360147	0.0872857	1	1	1	1	1	1	7.41427	0.360147	0.360147	1	1	
0.000255859	-nan	0.363223	0.0884954	1	1	1	1	1	1	7.41398	0.363223	0.363223	1	1	
0.000265461	-nan	0.366319	0.0897207	1	1	1	1	1	1	7.41368	0.366319	0.366319	1	1	
0.000275423	-nan	0.369436	0.0909618	1	1	1	1	1	1	7.41337	0.369436	0.369436	1	1	
0.000285759	-nan	0.372574	0.0922189	1	1	1	1	1	1	7.41306	0.372574	0.372574	1	1	
0.000296483	-nan	0.375732	0.0934923	1	1	1	1	1	1	7.41274	0.375732	0.375732	1	1	
0.00030761	-nan	0.37891	0.0947822	1	1	1	1	1	1	7.41241	0.37891	0.37891	1	1	
0.000319154	-nan	0.382109	0.0960888	1	1	1	1	1	1	7.41208	0.382109	0.382109	1	1	
0.000331131	-nan	0.385328	0.0974125	1	1	1	1	1	1	7.41174	0.385328	0.385328	1	1	
0.000343558	-nan	0.388568	0.0987534	1	1	1	1	1	1	7.4114	0.388568	0.388568	1	1	
0.000356451	-nan	0.391828	0.100112	1	1	1	1	1	1	7.41104	0.391828	0.391828	1	1	
0.000369828	-nan	0.395109	0.101488	1	1	1	1	1	1	7.41068	0.395109	0.395109	1	1	
0.000383707	-nan	0.39841	0.102883	1	1	1	1	1	1	7.41032	0.39841	0.39841	1	1	
0.000398107	-nan	0.401731	0.104295	1	1	1	1	1	1	7.40994	0.401731	0.401731	1	1	
0.000413048	-nan	0.405073	0.105727	1	1	1	1	1	1	7.40956	0.405073	0.405073	1	1	
0.000428549	-nan	0.408435	0.107177	1	1	1	1	1	1	7.40916	0.408435	0.408435	1	1	
0.000444631	-nan	0.411817	0.108647	1	1	1	1	1	1	7.40876	0.411817	0.411817	1	1	
0.000461318	-nan	0.41522	0.110137	1	1	1	1	1	1	7.40836	0.41522	0.41522	1	1	
0.00047863	-nan	0.418643	0.111646	1	1	1	1	1	1	7.40794	0.418643	0.418643	1	1	
0.000496592	-nan	0.422086	0.113176	1	1	1	1	1	1	7.40751	0.422086	0.422086	1	1	
0.000515229	-nan	0.425549	0.114726	1	1	1	1	1	1	7.40708	0.425549	0.425549	1	1	
0.000534564	-nan	0.429032	0.116297	1	1	1	1	1	1	7.40663	0.429032	0.429032	1	1	
0.000554626	-nan	0.432535	0.11789	1	1	1	1	1	1	7.40618	0.432535	0.432535	1	1	
0.00057544	-nan	0.436059	0.119504	1	1	1	1	1	1	7.40571	0.436059	0.436059	1	1	
0.000597035	-nan	0.439602	0.12114	1	1	1	1	1	1	7.40524	0.439602	0.439602	1	1	
0.000619441	-nan	0.443165	0.122799	1	1	1	1	1	1	7.40476	0.443165	0.443165	1	1	
0.000642688	-nan	0.446749	0.124481	1	1	1	1	1	1	7.40426	0.446749	0.446749	1	1	
0.000666807	-nan	0.450352	0.126186	1	1	1	1	1	1	7.40376	0.450352	0.450352	1	1	
0.000691831	-nan	0.453974	0.127915	1	1	1	1	1	1	7.40324	0.453974	0.453974	1	1	
0.000717794	-nan	0.457617	0.129667	1	1	1	1	1	1	7.40271	0.457617	0.457617	1	1	
0.000744732	-nan	0.461279	0.131445	1	1	1	1	1	1	7.40217	0.461279	0.461279	1	1	
0.000772681	-nan	0.464961	0.133247	1	1	1	1	1	1	7.40162	0.464961	0.464961	1	1	
0.000801678	-nan	0.468662	0.135075	1	1	1	1	1	1	7.40106	0.468662	0.468662	1	1	
0.000831764	-nan	0.472382	0.136929	1	1	1	1	1	1	7.40048	0.472382	0.472382	1	1	
0.000862979	-nan	0.476122	0.13881	1	1	1	1	1	1	7.3999	0.476122	0.476122	1	1	
0.000895365	-nan	0.479882	0.140717	1	1	1	1	1	1	7.39929	0.479882	0.479882	1	1	
0.000928966	-nan	0.48366	0.142652	1	1	1	1	1	1	7.39868	0.48366	0.48366	1	1	
0.000963829	-nan	0.487458	0.144615	1	1	1	1	1	1	7.39805	0.487458	0.487458	1	1	
0.001	-nan	0.491274	0.146607	1	1	1	1	1	1	7.39741	0.491274	0.491274	1	1	
0.00103753	-nan	0.49511	0.148627	1	1	1	1	1	1	7.39675	0.49511	0.49511	1	1	
0.00107647	-nan	0.498965	0.150678	1	1	1	1	1	1	7.39608	0.498965	0.498965	1	1	
0.00111686	-nan	0.502838	0.152759	1	1	1	1	1	1	7.3954	0.502838	0.502838	1	1	
0.00115878	-nan	0.50673	0.154871	1	1	1	1	1	1	7.3947	0.50673	0.50673	1	1	
0.00120226	-nan	0.510641	0.157014	1	1	1	1	1	1	7.39398	0.510641	0.510641	1	1	
0.00124738	-nan	0.514571	0.15919	1	1	1	1	1	1	7.39325	0.514571	0.514571	1	1	
0.0012942	-nan	0.518518	0.161399	1	1	1	1	1	1	7.3925	0.518518	0.518518	1	1	
0.00134276	-nan	0.522485	0.163641	1	1	1	1	1	1	7.39173	0.522485	0.522485	1	1	
0.00139316	-nan	0.526469	0.165918	1	1	1	1	1	1	7.39095	0.526469	0.526469	1	1	
0.00144544	-nan	0.530472	0.168229	1	1	1	1	1	1	7.39014	0.530472	0.530472	1	1	
0.00149968	-nan	0.534493	0.170577	1	1	1	1	1	1	7.38932	0.534493	0.534493	1	1	
0.00155597	-nan	0.538532	0.172962	1	1	1	1	1	1	7.38849	0.538532	0.538532	1	1	
0.00161436	-nan	0.542588	0.175383	1	1	1	1	1	1	7.38763	0.542588	0.542588	1	1	
0.00167494	-nan	0.546663	0.177843	1	1	1	1	1	1	7.38675	0.546663	0.546663	1	1	
0.0017378	-nan	0.550755	0.180343	1	1	1	1	1	1	7.38586	0.550755	0.550755	1	1	
0.00180302	-nan	0.554865	0.182882	1	1	1	1	1	1	7.38494	0.554865	0.554865	1	1	
0.00187068	-nan	0.558993	0.185462	1	1	1	1	1	1	7.384	0.558993	0.558993	1	1	
0.00194089	-nan	0.563138	0.188085	1	1	1	1	1	1	7.38304	0.563138	0.563138	1	1	
0.00201372	-nan	0.5673	0.19075	1	1	1	1	1	1	7.38206	0.5673	0.5673	1	1	
0.0020893	-nan	0.571479	0.193459	1	1	1	1	1	1	7.38106	0.571479	0.571479	1	1	
0.0021677	-nan	0.575676	0.196212	1	1	1	1	1	1	7.38003	0.575676	0.575676	1	1	
0.00224905	-nan	0.579889	0.199012	1	1	1	1	1	1	7.37898	0.579889	0.579889	1	1	
0.00233346	-nan	0.58412	0.201859	1	1	1	1	1	1	7.37791	0.58412	0.58412	1	1	
0.00242103	-nan	0.588367	0.204754	1	1	1	1	1	1	7.37681	0.588367	0.588367	1	1	
0.00251189	-nan	0.592631	0.207699	1	1	1	1	1	1	7.37568	0.592631	0.592631	1	1	
0.00260615	-nan	0.596912	0.210694	1	1	1	1	1	1	7.37453	0.596912	0.596912	1	1	
0.00270396	-nan	0.601209	0.21374	1	1	1	1	1	1	7.37335	0.601209	0.601209	1	1	
0.00280543	-nan	0.605523	0.21684	1	1	1	1	1	1	7.37215	0.605523	0.605523	1	1	
0.00291072	-nan	0.609853	0.219995	1	1	1	1	1	1	7.37091	0.609853	0.609853	1	1	
0.00301995	-nan	0.614199	0.223205	1	1	1	1	1	1	7.36965	0.614199	0.614199	1	1	
0.00313329	-nan	0.618562	0.226473	1	1	1	1	1	1	7.36836	0.618562	0.618562	1	1	
0.00325087	-nan	0.62294	0.229799	1	1	1	1	1	1	7.36704	0.62294	0.62294	1	1	
0.00337287	-nan	0.627335	0.233185	1	1	1	1	1	1	7.36569	0.627335	0.627335	1	1	
0.00349945	-nan	0.631745	0.236633	1	1	1	1	1	1	7.3643	0.631745	0.631745	1	1	
0.00363078	-nan	0.636172	0.240145	1	1	1	1	1	1	7.36288	0.636172	0.636172	1	1	
0.00376704	-nan	0.640614	0.243721	1	1	1	1	1	1	7.36143	0.640614	0.640614	1	1	
0.00390841	-nan	0.645071	0.247365	1	1	1	1	1	1	7.35995	0.645071	0.645071	1	1	
0.00405509	-nan	0.649545	0.251077	1	1	1	1	1	1	7.35843	0.649545	0.649545	1	1	
0.00420727	-nan	0.654033	0.254859	1	1	1	1	1	1	7.35688	0.654033	0.654033	1	1	
0.00436516	-nan	0.658538	0.258713	1	1	1	1	1	1	7.35528	0.658538	0.658538	1	1	
0.00452898	-nan	0.663057	0.262642	1	1	1	1	1	1	7.35365	0.663057	0.663057	1	1	
0.00469894	-nan	0.667592	0.266646	1	1	1	1	1	1	7.35198	0.667592	0.667592	1	1	
0.00487528	-nan	0.672142	0.270729	1	1	1	1	1	1	7.35027	0.672142	0.672142	1	1	
0.00505825	-nan	0.676708	0.274892	1	1	1	1	1	1	7.34852	0.676708	0.676708	1	1	
0.00524807	-nan	0.681288	0.279138	1	1	1	1	1	1	7.34673	0.681288	0.681288	1	1	
0.00544503	-nan	0.685884	0.283469	1	1	1	1	1	1	7.3449	0.685884	0.685884	1	1	
0.00564937	-nan	0.690494	0.287887	1	1	1	1	1	1	7.34302	0.690494	0.690494	1	1	
0.00586138	-nan	0.69512	0.292395	1	1	1	1	1	1	7.3411	0.69512	0.69512	1	1	
0.00608135	-nan	0.699761	0.296995	1	1	1	1	1	1	7.33913	0.699761	0.699761	1	1	
0.00630957	-nan	0.704416	0.301689	1	1	1	1	1	1	7.33711	0.704416	0.704416	1	1	
0.00654636	-nan	0.709086	0.306481	1	1	1	1	1	1	7.33504	0.709086	0.709086	1	1	
0.00679204	-nan	0.713772	0.311373	1	1	1	1	1	1	7.33292	0.713772	0.713772	1	1	
0.00704693	-nan	0.718472	0.316368	1	1	1	1	1	1	7.33076	0.718472	0.718472	1	1	
0.00731139	-nan	0.723187	0.321469	1	1	1	1	1	1	7.32853	0.723187	0.723187	1	1	
0.00758578	-nan	0.727917	0.326679	1	1	1	1	1	1	7.32626	0.727917	0.727917	1	1	
0.00787046	-nan	0.732661	0.332001	1	1	1	1	1	1	7.32393	0.732661	0.732661	1	1	
0.00816582	-nan	0.737421	0.337438	1	1	1	1	1	1	7.32154	0.737421	0.737421	1	1	
0.00847227	-nan	0.742195	0.342993	1	1	1	1	1	1	7.31909	0.742195	0.742195	1	1	
0.00879023	-nan	0.746984	0.34867	1	1	1	1	1	1	7.31658	0.746984	0.746984	1	1	
0.00912011	-nan	0.751788	0.354473	1	1	1	1	1	1	7.31401	0.751788	0.751788	1	1	
0.00946237	-nan	0.756607	0.360404	1	1	1	1	1	1	7.31138	0.756607	0.756607	1	1	
0.00981748	-nan	0.761441	0.366468	1	1	1	1	1	1	7.30868	0.761441	0.761441	1	1	
0.0101859	-nan	0.76629	0.372668	1	1	1	1	1	1	7.30591	0.76629	0.76629	1	1	
0.0105682	-nan	0.771153	0.379008	1	1	1	1	1	1	7.30308	0.771153	0.771153	1	1	
0.0109648	-nan	0.776032	0.385492	1	1	1	1	1	1	7.30017	0.776032	0.776032	1	1	
0.0113763	-nan	0.780926	0.392125	1	1	1	1	1	1	7.29719	0.780926	0.780926	1	1	
0.0118032	-nan	0.785835	0.39891	1	1	1	1	1	1	7.29413	0.785835	0.785835	1	1	
0.0122462	-nan	0.79076	0.405851	1	1	1	1	1	1	7.291	0.79076	0.79076	1	1	
0.0127057	-nan	0.795699	0.412954	1	1	1	1	1	1	7.28779	0.795699	0.795699	1	1	
0.0131826	-nan	0.800654	0.420222	1	1	1	1	1	1	7.28449	0.800654	0.800654	1	1	
0.0136773	-nan	0.805625	0.42766	1	1	1	1	1	1	7.28112	0.805625	0.805625	1	1	
0.0141906	-nan	0.810611	0.435272	1	1	1	1	1	1	7.27765	0.810611	0.810611	1	1	
0.0147231	-nan	0.815613	0.443064	1	1	1	1	1	1	7.2741	0.815613	0.815613	1	1	
0.0152757	-nan	0.82063	0.45104	1	1	1	1	1	1	7.27045	0.82063	0.82063	1	1	
0.0158489	-nan	0.825663	0.459206	1	1	1	1	1	1	7.26671	0.825663	0.825663	1	1	
0.0164437	-nan	0.830713	0.467565	1	1	1	1	1	1	7.26288	0.830713	0.830713	1	1	
0.0170608	-nan	0.835778	0.476123	1	1	1	1	1	1	7.25894	0.835778	0.835778	1	1	
0.0177011	-nan	0.840859	0.484886	1	1	1	1	1	1	7.2549	0.840859	0.840859	1	1	
0.0183654	-nan	0.845957	0.493858	1	1	1	1	1	1	7.25075	0.845957	0.845957	1	1	
0.0190546	-nan	0.851071	0.503045	1	1	1	1	1	1	7.2465	0.851071	0.851071	1	1	
0.0197697	-nan	0.856202	0.512451	1	1	1	1	1	1	7.24213	0.856202	0.856202	1	1	
0.0205116	-nan	0.861349	0.522082	1	1	1	1	1	1	7.23765	0.861349	0.861349	1	1	
0.0212814	-nan	0.866514	0.531943	1	1	1	1	1	1	7.23305	0.866514	0.866514	1	1	
0.02208	-nan	0.871695	0.54204	1	1	1	1	1	1	7.22832	0.871695	0.871695	1	1	
0.0229087	-nan	0.876893	0.552377	1	1	1	1	1	1	7.22347	0.876893	0.876893	1	1	
0.0237684	-nan	0.882108	0.56296	1	1	1	1	1	1	7.21849	0.882108	0.882108	1	1	
0.0246604	-nan	0.887341	0.573793	1	1	1	1	1	1	7.21337	0.887341	0.887341	1	1	
0.0255859	-nan	0.892591	0.584882	1	1	1	1	1	1	7.20812	0.892591	0.892591	1	1	
0.0265461	-nan	0.897859	0.596231	1	1	1	1	1	1	7.20272	0.897859	0.897859	1	1	
0.0275423	-nan	0.903144	0.607844	1	1	1	1	1	1	7.19717	0.903144	0.903144	1	1	
0.0285759	-nan	0.908447	0.619727	1	1	1	1	1	1	7.19147	0.908447	0.908447	1	1	
0.0296483	-nan	0.913768	0.631883	1	1	1	1	1	1	7.18561	0.913768	0.913768	1	1	
0.030761	-nan	0.919107	0.644316	1	1	1	1	1	1	7.17959	0.919107	0.919107	1	1	
0.0319154	-nan	0.924464	0.65703	1	1	1	1	1	1	7.17341	0.924464	0.924464	1	1	
0.0331131	-nan	0.929839	0.670027	1	1	1	1	1	1	7.16705	0.929839	0.929839	1	1	
0.0343558	-nan	0.935232	0.683311	1	1	1	1	1	1	7.16051	0.935232	0.935232	1	1	
0.0356451	-nan	0.940644	0.696884	1	1	1	1	1	1	7.15379	0.940644	0.940644	1	1	
0.0369828	-nan	0.946074	0.710747	1	1	1	1	1	1	7.14688	0.946074	0.946074	1	1	
0.0383707	-nan	0.951522	0.724901	1	1	1	1	1	1	7.13977	0.951522	0.951522	1	1	
0.0398107	-nan	0.956988	0.739348	1	1	1	1	1	1	7.13246	0.956988	0.956988	1	1	
0.0413048	-nan	0.962473	0.754087	1	1	1	1	1	1	7.12493	0.962473	0.962473	1	1	
0.0428549	-nan	0.967976	0.769116	1	1	1	1	1	1	7.1172	0.967976	0.967976	1	1	
0.0444631	-nan	0.973496	0.784434	1	1	1	1	1	1	7.10923	0.973496	0.973496	1	1	
0.0461318	-nan	0.979035	0.800038	1	1	1	1	1	1	7.10104	0.979035	0.979035	1	1	
0.047863	-nan	0.984592	0.815925	1	1	1	1	1	1	7.09261	0.984592	0.984592	1	1	
0.0496592	-nan	0.990166	0.832089	1	1	1	1	1	1	7.08393	0.990166	0.990166	1	1	
0.0515229	-nan	0.995758	0.848524	1	1	1	1	1	1	7.075	0.995758	0.995758	1	1	
0.0534564	-nan	1.00137	0.865224	1	1	1	1	1	1	7.06581	1.00137	1.00137	1	1	
0.0554626	-nan	1.00699	0.882179	1	1	1	1	1	1	7.05634	1.00699	1.00699	1	1	
0.057544	-nan	1.01264	0.89938	1	1	1	1	1	1	7.04659	1.01264	1.01264	1	1	
0.0597035	-nan	1.01829	0.916815	1	1	1	1	1	1	7.03655	1.01829	1.01829	1	1	
0.0619441	-nan	1.02397	0.934473	1	1	1	1	1	1	7.02622	1.02397	1.02397	1	1	
0.0642688	-nan	1.02966	0.952337	1	1	1	1	1	1	7.01557	1.02966	1.02966	1	1	
0.0666807	-nan	1.03536	0.970393	1	1	1	1	1	1	7.0046	1.03536	1.03536	1	1	
0.0691831	-nan	1.04108	0.988624	1	1	1	1	1	1	6.9933	1.04108	1.04108	1	1	
0.0717794	-nan	1.04681	1.00701	1	1	1	1	1	1	6.98166	1.04681	1.04681	1	1	
0.0744732	-nan	1.05255	1.02553	1	1	1	1	1	1	6.96967	1.05255	1.05255	1	1	
0.0772681	-nan	1.05831	1.04416	1	1	1	1	1	1	6.95731	1.05831	1.05831	1	1	
0.0801678	-nan	1.06407	1.06288	1	1	1	1	1	1	6.94458	1.06407	1.06407	1	1	
0.0831764	-nan	1.06985	1.08166	1	1	1	1	1	1	6.93146	1.06985	1.06985	1	1	
0.0862979	-nan	1.07563	1.10048	1	1	1	1	1	1	6.91794	1.07563	1.07563	1	1	
0.0895365	-nan	1.08142	1.1193	1	1	1	1	1	1	6.90401	1.08142	1.08142	1	1	
0.0928966	-nan	1.08722	1.1381	1	1	1	1	1	1	6.88966	1.08722	1.08722	1	1	
0.0963829	-nan	1.09302	1.15685	1	1	1	1	1	1	6.87486	1.09302	1.09302	1	1	
0.1	-nan	1.09883	1.17551	1	1	1	1	1	1	6.85962	1.09883	1.09883	1	1	
0.103614	-nan	1.10442	1.19339	1	1	1	1	1	1	6.84449	1.10442	1.10442	1	1	
0.107229	-nan	1.10982	1.21051	1	1	1	1	1	1	6.82946	1.10982	1.10982	1	1	
0.110843	-nan	1.11504	1.22692	1	1	1	1	1	1	6.81453	1.11504	1.11504	1	1	
0.114458	-nan	1.12009	1.24264	1	1	1	1	1	1	6.79969	1.12009	1.12009	1	1	
0.118072	-nan	1.12498	1.25769	1	1	1	1	1	1	6.78494	1.12498	1.12498	1	1	
0.121687	-nan	1.12971	1.2721	1	1	1	1	1	1	6.77028	1.12971	1.12971	1	1	
0.125301	-nan	1.1343	1.28589	1	1	1	1	1	1	6.7557	1.1343	1.1343	1	1	
0.128916	-nan	1.13875	1.2991	1	1	1	1	1	1	6.74122	1.13875	1.13875	1	1	
0.13253	-nan	1.14307	1.31173	1	1	1	1	1	1	6.72681	1.14307	1.14307	1	1	
0.136145	-nan	1.14727	1.32382	1	1	1	1	1	1	6.71249	1.14727	1.14727	1	1	
0.139759	-nan	1.15134	1.33539	1	1	1	1	1	1	6.69826	1.15134	1.15134	1	1	
0.143373	-nan	1.1553	1.34645	1	1	1	1	1	1	6.6841	1.1553	1.1553	1	1	
0.146988	-nan	1.15915	1.35702	1	1	1	1	1	1	6.67003	1.15915	1.15915	1	1	
0.150602	-nan	1.16289	1.36714	1	1	1	1	1	1	6.65604	1.16289	1.16289	1	1	
0.154217	-nan	1.16654	1.37681	1	1	1	1	1	1	6.64213	1.16654	1.16654	1	1	
0.157831	-nan	1.17009	1.38605	1	1	1	1	1	1	6.62829	1.17009	1.17009	1	1	
0.161446	-nan	1.17354	1.39489	1	1	1	1	1	1	6.61454	1.17354	1.17354	1	1	
0.16506	-nan	1.1769	1.40333	1	1	1	1	1	1	6.60086	1.1769	1.1769	1	1	
0.168675	-nan	1.18018	1.4114	1	1	1	1	1	1	6.58727	1.18018	1.18018	1	1	
0.172289	-nan	1.18337	1.4191	1	1	1	1	1	1	6.57375	1.18337	1.18337	1	1	
0.175904	-nan	1.18649	1.42646	1	1	1	1	1	1	6.56032	1.18649	1.18649	1	1	
0.179518	-nan	1.18952	1.43349	1	1	1	1	1	1	6.54696	1.18952	1.18952	1	1	
0.183133	-nan	1.19249	1.4402	1	1	1	1	1	1	6.53368	1.19249	1.19249	1	1	
0.186747	-nan	1.19537	1.4466	1	1	1	1	1	1	6.52048	1.19537	1.19537	1	1	
0.190361	-nan	1.19819	1.45272	1	1	1	1	1	1	6.50736	1.19819	1.19819	1	1	
0.193976	-nan	1.20094	1.45855	1	1	1	1	1	1	6.49432	1.20094	1.20094	1	1	
0.19759	-nan	1.20363	1.46411	1	1	1	1	1	1	6.48136	1.20363	1.20363	1	1	
0.201205	-nan	1.20625	1.46941	1	1	1	1	1	1	6.46847	1.20625	1.20625	1	1	
0.204819	-nan	1.2088	1.47447	1	1	1	1	1	1	6.45567	1.2088	1.2088	1	1	
0.208434	-nan	1.2113	1.47929	1	1	1	1	1	1	6.44295	1.2113	1.2113	1	1	
0.212048	-nan	1.21374	1.48388	1	1	1	1	1	1	6.4303	1.21374	1.21374	1	1	
0.215663	-nan	1.21612	1.48825	1	1	1	1	1	1	6.41774	1.21612	1.21612	1	1	
0.219277	-nan	1.21845	1.49241	1	1	1	1	1	1	6.40526	1.21845	1.21845	1	1	
0.222892	-nan	1.22072	1.49637	1	1	1	1	1	1	6.39286	1.22072	1.22072	1	1	
0.226506	-nan	1.22294	1.50014	1	1	1	1	1	1	6.38054	1.22294	1.22294	1	1	
0.23012	-nan	1.22511	1.50372	1	1	1	1	1	1	6.3683	1.22511	1.22511	1	1	
0.233735	-nan	1.22723	1.50712	1	1	1	1	1	1	6.35614	1.22723	1.22723	1	1	
0.237349	-nan	1.2293	1.51035	1	1	1	1	1	1	6.34406	1.2293	1.2293	1	1	
0.240964	-nan	1.23133	1.51341	1	1	1	1	1	1	6.33206	1.23133	1.23133	1	1	
0.244578	-nan	1.2333	1.51632	1	1	1	1	1	1	6.32015	1.2333	1.2333	1	1	
0.248193	-nan	1.23524	1.51907	1	1	1	1	1	1	6.30832	1.23524	1.23524	1	1	
0.251807	-nan	1.23712	1.52168	1	1	1	1	1	1	6.29656	1.23712	1.23712	1	1	
0.255422	-nan	1.23897	1.52414	1	1	1	1	1	1	6.28489	1.23897	1.23897	1	1	
0.259036	-nan	1.24077	1.52647	1	1	1	1	1	1	6.27331	1.24077	1.24077	1	1	
0.262651	-nan	1.24254	1.52867	1	1	1	1	1	1	6.2618	1.24254	1.24254	1	1	
0.266265	-nan	1.24426	1.53074	1	1	1	1	1	1	6.25038	1.24426	1.24426	1	1	
0.26988	-nan	1.24594	1.53269	1	1	1	1	1	1	6.23903	1.24594	1.24594	1	1	
0.273494	-nan	1.24759	1.53453	1	1	1	1	1	1	6.22777	1.24759	1.24759	1	1	
0.277108	-nan	1.24919	1.53625	1	1	1	1	1	1	6.2166	1.24919	1.24919	1	1	
0.280723	-nan	1.25076	1.53786	1	1	1	1	1	1	6.2055	1.25076	1.25076	1	1	
0.284337	-nan	1.2523	1.53938	1	1	1	1	1	1	6.19449	1.2523	1.2523	1	1	
0.287952	-nan	1.2538	1.54079	1	1	1	1	1	1	6.18356	1.2538	1.2538	1	1	
0.291566	-nan	1.25526	1.5421	1	1	1	1	1	1	6.17271	1.25526	1.25526	1	1	
0.295181	-nan	1.2567	1.54332	1	1	1	1	1	1	6.16194	1.2567	1.2567	1	1	
0.298795	-nan	1.25809	1.54445	1	1	1	1	1	1	6.15126	1.25809	1.25809	1	1	
0.30241	-nan	1.25946	1.54549	1	1	1	1	1	1	6.14065	1.25946	1.25946	1	1	
0.306024	-nan	1.2608	1.54645	1	1	1	1	1	1	6.13013	1.2608	1.2608	1	1	
0.309639	-nan	1.2621	1.54733	1	1	1	1	1	1	6.11969	1.2621	1.2621	1	1	
0.313253	-nan	1.26337	1.54813	1	1	1	1	1	1	6.10933	1.26337	1.26337	1	1	
0.316867	-nan	1.26461	1.54885	1	1	1	1	1	1	6.09906	1.26461	1.26461	1	1	
0.320482	-nan	1.26583	1.54951	1	1	1	1	1	1	6.08886	1.26583	1.26583	1	1	
0.324096	-nan	1.26701	1.55009	1	1	1	1	1	1	6.07875	1.26701	1.26701	1	1	
0.327711	-nan	1.26817	1.5506	1	1	1	1	1	1	6.06871	1.26817	1.26817	1	1	
0.331325	-nan	1.26929	1.55105	1	1	1	1	1	1	6.05876	1.26929	1.26929	1	1	
0.33494	-nan	1.2704	1.55143	1	1	1	1	1	1	6.04889	1.2704	1.2704	1	1	
0.338554	-nan	1.27147	1.55176	1	1	1	1	1	1	6.0391	1.27147	1.27147	1	1	
0.342169	-nan	1.27252	1.55202	1	1	1	1	1	1	6.02938	1.27252	1.27252	1	1	
0.345783	-nan	1.27354	1.55223	1	1	1	1	1	1	6.01975	1.27354	1.27354	1	1	
0.349398	-nan	1.27453	1.55238	1	1	1	1	1	1	6.0102	1.27453	1.27453	1	1	
0.353012	-nan	1.2755	1.55247	1	1	1	1	1	1	6.00072	1.2755	1.2755	1	1	
0.356627	-nan	1.27645	1.55252	1	1	1	1	1	1	5.99133	1.27645	1.27645	1	1	
0.360241	-nan	1.27737	1.55251	1	1	1	1	1	1	5.98201	1.27737	1.27737	1	1	
0.363855	-nan	1.27827	1.55246	1	1	1	1	1	1	5.97277	1.27827	1.27827	1	1	
0.36747	-nan	1.27915	1.55236	1	1	1	1	1	1	5.96361	1.27915	1.27915	1	1	
0.371084	-nan	1.28	1.55221	1	1	1	1	1	1	5.95453	1.28	1.28	1	1	
0.374699	-nan	1.28083	1.55202	1	1	1	1	1	1	5.94552	1.28083	1.28083	1	1	
0.378313	-nan	1.28164	1.55179	1	1	1	1	1	1	5.93659	1.28164	1.28164	1	1	
0.381928	-nan	1.28242	1.55152	1	1	1	1	1	1	5.92774	1.28242	1.28242	1	1	
0.385542	-nan	1.28318	1.5512	1	1	1	1	1	1	5.91896	1.28318	1.28318	1	1	
0.389157	-nan	1.28393	1.55085	1	1	1	1	1	1	5.91026	1.28393	1.28393	1	1	
0.392771	-nan	1.28465	1.55046	1	1	1	1	1	1	5.90164	1.28465	1.28465	1	1	
0.396386	-nan	1.28535	1.55003	1	1	1	1	1	1	5.89308	1.28535	1.28535	1	1	
0.4	-nan	1.28603	1.54957	1	1	1	1	1	1	5.88461	1.28603	1.28603	1	1	
0.403614	-nan	1.28669	1.54907	1	1	1	1	1	1	5.87621	1.28669	1.28669	1	1	
0.407229	-nan	1.28733	1.54854	1	1	1	1	1	1	5.86788	1.28733	1.28733	1	1	
0.410843	-nan	1.28795	1.54798	1	1	1	1	1	1	5.85962	1.28795	1.28795	1	1	
0.414458	-nan	1.28856	1.54738	1	1	1	1	1	1	5.85144	1.28856	1.28856	1	1	
0.418072	-nan	1.28914	1.54676	1	1	1	1	1	1	5.84333	1.28914	1.28914	1	1	
0.421687	-nan	1.2897	1.5461	1	1	1	1	1	1	5.83529	1.2897	1.2897	1	1	
0.425301	-nan	1.29025	1.54542	1	1	1	1	1	1	5.82732	1.29025	1.29025	1	1	
0.428916	-nan	1.29078	1.54471	1	1	1	1	1	1	5.81943	1.29078	1.29078	1	1	
0.43253	-nan	1.29129	1.54398	1	1	1	1	1	1	5.8116	1.29129	1.29129	1	1	
0.436145	-nan	1.29179	1.54322	1	1	1	1	1	1	5.80384	1.29179	1.29179	1	1	
0.439759	-nan	1.29226	1.54243	1	1	1	1	1	1	5.79616	1.29226	1.29226	1	1	
0.443373	-nan	1.29272	1.54162	1	1	1	1	1	1	5.78854	1.29272	1.29272	1	1	
0.446988	-nan	1.29317	1.54078	1	1	1	1	1	1	5.78099	1.29317	1.29317	1	1	
0.450602	-nan	1.29359	1.53993	1	1	1	1	1	1	5.77351	1.29359	1.29359	1	1	
0.454217	-nan	1.294	1.53905	1	1	1	1	1	1	5.7661	1.294	1.294	1	1	
0.457831	-nan	1.2944	1.53814	1	1	1	1	1	1	5.75875	1.2944	1.2944	1	1	
0.461446	-nan	1.29478	1.53722	1	1	1	1	1	1	5.75147	1.29478	1.29478	1	1	
0.46506	-nan	1.29514	1.53628	1	1	1	1	1	1	5.74426	1.29514	1.29514	1	1	
0.468675	-nan	1.29549	1.53532	1	1	1	1	1	1	5.73711	1.29549	1.29549	1	1	
0.472289	-nan	1.29582	1.53434	1	1	1	1	1	1	5.73003	1.29582	1.29582	1	1	
0.475904	-nan	1.29614	1.53334	1	1	1	1	1	1	5.72301	1.29614	1.29614	1	1	
0.479518	-nan	1.29644	1.53232	1	1	1	1	1	1	5.71605	1.29644	1.29644	1	1	
0.483133	-nan	1.29673	1.53129	1	1	1	1	1	1	5.70916	1.29673	1.29673	1	1	
0.486747	-nan	1.297	1.53024	1	1	1	1	1	1	5.70233	1.297	1.297	1	1	
0.490361	-nan	1.29726	1.52917	1	1	1	1	1	1	5.69557	1.29726	1.29726	1	1	
0.493976	-nan	1.29751	1.52809	1	1	1	1	1	1	5.68886	1.29751	1.29751	1	1	
0.49759	-nan	1.29774	1.52699	1	1	1	1	1	1	5.68222	1.29774	1.29774	1	1	
0.501205	-nan	1.29796	1.52588	1	1	1	1	1	1	5.67564	1.29796	1.29796	1	1	
0.504819	-nan	1.29816	1.52475	1	1	1	1	1	1	5.66912	1.29816	1.29816	1	1	
0.508434	-nan	1.29836	1.52361	1	1	1	1	1	1	5.66266	1.29836	1.29836	1	1	
0.512048	-nan	1.29854	1.52245	1	1	1	1	1	1	5.65625	1.29854	1.29854	1	1	
0.515663	-nan	1.2987	1.52129	1	1	1	1	1	1	5.64991	1.2987	1.2987	1	1	
0.519277	-nan	1.29885	1.52011	1	1	1	1	1	1	5.64363	1.29885	1.29885	1	1	
0.522892	-nan	1.299	1.51892	1	1	1	1	1	1	5.6374	1.299	1.299	1	1	
0.526506	-nan	1.29912	1.51771	1	1	1	1	1	1	5.63123	1.29912	1.29912	1	1	
0.53012	-nan	1.29924	1.5165	1	1	1	1	1	1	5.62512	1.29924	1.29924	1	1	
0.533735	-nan	1.29934	1.51527	1	1	1	1	1	1	5.61906	1.29934	1.29934	1	1	
0.537349	-nan	1.29944	1.51404	1	1	1	1	1	1	5.61306	1.29944	1.29944	1	1	
0.540964	-nan	1.29952	1.51279	1	1	1	1	1	1	5.60711	1.29952	1.29952	1	1	
0.544578	-nan	1.29958	1.51154	1	1	1	1	1	1	5.60122	1.29958	1.29958	1	1	
0.548193	-nan	1.29964	1.51027	1	1	1	1	1	1	5.59539	1.29964	1.29964	1	1	
0.551807	-nan	1.29969	1.509	1	1	1	1	1	1	5.58961	1.29969	1.29969	1	1	
0.555422	-nan	1.29972	1.50771	1	1	1	1	1	1	5.58388	1.29972	1.29972	1	1	
0.559036	-nan	1.29974	1.50642	1	1	1	1	1	1	5.5782	1.29974	1.29974	1	1	
0.562651	-nan	1.29976	1.50512	1	1	1	1	1	1	5.57257	1.29976	1.29976	1	1	
0.566265	-nan	1.29976	1.50381	1	1	1	1	1	1	5.567	1.29976	1.29976	1	1	
0.56988	-nan	1.29975	1.5025	1	1	1	1	1	1	5.56148	1.29975	1.29975	1	1	
0.573494	-nan	1.29973	1.50117	1	1	1	1	1	1	5.55601	1.29973	1.29973	1	1	
0.577108	-nan	1.2997	1.49984	1	1	1	1	1	1	5.55059	1.2997	1.2997	1	1	
0.580723	-nan	1.29966	1.49851	1	1	1	1	1	1	5.54522	1.29966	1.29966	1	1	
0.584337	-nan	1.29961	1.49716	1	1	1	1	1	1	5.5399	1.29961	1.29961	1	1	
0.587952	-nan	1.29955	1.49581	1	1	1	1	1	1	5.53463	1.29955	1.29955	1	1	
0.591566	-nan	1.29948	1.49446	1	1	1	1	1	1	5.5294	1.29948	1.29948	1	1	
0.595181	-nan	1.2994	1.4931	1	1	1	1	1	1	5.52423	1.2994	1.2994	1	1	
0.598795	-nan	1.29931	1.49173	1	1	1	1	1	1	5.5191	1.29931	1.29931	1	1	
0.60241	-nan	1.29921	1.49036	1	1	1	1	1	1	5.51402	1.29921	1.29921	1	1	
0.606024	-nan	1.2991	1.48898	1	1	1	1	1	1	5.50898	1.2991	1.2991	1	1	
0.609639	-nan	1.29898	1.4876	1	1	1	1	1	1	5.50399	1.29898	1.29898	1	1	
0.613253	-nan	1.29886	1.48621	1	1	1	1	1	1	5.49905	1.29886	1.29886	1	1	
0.616867	-nan	1.29872	1.48482	1	1	1	1	1	1	5.49415	1.29872	1.29872	1	1	
0.620482	-nan	1.29858	1.48343	1	1	1	1	1	1	5.4893	1.29858	1.29858	1	1	
0.624096	-nan	1.29842	1.48203	1	1	1	1	1	1	5.48449	1.29842	1.29842	1	1	
0.627711	-nan	1.29826	1.48063	1	1	1	1	1	1	5.47973	1.29826	1.29826	1	1	
0.631325	-nan	1.29809	1.47922	1	1	1	1	1	1	5.475	1.29809	1.29809	1	1	
0.63494	-nan	1.29791	1.47781	1	1	1	1	1	1	5.47032	1.29791	1.29791	1	1	
0.638554	-nan	1.29772	1.4764	1	1	1	1	1	1	5.46569	1.29772	1.29772	1	1	
0.642169	-nan	1.29752	1.47498	1	1	1	1	1	1	5.46109	1.29752	1.29752	1	1	
0.645783	-nan	1.29732	1.47356	1	1	1	1	1	1	5.45654	1.29732	1.29732	1	1	
0.649398	-nan	1.29711	1.47214	1	1	1	1	1	1	5.45203	1.29711	1.29711	1	1	
0.653012	-nan	1.29688	1.47072	1	1	1	1	1	1	5.44756	1.29688	1.29688	1	1	
0.656627	-nan	1.29666	1.46929	1	1	1	1	1	1	5.44313	1.29666	1.29666	1	1	
0.660241	-nan	1.29642	1.46787	1	1	1	1	1	1	5.43874	1.29642	1.29642	1	1	
0.663855	-nan	1.29617	1.46644	1	1	1	1	1	1	5.43439	1.29617	1.29617	1	1	
0.66747	-nan	1.29592	1.465	1	1	1	1	1	1	5.43008	1.29592	1.29592	1	1	
0.671084	-nan	1.29566	1.46357	1	1	1	1	1	1	5.42581	1.29566	1.29566	1	1	
0.674699	-nan	1.29539	1.46214	1	1	1	1	1	1	5.42157	1.29539	1.29539	1	1	
0.678313	-nan	1.29512	1.4607	1	1	1	1	1	1	5.41738	1.29512	1.29512	1	1	
0.681928	-nan	1.29484	1.45926	1	1	1	1	1	1	5.41322	1.29484	1.29484	1	1	
0.685542	-nan	1.29455	1.45782	1	1	1	1	1	1	5.4091	1.29455	1.29455	1	1	
0.689157	-nan	1.29425	1.45638	1	1	1	1	1	1	5.40501	1.29425	1.29425	1	1	
0.692771	-nan	1.29395	1.45494	1	1	1	1	1	1	5.40096	1.29395	1.29395	1	1	
0.696386	-nan	1.29364	1.4535	1	1	1	1	1	1	5.39695	1.29364	1.29364	1	1	
0.7	-nan	1.29332	1.45206	1	1	1	1	1	1	5.39298	1.29332	1.29332	1	1	
0.703614	-nan	1.293	1.45062	1	1	1	1	1	1	5.38903	1.293	1.293	1	1	
0.707229	-nan	1.29267	1.44917	1	1	1	1	1	1	5.38513	1.29267	1.29267	1	1	
0.710843	-nan	1.29233	1.44773	1	1	1	1	1	1	5.38126	1.29233	1.29233	1	1	
0.714458	-nan	1.29199	1.44629	1	1	1	1	1	1	5.37742	1.29199	1.29199	1	1	
0.718072	-nan	1.29164	1.44484	1	1	1	1	1	1	5.37362	1.29164	1.29164	1	1	
0.721687	-nan	1.29128	1.4434	1	1	1	1	1	1	5.36985	1.29128	1.29128	1	1	
0.725301	-nan	1.29092	1.44196	1	1	1	1	1	1	5.36611	1.29092	1.29092	1	1	
0.728916	-nan	1.29055	1.44051	1	1	1	1	1	1	5.36241	1.29055	1.29055	1	1	
0.73253	-nan	1.29017	1.43907	1	1	1	1	1	1	5.35874	1.29017	1.29017	1	1	
0.736145	-nan	1.28979	1.43763	1	1	1	1	1	1	5.3551	1.28979	1.28979	1	1	
0.739759	-nan	1.28941	1.43619	1	1	1	1	1	1	5.35149	1.28941	1.28941	1	1	
0.743373	-nan	1.28901	1.43475	1	1	1	1	1	1	5.34792	1.28901	1.28901	1	1	
0.746988	-nan	1.28861	1.43331	1	1	1	1	1	1	5.34438	1.28861	1.28861	1	1	
0.750602	-nan	1.28821	1.43187	1	1	1	1	1	1	5.34086	1.28821	1.28821	1	1	
0.754217	-nan	1.2878	1.43043	1	1	1	1	1	1	5.33738	1.2878	1.2878	1	1	
0.757831	-nan	1.28738	1.42899	1	1	1	1	1	1	5.33393	1.28738	1.28738	1	1	
0.761446	-nan	1.28696	1.42756	1	1	1	1	1	1	5.33051	1.28696	1.28696	1	1	
0.76506	-nan	1.28653	1.42612	1	1	1	1	1	1	5.32712	1.28653	1.28653	1	1	
0.768675	-nan	1.2861	1.42469	1	1	1	1	1	1	5.32375	1.2861	1.2861	1	1	
0.772289	-nan	1.28566	1.42326	1	1	1	1	1	1	5.32042	1.28566	1.28566	1	1	
0.775904	-nan	1.28522	1.42183	1	1	1	1	1	1	5.31711	1.28522	1.28522	1	1	
0.779518	-nan	1.28477	1.4204	1	1	1	1	1	1	5.31384	1.28477	1.28477	1	1	
0.783133	-nan	1.28432	1.41897	1	1	1	1	1	1	5.31059	1.28432	1.28432	1	1	
0.786747	-nan	1.28386	1.41754	1	1	1	1	1	1	5.30737	1.28386	1.28386	1	1	
0.790361	-nan	1.2834	1.41612	1	1	1	1	1	1	5.30418	1.2834	1.2834	1	1	
0.793976	-nan	1.28293	1.41469	1	1	1	1	1	1	5.30101	1.28293	1.28293	1	1	
0.79759	-nan	1.28245	1.41327	1	1	1	1	1	1	5.29787	1.28245	1.28245	1	1	
0.801205	-nan	1.28198	1.41185	1	1	1	1	1	1	5.29476	1.28198	1.28198	1	1	
0.804819	-nan	1.28149	1.41043	1	1	1	1	1	1	5.29168	1.28149	1.28149	1	1	
0.808434	-nan	1.28101	1.40902	1	1	1	1	1	1	5.28862	1.28101	1.28101	1	1	
0.812048	-nan	1.28051	1.40761	1	1	1	1	1	1	5.28559	1.28051	1.28051	1	1	
0.815663	-nan	1.28002	1.40619	1	1	1	1	1	1	5.28258	1.28002	1.28002	1	1	
0.819277	-nan	1.27951	1.40478	1	1	1	1	1	1	5.2796	1.27951	1.27951	1	1	
0.822892	-nan	1.27901	1.40338	1	1	1	1	1	1	5.27664	1.27901	1.27901	1	1	
0.826506	-nan	1.2785	1.40197	1	1	1	1	1	1	5.27371	1.2785	1.2785	1	1	
0.83012	-nan	1.27798	1.40057	1	1	1	1	1	1	5.27081	1.27798	1.27798	1	1	
0.833735	-nan	1.27746	1.39917	1	1	1	1	1	1	5.26792	1.27746	1.27746	1	1	
0.837349	-nan	1.27694	1.39777	1	1	1	1	1	1	5.26507	1.27694	1.27694	1	1	
0.840964	-nan	1.27641	1.39637	1	1	1	1	1	1	5.26223	1.27641	1.27641	1	1	
0.844578	-nan	1.27588	1.39498	1	1	1	1	1	1	5.25942	1.27588	1.27588	1	1	
0.848193	-nan	1.27535	1.39359	1	1	1	1	1	1	5.25664	1.27535	1.27535	1	1	
0.851807	-nan	1.27481	1.3922	1	1	1	1	1	1	5.25387	1.27481	1.27481	1	1	
0.855422	-nan	1.27426	1.39081	1	1	1	1	1	1	5.25113	1.27426	1.27426	1	1	
0.859036	-nan	1.27371	1.38943	1	1	1	1	1	1	5.24842	1.27371	1.27371	1	1	
0.862651	-nan	1.27316	1.38805	1	1	1	1	1	1	5.24572	1.27316	1.27316	1	1	
0.866265	-nan	1.27261	1.38667	1	1	1	1	1	1	5.24305	1.27261	1.27261	1	1	
0.86988	-nan	1.27205	1.3853	1	1	1	1	1	1	5.2404	1.27205	1.27205	1	1	
0.873494	-nan	1.27149	1.38392	1	1	1	1	1	1	5.23777	1.27149	1.27149	1	1	
0.877108	-nan	1.27092	1.38255	1	1	1	1	1	1	5.23516	1.27092	1.27092	1	1	
0.880723	-nan	1.27035	1.38119	1	1	1	1	1	1	5.23258	1.27035	1.27035	1	1	
0.884337	-nan	1.26978	1.37982	1	1	1	1	1	1	5.23001	1.26978	1.26978	1	1	
0.887952	-nan	1.2692	1.37846	1	1	1	1	1	1	5.22747	1.2692	1.2692	1	1	
0.891566	-nan	1.26862	1.3771	1	1	1	1	1	1	5.22495	1.26862	1.26862	1	1	
0.895181	-nan	1.26803	1.37575	1	1	1	1	1	1	5.22245	1.26803	1.26803	1	1	
0.898795	-nan	1.26745	1.37439	1	1	1	1	1	1	5.21997	1.26745	1.26745	1	1	
0.90241	-nan	1.26686	1.37304	1	1	1	1	1	1	5.21751	1.26686	1.26686	1	1	
0.906024	-nan	1.26626	1.3717	1	1	1	1	1	1	5.21507	1.26626	1.26626	1	1	
0.909639	-nan	1.26567	1.37035	1	1	1	1	1	1	5.21265	1.26567	1.26567	1	1	
0.913253	-nan	1.26507	1.36901	1	1	1	1	1	1	5.21025	1.26507	1.26507	1	1	
0.916867	-nan	1.26446	1.36767	1	1	1	1	1	1	5.20787	1.26446	1.26446	1	1	
0.920482	-nan	1.26386	1.36634	1	1	1	1	1	1	5.2055	1.26386	1.26386	1	1	
0.924096	-nan	1.26325	1.365	1	1	1	1	1	1	5.20316	1.26325	1.26325	1	1	
0.927711	-nan	1.26263	1.36367	1	1	1	1	1	1	5.20084	1.26263	1.26263	1	1	
0.931325	-nan	1.26202	1.36235	1	1	1	1	1	1	5.19853	1.26202	1.26202	1	1	
0.93494	-nan	1.2614	1.36103	1	1	1	1	1	1	5.19625	1.2614	1.2614	1	1	
0.938554	-nan	1.26078	1.35971	1	1	1	1	1	1	5.19398	1.26078	1.26078	1	1	
0.942169	-nan	1.26016	1.35839	1	1	1	1	1	1	5.19173	1.26016	1.26016	1	1	
0.945783	-nan	1.25953	1.35708	1	1	1	1	1	1	5.1895	1.25953	1.25953	1	1	
0.949398	-nan	1.2589	1.35576	1	1	1	1	1	1	5.18729	1.2589	1.2589	1	1	
0.953012	-nan	1.25827	1.35446	1	1	1	1	1	1	5.18509	1.25827	1.25827	1	1	
0.956627	-nan	1.25763	1.35315	1	1	1	1	1	1	5.18291	1.25763	1.25763	1	1	
0.960241	-nan	1.257	1.35185	1	1	1	1	1	1	5.18075	1.257	1.257	1	1	
0.963855	-nan	1.25636	1.35055	1	1	1	1	1	1	5.17861	1.25636	1.25636	1	1	
0.96747	-nan	1.25571	1.34926	1	1	1	1	1	1	5.17648	1.25571	1.25571	1	1	
0.971084	-nan	1.25507	1.34797	1	1	1	1	1	1	5.17437	1.25507	1.25507	1	1	
0.974699	-nan	1.25442	1.34668	1	1	1	1	1	1	5.17228	1.25442	1.25442	1	1	
0.978313	-nan	1.25377	1.34539	1	1	1	1	1	1	5.17021	1.25377	1.25377	1	1	
0.981928	-nan	1.25312	1.34411	1	1	1	1	1	1	5.16815	1.25312	1.25312	1	1	
0.985542	-nan	1.25247	1.34283	1	1	1	1	1	1	5.1661	1.25247	1.25247	1	1	
0.989157	-nan	1.25181	1.34156	1	1	1	1	1	1	5.16408	1.25181	1.25181	1	1	
0.992771	-nan	1.25115	1.34029	1	1	1	1	1	1	5.16207	1.25115	1.25115	1	1	
0.996386	-nan	1.25049	1.33902	1	1	1	1	1	1	5.16007	1.25049	1.25049	1	1	
1	-nan	-nan	-nan	-nan	-nan	-nan	-nan	-nan	-nan	-nan	-nan	-nan	-nan	-nan	
