1e-05	-nan	0.484462	0.384682	1	1	1	1	1	1	3.56807	0.484462	0.484462	1	1	
1.03753e-05	-nan	0.484704	0.38497	1	1	1	1	1	1	3.56809	0.484704	0.484704	1	1	
1.07647e-05	-nan	0.48495	0.385261	1	1	1	1	1	1	3.56811	0.48495	0.48495	1	1	
1.11686e-05	-nan	0.485199	0.385555	1	1	1	1	1	1	3.56813	0.485199	0.485199	1	1	
1.15878e-05	-nan	0.485452	0.385852	1	1	1	1	1	1	3.56816	0.485452	0.485452	1	1	
1.20226e-05	-nan	0.485709	0.386153	1	1	1	1	1	1	3.56818	0.485709	0.485709	1	1	
1.24738e-05	-nan	0.485969	0.386457	1	1	1	1	1	1	3.5682	0.485969	0.485969	1	1	
1.2942e-05	-nan	0.486233	0.386765	1	1	1	1	1	1	3.56823	0.486233	0.486233	1	1	
1.34276e-05	-nan	0.486501	0.387076	1	1	1	1	1	1	3.56825	0.486501	0.486501	1	1	
1.39316e-05	-nan	0.486773	0.387391	1	1	1	1	1	1	3.56828	0.486773	0.486773	1	1	
1.44544e-05	-nan	0.487049	0.387709	1	1	1	1	1	1	3.5683	0.487049	0.487049	1	1	
1.49968e-05	-nan	0.487329	0.388031	1	1	1	1	1	1	3.56833	0.487329	0.487329	1	1	
1.55597e-05	-nan	0.487613	0.388357	1	1	1	1	1	1	3.56836	0.487613	0.487613	1	1	
1.61436e-05	-nan	0.487902	0.388686	1	1	1	1	1	1	3.56839	0.487902	0.487902	1	1	
1.67494e-05	-nan	0.488194	0.389019	1	1	1	1	1	1	3.56842	0.488194	0.488194	1	1	
1.7378e-05	-nan	0.488491	0.389356	1	1	1	1	1	1	3.56845	0.488491	0.488491	1	1	
1.80302e-05	-nan	0.488793	0.389697	1	1	1	1	1	1	3.56848	0.488793	0.488793	1	1	
1.87068e-05	-nan	0.489098	0.390041	1	1	1	1	1	1	3.56851	0.489098	0.489098	1	1	
1.94089e-05	-nan	0.489409	0.39039	1	1	1	1	1	1	3.56854	0.489409	0.489409	1	1	
2.01372e-05	-nan	0.489724	0.390742	1	1	1	1	1	1	3.56857	0.489724	0.489724	1	1	
2.0893e-05	-nan	0.490043	0.391099	1	1	1	1	1	1	3.5686	0.490043	0.490043	1	1	
2.1677e-05	-nan	0.490368	0.39146	1	1	1	1	1	1	3.56864	0.490368	0.490368	1	1	
2.24905e-05	-nan	0.490697	0.391824	1	1	1	1	1	1	3.56867	0.490697	0.490697	1	1	
2.33346e-05	-nan	0.491031	0.392193	1	1	1	1	1	1	3.5687	0.491031	0.491031	1	1	
2.42103e-05	-nan	0.49137	0.392566	1	1	1	1	1	1	3.56874	0.49137	0.49137	1	1	
2.51189e-05	-nan	0.491715	0.392943	1	1	1	1	1	1	3.56878	0.491715	0.491715	1	1	
2.60615e-05	-nan	0.492064	0.393325	1	1	1	1	1	1	3.56881	0.492064	0.492064	1	1	
2.70396e-05	-nan	0.492419	0.393711	1	1	1	1	1	1	3.56885	0.492419	0.492419	1	1	
2.80543e-05	-nan	0.492779	0.394101	1	1	1	1	1	1	3.56889	0.492779	0.492779	1	1	
2.91072e-05	-nan	0.493144	0.394496	1	1	1	1	1	1	3.56893	0.493144	0.493144	1	1	
3.01995e-05	-nan	0.493515	0.394895	1	1	1	1	1	1	3.56897	0.493515	0.493515	1	1	
3.13329e-05	-nan	0.493892	0.395299	1	1	1	1	1	1	3.56901	0.493892	0.493892	1	1	
3.25087e-05	-nan	0.494274	0.395708	1	1	1	1	1	1	3.56906	0.494274	0.494274	1	1	
3.37287e-05	-nan	0.494662	0.396121	1	1	1	1	1	1	3.5691	0.494662	0.494662	1	1	
3.49945e-05	-nan	0.495056	0.396539	1	1	1	1	1	1	3.56915	0.495056	0.495056	1	1	
3.63078e-05	-nan	0.495456	0.396961	1	1	1	1	1	1	3.56919	0.495456	0.495456	1	1	
3.76704e-05	-nan	0.495862	0.397389	1	1	1	1	1	1	3.56924	0.495862	0.495862	1	1	
3.90841e-05	-nan	0.496274	0.397821	1	1	1	1	1	1	3.56929	0.496274	0.496274	1	1	
4.05509e-05	-nan	0.496692	0.398258	1	1	1	1	1	1	3.56933	0.496692	0.496692	1	1	
4.20727e-05	-nan	0.497117	0.3987	1	1	1	1	1	1	3.56938	0.497117	0.497117	1	1	
4.36516e-05	-nan	0.497549	0.399148	1	1	1	1	1	1	3.56943	0.497549	0.497549	1	1	
4.52898e-05	-nan	0.497986	0.3996	1	1	1	1	1	1	3.56949	0.497986	0.497986	1	1	
4.69894e-05	-nan	0.498431	0.400058	1	1	1	1	1	1	3.56954	0.498431	0.498431	1	1	
4.87528e-05	-nan	0.498883	0.40052	1	1	1	1	1	1	3.56959	0.498883	0.498883	1	1	
5.05825e-05	-nan	0.499341	0.400989	1	1	1	1	1	1	3.56965	0.499341	0.499341	1	1	
5.24807e-05	-nan	0.499806	0.401462	1	1	1	1	1	1	3.56971	0.499806	0.499806	1	1	
5.44503e-05	-nan	0.500279	0.401941	1	1	1	1	1	1	3.56977	0.500279	0.500279	1	1	
5.64937e-05	-nan	0.500759	0.402425	1	1	1	1	1	1	3.56983	0.500759	0.500759	1	1	
5.86138e-05	-nan	0.501246	0.402915	1	1	1	1	1	1	3.56989	0.501246	0.501246	1	1	
6.08135e-05	-nan	0.501741	0.403411	1	1	1	1	1	1	3.56995	0.501741	0.501741	1	1	
6.30957e-05	-nan	0.502244	0.403912	1	1	1	1	1	1	3.57001	0.502244	0.502244	1	1	
6.54636e-05	-nan	0.502754	0.404419	1	1	1	1	1	1	3.57008	0.502754	0.502754	1	1	
6.79204e-05	-nan	0.503273	0.404932	1	1	1	1	1	1	3.57014	0.503273	0.503273	1	1	
7.04693e-05	-nan	0.503799	0.40545	1	1	1	1	1	1	3.57021	0.503799	0.503799	1	1	
7.31139e-05	-nan	0.504334	0.405975	1	1	1	1	1	1	3.57028	0.504334	0.504334	1	1	
7.58578e-05	-nan	0.504877	0.406506	1	1	1	1	1	1	3.57035	0.504877	0.504877	1	1	
7.87046e-05	-nan	0.505428	0.407043	1	1	1	1	1	1	3.57043	0.505428	0.505428	1	1	
8.16582e-05	-nan	0.505988	0.407586	1	1	1	1	1	1	3.5705	0.505988	0.505988	1	1	
8.47227e-05	-nan	0.506557	0.408135	1	1	1	1	1	1	3.57058	0.506557	0.506557	1	1	
8.79023e-05	-nan	0.507135	0.408691	1	1	1	1	1	1	3.57066	0.507135	0.507135	1	1	
9.12011e-05	-nan	0.507722	0.409253	1	1	1	1	1	1	3.57074	0.507722	0.507722	1	1	
9.46237e-05	-nan	0.508318	0.409821	1	1	1	1	1	1	3.57082	0.508318	0.508318	1	1	
9.81748e-05	-nan	0.508923	0.410396	1	1	1	1	1	1	3.5709	0.508923	0.508923	1	1	
0.000101859	-nan	0.509538	0.410978	1	1	1	1	1	1	3.57099	0.509538	0.509538	1	1	
0.000105682	-nan	0.510163	0.411567	1	1	1	1	1	1	3.57107	0.510163	0.510163	1	1	
0.000109648	-nan	0.510798	0.412162	1	1	1	1	1	1	3.57116	0.510798	0.510798	1	1	
0.000113763	-nan	0.511442	0.412764	1	1	1	1	1	1	3.57126	0.511442	0.511442	1	1	
0.000118032	-nan	0.512097	0.413374	1	1	1	1	1	1	3.57135	0.512097	0.512097	1	1	
0.000122462	-nan	0.512763	0.41399	1	1	1	1	1	1	3.57144	0.512763	0.512763	1	1	
0.000127057	-nan	0.513439	0.414614	1	1	1	1	1	1	3.57154	0.513439	0.513439	1	1	
0.000131826	-nan	0.514125	0.415245	1	1	1	1	1	1	3.57164	0.514125	0.514125	1	1	
0.000136773	-nan	0.514823	0.415883	1	1	1	1	1	1	3.57175	0.514823	0.514823	1	1	
0.000141906	-nan	0.515532	0.416529	1	1	1	1	1	1	3.57185	0.515532	0.515532	1	1	
0.000147231	-nan	0.516252	0.417182	1	1	1	1	1	1	3.57196	0.516252	0.516252	1	1	
0.000152757	-nan	0.516983	0.417843	1	1	1	1	1	1	3.57207	0.516983	0.516983	1	1	
0.000158489	-nan	0.517727	0.418512	1	1	1	1	1	1	3.57218	0.517727	0.517727	1	1	
0.000164437	-nan	0.518482	0.419189	1	1	1	1	1	1	3.57229	0.518482	0.518482	1	1	
0.000170608	-nan	0.519249	0.419873	1	1	1	1	1	1	3.57241	0.519249	0.519249	1	1	
0.000177011	-nan	0.520029	0.420566	1	1	1	1	1	1	3.57253	0.520029	0.520029	1	1	
0.000183654	-nan	0.520822	0.421267	1	1	1	1	1	1	3.57265	0.520822	0.520822	1	1	
0.000190546	-nan	0.521627	0.421976	1	1	1	1	1	1	3.57278	0.521627	0.521627	1	1	
0.000197697	-nan	0.522445	0.422694	1	1	1	1	1	1	3.57291	0.522445	0.522445	1	1	
0.000205116	-nan	0.523276	0.42342	1	1	1	1	1	1	3.57304	0.523276	0.523276	1	1	
0.000212814	-nan	0.524121	0.424155	1	1	1	1	1	1	3.57318	0.524121	0.524121	1	1	
0.0002208	-nan	0.52498	0.424898	1	1	1	1	1	1	3.57331	0.52498	0.52498	1	1	
0.000229087	-nan	0.525852	0.425651	1	1	1	1	1	1	3.57345	0.525852	0.525852	1	1	
0.000237684	-nan	0.526739	0.426412	1	1	1	1	1	1	3.5736	0.526739	0.526739	1	1	
0.000246604	-nan	0.52764	0.427183	1	1	1	1	1	1	3.57375	0.52764	0.52764	1	1	
0.000255859	-nan	0.528555	0.427963	1	1	1	1	1	1	3.5739	0.528555	0.528555	1	1	
0.000265461	-nan	0.529486	0.428752	1	1	1	1	1	1	3.57405	0.529486	0.529486	1	1	
0.000275423	-nan	0.530432	0.429551	1	1	1	1	1	1	3.57421	0.530432	0.530432	1	1	
0.000285759	-nan	0.531393	0.430359	1	1	1	1	1	1	3.57437	0.531393	0.531393	1	1	
0.000296483	-nan	0.53237	0.431178	1	1	1	1	1	1	3.57454	0.53237	0.53237	1	1	
0.00030761	-nan	0.533363	0.432006	1	1	1	1	1	1	3.57471	0.533363	0.533363	1	1	
0.000319154	-nan	0.534372	0.432844	1	1	1	1	1	1	3.57488	0.534372	0.534372	1	1	
0.000331131	-nan	0.535398	0.433692	1	1	1	1	1	1	3.57506	0.535398	0.535398	1	1	
0.000343558	-nan	0.536441	0.434551	1	1	1	1	1	1	3.57524	0.536441	0.536441	1	1	
0.000356451	-nan	0.537501	0.435421	1	1	1	1	1	1	3.57543	0.537501	0.537501	1	1	
0.000369828	-nan	0.538578	0.436301	1	1	1	1	1	1	3.57562	0.538578	0.538578	1	1	
0.000383707	-nan	0.539673	0.437192	1	1	1	1	1	1	3.57581	0.539673	0.539673	1	1	
0.000398107	-nan	0.540786	0.438094	1	1	1	1	1	1	3.57601	0.540786	0.540786	1	1	
0.000413048	-nan	0.541917	0.439007	1	1	1	1	1	1	3.57622	0.541917	0.541917	1	1	
0.000428549	-nan	0.543067	0.439931	1	1	1	1	1	1	3.57642	0.543067	0.543067	1	1	
0.000444631	-nan	0.544236	0.440867	1	1	1	1	1	1	3.57664	0.544236	0.544236	1	1	
0.000461318	-nan	0.545424	0.441815	1	1	1	1	1	1	3.57686	0.545424	0.545424	1	1	
0.00047863	-nan	0.546632	0.442774	1	1	1	1	1	1	3.57708	0.546632	0.546632	1	1	
0.000496592	-nan	0.54786	0.443746	1	1	1	1	1	1	3.57731	0.54786	0.54786	1	1	
0.000515229	-nan	0.549108	0.44473	1	1	1	1	1	1	3.57755	0.549108	0.549108	1	1	
0.000534564	-nan	0.550377	0.445726	1	1	1	1	1	1	3.57779	0.550377	0.550377	1	1	
0.000554626	-nan	0.551667	0.446735	1	1	1	1	1	1	3.57803	0.551667	0.551667	1	1	
0.00057544	-nan	0.552978	0.447756	1	1	1	1	1	1	3.57828	0.552978	0.552978	1	1	
0.000597035	-nan	0.554311	0.448791	1	1	1	1	1	1	3.57854	0.554311	0.554311	1	1	
0.000619441	-nan	0.555666	0.449839	1	1	1	1	1	1	3.57881	0.555666	0.555666	1	1	
0.000642688	-nan	0.557044	0.450901	1	1	1	1	1	1	3.57908	0.557044	0.557044	1	1	
0.000666807	-nan	0.558444	0.451976	1	1	1	1	1	1	3.57935	0.558444	0.558444	1	1	
0.000691831	-nan	0.559868	0.453065	1	1	1	1	1	1	3.57964	0.559868	0.559868	1	1	
0.000717794	-nan	0.561316	0.454168	1	1	1	1	1	1	3.57993	0.561316	0.561316	1	1	
0.000744732	-nan	0.562787	0.455286	1	1	1	1	1	1	3.58022	0.562787	0.562787	1	1	
0.000772681	-nan	0.564283	0.456418	1	1	1	1	1	1	3.58053	0.564283	0.564283	1	1	
0.000801678	-nan	0.565804	0.457565	1	1	1	1	1	1	3.58084	0.565804	0.565804	1	1	
0.000831764	-nan	0.56735	0.458728	1	1	1	1	1	1	3.58116	0.56735	0.56735	1	1	
0.000862979	-nan	0.568921	0.459905	1	1	1	1	1	1	3.58148	0.568921	0.568921	1	1	
0.000895365	-nan	0.570519	0.461099	1	1	1	1	1	1	3.58182	0.570519	0.570519	1	1	
0.000928966	-nan	0.572143	0.462308	1	1	1	1	1	1	3.58216	0.572143	0.572143	1	1	
0.000963829	-nan	0.573795	0.463534	1	1	1	1	1	1	3.58251	0.573795	0.573795	1	1	
0.001	-nan	0.575473	0.464776	1	1	1	1	1	1	3.58287	0.575473	0.575473	1	1	
0.00103753	-nan	0.57718	0.466034	1	1	1	1	1	1	3.58324	0.57718	0.57718	1	1	
0.00107647	-nan	0.578914	0.46731	1	1	1	1	1	1	3.58361	0.578914	0.578914	1	1	
0.00111686	-nan	0.580678	0.468604	1	1	1	1	1	1	3.584	0.580678	0.580678	1	1	
0.00115878	-nan	0.582471	0.469915	1	1	1	1	1	1	3.58439	0.582471	0.582471	1	1	
0.00120226	-nan	0.584293	0.471244	1	1	1	1	1	1	3.5848	0.584293	0.584293	1	1	
0.00124738	-nan	0.586145	0.472592	1	1	1	1	1	1	3.58521	0.586145	0.586145	1	1	
0.0012942	-nan	0.588028	0.473958	1	1	1	1	1	1	3.58564	0.588028	0.588028	1	1	
0.00134276	-nan	0.589943	0.475344	1	1	1	1	1	1	3.58607	0.589943	0.589943	1	1	
0.00139316	-nan	0.591888	0.476749	1	1	1	1	1	1	3.58652	0.591888	0.591888	1	1	
0.00144544	-nan	0.593866	0.478173	1	1	1	1	1	1	3.58697	0.593866	0.593866	1	1	
0.00149968	-nan	0.595876	0.479619	1	1	1	1	1	1	3.58744	0.595876	0.595876	1	1	
0.00155597	-nan	0.597919	0.481084	1	1	1	1	1	1	3.58792	0.597919	0.597919	1	1	
0.00161436	-nan	0.599996	0.482571	1	1	1	1	1	1	3.58841	0.599996	0.599996	1	1	
0.00167494	-nan	0.602106	0.484079	1	1	1	1	1	1	3.58891	0.602106	0.602106	1	1	
0.0017378	-nan	0.604251	0.485609	1	1	1	1	1	1	3.58943	0.604251	0.604251	1	1	
0.00180302	-nan	0.606431	0.487162	1	1	1	1	1	1	3.58996	0.606431	0.606431	1	1	
0.00187068	-nan	0.608647	0.488737	1	1	1	1	1	1	3.5905	0.608647	0.608647	1	1	
0.00194089	-nan	0.610898	0.490335	1	1	1	1	1	1	3.59105	0.610898	0.610898	1	1	
0.00201372	-nan	0.613186	0.491957	1	1	1	1	1	1	3.59162	0.613186	0.613186	1	1	
0.0020893	-nan	0.615511	0.493604	1	1	1	1	1	1	3.5922	0.615511	0.615511	1	1	
0.0021677	-nan	0.617873	0.495275	1	1	1	1	1	1	3.5928	0.617873	0.617873	1	1	
0.00224905	-nan	0.620273	0.496971	1	1	1	1	1	1	3.59341	0.620273	0.620273	1	1	
0.00233346	-nan	0.622712	0.498693	1	1	1	1	1	1	3.59404	0.622712	0.622712	1	1	
0.00242103	-nan	0.625189	0.500442	1	1	1	1	1	1	3.59468	0.625189	0.625189	1	1	
0.00251189	-nan	0.627706	0.502217	1	1	1	1	1	1	3.59534	0.627706	0.627706	1	1	
0.00260615	-nan	0.630263	0.50402	1	1	1	1	1	1	3.59601	0.630263	0.630263	1	1	
0.00270396	-nan	0.63286	0.505851	1	1	1	1	1	1	3.5967	0.63286	0.63286	1	1	
0.00280543	-nan	0.635499	0.507711	1	1	1	1	1	1	3.59741	0.635499	0.635499	1	1	
0.00291072	-nan	0.638178	0.5096	1	1	1	1	1	1	3.59814	0.638178	0.638178	1	1	
0.00301995	-nan	0.6409	0.511519	1	1	1	1	1	1	3.59888	0.6409	0.6409	1	1	
0.00313329	-nan	0.643663	0.513469	1	1	1	1	1	1	3.59965	0.643663	0.643663	1	1	
0.00325087	-nan	0.64647	0.51545	1	1	1	1	1	1	3.60043	0.64647	0.64647	1	1	
0.00337287	-nan	0.64932	0.517463	1	1	1	1	1	1	3.60123	0.64932	0.64932	1	1	
0.00349945	-nan	0.652213	0.519509	1	1	1	1	1	1	3.60206	0.652213	0.652213	1	1	
0.00363078	-nan	0.655151	0.521589	1	1	1	1	1	1	3.6029	0.655151	0.655151	1	1	
0.00376704	-nan	0.658133	0.523703	1	1	1	1	1	1	3.60376	0.658133	0.658133	1	1	
0.00390841	-nan	0.66116	0.525852	1	1	1	1	1	1	3.60465	0.66116	0.66116	1	1	
0.00405509	-nan	0.664233	0.528038	1	1	1	1	1	1	3.60556	0.664233	0.664233	1	1	
0.00420727	-nan	0.667351	0.53026	1	1	1	1	1	1	3.6065	0.667351	0.667351	1	1	
0.00436516	-nan	0.670516	0.53252	1	1	1	1	1	1	3.60745	0.670516	0.670516	1	1	
0.00452898	-nan	0.673727	0.534819	1	1	1	1	1	1	3.60843	0.673727	0.673727	1	1	
0.00469894	-nan	0.676985	0.537157	1	1	1	1	1	1	3.60944	0.676985	0.676985	1	1	
0.00487528	-nan	0.68029	0.539537	1	1	1	1	1	1	3.61047	0.68029	0.68029	1	1	
0.00505825	-nan	0.683642	0.541957	1	1	1	1	1	1	3.61153	0.683642	0.683642	1	1	
0.00524807	-nan	0.687043	0.544421	1	1	1	1	1	1	3.61262	0.687043	0.687043	1	1	
0.00544503	-nan	0.690491	0.546928	1	1	1	1	1	1	3.61374	0.690491	0.690491	1	1	
0.00564937	-nan	0.693988	0.54948	1	1	1	1	1	1	3.61488	0.693988	0.693988	1	1	
0.00586138	-nan	0.697533	0.552078	1	1	1	1	1	1	3.61605	0.697533	0.697533	1	1	
0.00608135	-nan	0.701127	0.554723	1	1	1	1	1	1	3.61726	0.701127	0.701127	1	1	
0.00630957	-nan	0.70477	0.557416	1	1	1	1	1	1	3.61849	0.70477	0.70477	1	1	
0.00654636	-nan	0.708462	0.56016	1	1	1	1	1	1	3.61976	0.708462	0.708462	1	1	
0.00679204	-nan	0.712203	0.562954	1	1	1	1	1	1	3.62106	0.712203	0.712203	1	1	
0.00704693	-nan	0.715994	0.5658	1	1	1	1	1	1	3.6224	0.715994	0.715994	1	1	
0.00731139	-nan	0.719834	0.5687	1	1	1	1	1	1	3.62377	0.719834	0.719834	1	1	
0.00758578	-nan	0.723723	0.571654	1	1	1	1	1	1	3.62517	0.723723	0.723723	1	1	
0.00787046	-nan	0.727661	0.574666	1	1	1	1	1	1	3.62661	0.727661	0.727661	1	1	
0.00816582	-nan	0.731649	0.577735	1	1	1	1	1	1	3.62809	0.731649	0.731649	1	1	
0.00847227	-nan	0.735685	0.580863	1	1	1	1	1	1	3.62961	0.735685	0.735685	1	1	
0.00879023	-nan	0.739771	0.584053	1	1	1	1	1	1	3.63117	0.739771	0.739771	1	1	
0.00912011	-nan	0.743906	0.587306	1	1	1	1	1	1	3.63277	0.743906	0.743906	1	1	
0.00946237	-nan	0.748089	0.590623	1	1	1	1	1	1	3.63442	0.748089	0.748089	1	1	
0.00981748	-nan	0.752321	0.594006	1	1	1	1	1	1	3.6361	0.752321	0.752321	1	1	
0.0101859	-nan	0.756601	0.597457	1	1	1	1	1	1	3.63784	0.756601	0.756601	1	1	
0.0105682	-nan	0.760928	0.600978	1	1	1	1	1	1	3.63961	0.760928	0.760928	1	1	
0.0109648	-nan	0.765303	0.604571	1	1	1	1	1	1	3.64144	0.765303	0.765303	1	1	
0.0113763	-nan	0.769724	0.608238	1	1	1	1	1	1	3.64331	0.769724	0.769724	1	1	
0.0118032	-nan	0.774192	0.611981	1	1	1	1	1	1	3.64524	0.774192	0.774192	1	1	
0.0122462	-nan	0.778706	0.615801	1	1	1	1	1	1	3.64721	0.778706	0.778706	1	1	
0.0127057	-nan	0.783264	0.619702	1	1	1	1	1	1	3.64924	0.783264	0.783264	1	1	
0.0131826	-nan	0.787867	0.623685	1	1	1	1	1	1	3.65132	0.787867	0.787867	1	1	
0.0136773	-nan	0.792514	0.627753	1	1	1	1	1	1	3.65346	0.792514	0.792514	1	1	
0.0141906	-nan	0.797204	0.631908	1	1	1	1	1	1	3.65565	0.797204	0.797204	1	1	
0.0147231	-nan	0.801935	0.636153	1	1	1	1	1	1	3.6579	0.801935	0.801935	1	1	
0.0152757	-nan	0.806708	0.64049	1	1	1	1	1	1	3.66021	0.806708	0.806708	1	1	
0.0158489	-nan	0.811521	0.644922	1	1	1	1	1	1	3.66259	0.811521	0.811521	1	1	
0.0164437	-nan	0.816373	0.649451	1	1	1	1	1	1	3.66503	0.816373	0.816373	1	1	
0.0170608	-nan	0.821262	0.65408	1	1	1	1	1	1	3.66753	0.821262	0.821262	1	1	
0.0177011	-nan	0.826188	0.658813	1	1	1	1	1	1	3.6701	0.826188	0.826188	1	1	
0.0183654	-nan	0.83115	0.663651	1	1	1	1	1	1	3.67273	0.83115	0.83115	1	1	
0.0190546	-nan	0.836145	0.668599	1	1	1	1	1	1	3.67544	0.836145	0.836145	1	1	
0.0197697	-nan	0.841173	0.673659	1	1	1	1	1	1	3.67822	0.841173	0.841173	1	1	
0.0205116	-nan	0.846232	0.678835	1	1	1	1	1	1	3.68107	0.846232	0.846232	1	1	
0.0212814	-nan	0.851321	0.68413	1	1	1	1	1	1	3.68399	0.851321	0.851321	1	1	
0.02208	-nan	0.856437	0.689547	1	1	1	1	1	1	3.68699	0.856437	0.856437	1	1	
0.0229087	-nan	0.861579	0.69509	1	1	1	1	1	1	3.69007	0.861579	0.861579	1	1	
0.0237684	-nan	0.866745	0.700762	1	1	1	1	1	1	3.69323	0.866745	0.866745	1	1	
0.0246604	-nan	0.871934	0.706567	1	1	1	1	1	1	3.69647	0.871934	0.871934	1	1	
0.0255859	-nan	0.877143	0.71251	1	1	1	1	1	1	3.6998	0.877143	0.877143	1	1	
0.0265461	-nan	0.88237	0.718594	1	1	1	1	1	1	3.7032	0.88237	0.88237	1	1	
0.0275423	-nan	0.887613	0.724822	1	1	1	1	1	1	3.7067	0.887613	0.887613	1	1	
0.0285759	-nan	0.89287	0.7312	1	1	1	1	1	1	3.71027	0.89287	0.89287	1	1	
0.0296483	-nan	0.898139	0.737732	1	1	1	1	1	1	3.71394	0.898139	0.898139	1	1	
0.030761	-nan	0.903417	0.744422	1	1	1	1	1	1	3.7177	0.903417	0.903417	1	1	
0.0319154	-nan	0.908701	0.751274	1	1	1	1	1	1	3.72154	0.908701	0.908701	1	1	
0.0331131	-nan	0.913989	0.758293	1	1	1	1	1	1	3.72548	0.913989	0.913989	1	1	
0.0343558	-nan	0.919279	0.765484	1	1	1	1	1	1	3.72951	0.919279	0.919279	1	1	
0.0356451	-nan	0.924568	0.772853	1	1	1	1	1	1	3.73362	0.924568	0.924568	1	1	
0.0369828	-nan	0.929852	0.780403	1	1	1	1	1	1	3.73783	0.929852	0.929852	1	1	
0.0383707	-nan	0.935129	0.78814	1	1	1	1	1	1	3.74213	0.935129	0.935129	1	1	
0.0398107	-nan	0.940396	0.796069	1	1	1	1	1	1	3.74652	0.940396	0.940396	1	1	
0.0413048	-nan	0.945651	0.804196	1	1	1	1	1	1	3.75099	0.945651	0.945651	1	1	
0.0428549	-nan	0.950888	0.812526	1	1	1	1	1	1	3.75555	0.950888	0.950888	1	1	
0.0444631	-nan	0.956107	0.821065	1	1	1	1	1	1	3.7602	0.956107	0.956107	1	1	
0.0461318	-nan	0.961303	0.829819	1	1	1	1	1	1	3.76492	0.961303	0.961303	1	1	
0.047863	-nan	0.966472	0.838793	1	1	1	1	1	1	3.76971	0.966472	0.966472	1	1	
0.0496592	-nan	0.971613	0.847993	1	1	1	1	1	1	3.77458	0.971613	0.971613	1	1	
0.0515229	-nan	0.97672	0.857426	1	1	1	1	1	1	3.77951	0.97672	0.97672	1	1	
0.0534564	-nan	0.98179	0.867098	1	1	1	1	1	1	3.78449	0.98179	0.98179	1	1	
0.0554626	-nan	0.98682	0.877015	1	1	1	1	1	1	3.78951	0.98682	0.98682	1	1	
0.057544	-nan	0.991806	0.887183	1	1	1	1	1	1	3.79457	0.991806	0.991806	1	1	
0.0597035	-nan	0.996745	0.89761	1	1	1	1	1	1	3.79964	0.996745	0.996745	1	1	
0.0619441	-nan	1.00163	0.908301	1	1	1	1	1	1	3.80472	1.00163	1.00163	1	1	
0.0642688	-nan	1.00646	0.919263	1	1	1	1	1	1	3.80978	1.00646	1.00646	1	1	
0.0666807	-nan	1.01123	0.930504	1	1	1	1	1	1	3.81479	1.01123	1.01123	1	1	
0.0691831	-nan	1.01594	0.942029	1	1	1	1	1	1	3.81974	1.01594	1.01594	1	1	
0.0717794	-nan	1.02058	0.953847	1	1	1	1	1	1	3.82459	1.02058	1.02058	1	1	
0.0744732	-nan	1.02515	0.965963	1	1	1	1	1	1	3.8293	1.02515	1.02515	1	1	
0.0772681	-nan	1.02965	0.978386	1	1	1	1	1	1	3.83383	1.02965	1.02965	1	1	
0.0801678	-nan	1.03406	0.991121	1	1	1	1	1	1	3.83813	1.03406	1.03406	1	1	
0.0831764	-nan	1.03839	1.00418	1	1	1	1	1	1	3.84214	1.03839	1.03839	1	1	
0.0862979	-nan	1.04263	1.01756	1	1	1	1	1	1	3.84579	1.04263	1.04263	1	1	
0.0895365	-nan	1.04678	1.03127	1	1	1	1	1	1	3.84901	1.04678	1.04678	1	1	
0.0928966	-nan	1.05083	1.04533	1	1	1	1	1	1	3.85171	1.05083	1.05083	1	1	
0.0963829	-nan	1.05479	1.05973	1	1	1	1	1	1	3.85377	1.05479	1.05479	1	1	
0.1	-nan	1.05863	1.07449	1	1	1	1	1	1	3.85507	1.05863	1.05863	1	1	
0.103614	-nan	1.06224	1.08906	1	1	1	1	1	1	3.85548	1.06224	1.06224	1	1	
0.107229	-nan	1.06562	1.10344	1	1	1	1	1	1	3.85496	1.06562	1.06562	1	1	
0.110843	-nan	1.06879	1.11766	1	1	1	1	1	1	3.85345	1.06879	1.06879	1	1	
0.114458	-nan	1.07177	1.13171	1	1	1	1	1	1	3.8509	1.07177	1.07177	1	1	
0.118072	-nan	1.07457	1.14561	1	1	1	1	1	1	3.84727	1.07457	1.07457	1	1	
0.121687	-nan	1.07719	1.15934	1	1	1	1	1	1	3.84252	1.07719	1.07719	1	1	
0.125301	-nan	1.07965	1.17293	1	1	1	1	1	1	3.8366	1.07965	1.07965	1	1	
0.128916	-nan	1.08197	1.18637	1	1	1	1	1	1	3.82947	1.08197	1.08197	1	1	
0.13253	-nan	1.08414	1.19966	1	1	1	1	1	1	3.82109	1.08414	1.08414	1	1	
0.136145	-nan	1.08618	1.21281	1	1	1	1	1	1	3.81144	1.08618	1.08618	1	1	
0.139759	-nan	1.08809	1.22583	1	1	1	1	1	1	3.80048	1.08809	1.08809	1	1	
0.143373	-nan	1.08988	1.23871	1	1	1	1	1	1	3.78821	1.08988	1.08988	1	1	
0.146988	-nan	1.09156	1.25145	1	1	1	1	1	1	3.77461	1.09156	1.09156	1	1	
0.150602	-nan	1.09313	1.26407	1	1	1	1	1	1	3.75969	1.09313	1.09313	1	1	
0.154217	-nan	1.0946	1.27656	1	1	1	1	1	1	3.74345	1.0946	1.0946	1	1	
0.157831	-nan	1.09597	1.28892	1	1	1	1	1	1	3.72591	1.09597	1.09597	1	1	
0.161446	-nan	1.09726	1.30116	1	1	1	1	1	1	3.70713	1.09726	1.09726	1	1	
0.16506	-nan	1.09846	1.31328	1	1	1	1	1	1	3.68713	1.09846	1.09846	1	1	
0.168675	-nan	1.09957	1.32528	1	1	1	1	1	1	3.66598	1.09957	1.09957	1	1	
0.172289	-nan	1.10061	1.33717	1	1	1	1	1	1	3.64377	1.10061	1.10061	1	1	
0.175904	-nan	1.10157	1.34893	1	1	1	1	1	1	3.62057	1.10157	1.10157	1	1	
0.179518	-nan	1.10247	1.36058	1	1	1	1	1	1	3.59648	1.10247	1.10247	1	1	
0.183133	-nan	1.10329	1.37212	1	1	1	1	1	1	3.57162	1.10329	1.10329	1	1	
0.186747	-nan	1.10405	1.38355	1	1	1	1	1	1	3.54611	1.10405	1.10405	1	1	
0.190361	-nan	1.10476	1.39487	1	1	1	1	1	1	3.52008	1.10476	1.10476	1	1	
0.193976	-nan	1.1054	1.40607	1	1	1	1	1	1	3.49366	1.1054	1.1054	1	1	
0.19759	-nan	1.10599	1.41717	1	1	1	1	1	1	3.467	1.10599	1.10599	1	1	
0.201205	-nan	1.10652	1.42817	1	1	1	1	1	1	3.44023	1.10652	1.10652	1	1	
0.204819	-nan	1.107	1.43905	1	1	1	1	1	1	3.41349	1.107	1.107	1	1	
0.208434	-nan	1.10744	1.44984	1	1	1	1	1	1	3.38693	1.10744	1.10744	1	1	
0.212048	-nan	1.10782	1.46052	1	1	1	1	1	1	3.36068	1.10782	1.10782	1	1	
0.215663	-nan	1.10817	1.47109	1	1	1	1	1	1	3.33485	1.10817	1.10817	1	1	
0.219277	-nan	1.10847	1.48157	1	1	1	1	1	1	3.30958	1.10847	1.10847	1	1	
0.222892	-nan	1.10873	1.49194	1	1	1	1	1	1	3.28495	1.10873	1.10873	1	1	
0.226506	-nan	1.10895	1.50222	1	1	1	1	1	1	3.26106	1.10895	1.10895	1	1	
0.23012	-nan	1.10913	1.5124	1	1	1	1	1	1	3.238	1.10913	1.10913	1	1	
0.233735	-nan	1.10928	1.52247	1	1	1	1	1	1	3.21583	1.10928	1.10928	1	1	
0.237349	-nan	1.10939	1.53246	1	1	1	1	1	1	3.1946	1.10939	1.10939	1	1	
0.240964	-nan	1.10947	1.54234	1	1	1	1	1	1	3.17436	1.10947	1.10947	1	1	
0.244578	-nan	1.10952	1.55213	1	1	1	1	1	1	3.15513	1.10952	1.10952	1	1	
0.248193	-nan	1.10954	1.56183	1	1	1	1	1	1	3.13693	1.10954	1.10954	1	1	
0.251807	-nan	1.10953	1.57143	1	1	1	1	1	1	3.11978	1.10953	1.10953	1	1	
0.255422	-nan	1.10949	1.58094	1	1	1	1	1	1	3.10366	1.10949	1.10949	1	1	
0.259036	-nan	1.10942	1.59035	1	1	1	1	1	1	3.08857	1.10942	1.10942	1	1	
0.262651	-nan	1.10933	1.59968	1	1	1	1	1	1	3.0745	1.10933	1.10933	1	1	
0.266265	-nan	1.10921	1.60891	1	1	1	1	1	1	3.06141	1.10921	1.10921	1	1	
0.26988	-nan	1.10906	1.61805	1	1	1	1	1	1	3.04929	1.10906	1.10906	1	1	
0.273494	-nan	1.1089	1.6271	1	1	1	1	1	1	3.03809	1.1089	1.1089	1	1	
0.277108	-nan	1.10871	1.63607	1	1	1	1	1	1	3.02779	1.10871	1.10871	1	1	
0.280723	-nan	1.1085	1.64494	1	1	1	1	1	1	3.01835	1.1085	1.1085	1	1	
0.284337	-nan	1.10827	1.65373	1	1	1	1	1	1	3.00972	1.10827	1.10827	1	1	
0.287952	-nan	1.10801	1.66243	1	1	1	1	1	1	3.00188	1.10801	1.10801	1	1	
0.291566	-nan	1.10774	1.67104	1	1	1	1	1	1	2.99478	1.10774	1.10774	1	1	
0.295181	-nan	1.10745	1.67957	1	1	1	1	1	1	2.98839	1.10745	1.10745	1	1	
0.298795	-nan	1.10715	1.68801	1	1	1	1	1	1	2.98265	1.10715	1.10715	1	1	
0.30241	-nan	1.10682	1.69637	1	1	1	1	1	1	2.97755	1.10682	1.10682	1	1	
0.306024	-nan	1.10648	1.70465	1	1	1	1	1	1	2.97304	1.10648	1.10648	1	1	
0.309639	-nan	1.10612	1.71284	1	1	1	1	1	1	2.96908	1.10612	1.10612	1	1	
0.313253	-nan	1.10574	1.72094	1	1	1	1	1	1	2.96564	1.10574	1.10574	1	1	
0.316867	-nan	1.10535	1.72897	1	1	1	1	1	1	2.96269	1.10535	1.10535	1	1	
0.320482	-nan	1.10495	1.73691	1	1	1	1	1	1	2.9602	1.10495	1.10495	1	1	
0.324096	-nan	1.10453	1.74477	1	1	1	1	1	1	2.95814	1.10453	1.10453	1	1	
0.327711	-nan	1.1041	1.75256	1	1	1	1	1	1	2.95648	1.1041	1.1041	1	1	
0.331325	-nan	1.10365	1.76026	1	1	1	1	1	1	2.9552	1.10365	1.10365	1	1	
0.33494	-nan	1.10319	1.76788	1	1	1	1	1	1	2.95426	1.10319	1.10319	1	1	
0.338554	-nan	1.10272	1.77542	1	1	1	1	1	1	2.95366	1.10272	1.10272	1	1	
0.342169	-nan	1.10223	1.78289	1	1	1	1	1	1	2.95335	1.10223	1.10223	1	1	
0.345783	-nan	1.10174	1.79028	1	1	1	1	1	1	2.95334	1.10174	1.10174	1	1	
0.349398	-nan	1.10123	1.79759	1	1	1	1	1	1	2.95359	1.10123	1.10123	1	1	
0.353012	-nan	1.10071	1.80482	1	1	1	1	1	1	2.95408	1.10071	1.10071	1	1	
0.356627	-nan	1.10018	1.81198	1	1	1	1	1	1	2.95481	1.10018	1.10018	1	1	
0.360241	-nan	1.09964	1.81906	1	1	1	1	1	1	2.95576	1.09964	1.09964	1	1	
0.363855	-nan	1.09909	1.82607	1	1	1	1	1	1	2.9569	1.09909	1.09909	1	1	
0.36747	-nan	1.09853	1.833	1	1	1	1	1	1	2.95823	1.09853	1.09853	1	1	
0.371084	-nan	1.09796	1.83986	1	1	1	1	1	1	2.95974	1.09796	1.09796	1	1	
0.374699	-nan	1.09738	1.84665	1	1	1	1	1	1	2.96141	1.09738	1.09738	1	1	
0.378313	-nan	1.09679	1.85336	1	1	1	1	1	1	2.96323	1.09679	1.09679	1	1	
0.381928	-nan	1.09619	1.86	1	1	1	1	1	1	2.9652	1.09619	1.09619	1	1	
0.385542	-nan	1.09559	1.86657	1	1	1	1	1	1	2.96729	1.09559	1.09559	1	1	
0.389157	-nan	1.09497	1.87307	1	1	1	1	1	1	2.96951	1.09497	1.09497	1	1	
0.392771	-nan	1.09435	1.8795	1	1	1	1	1	1	2.97185	1.09435	1.09435	1	1	
0.396386	-nan	1.09372	1.88586	1	1	1	1	1	1	2.97429	1.09372	1.09372	1	1	
0.4	-nan	1.09308	1.89215	1	1	1	1	1	1	2.97684	1.09308	1.09308	1	1	
0.403614	-nan	1.09243	1.89837	1	1	1	1	1	1	2.97948	1.09243	1.09243	1	1	
0.407229	-nan	1.09178	1.90452	1	1	1	1	1	1	2.9822	1.09178	1.09178	1	1	
0.410843	-nan	1.09112	1.9106	1	1	1	1	1	1	2.98501	1.09112	1.09112	1	1	
0.414458	-nan	1.09045	1.91662	1	1	1	1	1	1	2.9879	1.09045	1.09045	1	1	
0.418072	-nan	1.08978	1.92257	1	1	1	1	1	1	2.99086	1.08978	1.08978	1	1	
0.421687	-nan	1.0891	1.92846	1	1	1	1	1	1	2.99389	1.0891	1.0891	1	1	
0.425301	-nan	1.08841	1.93428	1	1	1	1	1	1	2.99699	1.08841	1.08841	1	1	
0.428916	-nan	1.08772	1.94003	1	1	1	1	1	1	3.00014	1.08772	1.08772	1	1	
0.43253	-nan	1.08702	1.94572	1	1	1	1	1	1	3.00335	1.08702	1.08702	1	1	
0.436145	-nan	1.08631	1.95134	1	1	1	1	1	1	3.00662	1.08631	1.08631	1	1	
0.439759	-nan	1.0856	1.95691	1	1	1	1	1	1	3.00994	1.0856	1.0856	1	1	
0.443373	-nan	1.08488	1.96241	1	1	1	1	1	1	3.0133	1.08488	1.08488	1	1	
0.446988	-nan	1.08416	1.96784	1	1	1	1	1	1	3.01671	1.08416	1.08416	1	1	
0.450602	-nan	1.08343	1.97322	1	1	1	1	1	1	3.02016	1.08343	1.08343	1	1	
0.454217	-nan	1.0827	1.97853	1	1	1	1	1	1	3.02365	1.0827	1.0827	1	1	
0.457831	-nan	1.08196	1.98379	1	1	1	1	1	1	3.02718	1.08196	1.08196	1	1	
0.461446	-nan	1.08122	1.98898	1	1	1	1	1	1	3.03075	1.08122	1.08122	1	1	
0.46506	-nan	1.08047	1.99411	1	1	1	1	1	1	3.03436	1.08047	1.08047	1	1	
0.468675	-nan	1.07971	1.99919	1	1	1	1	1	1	3.03799	1.07971	1.07971	1	1	
0.472289	-nan	1.07895	2.0042	1	1	1	1	1	1	3.04166	1.07895	1.07895	1	1	
0.475904	-nan	1.07819	2.00916	1	1	1	1	1	1	3.04536	1.07819	1.07819	1	1	
0.479518	-nan	1.07742	2.01406	1	1	1	1	1	1	3.04909	1.07742	1.07742	1	1	
0.483133	-nan	1.07665	2.0189	1	1	1	1	1	1	3.05284	1.07665	1.07665	1	1	
0.486747	-nan	1.07587	2.02369	1	1	1	1	1	1	3.05663	1.07587	1.07587	1	1	
0.490361	-nan	1.07509	2.02842	1	1	1	1	1	1	3.06044	1.07509	1.07509	1	1	
0.493976	-nan	1.07431	2.0331	1	1	1	1	1	1	3.06427	1.07431	1.07431	1	1	
0.49759	-nan	1.07352	2.03772	1	1	1	1	1	1	3.06813	1.07352	1.07352	1	1	
0.501205	-nan	1.07272	2.04228	1	1	1	1	1	1	3.07201	1.07272	1.07272	1	1	
0.504819	-nan	1.07192	2.0468	1	1	1	1	1	1	3.07591	1.07192	1.07192	1	1	
0.508434	-nan	1.07112	2.05125	1	1	1	1	1	1	3.07984	1.07112	1.07112	1	1	
0.512048	-nan	1.07032	2.05566	1	1	1	1	1	1	3.08379	1.07032	1.07032	1	1	
0.515663	-nan	1.06951	2.06001	1	1	1	1	1	1	3.08775	1.06951	1.06951	1	1	
0.519277	-nan	1.06869	2.06431	1	1	1	1	1	1	3.09174	1.06869	1.06869	1	1	
0.522892	-nan	1.06788	2.06856	1	1	1	1	1	1	3.09575	1.06788	1.06788	1	1	
0.526506	-nan	1.06706	2.07276	1	1	1	1	1	1	3.09977	1.06706	1.06706	1	1	
0.53012	-nan	1.06623	2.07691	1	1	1	1	1	1	3.10382	1.06623	1.06623	1	1	
0.533735	-nan	1.06541	2.08101	1	1	1	1	1	1	3.10788	1.06541	1.06541	1	1	
0.537349	-nan	1.06458	2.08506	1	1	1	1	1	1	3.11196	1.06458	1.06458	1	1	
0.540964	-nan	1.06374	2.08906	1	1	1	1	1	1	3.11605	1.06374	1.06374	1	1	
0.544578	-nan	1.0629	2.09301	1	1	1	1	1	1	3.12017	1.0629	1.0629	1	1	
0.548193	-nan	1.06206	2.09691	1	1	1	1	1	1	3.1243	1.06206	1.06206	1	1	
0.551807	-nan	1.06122	2.10077	1	1	1	1	1	1	3.12844	1.06122	1.06122	1	1	
0.555422	-nan	1.06037	2.10457	1	1	1	1	1	1	3.1326	1.06037	1.06037	1	1	
0.559036	-nan	1.05952	2.10834	1	1	1	1	1	1	3.13678	1.05952	1.05952	1	1	
0.562651	-nan	1.05867	2.11205	1	1	1	1	1	1	3.14097	1.05867	1.05867	1	1	
0.566265	-nan	1.05781	2.11572	1	1	1	1	1	1	3.14518	1.05781	1.05781	1	1	
0.56988	-nan	1.05696	2.11935	1	1	1	1	1	1	3.1494	1.05696	1.05696	1	1	
0.573494	-nan	1.05609	2.12293	1	1	1	1	1	1	3.15363	1.05609	1.05609	1	1	
0.577108	-nan	1.05523	2.12646	1	1	1	1	1	1	3.15788	1.05523	1.05523	1	1	
0.580723	-nan	1.05436	2.12995	1	1	1	1	1	1	3.16214	1.05436	1.05436	1	1	
0.584337	-nan	1.05349	2.1334	1	1	1	1	1	1	3.16641	1.05349	1.05349	1	1	
0.587952	-nan	1.05262	2.13681	1	1	1	1	1	1	3.1707	1.05262	1.05262	1	1	
0.591566	-nan	1.05175	2.14017	1	1	1	1	1	1	3.175	1.05175	1.05175	1	1	
0.595181	-nan	1.05087	2.14349	1	1	1	1	1	1	3.17931	1.05087	1.05087	1	1	
0.598795	-nan	1.04999	2.14677	1	1	1	1	1	1	3.18364	1.04999	1.04999	1	1	
0.60241	-nan	1.04911	2.15001	1	1	1	1	1	1	3.18797	1.04911	1.04911	1	1	
0.606024	-nan	1.04822	2.1532	1	1	1	1	1	1	3.19232	1.04822	1.04822	1	1	
0.609639	-nan	1.04733	2.15636	1	1	1	1	1	1	3.19668	1.04733	1.04733	1	1	
0.613253	-nan	1.04644	2.15948	1	1	1	1	1	1	3.20104	1.04644	1.04644	1	1	
0.616867	-nan	1.04555	2.16256	1	1	1	1	1	1	3.20542	1.04555	1.04555	1	1	
0.620482	-nan	1.04466	2.16559	1	1	1	1	1	1	3.20981	1.04466	1.04466	1	1	
0.624096	-nan	1.04376	2.16859	1	1	1	1	1	1	3.21421	1.04376	1.04376	1	1	
0.627711	-nan	1.04286	2.17155	1	1	1	1	1	1	3.21861	1.04286	1.04286	1	1	
0.631325	-nan	1.04196	2.17448	1	1	1	1	1	1	3.22303	1.04196	1.04196	1	1	
0.63494	-nan	1.04106	2.17736	1	1	1	1	1	1	3.22745	1.04106	1.04106	1	1	
0.638554	-nan	1.04015	2.18021	1	1	1	1	1	1	3.23189	1.04015	1.04015	1	1	
0.642169	-nan	1.03924	2.18302	1	1	1	1	1	1	3.23632	1.03924	1.03924	1	1	
0.645783	-nan	1.03833	2.1858	1	1	1	1	1	1	3.24077	1.03833	1.03833	1	1	
0.649398	-nan	1.03742	2.18854	1	1	1	1	1	1	3.24522	1.03742	1.03742	1	1	
0.653012	-nan	1.03651	2.19124	1	1	1	1	1	1	3.24968	1.03651	1.03651	1	1	
0.656627	-nan	1.03559	2.19391	1	1	1	1	1	1	3.25415	1.03559	1.03559	1	1	
0.660241	-nan	1.03468	2.19655	1	1	1	1	1	1	3.25862	1.03468	1.03468	1	1	
0.663855	-nan	1.03376	2.19915	1	1	1	1	1	1	3.2631	1.03376	1.03376	1	1	
0.66747	-nan	1.03284	2.20172	1	1	1	1	1	1	3.26758	1.03284	1.03284	1	1	
0.671084	-nan	1.03191	2.20425	1	1	1	1	1	1	3.27206	1.03191	1.03191	1	1	
0.674699	-nan	1.03099	2.20675	1	1	1	1	1	1	3.27655	1.03099	1.03099	1	1	
0.678313	-nan	1.03006	2.20921	1	1	1	1	1	1	3.28104	1.03006	1.03006	1	1	
0.681928	-nan	1.02913	2.21165	1	1	1	1	1	1	3.28553	1.02913	1.02913	1	1	
0.685542	-nan	1.0282	2.21405	1	1	1	1	1	1	3.29003	1.0282	1.0282	1	1	
0.689157	-nan	1.02727	2.21642	1	1	1	1	1	1	3.29453	1.02727	1.02727	1	1	
0.692771	-nan	1.02633	2.21876	1	1	1	1	1	1	3.29903	1.02633	1.02633	1	1	
0.696386	-nan	1.0254	2.22107	1	1	1	1	1	1	3.30353	1.0254	1.0254	1	1	
0.7	-nan	1.02446	2.22334	1	1	1	1	1	1	3.30803	1.02446	1.02446	1	1	
0.703614	-nan	1.02352	2.22559	1	1	1	1	1	1	3.31253	1.02352	1.02352	1	1	
0.707229	-nan	1.02258	2.22781	1	1	1	1	1	1	3.31703	1.02258	1.02258	1	1	
0.710843	-nan	1.02164	2.22999	1	1	1	1	1	1	3.32153	1.02164	1.02164	1	1	
0.714458	-nan	1.0207	2.23215	1	1	1	1	1	1	3.32602	1.0207	1.0207	1	1	
0.718072	-nan	1.01975	2.23428	1	1	1	1	1	1	3.33052	1.01975	1.01975	1	1	
0.721687	-nan	1.01881	2.23638	1	1	1	1	1	1	3.33501	1.01881	1.01881	1	1	
0.725301	-nan	1.01786	2.23845	1	1	1	1	1	1	3.33949	1.01786	1.01786	1	1	
0.728916	-nan	1.01691	2.24049	1	1	1	1	1	1	3.34398	1.01691	1.01691	1	1	
0.73253	-nan	1.01596	2.24251	1	1	1	1	1	1	3.34845	1.01596	1.01596	1	1	
0.736145	-nan	1.01501	2.2445	1	1	1	1	1	1	3.35293	1.01501	1.01501	1	1	
0.739759	-nan	1.01405	2.24646	1	1	1	1	1	1	3.35739	1.01405	1.01405	1	1	
0.743373	-nan	1.0131	2.24839	1	1	1	1	1	1	3.36185	1.0131	1.0131	1	1	
0.746988	-nan	1.01214	2.2503	1	1	1	1	1	1	3.36631	1.01214	1.01214	1	1	
0.750602	-nan	1.01118	2.25218	1	1	1	1	1	1	3.37076	1.01118	1.01118	1	1	
0.754217	-nan	1.01022	2.25403	1	1	1	1	1	1	3.37519	1.01022	1.01022	1	1	
0.757831	-nan	1.00926	2.25586	1	1	1	1	1	1	3.37962	1.00926	1.00926	1	1	
0.761446	-nan	1.0083	2.25767	1	1	1	1	1	1	3.38404	1.0083	1.0083	1	1	
0.76506	-nan	1.00734	2.25944	1	1	1	1	1	1	3.38846	1.00734	1.00734	1	1	
0.768675	-nan	1.00638	2.2612	1	1	1	1	1	1	3.39286	1.00638	1.00638	1	1	
0.772289	-nan	1.00541	2.26293	1	1	1	1	1	1	3.39725	1.00541	1.00541	1	1	
0.775904	-nan	1.00444	2.26463	1	1	1	1	1	1	3.40163	1.00444	1.00444	1	1	
0.779518	-nan	1.00348	2.26631	1	1	1	1	1	1	3.40599	1.00348	1.00348	1	1	
0.783133	-nan	1.00251	2.26797	1	1	1	1	1	1	3.41035	1.00251	1.00251	1	1	
0.786747	-nan	1.00154	2.2696	1	1	1	1	1	1	3.41469	1.00154	1.00154	1	1	
0.790361	-nan	1.00057	2.27122	1	1	1	1	1	1	3.41902	1.00057	1.00057	1	1	
0.793976	-nan	0.999596	2.2728	1	1	1	1	1	1	3.42333	0.999596	0.999596	1	1	
0.79759	-nan	0.998623	2.27437	1	1	1	1	1	1	3.42763	0.998623	0.998623	1	1	
0.801205	-nan	0.997649	2.27591	1	1	1	1	1	1	3.43191	0.997649	0.997649	1	1	
0.804819	-nan	0.996674	2.27743	1	1	1	1	1	1	3.43618	0.996674	0.996674	1	1	
0.808434	-nan	0.995698	2.27893	1	1	1	1	1	1	3.44043	0.995698	0.995698	1	1	
0.812048	-nan	0.994721	2.28041	1	1	1	1	1	1	3.44467	0.994721	0.994721	1	1	
0.815663	-nan	0.993744	2.28186	1	1	1	1	1	1	3.44889	0.993744	0.993744	1	1	
0.819277	-nan	0.992765	2.2833	1	1	1	1	1	1	3.45309	0.992765	0.992765	1	1	
0.822892	-nan	0.991785	2.28471	1	1	1	1	1	1	3.45727	0.991785	0.991785	1	1	
0.826506	-nan	0.990805	2.2861	1	1	1	1	1	1	3.46143	0.990805	0.990805	1	1	
0.83012	-nan	0.989823	2.28748	1	1	1	1	1	1	3.46558	0.989823	0.989823	1	1	
0.833735	-nan	0.988841	2.28883	1	1	1	1	1	1	3.4697	0.988841	0.988841	1	1	
0.837349	-nan	0.987858	2.29016	1	1	1	1	1	1	3.47381	0.987858	0.987858	1	1	
0.840964	-nan	0.986874	2.29147	1	1	1	1	1	1	3.47789	0.986874	0.986874	1	1	
0.844578	-nan	0.985889	2.29277	1	1	1	1	1	1	3.48196	0.985889	0.985889	1	1	
0.848193	-nan	0.984903	2.29404	1	1	1	1	1	1	3.486	0.984903	0.984903	1	1	
0.851807	-nan	0.983917	2.29529	1	1	1	1	1	1	3.49002	0.983917	0.983917	1	1	
0.855422	-nan	0.98293	2.29653	1	1	1	1	1	1	3.49402	0.98293	0.98293	1	1	
0.859036	-nan	0.981942	2.29775	1	1	1	1	1	1	3.49799	0.981942	0.981942	1	1	
0.862651	-nan	0.980954	2.29894	1	1	1	1	1	1	3.50195	0.980954	0.980954	1	1	
0.866265	-nan	0.979964	2.30012	1	1	1	1	1	1	3.50587	0.979964	0.979964	1	1	
0.86988	-nan	0.978974	2.30129	1	1	1	1	1	1	3.50978	0.978974	0.978974	1	1	
0.873494	-nan	0.977984	2.30243	1	1	1	1	1	1	3.51366	0.977984	0.977984	1	1	
0.877108	-nan	0.976993	2.30356	1	1	1	1	1	1	3.51752	0.976993	0.976993	1	1	
0.880723	-nan	0.976001	2.30467	1	1	1	1	1	1	3.52135	0.976001	0.976001	1	1	
0.884337	-nan	0.975008	2.30576	1	1	1	1	1	1	3.52516	0.975008	0.975008	1	1	
0.887952	-nan	0.974015	2.30683	1	1	1	1	1	1	3.52894	0.974015	0.974015	1	1	
0.891566	-nan	0.973022	2.30789	1	1	1	1	1	1	3.53269	0.973022	0.973022	1	1	
0.895181	-nan	0.972027	2.30893	1	1	1	1	1	1	3.53642	0.972027	0.972027	1	1	
0.898795	-nan	0.971033	2.30996	1	1	1	1	1	1	3.54012	0.971033	0.971033	1	1	
0.90241	-nan	0.970037	2.31097	1	1	1	1	1	1	3.5438	0.970037	0.970037	1	1	
0.906024	-nan	0.969042	2.31196	1	1	1	1	1	1	3.54745	0.969042	0.969042	1	1	
0.909639	-nan	0.968045	2.31294	1	1	1	1	1	1	3.55107	0.968045	0.968045	1	1	
0.913253	-nan	0.967049	2.3139	1	1	1	1	1	1	3.55466	0.967049	0.967049	1	1	
0.916867	-nan	0.966051	2.31484	1	1	1	1	1	1	3.55823	0.966051	0.966051	1	1	
0.920482	-nan	0.965054	2.31577	1	1	1	1	1	1	3.56176	0.965054	0.965054	1	1	
0.924096	-nan	0.964056	2.31669	1	1	1	1	1	1	3.56527	0.964056	0.964056	1	1	
0.927711	-nan	0.963057	2.31759	1	1	1	1	1	1	3.56875	0.963057	0.963057	1	1	
0.931325	-nan	0.962058	2.31847	1	1	1	1	1	1	3.57221	0.962058	0.962058	1	1	
0.93494	-nan	0.961059	2.31935	1	1	1	1	1	1	3.57563	0.961059	0.961059	1	1	
0.938554	-nan	0.96006	2.3202	1	1	1	1	1	1	3.57902	0.96006	0.96006	1	1	
0.942169	-nan	0.95906	2.32104	1	1	1	1	1	1	3.58239	0.95906	0.95906	1	1	
0.945783	-nan	0.958059	2.32187	1	1	1	1	1	1	3.58572	0.958059	0.958059	1	1	
0.949398	-nan	0.957059	2.32268	1	1	1	1	1	1	3.58903	0.957059	0.957059	1	1	
0.953012	-nan	0.956058	2.32348	1	1	1	1	1	1	3.59231	0.956058	0.956058	1	1	
0.956627	-nan	0.955057	2.32427	1	1	1	1	1	1	3.59555	0.955057	0.955057	1	1	
0.960241	-nan	0.954055	2.32504	1	1	1	1	1	1	3.59877	0.954055	0.954055	1	1	
0.963855	-nan	0.953053	2.3258	1	1	1	1	1	1	3.60196	0.953053	0.953053	1	1	
0.96747	-nan	0.952052	2.32654	1	1	1	1	1	1	3.60511	0.952052	0.952052	1	1	
0.971084	-nan	0.951049	2.32728	1	1	1	1	1	1	3.60824	0.951049	0.951049	1	1	
0.974699	-nan	0.950047	2.328	1	1	1	1	1	1	3.61133	0.950047	0.950047	1	1	
0.978313	-nan	0.949044	2.3287	1	1	1	1	1	1	3.6144	0.949044	0.949044	1	1	
0.981928	-nan	0.948042	2.32939	1	1	1	1	1	1	3.61743	0.948042	0.948042	1	1	
0.985542	-nan	0.947039	2.33008	1	1	1	1	1	1	3.62044	0.947039	0.947039	1	1	
0.989157	-nan	0.946036	2.33074	1	1	1	1	1	1	3.62341	0.946036	0.946036	1	1	
0.992771	-nan	0.945033	2.3314	1	1	1	1	1	1	3.62635	0.945033	0.945033	1	1	
0.996386	-nan	0.944029	2.33204	1	1	1	1	1	1	3.62926	0.944029	0.944029	1	1	
1	-nan	-nan	-nan	-nan	-nan	-nan	-nan	-nan	-nan	-nan	-nan	-nan	-nan	-nan	
