1e-05	-nan	0.644481	0.559866	1	1	1	1	1	1	6.05698	0.644481	0.644481	1	1	
1.03753e-05	-nan	0.644591	0.559856	1	1	1	1	1	1	6.05671	0.644591	0.644591	1	1	
1.07647e-05	-nan	0.644702	0.559846	1	1	1	1	1	1	6.05644	0.644702	0.644702	1	1	
1.11686e-05	-nan	0.644814	0.559836	1	1	1	1	1	1	6.05617	0.644814	0.644814	1	1	
1.15878e-05	-nan	0.644928	0.559825	1	1	1	1	1	1	6.05589	0.644928	0.644928	1	1	
1.20226e-05	-nan	0.645044	0.559815	1	1	1	1	1	1	6.05562	0.645044	0.645044	1	1	
1.24738e-05	-nan	0.645161	0.559804	1	1	1	1	1	1	6.05534	0.645161	0.645161	1	1	
1.2942e-05	-nan	0.64528	0.559792	1	1	1	1	1	1	6.05506	0.64528	0.64528	1	1	
1.34276e-05	-nan	0.645401	0.559781	1	1	1	1	1	1	6.05477	0.645401	0.645401	1	1	
1.39316e-05	-nan	0.645523	0.559769	1	1	1	1	1	1	6.05449	0.645523	0.645523	1	1	
1.44544e-05	-nan	0.645647	0.559757	1	1	1	1	1	1	6.0542	0.645647	0.645647	1	1	
1.49968e-05	-nan	0.645772	0.559744	1	1	1	1	1	1	6.05391	0.645772	0.645772	1	1	
1.55597e-05	-nan	0.6459	0.559731	1	1	1	1	1	1	6.05362	0.6459	0.6459	1	1	
1.61436e-05	-nan	0.646029	0.559718	1	1	1	1	1	1	6.05332	0.646029	0.646029	1	1	
1.67494e-05	-nan	0.64616	0.559705	1	1	1	1	1	1	6.05303	0.64616	0.64616	1	1	
1.7378e-05	-nan	0.646292	0.559691	1	1	1	1	1	1	6.05273	0.646292	0.646292	1	1	
1.80302e-05	-nan	0.646427	0.559677	1	1	1	1	1	1	6.05242	0.646427	0.646427	1	1	
1.87068e-05	-nan	0.646564	0.559663	1	1	1	1	1	1	6.05212	0.646564	0.646564	1	1	
1.94089e-05	-nan	0.646702	0.559649	1	1	1	1	1	1	6.05181	0.646702	0.646702	1	1	
2.01372e-05	-nan	0.646842	0.559633	1	1	1	1	1	1	6.0515	0.646842	0.646842	1	1	
2.0893e-05	-nan	0.646985	0.559618	1	1	1	1	1	1	6.05119	0.646985	0.646985	1	1	
2.1677e-05	-nan	0.647129	0.559602	1	1	1	1	1	1	6.05088	0.647129	0.647129	1	1	
2.24905e-05	-nan	0.647276	0.559586	1	1	1	1	1	1	6.05056	0.647276	0.647276	1	1	
2.33346e-05	-nan	0.647424	0.55957	1	1	1	1	1	1	6.05024	0.647424	0.647424	1	1	
2.42103e-05	-nan	0.647575	0.559553	1	1	1	1	1	1	6.04992	0.647575	0.647575	1	1	
2.51189e-05	-nan	0.647727	0.559536	1	1	1	1	1	1	6.04959	0.647727	0.647727	1	1	
2.60615e-05	-nan	0.647882	0.559518	1	1	1	1	1	1	6.04927	0.647882	0.647882	1	1	
2.70396e-05	-nan	0.64804	0.5595	1	1	1	1	1	1	6.04894	0.64804	0.64804	1	1	
2.80543e-05	-nan	0.648199	0.559481	1	1	1	1	1	1	6.0486	0.648199	0.648199	1	1	
2.91072e-05	-nan	0.648361	0.559462	1	1	1	1	1	1	6.04827	0.648361	0.648361	1	1	
3.01995e-05	-nan	0.648525	0.559443	1	1	1	1	1	1	6.04793	0.648525	0.648525	1	1	
3.13329e-05	-nan	0.648691	0.559423	1	1	1	1	1	1	6.04759	0.648691	0.648691	1	1	
3.25087e-05	-nan	0.64886	0.559403	1	1	1	1	1	1	6.04724	0.64886	0.64886	1	1	
3.37287e-05	-nan	0.649031	0.559382	1	1	1	1	1	1	6.0469	0.649031	0.649031	1	1	
3.49945e-05	-nan	0.649205	0.559361	1	1	1	1	1	1	6.04655	0.649205	0.649205	1	1	
3.63078e-05	-nan	0.649382	0.559339	1	1	1	1	1	1	6.04619	0.649382	0.649382	1	1	
3.76704e-05	-nan	0.649561	0.559316	1	1	1	1	1	1	6.04584	0.649561	0.649561	1	1	
3.90841e-05	-nan	0.649742	0.559293	1	1	1	1	1	1	6.04548	0.649742	0.649742	1	1	
4.05509e-05	-nan	0.649926	0.55927	1	1	1	1	1	1	6.04511	0.649926	0.649926	1	1	
4.20727e-05	-nan	0.650113	0.559246	1	1	1	1	1	1	6.04475	0.650113	0.650113	1	1	
4.36516e-05	-nan	0.650303	0.559222	1	1	1	1	1	1	6.04438	0.650303	0.650303	1	1	
4.52898e-05	-nan	0.650495	0.559196	1	1	1	1	1	1	6.04401	0.650495	0.650495	1	1	
4.69894e-05	-nan	0.650691	0.559171	1	1	1	1	1	1	6.04363	0.650691	0.650691	1	1	
4.87528e-05	-nan	0.650889	0.559144	1	1	1	1	1	1	6.04325	0.650889	0.650889	1	1	
5.05825e-05	-nan	0.65109	0.559118	1	1	1	1	1	1	6.04287	0.65109	0.65109	1	1	
5.24807e-05	-nan	0.651295	0.55909	1	1	1	1	1	1	6.04248	0.651295	0.651295	1	1	
5.44503e-05	-nan	0.651502	0.559062	1	1	1	1	1	1	6.04209	0.651502	0.651502	1	1	
5.64937e-05	-nan	0.651713	0.559033	1	1	1	1	1	1	6.0417	0.651713	0.651713	1	1	
5.86138e-05	-nan	0.651926	0.559003	1	1	1	1	1	1	6.0413	0.651926	0.651926	1	1	
6.08135e-05	-nan	0.652143	0.558973	1	1	1	1	1	1	6.0409	0.652143	0.652143	1	1	
6.30957e-05	-nan	0.652363	0.558942	1	1	1	1	1	1	6.04049	0.652363	0.652363	1	1	
6.54636e-05	-nan	0.652587	0.558911	1	1	1	1	1	1	6.04009	0.652587	0.652587	1	1	
6.79204e-05	-nan	0.652814	0.558878	1	1	1	1	1	1	6.03967	0.652814	0.652814	1	1	
7.04693e-05	-nan	0.653045	0.558845	1	1	1	1	1	1	6.03926	0.653045	0.653045	1	1	
7.31139e-05	-nan	0.653279	0.558811	1	1	1	1	1	1	6.03884	0.653279	0.653279	1	1	
7.58578e-05	-nan	0.653516	0.558777	1	1	1	1	1	1	6.03841	0.653516	0.653516	1	1	
7.87046e-05	-nan	0.653758	0.558741	1	1	1	1	1	1	6.03798	0.653758	0.653758	1	1	
8.16582e-05	-nan	0.654003	0.558705	1	1	1	1	1	1	6.03755	0.654003	0.654003	1	1	
8.47227e-05	-nan	0.654252	0.558668	1	1	1	1	1	1	6.03711	0.654252	0.654252	1	1	
8.79023e-05	-nan	0.654505	0.55863	1	1	1	1	1	1	6.03667	0.654505	0.654505	1	1	
9.12011e-05	-nan	0.654762	0.558591	1	1	1	1	1	1	6.03623	0.654762	0.654762	1	1	
9.46237e-05	-nan	0.655022	0.558551	1	1	1	1	1	1	6.03578	0.655022	0.655022	1	1	
9.81748e-05	-nan	0.655288	0.558511	1	1	1	1	1	1	6.03532	0.655288	0.655288	1	1	
0.000101859	-nan	0.655557	0.558469	1	1	1	1	1	1	6.03486	0.655557	0.655557	1	1	
0.000105682	-nan	0.65583	0.558427	1	1	1	1	1	1	6.0344	0.65583	0.65583	1	1	
0.000109648	-nan	0.656108	0.558383	1	1	1	1	1	1	6.03393	0.656108	0.656108	1	1	
0.000113763	-nan	0.656391	0.558339	1	1	1	1	1	1	6.03346	0.656391	0.656391	1	1	
0.000118032	-nan	0.656678	0.558293	1	1	1	1	1	1	6.03298	0.656678	0.656678	1	1	
0.000122462	-nan	0.656969	0.558247	1	1	1	1	1	1	6.03249	0.656969	0.656969	1	1	
0.000127057	-nan	0.657266	0.558199	1	1	1	1	1	1	6.03201	0.657266	0.657266	1	1	
0.000131826	-nan	0.657567	0.55815	1	1	1	1	1	1	6.03151	0.657567	0.657567	1	1	
0.000136773	-nan	0.657873	0.558101	1	1	1	1	1	1	6.03102	0.657873	0.657873	1	1	
0.000141906	-nan	0.658184	0.55805	1	1	1	1	1	1	6.03051	0.658184	0.658184	1	1	
0.000147231	-nan	0.6585	0.557998	1	1	1	1	1	1	6.03	0.6585	0.6585	1	1	
0.000152757	-nan	0.658822	0.557945	1	1	1	1	1	1	6.02949	0.658822	0.658822	1	1	
0.000158489	-nan	0.659148	0.55789	1	1	1	1	1	1	6.02897	0.659148	0.659148	1	1	
0.000164437	-nan	0.659481	0.557835	1	1	1	1	1	1	6.02844	0.659481	0.659481	1	1	
0.000170608	-nan	0.659819	0.557778	1	1	1	1	1	1	6.02791	0.659819	0.659819	1	1	
0.000177011	-nan	0.660162	0.55772	1	1	1	1	1	1	6.02737	0.660162	0.660162	1	1	
0.000183654	-nan	0.660512	0.557661	1	1	1	1	1	1	6.02683	0.660512	0.660512	1	1	
0.000190546	-nan	0.660867	0.5576	1	1	1	1	1	1	6.02628	0.660867	0.660867	1	1	
0.000197697	-nan	0.661228	0.557538	1	1	1	1	1	1	6.02573	0.661228	0.661228	1	1	
0.000205116	-nan	0.661596	0.557475	1	1	1	1	1	1	6.02517	0.661596	0.661596	1	1	
0.000212814	-nan	0.661969	0.55741	1	1	1	1	1	1	6.0246	0.661969	0.661969	1	1	
0.0002208	-nan	0.66235	0.557344	1	1	1	1	1	1	6.02403	0.66235	0.66235	1	1	
0.000229087	-nan	0.662736	0.557277	1	1	1	1	1	1	6.02345	0.662736	0.662736	1	1	
0.000237684	-nan	0.66313	0.557208	1	1	1	1	1	1	6.02286	0.66313	0.66313	1	1	
0.000246604	-nan	0.66353	0.557137	1	1	1	1	1	1	6.02227	0.66353	0.66353	1	1	
0.000255859	-nan	0.663938	0.557065	1	1	1	1	1	1	6.02167	0.663938	0.663938	1	1	
0.000265461	-nan	0.664352	0.556992	1	1	1	1	1	1	6.02106	0.664352	0.664352	1	1	
0.000275423	-nan	0.664774	0.556917	1	1	1	1	1	1	6.02045	0.664774	0.664774	1	1	
0.000285759	-nan	0.665204	0.55684	1	1	1	1	1	1	6.01983	0.665204	0.665204	1	1	
0.000296483	-nan	0.665641	0.556762	1	1	1	1	1	1	6.01921	0.665641	0.665641	1	1	
0.00030761	-nan	0.666086	0.556682	1	1	1	1	1	1	6.01857	0.666086	0.666086	1	1	
0.000319154	-nan	0.666539	0.556601	1	1	1	1	1	1	6.01793	0.666539	0.666539	1	1	
0.000331131	-nan	0.667	0.556517	1	1	1	1	1	1	6.01728	0.667	0.667	1	1	
0.000343558	-nan	0.667469	0.556432	1	1	1	1	1	1	6.01663	0.667469	0.667469	1	1	
0.000356451	-nan	0.667947	0.556346	1	1	1	1	1	1	6.01596	0.667947	0.667947	1	1	
0.000369828	-nan	0.668434	0.556257	1	1	1	1	1	1	6.01529	0.668434	0.668434	1	1	
0.000383707	-nan	0.668929	0.556167	1	1	1	1	1	1	6.01461	0.668929	0.668929	1	1	
0.000398107	-nan	0.669434	0.556075	1	1	1	1	1	1	6.01393	0.669434	0.669434	1	1	
0.000413048	-nan	0.669948	0.555981	1	1	1	1	1	1	6.01323	0.669948	0.669948	1	1	
0.000428549	-nan	0.670472	0.555886	1	1	1	1	1	1	6.01253	0.670472	0.670472	1	1	
0.000444631	-nan	0.671005	0.555788	1	1	1	1	1	1	6.01182	0.671005	0.671005	1	1	
0.000461318	-nan	0.671549	0.555689	1	1	1	1	1	1	6.0111	0.671549	0.671549	1	1	
0.00047863	-nan	0.672103	0.555587	1	1	1	1	1	1	6.01038	0.672103	0.672103	1	1	
0.000496592	-nan	0.672667	0.555484	1	1	1	1	1	1	6.00964	0.672667	0.672667	1	1	
0.000515229	-nan	0.673242	0.555378	1	1	1	1	1	1	6.0089	0.673242	0.673242	1	1	
0.000534564	-nan	0.673828	0.555271	1	1	1	1	1	1	6.00815	0.673828	0.673828	1	1	
0.000554626	-nan	0.674425	0.555162	1	1	1	1	1	1	6.00739	0.674425	0.674425	1	1	
0.00057544	-nan	0.675033	0.55505	1	1	1	1	1	1	6.00662	0.675033	0.675033	1	1	
0.000597035	-nan	0.675654	0.554937	1	1	1	1	1	1	6.00584	0.675654	0.675654	1	1	
0.000619441	-nan	0.676286	0.554821	1	1	1	1	1	1	6.00505	0.676286	0.676286	1	1	
0.000642688	-nan	0.676931	0.554704	1	1	1	1	1	1	6.00426	0.676931	0.676931	1	1	
0.000666807	-nan	0.677588	0.554584	1	1	1	1	1	1	6.00345	0.677588	0.677588	1	1	
0.000691831	-nan	0.678258	0.554463	1	1	1	1	1	1	6.00264	0.678258	0.678258	1	1	
0.000717794	-nan	0.678942	0.554339	1	1	1	1	1	1	6.00182	0.678942	0.678942	1	1	
0.000744732	-nan	0.679639	0.554213	1	1	1	1	1	1	6.00099	0.679639	0.679639	1	1	
0.000772681	-nan	0.68035	0.554085	1	1	1	1	1	1	6.00015	0.68035	0.68035	1	1	
0.000801678	-nan	0.681075	0.553955	1	1	1	1	1	1	5.9993	0.681075	0.681075	1	1	
0.000831764	-nan	0.681814	0.553822	1	1	1	1	1	1	5.99844	0.681814	0.681814	1	1	
0.000862979	-nan	0.682568	0.553688	1	1	1	1	1	1	5.99757	0.682568	0.682568	1	1	
0.000895365	-nan	0.683338	0.553551	1	1	1	1	1	1	5.99669	0.683338	0.683338	1	1	
0.000928966	-nan	0.684123	0.553413	1	1	1	1	1	1	5.99581	0.684123	0.684123	1	1	
0.000963829	-nan	0.684924	0.553272	1	1	1	1	1	1	5.99491	0.684924	0.684924	1	1	
0.001	-nan	0.685742	0.553129	1	1	1	1	1	1	5.994	0.685742	0.685742	1	1	
0.00103753	-nan	0.686576	0.552984	1	1	1	1	1	1	5.99309	0.686576	0.686576	1	1	
0.00107647	-nan	0.687427	0.552837	1	1	1	1	1	1	5.99216	0.687427	0.687427	1	1	
0.00111686	-nan	0.688296	0.552689	1	1	1	1	1	1	5.99123	0.688296	0.688296	1	1	
0.00115878	-nan	0.689183	0.552538	1	1	1	1	1	1	5.99029	0.689183	0.689183	1	1	
0.00120226	-nan	0.690089	0.552385	1	1	1	1	1	1	5.98933	0.690089	0.690089	1	1	
0.00124738	-nan	0.691013	0.55223	1	1	1	1	1	1	5.98837	0.691013	0.691013	1	1	
0.0012942	-nan	0.691956	0.552074	1	1	1	1	1	1	5.9874	0.691956	0.691956	1	1	
0.00134276	-nan	0.692919	0.551915	1	1	1	1	1	1	5.98642	0.692919	0.692919	1	1	
0.00139316	-nan	0.693903	0.551755	1	1	1	1	1	1	5.98543	0.693903	0.693903	1	1	
0.00144544	-nan	0.694907	0.551593	1	1	1	1	1	1	5.98444	0.694907	0.694907	1	1	
0.00149968	-nan	0.695932	0.55143	1	1	1	1	1	1	5.98343	0.695932	0.695932	1	1	
0.00155597	-nan	0.69698	0.551265	1	1	1	1	1	1	5.98241	0.69698	0.69698	1	1	
0.00161436	-nan	0.698049	0.551099	1	1	1	1	1	1	5.98139	0.698049	0.698049	1	1	
0.00167494	-nan	0.699141	0.550931	1	1	1	1	1	1	5.98036	0.699141	0.699141	1	1	
0.0017378	-nan	0.700257	0.550763	1	1	1	1	1	1	5.97932	0.700257	0.700257	1	1	
0.00180302	-nan	0.701396	0.550593	1	1	1	1	1	1	5.97827	0.701396	0.701396	1	1	
0.00187068	-nan	0.70256	0.550422	1	1	1	1	1	1	5.97721	0.70256	0.70256	1	1	
0.00194089	-nan	0.703748	0.55025	1	1	1	1	1	1	5.97615	0.703748	0.703748	1	1	
0.00201372	-nan	0.704963	0.550078	1	1	1	1	1	1	5.97507	0.704963	0.704963	1	1	
0.0020893	-nan	0.706203	0.549905	1	1	1	1	1	1	5.974	0.706203	0.706203	1	1	
0.0021677	-nan	0.707471	0.549731	1	1	1	1	1	1	5.97291	0.707471	0.707471	1	1	
0.00224905	-nan	0.708766	0.549558	1	1	1	1	1	1	5.97182	0.708766	0.708766	1	1	
0.00233346	-nan	0.710089	0.549385	1	1	1	1	1	1	5.97072	0.710089	0.710089	1	1	
0.00242103	-nan	0.71144	0.549212	1	1	1	1	1	1	5.96961	0.71144	0.71144	1	1	
0.00251189	-nan	0.712821	0.549039	1	1	1	1	1	1	5.9685	0.712821	0.712821	1	1	
0.00260615	-nan	0.714232	0.548867	1	1	1	1	1	1	5.96739	0.714232	0.714232	1	1	
0.00270396	-nan	0.715674	0.548696	1	1	1	1	1	1	5.96627	0.715674	0.715674	1	1	
0.00280543	-nan	0.717147	0.548527	1	1	1	1	1	1	5.96514	0.717147	0.717147	1	1	
0.00291072	-nan	0.718653	0.548359	1	1	1	1	1	1	5.96402	0.718653	0.718653	1	1	
0.00301995	-nan	0.720191	0.548193	1	1	1	1	1	1	5.96288	0.720191	0.720191	1	1	
0.00313329	-nan	0.721762	0.54803	1	1	1	1	1	1	5.96175	0.721762	0.721762	1	1	
0.00325087	-nan	0.723368	0.547869	1	1	1	1	1	1	5.96061	0.723368	0.723368	1	1	
0.00337287	-nan	0.725009	0.547711	1	1	1	1	1	1	5.95948	0.725009	0.725009	1	1	
0.00349945	-nan	0.726686	0.547557	1	1	1	1	1	1	5.95834	0.726686	0.726686	1	1	
0.00363078	-nan	0.7284	0.547407	1	1	1	1	1	1	5.9572	0.7284	0.7284	1	1	
0.00376704	-nan	0.73015	0.547262	1	1	1	1	1	1	5.95606	0.73015	0.73015	1	1	
0.00390841	-nan	0.731939	0.547122	1	1	1	1	1	1	5.95492	0.731939	0.731939	1	1	
0.00405509	-nan	0.733767	0.546987	1	1	1	1	1	1	5.95379	0.733767	0.733767	1	1	
0.00420727	-nan	0.735634	0.546858	1	1	1	1	1	1	5.95266	0.735634	0.735634	1	1	
0.00436516	-nan	0.737542	0.546737	1	1	1	1	1	1	5.95153	0.737542	0.737542	1	1	
0.00452898	-nan	0.739491	0.546622	1	1	1	1	1	1	5.95041	0.739491	0.739491	1	1	
0.00469894	-nan	0.741482	0.546517	1	1	1	1	1	1	5.94929	0.741482	0.741482	1	1	
0.00487528	-nan	0.743517	0.54642	1	1	1	1	1	1	5.94818	0.743517	0.743517	1	1	
0.00505825	-nan	0.745594	0.546333	1	1	1	1	1	1	5.94707	0.745594	0.745594	1	1	
0.00524807	-nan	0.747717	0.546257	1	1	1	1	1	1	5.94598	0.747717	0.747717	1	1	
0.00544503	-nan	0.749884	0.546192	1	1	1	1	1	1	5.94489	0.749884	0.749884	1	1	
0.00564937	-nan	0.752098	0.54614	1	1	1	1	1	1	5.94382	0.752098	0.752098	1	1	
0.00586138	-nan	0.754359	0.546102	1	1	1	1	1	1	5.94275	0.754359	0.754359	1	1	
0.00608135	-nan	0.756668	0.546079	1	1	1	1	1	1	5.9417	0.756668	0.756668	1	1	
0.00630957	-nan	0.759025	0.546071	1	1	1	1	1	1	5.94067	0.759025	0.759025	1	1	
0.00654636	-nan	0.761431	0.546081	1	1	1	1	1	1	5.93965	0.761431	0.761431	1	1	
0.00679204	-nan	0.763888	0.54611	1	1	1	1	1	1	5.93865	0.763888	0.763888	1	1	
0.00704693	-nan	0.766395	0.546158	1	1	1	1	1	1	5.93766	0.766395	0.766395	1	1	
0.00731139	-nan	0.768955	0.546228	1	1	1	1	1	1	5.9367	0.768955	0.768955	1	1	
0.00758578	-nan	0.771566	0.54632	1	1	1	1	1	1	5.93576	0.771566	0.771566	1	1	
0.00787046	-nan	0.774231	0.546438	1	1	1	1	1	1	5.93484	0.774231	0.774231	1	1	
0.00816582	-nan	0.77695	0.546581	1	1	1	1	1	1	5.93395	0.77695	0.77695	1	1	
0.00847227	-nan	0.779723	0.546754	1	1	1	1	1	1	5.93308	0.779723	0.779723	1	1	
0.00879023	-nan	0.782552	0.546956	1	1	1	1	1	1	5.93224	0.782552	0.782552	1	1	
0.00912011	-nan	0.785437	0.547191	1	1	1	1	1	1	5.93143	0.785437	0.785437	1	1	
0.00946237	-nan	0.788378	0.54746	1	1	1	1	1	1	5.93065	0.788378	0.788378	1	1	
0.00981748	-nan	0.791376	0.547767	1	1	1	1	1	1	5.9299	0.791376	0.791376	1	1	
0.0101859	-nan	0.794432	0.548113	1	1	1	1	1	1	5.92919	0.794432	0.794432	1	1	
0.0105682	-nan	0.797546	0.548501	1	1	1	1	1	1	5.92851	0.797546	0.797546	1	1	
0.0109648	-nan	0.800719	0.548934	1	1	1	1	1	1	5.92787	0.800719	0.800719	1	1	
0.0113763	-nan	0.803952	0.549415	1	1	1	1	1	1	5.92727	0.803952	0.803952	1	1	
0.0118032	-nan	0.807244	0.549947	1	1	1	1	1	1	5.92671	0.807244	0.807244	1	1	
0.0122462	-nan	0.810595	0.550534	1	1	1	1	1	1	5.92619	0.810595	0.810595	1	1	
0.0127057	-nan	0.814007	0.551179	1	1	1	1	1	1	5.92572	0.814007	0.814007	1	1	
0.0131826	-nan	0.81748	0.551885	1	1	1	1	1	1	5.92529	0.81748	0.81748	1	1	
0.0136773	-nan	0.821013	0.552658	1	1	1	1	1	1	5.92491	0.821013	0.821013	1	1	
0.0141906	-nan	0.824608	0.5535	1	1	1	1	1	1	5.92458	0.824608	0.824608	1	1	
0.0147231	-nan	0.828263	0.554417	1	1	1	1	1	1	5.9243	0.828263	0.828263	1	1	
0.0152757	-nan	0.83198	0.555414	1	1	1	1	1	1	5.92406	0.83198	0.83198	1	1	
0.0158489	-nan	0.835757	0.556495	1	1	1	1	1	1	5.92388	0.835757	0.835757	1	1	
0.0164437	-nan	0.839595	0.557665	1	1	1	1	1	1	5.92375	0.839595	0.839595	1	1	
0.0170608	-nan	0.843495	0.558931	1	1	1	1	1	1	5.92368	0.843495	0.843495	1	1	
0.0177011	-nan	0.847454	0.560299	1	1	1	1	1	1	5.92366	0.847454	0.847454	1	1	
0.0183654	-nan	0.851474	0.561775	1	1	1	1	1	1	5.92369	0.851474	0.851474	1	1	
0.0190546	-nan	0.855554	0.563366	1	1	1	1	1	1	5.92378	0.855554	0.855554	1	1	
0.0197697	-nan	0.859692	0.565079	1	1	1	1	1	1	5.92392	0.859692	0.859692	1	1	
0.0205116	-nan	0.86389	0.566922	1	1	1	1	1	1	5.92412	0.86389	0.86389	1	1	
0.0212814	-nan	0.868145	0.568903	1	1	1	1	1	1	5.92437	0.868145	0.868145	1	1	
0.02208	-nan	0.872458	0.571031	1	1	1	1	1	1	5.92467	0.872458	0.872458	1	1	
0.0229087	-nan	0.876827	0.573316	1	1	1	1	1	1	5.92502	0.876827	0.876827	1	1	
0.0237684	-nan	0.881252	0.575767	1	1	1	1	1	1	5.92542	0.881252	0.881252	1	1	
0.0246604	-nan	0.885731	0.578395	1	1	1	1	1	1	5.92587	0.885731	0.885731	1	1	
0.0255859	-nan	0.890263	0.581211	1	1	1	1	1	1	5.92636	0.890263	0.890263	1	1	
0.0265461	-nan	0.894847	0.584228	1	1	1	1	1	1	5.92688	0.894847	0.894847	1	1	
0.0275423	-nan	0.899482	0.587458	1	1	1	1	1	1	5.92745	0.899482	0.899482	1	1	
0.0285759	-nan	0.904166	0.590915	1	1	1	1	1	1	5.92804	0.904166	0.904166	1	1	
0.0296483	-nan	0.908897	0.594614	1	1	1	1	1	1	5.92866	0.908897	0.908897	1	1	
0.030761	-nan	0.913675	0.598572	1	1	1	1	1	1	5.9293	0.913675	0.913675	1	1	
0.0319154	-nan	0.918496	0.602804	1	1	1	1	1	1	5.92994	0.918496	0.918496	1	1	
0.0331131	-nan	0.92336	0.607329	1	1	1	1	1	1	5.93059	0.92336	0.92336	1	1	
0.0343558	-nan	0.928264	0.612166	1	1	1	1	1	1	5.93124	0.928264	0.928264	1	1	
0.0356451	-nan	0.933206	0.617336	1	1	1	1	1	1	5.93186	0.933206	0.933206	1	1	
0.0369828	-nan	0.938184	0.622863	1	1	1	1	1	1	5.93246	0.938184	0.938184	1	1	
0.0383707	-nan	0.943196	0.628768	1	1	1	1	1	1	5.93301	0.943196	0.943196	1	1	
0.0398107	-nan	0.948238	0.63508	1	1	1	1	1	1	5.93351	0.948238	0.948238	1	1	
0.0413048	-nan	0.953309	0.641824	1	1	1	1	1	1	5.93394	0.953309	0.953309	1	1	
0.0428549	-nan	0.958406	0.649031	1	1	1	1	1	1	5.93427	0.958406	0.958406	1	1	
0.0444631	-nan	0.963526	0.656734	1	1	1	1	1	1	5.9345	0.963526	0.963526	1	1	
0.0461318	-nan	0.968666	0.664965	1	1	1	1	1	1	5.93459	0.968666	0.968666	1	1	
0.047863	-nan	0.973823	0.673764	1	1	1	1	1	1	5.93453	0.973823	0.973823	1	1	
0.0496592	-nan	0.978994	0.683168	1	1	1	1	1	1	5.9343	0.978994	0.978994	1	1	
0.0515229	-nan	0.984176	0.69322	1	1	1	1	1	1	5.93385	0.984176	0.984176	1	1	
0.0534564	-nan	0.989365	0.703966	1	1	1	1	1	1	5.93317	0.989365	0.989365	1	1	
0.0554626	-nan	0.994559	0.715455	1	1	1	1	1	1	5.93222	0.994559	0.994559	1	1	
0.057544	-nan	0.999753	0.727738	1	1	1	1	1	1	5.93097	0.999753	0.999753	1	1	
0.0597035	-nan	1.00494	0.74087	1	1	1	1	1	1	5.92937	1.00494	1.00494	1	1	
0.0619441	-nan	1.01013	0.754908	1	1	1	1	1	1	5.92739	1.01013	1.01013	1	1	
0.0642688	-nan	1.0153	0.769914	1	1	1	1	1	1	5.92498	1.0153	1.0153	1	1	
0.0666807	-nan	1.02046	0.785951	1	1	1	1	1	1	5.9221	1.02046	1.02046	1	1	
0.0691831	-nan	1.0256	0.803082	1	1	1	1	1	1	5.91869	1.0256	1.0256	1	1	
0.0717794	-nan	1.03072	0.821374	1	1	1	1	1	1	5.9147	1.03072	1.03072	1	1	
0.0744732	-nan	1.03581	0.840891	1	1	1	1	1	1	5.91006	1.03581	1.03581	1	1	
0.0772681	-nan	1.04087	0.861697	1	1	1	1	1	1	5.90473	1.04087	1.04087	1	1	
0.0801678	-nan	1.0459	0.88385	1	1	1	1	1	1	5.89862	1.0459	1.0459	1	1	
0.0831764	-nan	1.05088	0.907401	1	1	1	1	1	1	5.89167	1.05088	1.05088	1	1	
0.0862979	-nan	1.05582	0.932392	1	1	1	1	1	1	5.8838	1.05582	1.05582	1	1	
0.0895365	-nan	1.06071	0.958846	1	1	1	1	1	1	5.87493	1.06071	1.06071	1	1	
0.0928966	-nan	1.06555	0.98677	1	1	1	1	1	1	5.86499	1.06555	1.06555	1	1	
0.0963829	-nan	1.07032	1.01614	1	1	1	1	1	1	5.85387	1.07032	1.07032	1	1	
0.1	-nan	1.07504	1.04692	1	1	1	1	1	1	5.84148	1.07504	1.07504	1	1	
0.103614	-nan	1.07952	1.07782	1	1	1	1	1	1	5.82826	1.07952	1.07952	1	1	
0.107229	-nan	1.08378	1.1087	1	1	1	1	1	1	5.8142	1.08378	1.08378	1	1	
0.110843	-nan	1.08783	1.1394	1	1	1	1	1	1	5.79933	1.08783	1.08783	1	1	
0.114458	-nan	1.09169	1.16976	1	1	1	1	1	1	5.78367	1.09169	1.09169	1	1	
0.118072	-nan	1.09537	1.1996	1	1	1	1	1	1	5.76723	1.09537	1.09537	1	1	
0.121687	-nan	1.09887	1.22877	1	1	1	1	1	1	5.75003	1.09887	1.09887	1	1	
0.125301	-nan	1.1022	1.25713	1	1	1	1	1	1	5.73211	1.1022	1.1022	1	1	
0.128916	-nan	1.10539	1.28455	1	1	1	1	1	1	5.71348	1.10539	1.10539	1	1	
0.13253	-nan	1.10842	1.31092	1	1	1	1	1	1	5.69417	1.10842	1.10842	1	1	
0.136145	-nan	1.11131	1.33615	1	1	1	1	1	1	5.6742	1.11131	1.11131	1	1	
0.139759	-nan	1.11407	1.36016	1	1	1	1	1	1	5.6536	1.11407	1.11407	1	1	
0.143373	-nan	1.1167	1.38291	1	1	1	1	1	1	5.6324	1.1167	1.1167	1	1	
0.146988	-nan	1.1192	1.40436	1	1	1	1	1	1	5.61062	1.1192	1.1192	1	1	
0.150602	-nan	1.12159	1.42452	1	1	1	1	1	1	5.5883	1.12159	1.12159	1	1	
0.154217	-nan	1.12387	1.4434	1	1	1	1	1	1	5.56547	1.12387	1.12387	1	1	
0.157831	-nan	1.12604	1.46101	1	1	1	1	1	1	5.54215	1.12604	1.12604	1	1	
0.161446	-nan	1.12811	1.4774	1	1	1	1	1	1	5.51837	1.12811	1.12811	1	1	
0.16506	-nan	1.13008	1.49262	1	1	1	1	1	1	5.49416	1.13008	1.13008	1	1	
0.168675	-nan	1.13196	1.50674	1	1	1	1	1	1	5.46956	1.13196	1.13196	1	1	
0.172289	-nan	1.13375	1.51981	1	1	1	1	1	1	5.4446	1.13375	1.13375	1	1	
0.175904	-nan	1.13545	1.53192	1	1	1	1	1	1	5.41931	1.13545	1.13545	1	1	
0.179518	-nan	1.13707	1.54314	1	1	1	1	1	1	5.39371	1.13707	1.13707	1	1	
0.183133	-nan	1.13861	1.55355	1	1	1	1	1	1	5.36783	1.13861	1.13861	1	1	
0.186747	-nan	1.14007	1.56322	1	1	1	1	1	1	5.34172	1.14007	1.14007	1	1	
0.190361	-nan	1.14146	1.57222	1	1	1	1	1	1	5.31539	1.14146	1.14146	1	1	
0.193976	-nan	1.14277	1.58064	1	1	1	1	1	1	5.28888	1.14277	1.14277	1	1	
0.19759	-nan	1.14402	1.58853	1	1	1	1	1	1	5.26222	1.14402	1.14402	1	1	
0.201205	-nan	1.1452	1.59596	1	1	1	1	1	1	5.23543	1.1452	1.1452	1	1	
0.204819	-nan	1.14631	1.60299	1	1	1	1	1	1	5.20854	1.14631	1.14631	1	1	
0.208434	-nan	1.14737	1.60969	1	1	1	1	1	1	5.18158	1.14737	1.14737	1	1	
0.212048	-nan	1.14836	1.61609	1	1	1	1	1	1	5.15457	1.14836	1.14836	1	1	
0.215663	-nan	1.1493	1.62225	1	1	1	1	1	1	5.12755	1.1493	1.1493	1	1	
0.219277	-nan	1.15018	1.62821	1	1	1	1	1	1	5.10053	1.15018	1.15018	1	1	
0.222892	-nan	1.15101	1.63402	1	1	1	1	1	1	5.07354	1.15101	1.15101	1	1	
0.226506	-nan	1.15178	1.63969	1	1	1	1	1	1	5.0466	1.15178	1.15178	1	1	
0.23012	-nan	1.15251	1.64527	1	1	1	1	1	1	5.01974	1.15251	1.15251	1	1	
0.233735	-nan	1.15318	1.65079	1	1	1	1	1	1	4.99297	1.15318	1.15318	1	1	
0.237349	-nan	1.15381	1.65626	1	1	1	1	1	1	4.96632	1.15381	1.15381	1	1	
0.240964	-nan	1.15439	1.66171	1	1	1	1	1	1	4.9398	1.15439	1.15439	1	1	
0.244578	-nan	1.15493	1.66715	1	1	1	1	1	1	4.91343	1.15493	1.15493	1	1	
0.248193	-nan	1.15542	1.67262	1	1	1	1	1	1	4.88723	1.15542	1.15542	1	1	
0.251807	-nan	1.15587	1.67811	1	1	1	1	1	1	4.86122	1.15587	1.15587	1	1	
0.255422	-nan	1.15628	1.68364	1	1	1	1	1	1	4.8354	1.15628	1.15628	1	1	
0.259036	-nan	1.15665	1.68922	1	1	1	1	1	1	4.8098	1.15665	1.15665	1	1	
0.262651	-nan	1.15698	1.69486	1	1	1	1	1	1	4.78443	1.15698	1.15698	1	1	
0.266265	-nan	1.15727	1.70057	1	1	1	1	1	1	4.7593	1.15727	1.15727	1	1	
0.26988	-nan	1.15753	1.70635	1	1	1	1	1	1	4.73442	1.15753	1.15753	1	1	
0.273494	-nan	1.15775	1.71221	1	1	1	1	1	1	4.7098	1.15775	1.15775	1	1	
0.277108	-nan	1.15793	1.71816	1	1	1	1	1	1	4.68546	1.15793	1.15793	1	1	
0.280723	-nan	1.15808	1.72419	1	1	1	1	1	1	4.66139	1.15808	1.15808	1	1	
0.284337	-nan	1.1582	1.73031	1	1	1	1	1	1	4.63761	1.1582	1.1582	1	1	
0.287952	-nan	1.15829	1.73652	1	1	1	1	1	1	4.61412	1.15829	1.15829	1	1	
0.291566	-nan	1.15834	1.74282	1	1	1	1	1	1	4.59094	1.15834	1.15834	1	1	
0.295181	-nan	1.15836	1.74922	1	1	1	1	1	1	4.56806	1.15836	1.15836	1	1	
0.298795	-nan	1.15836	1.75571	1	1	1	1	1	1	4.54549	1.15836	1.15836	1	1	
0.30241	-nan	1.15832	1.76229	1	1	1	1	1	1	4.52323	1.15832	1.15832	1	1	
0.306024	-nan	1.15826	1.76896	1	1	1	1	1	1	4.5013	1.15826	1.15826	1	1	
0.309639	-nan	1.15816	1.77572	1	1	1	1	1	1	4.47968	1.15816	1.15816	1	1	
0.313253	-nan	1.15804	1.78258	1	1	1	1	1	1	4.45839	1.15804	1.15804	1	1	
0.316867	-nan	1.1579	1.78952	1	1	1	1	1	1	4.43742	1.1579	1.1579	1	1	
0.320482	-nan	1.15772	1.79655	1	1	1	1	1	1	4.41678	1.15772	1.15772	1	1	
0.324096	-nan	1.15753	1.80367	1	1	1	1	1	1	4.39646	1.15753	1.15753	1	1	
0.327711	-nan	1.1573	1.81087	1	1	1	1	1	1	4.37647	1.1573	1.1573	1	1	
0.331325	-nan	1.15705	1.81815	1	1	1	1	1	1	4.35681	1.15705	1.15705	1	1	
0.33494	-nan	1.15678	1.82551	1	1	1	1	1	1	4.33747	1.15678	1.15678	1	1	
0.338554	-nan	1.15649	1.83295	1	1	1	1	1	1	4.31846	1.15649	1.15649	1	1	
0.342169	-nan	1.15617	1.84046	1	1	1	1	1	1	4.29977	1.15617	1.15617	1	1	
0.345783	-nan	1.15583	1.84803	1	1	1	1	1	1	4.2814	1.15583	1.15583	1	1	
0.349398	-nan	1.15546	1.85568	1	1	1	1	1	1	4.26335	1.15546	1.15546	1	1	
0.353012	-nan	1.15508	1.86339	1	1	1	1	1	1	4.24562	1.15508	1.15508	1	1	
0.356627	-nan	1.15467	1.87116	1	1	1	1	1	1	4.2282	1.15467	1.15467	1	1	
0.360241	-nan	1.15425	1.87898	1	1	1	1	1	1	4.21109	1.15425	1.15425	1	1	
0.363855	-nan	1.1538	1.88686	1	1	1	1	1	1	4.19428	1.1538	1.1538	1	1	
0.36747	-nan	1.15333	1.89478	1	1	1	1	1	1	4.17779	1.15333	1.15333	1	1	
0.371084	-nan	1.15284	1.90276	1	1	1	1	1	1	4.16159	1.15284	1.15284	1	1	
0.374699	-nan	1.15234	1.91077	1	1	1	1	1	1	4.14569	1.15234	1.15234	1	1	
0.378313	-nan	1.15181	1.91882	1	1	1	1	1	1	4.13008	1.15181	1.15181	1	1	
0.381928	-nan	1.15127	1.9269	1	1	1	1	1	1	4.11477	1.15127	1.15127	1	1	
0.385542	-nan	1.1507	1.93501	1	1	1	1	1	1	4.09974	1.1507	1.1507	1	1	
0.389157	-nan	1.15012	1.94314	1	1	1	1	1	1	4.08499	1.15012	1.15012	1	1	
0.392771	-nan	1.14952	1.95129	1	1	1	1	1	1	4.07051	1.14952	1.14952	1	1	
0.396386	-nan	1.1489	1.95946	1	1	1	1	1	1	4.05631	1.1489	1.1489	1	1	
0.4	-nan	1.14827	1.96763	1	1	1	1	1	1	4.04238	1.14827	1.14827	1	1	
0.403614	-nan	1.14762	1.97581	1	1	1	1	1	1	4.02871	1.14762	1.14762	1	1	
0.407229	-nan	1.14695	1.98399	1	1	1	1	1	1	4.01531	1.14695	1.14695	1	1	
0.410843	-nan	1.14627	1.99217	1	1	1	1	1	1	4.00215	1.14627	1.14627	1	1	
0.414458	-nan	1.14557	2.00034	1	1	1	1	1	1	3.98925	1.14557	1.14557	1	1	
0.418072	-nan	1.14485	2.00849	1	1	1	1	1	1	3.97659	1.14485	1.14485	1	1	
0.421687	-nan	1.14412	2.01663	1	1	1	1	1	1	3.96418	1.14412	1.14412	1	1	
0.425301	-nan	1.14337	2.02474	1	1	1	1	1	1	3.952	1.14337	1.14337	1	1	
0.428916	-nan	1.1426	2.03282	1	1	1	1	1	1	3.94006	1.1426	1.1426	1	1	
0.43253	-nan	1.14183	2.04088	1	1	1	1	1	1	3.92834	1.14183	1.14183	1	1	
0.436145	-nan	1.14103	2.04889	1	1	1	1	1	1	3.91685	1.14103	1.14103	1	1	
0.439759	-nan	1.14022	2.05687	1	1	1	1	1	1	3.90557	1.14022	1.14022	1	1	
0.443373	-nan	1.1394	2.0648	1	1	1	1	1	1	3.89451	1.1394	1.1394	1	1	
0.446988	-nan	1.13856	2.07269	1	1	1	1	1	1	3.88366	1.13856	1.13856	1	1	
0.450602	-nan	1.13771	2.08051	1	1	1	1	1	1	3.87302	1.13771	1.13771	1	1	
0.454217	-nan	1.13685	2.08829	1	1	1	1	1	1	3.86258	1.13685	1.13685	1	1	
0.457831	-nan	1.13597	2.096	1	1	1	1	1	1	3.85234	1.13597	1.13597	1	1	
0.461446	-nan	1.13508	2.10365	1	1	1	1	1	1	3.84229	1.13508	1.13508	1	1	
0.46506	-nan	1.13417	2.11123	1	1	1	1	1	1	3.83243	1.13417	1.13417	1	1	
0.468675	-nan	1.13325	2.11874	1	1	1	1	1	1	3.82275	1.13325	1.13325	1	1	
0.472289	-nan	1.13232	2.12618	1	1	1	1	1	1	3.81326	1.13232	1.13232	1	1	
0.475904	-nan	1.13138	2.13354	1	1	1	1	1	1	3.80394	1.13138	1.13138	1	1	
0.479518	-nan	1.13042	2.14082	1	1	1	1	1	1	3.7948	1.13042	1.13042	1	1	
0.483133	-nan	1.12945	2.14801	1	1	1	1	1	1	3.78583	1.12945	1.12945	1	1	
0.486747	-nan	1.12847	2.15513	1	1	1	1	1	1	3.77702	1.12847	1.12847	1	1	
0.490361	-nan	1.12747	2.16216	1	1	1	1	1	1	3.76837	1.12747	1.12747	1	1	
0.493976	-nan	1.12647	2.1691	1	1	1	1	1	1	3.75989	1.12647	1.12647	1	1	
0.49759	-nan	1.12545	2.17595	1	1	1	1	1	1	3.75156	1.12545	1.12545	1	1	
0.501205	-nan	1.12442	2.18271	1	1	1	1	1	1	3.74337	1.12442	1.12442	1	1	
0.504819	-nan	1.12338	2.18937	1	1	1	1	1	1	3.73534	1.12338	1.12338	1	1	
0.508434	-nan	1.12232	2.19595	1	1	1	1	1	1	3.72745	1.12232	1.12232	1	1	
0.512048	-nan	1.12126	2.20242	1	1	1	1	1	1	3.71971	1.12126	1.12126	1	1	
0.515663	-nan	1.12018	2.2088	1	1	1	1	1	1	3.7121	1.12018	1.12018	1	1	
0.519277	-nan	1.1191	2.21509	1	1	1	1	1	1	3.70463	1.1191	1.1191	1	1	
0.522892	-nan	1.118	2.22128	1	1	1	1	1	1	3.69728	1.118	1.118	1	1	
0.526506	-nan	1.11689	2.22737	1	1	1	1	1	1	3.69007	1.11689	1.11689	1	1	
0.53012	-nan	1.11578	2.23336	1	1	1	1	1	1	3.68298	1.11578	1.11578	1	1	
0.533735	-nan	1.11465	2.23926	1	1	1	1	1	1	3.67602	1.11465	1.11465	1	1	
0.537349	-nan	1.11351	2.24505	1	1	1	1	1	1	3.66917	1.11351	1.11351	1	1	
0.540964	-nan	1.11236	2.25075	1	1	1	1	1	1	3.66244	1.11236	1.11236	1	1	
0.544578	-nan	1.1112	2.25636	1	1	1	1	1	1	3.65583	1.1112	1.1112	1	1	
0.548193	-nan	1.11003	2.26187	1	1	1	1	1	1	3.64933	1.11003	1.11003	1	1	
0.551807	-nan	1.10885	2.26728	1	1	1	1	1	1	3.64293	1.10885	1.10885	1	1	
0.555422	-nan	1.10766	2.2726	1	1	1	1	1	1	3.63664	1.10766	1.10766	1	1	
0.559036	-nan	1.10646	2.27782	1	1	1	1	1	1	3.63046	1.10646	1.10646	1	1	
0.562651	-nan	1.10525	2.28295	1	1	1	1	1	1	3.62438	1.10525	1.10525	1	1	
0.566265	-nan	1.10404	2.28799	1	1	1	1	1	1	3.61839	1.10404	1.10404	1	1	
0.56988	-nan	1.10281	2.29294	1	1	1	1	1	1	3.6125	1.10281	1.10281	1	1	
0.573494	-nan	1.10158	2.2978	1	1	1	1	1	1	3.60671	1.10158	1.10158	1	1	
0.577108	-nan	1.10033	2.30257	1	1	1	1	1	1	3.60101	1.10033	1.10033	1	1	
0.580723	-nan	1.09908	2.30725	1	1	1	1	1	1	3.5954	1.09908	1.09908	1	1	
0.584337	-nan	1.09782	2.31185	1	1	1	1	1	1	3.58987	1.09782	1.09782	1	1	
0.587952	-nan	1.09655	2.31636	1	1	1	1	1	1	3.58443	1.09655	1.09655	1	1	
0.591566	-nan	1.09527	2.32079	1	1	1	1	1	1	3.57908	1.09527	1.09527	1	1	
0.595181	-nan	1.09398	2.32514	1	1	1	1	1	1	3.5738	1.09398	1.09398	1	1	
0.598795	-nan	1.09269	2.32941	1	1	1	1	1	1	3.56861	1.09269	1.09269	1	1	
0.60241	-nan	1.09138	2.3336	1	1	1	1	1	1	3.56349	1.09138	1.09138	1	1	
0.606024	-nan	1.09007	2.33772	1	1	1	1	1	1	3.55845	1.09007	1.09007	1	1	
0.609639	-nan	1.08875	2.34176	1	1	1	1	1	1	3.55348	1.08875	1.08875	1	1	
0.613253	-nan	1.08743	2.34573	1	1	1	1	1	1	3.54859	1.08743	1.08743	1	1	
0.616867	-nan	1.08609	2.34962	1	1	1	1	1	1	3.54376	1.08609	1.08609	1	1	
0.620482	-nan	1.08475	2.35345	1	1	1	1	1	1	3.53901	1.08475	1.08475	1	1	
0.624096	-nan	1.0834	2.3572	1	1	1	1	1	1	3.53432	1.0834	1.0834	1	1	
0.627711	-nan	1.08205	2.36089	1	1	1	1	1	1	3.52969	1.08205	1.08205	1	1	
0.631325	-nan	1.08068	2.36451	1	1	1	1	1	1	3.52513	1.08068	1.08068	1	1	
0.63494	-nan	1.07931	2.36807	1	1	1	1	1	1	3.52063	1.07931	1.07931	1	1	
0.638554	-nan	1.07794	2.37157	1	1	1	1	1	1	3.51619	1.07794	1.07794	1	1	
0.642169	-nan	1.07655	2.37501	1	1	1	1	1	1	3.51182	1.07655	1.07655	1	1	
0.645783	-nan	1.07516	2.37839	1	1	1	1	1	1	3.50749	1.07516	1.07516	1	1	
0.649398	-nan	1.07376	2.38171	1	1	1	1	1	1	3.50323	1.07376	1.07376	1	1	
0.653012	-nan	1.07236	2.38497	1	1	1	1	1	1	3.49902	1.07236	1.07236	1	1	
0.656627	-nan	1.07095	2.38818	1	1	1	1	1	1	3.49487	1.07095	1.07095	1	1	
0.660241	-nan	1.06953	2.39133	1	1	1	1	1	1	3.49076	1.06953	1.06953	1	1	
0.663855	-nan	1.06811	2.39444	1	1	1	1	1	1	3.48671	1.06811	1.06811	1	1	
0.66747	-nan	1.06668	2.39749	1	1	1	1	1	1	3.48271	1.06668	1.06668	1	1	
0.671084	-nan	1.06524	2.4005	1	1	1	1	1	1	3.47875	1.06524	1.06524	1	1	
0.674699	-nan	1.0638	2.40345	1	1	1	1	1	1	3.47485	1.0638	1.0638	1	1	
0.678313	-nan	1.06235	2.40636	1	1	1	1	1	1	3.47099	1.06235	1.06235	1	1	
0.681928	-nan	1.0609	2.40923	1	1	1	1	1	1	3.46718	1.0609	1.0609	1	1	
0.685542	-nan	1.05944	2.41205	1	1	1	1	1	1	3.46341	1.05944	1.05944	1	1	
0.689157	-nan	1.05798	2.41482	1	1	1	1	1	1	3.45968	1.05798	1.05798	1	1	
0.692771	-nan	1.05651	2.41756	1	1	1	1	1	1	3.45599	1.05651	1.05651	1	1	
0.696386	-nan	1.05503	2.42026	1	1	1	1	1	1	3.45235	1.05503	1.05503	1	1	
0.7	-nan	1.05355	2.42291	1	1	1	1	1	1	3.44875	1.05355	1.05355	1	1	
0.703614	-nan	1.05207	2.42553	1	1	1	1	1	1	3.44518	1.05207	1.05207	1	1	
0.707229	-nan	1.05058	2.42811	1	1	1	1	1	1	3.44166	1.05058	1.05058	1	1	
0.710843	-nan	1.04908	2.43065	1	1	1	1	1	1	3.43817	1.04908	1.04908	1	1	
0.714458	-nan	1.04758	2.43316	1	1	1	1	1	1	3.43471	1.04758	1.04758	1	1	
0.718072	-nan	1.04608	2.43563	1	1	1	1	1	1	3.4313	1.04608	1.04608	1	1	
0.721687	-nan	1.04457	2.43807	1	1	1	1	1	1	3.42791	1.04457	1.04457	1	1	
0.725301	-nan	1.04305	2.44048	1	1	1	1	1	1	3.42457	1.04305	1.04305	1	1	
0.728916	-nan	1.04153	2.44286	1	1	1	1	1	1	3.42125	1.04153	1.04153	1	1	
0.73253	-nan	1.04001	2.4452	1	1	1	1	1	1	3.41797	1.04001	1.04001	1	1	
0.736145	-nan	1.03848	2.44752	1	1	1	1	1	1	3.41471	1.03848	1.03848	1	1	
0.739759	-nan	1.03695	2.4498	1	1	1	1	1	1	3.41149	1.03695	1.03695	1	1	
0.743373	-nan	1.03541	2.45206	1	1	1	1	1	1	3.4083	1.03541	1.03541	1	1	
0.746988	-nan	1.03387	2.45429	1	1	1	1	1	1	3.40514	1.03387	1.03387	1	1	
0.750602	-nan	1.03232	2.45649	1	1	1	1	1	1	3.40201	1.03232	1.03232	1	1	
0.754217	-nan	1.03077	2.45867	1	1	1	1	1	1	3.3989	1.03077	1.03077	1	1	
0.757831	-nan	1.02922	2.46082	1	1	1	1	1	1	3.39582	1.02922	1.02922	1	1	
0.761446	-nan	1.02766	2.46294	1	1	1	1	1	1	3.39277	1.02766	1.02766	1	1	
0.76506	-nan	1.0261	2.46504	1	1	1	1	1	1	3.38974	1.0261	1.0261	1	1	
0.768675	-nan	1.02454	2.46712	1	1	1	1	1	1	3.38674	1.02454	1.02454	1	1	
0.772289	-nan	1.02297	2.46917	1	1	1	1	1	1	3.38377	1.02297	1.02297	1	1	
0.775904	-nan	1.0214	2.4712	1	1	1	1	1	1	3.38081	1.0214	1.0214	1	1	
0.779518	-nan	1.01982	2.47321	1	1	1	1	1	1	3.37789	1.01982	1.01982	1	1	
0.783133	-nan	1.01824	2.4752	1	1	1	1	1	1	3.37498	1.01824	1.01824	1	1	
0.786747	-nan	1.01666	2.47716	1	1	1	1	1	1	3.3721	1.01666	1.01666	1	1	
0.790361	-nan	1.01507	2.47911	1	1	1	1	1	1	3.36924	1.01507	1.01507	1	1	
0.793976	-nan	1.01348	2.48103	1	1	1	1	1	1	3.3664	1.01348	1.01348	1	1	
0.79759	-nan	1.01189	2.48293	1	1	1	1	1	1	3.36358	1.01189	1.01189	1	1	
0.801205	-nan	1.01029	2.48482	1	1	1	1	1	1	3.36078	1.01029	1.01029	1	1	
0.804819	-nan	1.00869	2.48668	1	1	1	1	1	1	3.358	1.00869	1.00869	1	1	
0.808434	-nan	1.00709	2.48853	1	1	1	1	1	1	3.35524	1.00709	1.00709	1	1	
0.812048	-nan	1.00548	2.49036	1	1	1	1	1	1	3.3525	1.00548	1.00548	1	1	
0.815663	-nan	1.00387	2.49217	1	1	1	1	1	1	3.34978	1.00387	1.00387	1	1	
0.819277	-nan	1.00226	2.49397	1	1	1	1	1	1	3.34707	1.00226	1.00226	1	1	
0.822892	-nan	1.00064	2.49574	1	1	1	1	1	1	3.34439	1.00064	1.00064	1	1	
0.826506	-nan	0.999027	2.4975	1	1	1	1	1	1	3.34172	0.999027	0.999027	1	1	
0.83012	-nan	0.997406	2.49925	1	1	1	1	1	1	3.33907	0.997406	0.997406	1	1	
0.833735	-nan	0.995783	2.50097	1	1	1	1	1	1	3.33643	0.995783	0.995783	1	1	
0.837349	-nan	0.994156	2.50268	1	1	1	1	1	1	3.33381	0.994156	0.994156	1	1	
0.840964	-nan	0.992528	2.50438	1	1	1	1	1	1	3.3312	0.992528	0.992528	1	1	
0.844578	-nan	0.990896	2.50606	1	1	1	1	1	1	3.32862	0.990896	0.990896	1	1	
0.848193	-nan	0.989262	2.50773	1	1	1	1	1	1	3.32604	0.989262	0.989262	1	1	
0.851807	-nan	0.987626	2.50938	1	1	1	1	1	1	3.32348	0.987626	0.987626	1	1	
0.855422	-nan	0.985987	2.51101	1	1	1	1	1	1	3.32094	0.985987	0.985987	1	1	
0.859036	-nan	0.984345	2.51263	1	1	1	1	1	1	3.3184	0.984345	0.984345	1	1	
0.862651	-nan	0.982701	2.51424	1	1	1	1	1	1	3.31589	0.982701	0.982701	1	1	
0.866265	-nan	0.981055	2.51584	1	1	1	1	1	1	3.31338	0.981055	0.981055	1	1	
0.86988	-nan	0.979407	2.51742	1	1	1	1	1	1	3.31089	0.979407	0.979407	1	1	
0.873494	-nan	0.977756	2.51898	1	1	1	1	1	1	3.30841	0.977756	0.977756	1	1	
0.877108	-nan	0.976103	2.52054	1	1	1	1	1	1	3.30594	0.976103	0.976103	1	1	
0.880723	-nan	0.974448	2.52208	1	1	1	1	1	1	3.30349	0.974448	0.974448	1	1	
0.884337	-nan	0.972791	2.52361	1	1	1	1	1	1	3.30104	0.972791	0.972791	1	1	
0.887952	-nan	0.971131	2.52512	1	1	1	1	1	1	3.29861	0.971131	0.971131	1	1	
0.891566	-nan	0.96947	2.52663	1	1	1	1	1	1	3.29619	0.96947	0.96947	1	1	
0.895181	-nan	0.967807	2.52812	1	1	1	1	1	1	3.29378	0.967807	0.967807	1	1	
0.898795	-nan	0.966141	2.5296	1	1	1	1	1	1	3.29138	0.966141	0.966141	1	1	
0.90241	-nan	0.964474	2.53106	1	1	1	1	1	1	3.28899	0.964474	0.964474	1	1	
0.906024	-nan	0.962805	2.53252	1	1	1	1	1	1	3.28661	0.962805	0.962805	1	1	
0.909639	-nan	0.961134	2.53396	1	1	1	1	1	1	3.28424	0.961134	0.961134	1	1	
0.913253	-nan	0.959461	2.53539	1	1	1	1	1	1	3.28188	0.959461	0.959461	1	1	
0.916867	-nan	0.957787	2.53682	1	1	1	1	1	1	3.27953	0.957787	0.957787	1	1	
0.920482	-nan	0.95611	2.53823	1	1	1	1	1	1	3.27719	0.95611	0.95611	1	1	
0.924096	-nan	0.954433	2.53962	1	1	1	1	1	1	3.27486	0.954433	0.954433	1	1	
0.927711	-nan	0.952753	2.54101	1	1	1	1	1	1	3.27253	0.952753	0.952753	1	1	
0.931325	-nan	0.951072	2.54239	1	1	1	1	1	1	3.27022	0.951072	0.951072	1	1	
0.93494	-nan	0.949389	2.54376	1	1	1	1	1	1	3.26791	0.949389	0.949389	1	1	
0.938554	-nan	0.947705	2.54511	1	1	1	1	1	1	3.26561	0.947705	0.947705	1	1	
0.942169	-nan	0.946019	2.54646	1	1	1	1	1	1	3.26332	0.946019	0.946019	1	1	
0.945783	-nan	0.944332	2.54779	1	1	1	1	1	1	3.26104	0.944332	0.944332	1	1	
0.949398	-nan	0.942643	2.54912	1	1	1	1	1	1	3.25877	0.942643	0.942643	1	1	
0.953012	-nan	0.940953	2.55044	1	1	1	1	1	1	3.2565	0.940953	0.940953	1	1	
0.956627	-nan	0.939262	2.55174	1	1	1	1	1	1	3.25424	0.939262	0.939262	1	1	
0.960241	-nan	0.937569	2.55304	1	1	1	1	1	1	3.25198	0.937569	0.937569	1	1	
0.963855	-nan	0.935875	2.55432	1	1	1	1	1	1	3.24974	0.935875	0.935875	1	1	
0.96747	-nan	0.93418	2.5556	1	1	1	1	1	1	3.2475	0.93418	0.93418	1	1	
0.971084	-nan	0.932484	2.55687	1	1	1	1	1	1	3.24526	0.932484	0.932484	1	1	
0.974699	-nan	0.930786	2.55812	1	1	1	1	1	1	3.24304	0.930786	0.930786	1	1	
0.978313	-nan	0.929088	2.55937	1	1	1	1	1	1	3.24082	0.929088	0.929088	1	1	
0.981928	-nan	0.927388	2.56061	1	1	1	1	1	1	3.2386	0.927388	0.927388	1	1	
0.985542	-nan	0.925687	2.56184	1	1	1	1	1	1	3.23639	0.925687	0.925687	1	1	
0.989157	-nan	0.923985	2.56306	1	1	1	1	1	1	3.23419	0.923985	0.923985	1	1	
0.992771	-nan	0.922283	2.56428	1	1	1	1	1	1	3.23199	0.922283	0.922283	1	1	
0.996386	-nan	0.920579	2.56548	1	1	1	1	1	1	3.2298	0.920579	0.920579	1	1	
1	-nan	-nan	-nan	-nan	-nan	-nan	-nan	-nan	-nan	-nan	-nan	-nan	-nan	-nan	
