1e-05	-nan	0.358768	0.473826	1	1	1	1	1	1	0.154866	0.358768	0.358768	1	1	
1.03753e-05	-nan	0.359419	0.473996	1	1	1	1	1	1	0.154865	0.359419	0.359419	1	1	
1.07647e-05	-nan	0.360077	0.474168	1	1	1	1	1	1	0.154865	0.360077	0.360077	1	1	
1.11686e-05	-nan	0.360744	0.474341	1	1	1	1	1	1	0.154864	0.360744	0.360744	1	1	
1.15878e-05	-nan	0.361418	0.474515	1	1	1	1	1	1	0.154863	0.361418	0.361418	1	1	
1.20226e-05	-nan	0.362101	0.47469	1	1	1	1	1	1	0.154863	0.362101	0.362101	1	1	
1.24738e-05	-nan	0.362791	0.474868	1	1	1	1	1	1	0.154862	0.362791	0.362791	1	1	
1.2942e-05	-nan	0.363489	0.475046	1	1	1	1	1	1	0.154862	0.363489	0.363489	1	1	
1.34276e-05	-nan	0.364196	0.475226	1	1	1	1	1	1	0.154861	0.364196	0.364196	1	1	
1.39316e-05	-nan	0.364911	0.475407	1	1	1	1	1	1	0.154861	0.364911	0.364911	1	1	
1.44544e-05	-nan	0.365634	0.47559	1	1	1	1	1	1	0.154861	0.365634	0.365634	1	1	
1.49968e-05	-nan	0.366366	0.475775	1	1	1	1	1	1	0.15486	0.366366	0.366366	1	1	
1.55597e-05	-nan	0.367107	0.475961	1	1	1	1	1	1	0.15486	0.367107	0.367107	1	1	
1.61436e-05	-nan	0.367856	0.476148	1	1	1	1	1	1	0.15486	0.367856	0.367856	1	1	
1.67494e-05	-nan	0.368614	0.476337	1	1	1	1	1	1	0.15486	0.368614	0.368614	1	1	
1.7378e-05	-nan	0.36938	0.476528	1	1	1	1	1	1	0.15486	0.36938	0.36938	1	1	
1.80302e-05	-nan	0.370156	0.47672	1	1	1	1	1	1	0.15486	0.370156	0.370156	1	1	
1.87068e-05	-nan	0.370941	0.476913	1	1	1	1	1	1	0.154861	0.370941	0.370941	1	1	
1.94089e-05	-nan	0.371735	0.477109	1	1	1	1	1	1	0.154861	0.371735	0.371735	1	1	
2.01372e-05	-nan	0.372538	0.477306	1	1	1	1	1	1	0.154861	0.372538	0.372538	1	1	
2.0893e-05	-nan	0.373351	0.477504	1	1	1	1	1	1	0.154862	0.373351	0.373351	1	1	
2.1677e-05	-nan	0.374173	0.477705	1	1	1	1	1	1	0.154862	0.374173	0.374173	1	1	
2.24905e-05	-nan	0.375004	0.477907	1	1	1	1	1	1	0.154863	0.375004	0.375004	1	1	
2.33346e-05	-nan	0.375846	0.47811	1	1	1	1	1	1	0.154864	0.375846	0.375846	1	1	
2.42103e-05	-nan	0.376697	0.478316	1	1	1	1	1	1	0.154865	0.376697	0.376697	1	1	
2.51189e-05	-nan	0.377558	0.478523	1	1	1	1	1	1	0.154866	0.377558	0.377558	1	1	
2.60615e-05	-nan	0.378429	0.478732	1	1	1	1	1	1	0.154867	0.378429	0.378429	1	1	
2.70396e-05	-nan	0.37931	0.478942	1	1	1	1	1	1	0.154868	0.37931	0.37931	1	1	
2.80543e-05	-nan	0.380201	0.479155	1	1	1	1	1	1	0.154869	0.380201	0.380201	1	1	
2.91072e-05	-nan	0.381103	0.479369	1	1	1	1	1	1	0.154871	0.381103	0.381103	1	1	
3.01995e-05	-nan	0.382015	0.479585	1	1	1	1	1	1	0.154872	0.382015	0.382015	1	1	
3.13329e-05	-nan	0.382938	0.479803	1	1	1	1	1	1	0.154874	0.382938	0.382938	1	1	
3.25087e-05	-nan	0.383871	0.480023	1	1	1	1	1	1	0.154876	0.383871	0.383871	1	1	
3.37287e-05	-nan	0.384815	0.480245	1	1	1	1	1	1	0.154878	0.384815	0.384815	1	1	
3.49945e-05	-nan	0.38577	0.480469	1	1	1	1	1	1	0.154879	0.38577	0.38577	1	1	
3.63078e-05	-nan	0.386736	0.480694	1	1	1	1	1	1	0.154882	0.386736	0.386736	1	1	
3.76704e-05	-nan	0.387713	0.480922	1	1	1	1	1	1	0.154884	0.387713	0.387713	1	1	
3.90841e-05	-nan	0.388702	0.481152	1	1	1	1	1	1	0.154886	0.388702	0.388702	1	1	
4.05509e-05	-nan	0.389701	0.481383	1	1	1	1	1	1	0.154889	0.389701	0.389701	1	1	
4.20727e-05	-nan	0.390713	0.481617	1	1	1	1	1	1	0.154891	0.390713	0.390713	1	1	
4.36516e-05	-nan	0.391735	0.481853	1	1	1	1	1	1	0.154894	0.391735	0.391735	1	1	
4.52898e-05	-nan	0.39277	0.48209	1	1	1	1	1	1	0.154897	0.39277	0.39277	1	1	
4.69894e-05	-nan	0.393816	0.48233	1	1	1	1	1	1	0.1549	0.393816	0.393816	1	1	
4.87528e-05	-nan	0.394875	0.482573	1	1	1	1	1	1	0.154904	0.394875	0.394875	1	1	
5.05825e-05	-nan	0.395945	0.482817	1	1	1	1	1	1	0.154907	0.395945	0.395945	1	1	
5.24807e-05	-nan	0.397028	0.483063	1	1	1	1	1	1	0.154911	0.397028	0.397028	1	1	
5.44503e-05	-nan	0.398123	0.483312	1	1	1	1	1	1	0.154914	0.398123	0.398123	1	1	
5.64937e-05	-nan	0.399231	0.483563	1	1	1	1	1	1	0.154918	0.399231	0.399231	1	1	
5.86138e-05	-nan	0.400351	0.483816	1	1	1	1	1	1	0.154922	0.400351	0.400351	1	1	
6.08135e-05	-nan	0.401484	0.484072	1	1	1	1	1	1	0.154927	0.401484	0.401484	1	1	
6.30957e-05	-nan	0.402629	0.48433	1	1	1	1	1	1	0.154931	0.402629	0.402629	1	1	
6.54636e-05	-nan	0.403788	0.48459	1	1	1	1	1	1	0.154936	0.403788	0.403788	1	1	
6.79204e-05	-nan	0.40496	0.484853	1	1	1	1	1	1	0.154941	0.40496	0.40496	1	1	
7.04693e-05	-nan	0.406145	0.485118	1	1	1	1	1	1	0.154946	0.406145	0.406145	1	1	
7.31139e-05	-nan	0.407343	0.485386	1	1	1	1	1	1	0.154951	0.407343	0.407343	1	1	
7.58578e-05	-nan	0.408555	0.485656	1	1	1	1	1	1	0.154957	0.408555	0.408555	1	1	
7.87046e-05	-nan	0.409781	0.485929	1	1	1	1	1	1	0.154963	0.409781	0.409781	1	1	
8.16582e-05	-nan	0.41102	0.486204	1	1	1	1	1	1	0.154968	0.41102	0.41102	1	1	
8.47227e-05	-nan	0.412274	0.486482	1	1	1	1	1	1	0.154975	0.412274	0.412274	1	1	
8.79023e-05	-nan	0.413541	0.486763	1	1	1	1	1	1	0.154981	0.413541	0.413541	1	1	
9.12011e-05	-nan	0.414823	0.487046	1	1	1	1	1	1	0.154988	0.414823	0.414823	1	1	
9.46237e-05	-nan	0.416119	0.487332	1	1	1	1	1	1	0.154995	0.416119	0.416119	1	1	
9.81748e-05	-nan	0.417429	0.487621	1	1	1	1	1	1	0.155002	0.417429	0.417429	1	1	
0.000101859	-nan	0.418754	0.487912	1	1	1	1	1	1	0.155009	0.418754	0.418754	1	1	
0.000105682	-nan	0.420094	0.488207	1	1	1	1	1	1	0.155017	0.420094	0.420094	1	1	
0.000109648	-nan	0.421448	0.488504	1	1	1	1	1	1	0.155025	0.421448	0.421448	1	1	
0.000113763	-nan	0.422818	0.488805	1	1	1	1	1	1	0.155033	0.422818	0.422818	1	1	
0.000118032	-nan	0.424203	0.489108	1	1	1	1	1	1	0.155042	0.424203	0.424203	1	1	
0.000122462	-nan	0.425603	0.489414	1	1	1	1	1	1	0.155051	0.425603	0.425603	1	1	
0.000127057	-nan	0.427019	0.489724	1	1	1	1	1	1	0.15506	0.427019	0.427019	1	1	
0.000131826	-nan	0.42845	0.490036	1	1	1	1	1	1	0.15507	0.42845	0.42845	1	1	
0.000136773	-nan	0.429897	0.490352	1	1	1	1	1	1	0.15508	0.429897	0.429897	1	1	
0.000141906	-nan	0.43136	0.490671	1	1	1	1	1	1	0.15509	0.43136	0.43136	1	1	
0.000147231	-nan	0.432839	0.490993	1	1	1	1	1	1	0.1551	0.432839	0.432839	1	1	
0.000152757	-nan	0.434334	0.491318	1	1	1	1	1	1	0.155111	0.434334	0.434334	1	1	
0.000158489	-nan	0.435846	0.491647	1	1	1	1	1	1	0.155123	0.435846	0.435846	1	1	
0.000164437	-nan	0.437374	0.49198	1	1	1	1	1	1	0.155134	0.437374	0.437374	1	1	
0.000170608	-nan	0.438918	0.492315	1	1	1	1	1	1	0.155146	0.438918	0.438918	1	1	
0.000177011	-nan	0.440479	0.492655	1	1	1	1	1	1	0.155159	0.440479	0.440479	1	1	
0.000183654	-nan	0.442058	0.492998	1	1	1	1	1	1	0.155172	0.442058	0.442058	1	1	
0.000190546	-nan	0.443653	0.493344	1	1	1	1	1	1	0.155185	0.443653	0.443653	1	1	
0.000197697	-nan	0.445266	0.493695	1	1	1	1	1	1	0.155199	0.445266	0.445266	1	1	
0.000205116	-nan	0.446896	0.494049	1	1	1	1	1	1	0.155213	0.446896	0.446896	1	1	
0.000212814	-nan	0.448543	0.494407	1	1	1	1	1	1	0.155228	0.448543	0.448543	1	1	
0.0002208	-nan	0.450208	0.494769	1	1	1	1	1	1	0.155243	0.450208	0.450208	1	1	
0.000229087	-nan	0.451891	0.495135	1	1	1	1	1	1	0.155259	0.451891	0.451891	1	1	
0.000237684	-nan	0.453592	0.495505	1	1	1	1	1	1	0.155275	0.453592	0.453592	1	1	
0.000246604	-nan	0.455311	0.495879	1	1	1	1	1	1	0.155291	0.455311	0.455311	1	1	
0.000255859	-nan	0.457049	0.496258	1	1	1	1	1	1	0.155309	0.457049	0.457049	1	1	
0.000265461	-nan	0.458804	0.49664	1	1	1	1	1	1	0.155326	0.458804	0.458804	1	1	
0.000275423	-nan	0.460579	0.497027	1	1	1	1	1	1	0.155345	0.460579	0.460579	1	1	
0.000285759	-nan	0.462372	0.497419	1	1	1	1	1	1	0.155364	0.462372	0.462372	1	1	
0.000296483	-nan	0.464184	0.497815	1	1	1	1	1	1	0.155383	0.464184	0.464184	1	1	
0.00030761	-nan	0.466015	0.498216	1	1	1	1	1	1	0.155403	0.466015	0.466015	1	1	
0.000319154	-nan	0.467865	0.498621	1	1	1	1	1	1	0.155424	0.467865	0.467865	1	1	
0.000331131	-nan	0.469734	0.499031	1	1	1	1	1	1	0.155446	0.469734	0.469734	1	1	
0.000343558	-nan	0.471623	0.499446	1	1	1	1	1	1	0.155468	0.471623	0.471623	1	1	
0.000356451	-nan	0.473532	0.499866	1	1	1	1	1	1	0.155491	0.473532	0.473532	1	1	
0.000369828	-nan	0.475461	0.500291	1	1	1	1	1	1	0.155514	0.475461	0.475461	1	1	
0.000383707	-nan	0.477409	0.500722	1	1	1	1	1	1	0.155539	0.477409	0.477409	1	1	
0.000398107	-nan	0.479377	0.501157	1	1	1	1	1	1	0.155564	0.479377	0.479377	1	1	
0.000413048	-nan	0.481366	0.501598	1	1	1	1	1	1	0.15559	0.481366	0.481366	1	1	
0.000428549	-nan	0.483375	0.502045	1	1	1	1	1	1	0.155617	0.483375	0.483375	1	1	
0.000444631	-nan	0.485405	0.502497	1	1	1	1	1	1	0.155644	0.485405	0.485405	1	1	
0.000461318	-nan	0.487455	0.502955	1	1	1	1	1	1	0.155673	0.487455	0.487455	1	1	
0.00047863	-nan	0.489527	0.503419	1	1	1	1	1	1	0.155702	0.489527	0.489527	1	1	
0.000496592	-nan	0.491619	0.503888	1	1	1	1	1	1	0.155733	0.491619	0.491619	1	1	
0.000515229	-nan	0.493732	0.504364	1	1	1	1	1	1	0.155764	0.493732	0.493732	1	1	
0.000534564	-nan	0.495867	0.504846	1	1	1	1	1	1	0.155796	0.495867	0.495867	1	1	
0.000554626	-nan	0.498023	0.505335	1	1	1	1	1	1	0.15583	0.498023	0.498023	1	1	
0.00057544	-nan	0.500201	0.50583	1	1	1	1	1	1	0.155864	0.500201	0.500201	1	1	
0.000597035	-nan	0.502401	0.506331	1	1	1	1	1	1	0.1559	0.502401	0.502401	1	1	
0.000619441	-nan	0.504622	0.50684	1	1	1	1	1	1	0.155936	0.504622	0.504622	1	1	
0.000642688	-nan	0.506865	0.507355	1	1	1	1	1	1	0.155974	0.506865	0.506865	1	1	
0.000666807	-nan	0.509131	0.507877	1	1	1	1	1	1	0.156013	0.509131	0.509131	1	1	
0.000691831	-nan	0.511419	0.508407	1	1	1	1	1	1	0.156054	0.511419	0.511419	1	1	
0.000717794	-nan	0.513729	0.508944	1	1	1	1	1	1	0.156095	0.513729	0.513729	1	1	
0.000744732	-nan	0.516062	0.509489	1	1	1	1	1	1	0.156138	0.516062	0.516062	1	1	
0.000772681	-nan	0.518418	0.510041	1	1	1	1	1	1	0.156183	0.518418	0.518418	1	1	
0.000801678	-nan	0.520797	0.510602	1	1	1	1	1	1	0.156228	0.520797	0.520797	1	1	
0.000831764	-nan	0.523199	0.51117	1	1	1	1	1	1	0.156276	0.523199	0.523199	1	1	
0.000862979	-nan	0.525624	0.511747	1	1	1	1	1	1	0.156325	0.525624	0.525624	1	1	
0.000895365	-nan	0.528072	0.512333	1	1	1	1	1	1	0.156375	0.528072	0.528072	1	1	
0.000928966	-nan	0.530544	0.512927	1	1	1	1	1	1	0.156427	0.530544	0.530544	1	1	
0.000963829	-nan	0.533039	0.51353	1	1	1	1	1	1	0.156481	0.533039	0.533039	1	1	
0.001	-nan	0.535559	0.514142	1	1	1	1	1	1	0.156536	0.535559	0.535559	1	1	
0.00103753	-nan	0.538102	0.514764	1	1	1	1	1	1	0.156594	0.538102	0.538102	1	1	
0.00107647	-nan	0.540669	0.515395	1	1	1	1	1	1	0.156653	0.540669	0.540669	1	1	
0.00111686	-nan	0.54326	0.516036	1	1	1	1	1	1	0.156714	0.54326	0.54326	1	1	
0.00115878	-nan	0.545876	0.516687	1	1	1	1	1	1	0.156778	0.545876	0.545876	1	1	
0.00120226	-nan	0.548516	0.517349	1	1	1	1	1	1	0.156843	0.548516	0.548516	1	1	
0.00124738	-nan	0.551181	0.518021	1	1	1	1	1	1	0.156911	0.551181	0.551181	1	1	
0.0012942	-nan	0.55387	0.518704	1	1	1	1	1	1	0.156981	0.55387	0.55387	1	1	
0.00134276	-nan	0.556584	0.519398	1	1	1	1	1	1	0.157053	0.556584	0.556584	1	1	
0.00139316	-nan	0.559323	0.520104	1	1	1	1	1	1	0.157127	0.559323	0.559323	1	1	
0.00144544	-nan	0.562087	0.520821	1	1	1	1	1	1	0.157205	0.562087	0.562087	1	1	
0.00149968	-nan	0.564877	0.521551	1	1	1	1	1	1	0.157284	0.564877	0.564877	1	1	
0.00155597	-nan	0.567692	0.522293	1	1	1	1	1	1	0.157367	0.567692	0.567692	1	1	
0.00161436	-nan	0.570532	0.523047	1	1	1	1	1	1	0.157452	0.570532	0.570532	1	1	
0.00167494	-nan	0.573398	0.523815	1	1	1	1	1	1	0.15754	0.573398	0.573398	1	1	
0.0017378	-nan	0.57629	0.524596	1	1	1	1	1	1	0.157632	0.57629	0.57629	1	1	
0.00180302	-nan	0.579207	0.525391	1	1	1	1	1	1	0.157726	0.579207	0.579207	1	1	
0.00187068	-nan	0.58215	0.5262	1	1	1	1	1	1	0.157824	0.58215	0.58215	1	1	
0.00194089	-nan	0.58512	0.527023	1	1	1	1	1	1	0.157925	0.58512	0.58512	1	1	
0.00201372	-nan	0.588115	0.527862	1	1	1	1	1	1	0.158029	0.588115	0.588115	1	1	
0.0020893	-nan	0.591137	0.528715	1	1	1	1	1	1	0.158137	0.591137	0.591137	1	1	
0.0021677	-nan	0.594186	0.529585	1	1	1	1	1	1	0.158249	0.594186	0.594186	1	1	
0.00224905	-nan	0.59726	0.530471	1	1	1	1	1	1	0.158365	0.59726	0.59726	1	1	
0.00233346	-nan	0.600362	0.531373	1	1	1	1	1	1	0.158485	0.600362	0.600362	1	1	
0.00242103	-nan	0.60349	0.532293	1	1	1	1	1	1	0.15861	0.60349	0.60349	1	1	
0.00251189	-nan	0.606645	0.53323	1	1	1	1	1	1	0.158738	0.606645	0.606645	1	1	
0.00260615	-nan	0.609827	0.534185	1	1	1	1	1	1	0.158872	0.609827	0.609827	1	1	
0.00270396	-nan	0.613035	0.535159	1	1	1	1	1	1	0.15901	0.613035	0.613035	1	1	
0.00280543	-nan	0.616271	0.536153	1	1	1	1	1	1	0.159153	0.616271	0.616271	1	1	
0.00291072	-nan	0.619534	0.537166	1	1	1	1	1	1	0.159301	0.619534	0.619534	1	1	
0.00301995	-nan	0.622824	0.538199	1	1	1	1	1	1	0.159455	0.622824	0.622824	1	1	
0.00313329	-nan	0.626142	0.539254	1	1	1	1	1	1	0.159614	0.626142	0.626142	1	1	
0.00325087	-nan	0.629487	0.54033	1	1	1	1	1	1	0.159779	0.629487	0.629487	1	1	
0.00337287	-nan	0.632859	0.541428	1	1	1	1	1	1	0.15995	0.632859	0.632859	1	1	
0.00349945	-nan	0.636259	0.542549	1	1	1	1	1	1	0.160127	0.636259	0.636259	1	1	
0.00363078	-nan	0.639686	0.543694	1	1	1	1	1	1	0.160311	0.639686	0.639686	1	1	
0.00376704	-nan	0.643141	0.544863	1	1	1	1	1	1	0.160502	0.643141	0.643141	1	1	
0.00390841	-nan	0.646623	0.546058	1	1	1	1	1	1	0.160699	0.646623	0.646623	1	1	
0.00405509	-nan	0.650133	0.547278	1	1	1	1	1	1	0.160904	0.650133	0.650133	1	1	
0.00420727	-nan	0.653671	0.548525	1	1	1	1	1	1	0.161117	0.653671	0.653671	1	1	
0.00436516	-nan	0.657236	0.549799	1	1	1	1	1	1	0.161338	0.657236	0.657236	1	1	
0.00452898	-nan	0.660828	0.551102	1	1	1	1	1	1	0.161567	0.660828	0.660828	1	1	
0.00469894	-nan	0.664449	0.552434	1	1	1	1	1	1	0.161805	0.664449	0.664449	1	1	
0.00487528	-nan	0.668096	0.553796	1	1	1	1	1	1	0.162052	0.668096	0.668096	1	1	
0.00505825	-nan	0.671771	0.555189	1	1	1	1	1	1	0.162309	0.671771	0.671771	1	1	
0.00524807	-nan	0.675474	0.556615	1	1	1	1	1	1	0.162575	0.675474	0.675474	1	1	
0.00544503	-nan	0.679203	0.558073	1	1	1	1	1	1	0.162852	0.679203	0.679203	1	1	
0.00564937	-nan	0.68296	0.559566	1	1	1	1	1	1	0.163139	0.68296	0.68296	1	1	
0.00586138	-nan	0.686744	0.561094	1	1	1	1	1	1	0.163437	0.686744	0.686744	1	1	
0.00608135	-nan	0.690555	0.562659	1	1	1	1	1	1	0.163747	0.690555	0.690555	1	1	
0.00630957	-nan	0.694392	0.564261	1	1	1	1	1	1	0.164069	0.694392	0.694392	1	1	
0.00654636	-nan	0.698256	0.565903	1	1	1	1	1	1	0.164404	0.698256	0.698256	1	1	
0.00679204	-nan	0.702146	0.567584	1	1	1	1	1	1	0.164753	0.702146	0.702146	1	1	
0.00704693	-nan	0.706062	0.569308	1	1	1	1	1	1	0.165114	0.706062	0.706062	1	1	
0.00731139	-nan	0.710004	0.571074	1	1	1	1	1	1	0.165491	0.710004	0.710004	1	1	
0.00758578	-nan	0.713971	0.572884	1	1	1	1	1	1	0.165882	0.713971	0.713971	1	1	
0.00787046	-nan	0.717962	0.574741	1	1	1	1	1	1	0.166289	0.717962	0.717962	1	1	
0.00816582	-nan	0.721979	0.576645	1	1	1	1	1	1	0.166713	0.721979	0.721979	1	1	
0.00847227	-nan	0.726019	0.578598	1	1	1	1	1	1	0.167154	0.726019	0.726019	1	1	
0.00879023	-nan	0.730084	0.580602	1	1	1	1	1	1	0.167612	0.730084	0.730084	1	1	
0.00912011	-nan	0.734171	0.582659	1	1	1	1	1	1	0.168089	0.734171	0.734171	1	1	
0.00946237	-nan	0.738281	0.584769	1	1	1	1	1	1	0.168586	0.738281	0.738281	1	1	
0.00981748	-nan	0.742412	0.586936	1	1	1	1	1	1	0.169104	0.742412	0.742412	1	1	
0.0101859	-nan	0.746565	0.589162	1	1	1	1	1	1	0.169642	0.746565	0.746565	1	1	
0.0105682	-nan	0.750739	0.591447	1	1	1	1	1	1	0.170203	0.750739	0.750739	1	1	
0.0109648	-nan	0.754932	0.593795	1	1	1	1	1	1	0.170788	0.754932	0.754932	1	1	
0.0113763	-nan	0.759144	0.596208	1	1	1	1	1	1	0.171396	0.759144	0.759144	1	1	
0.0118032	-nan	0.763374	0.598687	1	1	1	1	1	1	0.172031	0.763374	0.763374	1	1	
0.0122462	-nan	0.767621	0.601236	1	1	1	1	1	1	0.172692	0.767621	0.767621	1	1	
0.0127057	-nan	0.771884	0.603856	1	1	1	1	1	1	0.173381	0.771884	0.771884	1	1	
0.0131826	-nan	0.776162	0.606551	1	1	1	1	1	1	0.174099	0.776162	0.776162	1	1	
0.0136773	-nan	0.780453	0.609323	1	1	1	1	1	1	0.174848	0.780453	0.780453	1	1	
0.0141906	-nan	0.784757	0.612175	1	1	1	1	1	1	0.175629	0.784757	0.784757	1	1	
0.0147231	-nan	0.789072	0.615109	1	1	1	1	1	1	0.176444	0.789072	0.789072	1	1	
0.0152757	-nan	0.793398	0.61813	1	1	1	1	1	1	0.177293	0.793398	0.793398	1	1	
0.0158489	-nan	0.797731	0.621239	1	1	1	1	1	1	0.17818	0.797731	0.797731	1	1	
0.0164437	-nan	0.802072	0.624441	1	1	1	1	1	1	0.179105	0.802072	0.802072	1	1	
0.0170608	-nan	0.806418	0.627739	1	1	1	1	1	1	0.18007	0.806418	0.806418	1	1	
0.0177011	-nan	0.810767	0.631135	1	1	1	1	1	1	0.181078	0.810767	0.810767	1	1	
0.0183654	-nan	0.815119	0.634635	1	1	1	1	1	1	0.18213	0.815119	0.815119	1	1	
0.0190546	-nan	0.819471	0.638242	1	1	1	1	1	1	0.183228	0.819471	0.819471	1	1	
0.0197697	-nan	0.823821	0.64196	1	1	1	1	1	1	0.184375	0.823821	0.823821	1	1	
0.0205116	-nan	0.828168	0.645793	1	1	1	1	1	1	0.185572	0.828168	0.828168	1	1	
0.0212814	-nan	0.83251	0.649746	1	1	1	1	1	1	0.186823	0.83251	0.83251	1	1	
0.02208	-nan	0.836844	0.653823	1	1	1	1	1	1	0.18813	0.836844	0.836844	1	1	
0.0229087	-nan	0.841169	0.65803	1	1	1	1	1	1	0.189495	0.841169	0.841169	1	1	
0.0237684	-nan	0.845482	0.66237	1	1	1	1	1	1	0.190922	0.845482	0.845482	1	1	
0.0246604	-nan	0.849781	0.66685	1	1	1	1	1	1	0.192413	0.849781	0.849781	1	1	
0.0255859	-nan	0.854065	0.671474	1	1	1	1	1	1	0.193971	0.854065	0.854065	1	1	
0.0265461	-nan	0.85833	0.676249	1	1	1	1	1	1	0.195599	0.85833	0.85833	1	1	
0.0275423	-nan	0.862575	0.68118	1	1	1	1	1	1	0.197301	0.862575	0.862575	1	1	
0.0285759	-nan	0.866797	0.686273	1	1	1	1	1	1	0.199081	0.866797	0.866797	1	1	
0.0296483	-nan	0.870994	0.691536	1	1	1	1	1	1	0.200941	0.870994	0.870994	1	1	
0.030761	-nan	0.875164	0.696974	1	1	1	1	1	1	0.202886	0.875164	0.875164	1	1	
0.0319154	-nan	0.879304	0.702596	1	1	1	1	1	1	0.204919	0.879304	0.879304	1	1	
0.0331131	-nan	0.883411	0.708407	1	1	1	1	1	1	0.207045	0.883411	0.883411	1	1	
0.0343558	-nan	0.887484	0.714416	1	1	1	1	1	1	0.209267	0.887484	0.887484	1	1	
0.0356451	-nan	0.89152	0.720631	1	1	1	1	1	1	0.211591	0.89152	0.89152	1	1	
0.0369828	-nan	0.895517	0.72706	1	1	1	1	1	1	0.21402	0.895517	0.895517	1	1	
0.0383707	-nan	0.899472	0.733711	1	1	1	1	1	1	0.216559	0.899472	0.899472	1	1	
0.0398107	-nan	0.903383	0.740595	1	1	1	1	1	1	0.219212	0.903383	0.903383	1	1	
0.0413048	-nan	0.907247	0.74772	1	1	1	1	1	1	0.221986	0.907247	0.907247	1	1	
0.0428549	-nan	0.911062	0.755097	1	1	1	1	1	1	0.224884	0.911062	0.911062	1	1	
0.0444631	-nan	0.914825	0.762735	1	1	1	1	1	1	0.227911	0.914825	0.914825	1	1	
0.0461318	-nan	0.918535	0.770646	1	1	1	1	1	1	0.231073	0.918535	0.918535	1	1	
0.047863	-nan	0.922189	0.778841	1	1	1	1	1	1	0.234374	0.922189	0.922189	1	1	
0.0496592	-nan	0.925784	0.787331	1	1	1	1	1	1	0.23782	0.925784	0.925784	1	1	
0.0515229	-nan	0.929319	0.79613	1	1	1	1	1	1	0.241415	0.929319	0.929319	1	1	
0.0534564	-nan	0.93279	0.805248	1	1	1	1	1	1	0.245165	0.93279	0.93279	1	1	
0.0554626	-nan	0.936196	0.814701	1	1	1	1	1	1	0.249073	0.936196	0.936196	1	1	
0.057544	-nan	0.939534	0.824502	1	1	1	1	1	1	0.253145	0.939534	0.939534	1	1	
0.0597035	-nan	0.942802	0.834666	1	1	1	1	1	1	0.257385	0.942802	0.942802	1	1	
0.0619441	-nan	0.945997	0.845206	1	1	1	1	1	1	0.261797	0.945997	0.945997	1	1	
0.0642688	-nan	0.949118	0.856141	1	1	1	1	1	1	0.266384	0.949118	0.949118	1	1	
0.0666807	-nan	0.952161	0.867485	1	1	1	1	1	1	0.271149	0.952161	0.952161	1	1	
0.0691831	-nan	0.955125	0.879255	1	1	1	1	1	1	0.276095	0.955125	0.955125	1	1	
0.0717794	-nan	0.958007	0.89147	1	1	1	1	1	1	0.281223	0.958007	0.958007	1	1	
0.0744732	-nan	0.960805	0.904149	1	1	1	1	1	1	0.286535	0.960805	0.960805	1	1	
0.0772681	-nan	0.963516	0.917309	1	1	1	1	1	1	0.29203	0.963516	0.963516	1	1	
0.0801678	-nan	0.966138	0.930971	1	1	1	1	1	1	0.297708	0.966138	0.966138	1	1	
0.0831764	-nan	0.968668	0.945156	1	1	1	1	1	1	0.303567	0.968668	0.968668	1	1	
0.0862979	-nan	0.971104	0.959886	1	1	1	1	1	1	0.309604	0.971104	0.971104	1	1	
0.0895365	-nan	0.973442	0.975181	1	1	1	1	1	1	0.315814	0.973442	0.973442	1	1	
0.0928966	-nan	0.975681	0.991065	1	1	1	1	1	1	0.322193	0.975681	0.975681	1	1	
0.0963829	-nan	0.977818	1.00756	1	1	1	1	1	1	0.328733	0.977818	0.977818	1	1	
0.1	-nan	0.97985	1.0247	1	1	1	1	1	1	0.335426	0.97985	0.97985	1	1	
0.103614	-nan	0.981705	1.04184	1	1	1	1	1	1	0.342011	0.981705	0.981705	1	1	
0.107229	-nan	0.983398	1.05899	1	1	1	1	1	1	0.348488	0.983398	0.983398	1	1	
0.110843	-nan	0.984942	1.07617	1	1	1	1	1	1	0.354849	0.984942	0.984942	1	1	
0.114458	-nan	0.986345	1.09336	1	1	1	1	1	1	0.36109	0.986345	0.986345	1	1	
0.118072	-nan	0.987618	1.11057	1	1	1	1	1	1	0.367205	0.987618	0.987618	1	1	
0.121687	-nan	0.988769	1.12779	1	1	1	1	1	1	0.373192	0.988769	0.988769	1	1	
0.125301	-nan	0.989805	1.14503	1	1	1	1	1	1	0.379047	0.989805	0.989805	1	1	
0.128916	-nan	0.990734	1.16227	1	1	1	1	1	1	0.384768	0.990734	0.990734	1	1	
0.13253	-nan	0.991561	1.17953	1	1	1	1	1	1	0.390353	0.991561	0.991561	1	1	
0.136145	-nan	0.992293	1.1968	1	1	1	1	1	1	0.395802	0.992293	0.992293	1	1	
0.139759	-nan	0.992935	1.21407	1	1	1	1	1	1	0.401114	0.992935	0.992935	1	1	
0.143373	-nan	0.993492	1.23135	1	1	1	1	1	1	0.406289	0.993492	0.993492	1	1	
0.146988	-nan	0.993968	1.24864	1	1	1	1	1	1	0.411327	0.993968	0.993968	1	1	
0.150602	-nan	0.994368	1.26592	1	1	1	1	1	1	0.41623	0.994368	0.994368	1	1	
0.154217	-nan	0.994695	1.28321	1	1	1	1	1	1	0.420998	0.994695	0.994695	1	1	
0.157831	-nan	0.994952	1.3005	1	1	1	1	1	1	0.425634	0.994952	0.994952	1	1	
0.161446	-nan	0.995144	1.31778	1	1	1	1	1	1	0.430139	0.995144	0.995144	1	1	
0.16506	-nan	0.995273	1.33506	1	1	1	1	1	1	0.434515	0.995273	0.995273	1	1	
0.168675	-nan	0.995342	1.35234	1	1	1	1	1	1	0.438764	0.995342	0.995342	1	1	
0.172289	-nan	0.995354	1.36961	1	1	1	1	1	1	0.44289	0.995354	0.995354	1	1	
0.175904	-nan	0.99531	1.38686	1	1	1	1	1	1	0.446893	0.99531	0.99531	1	1	
0.179518	-nan	0.995214	1.40411	1	1	1	1	1	1	0.450778	0.995214	0.995214	1	1	
0.183133	-nan	0.995068	1.42134	1	1	1	1	1	1	0.454547	0.995068	0.995068	1	1	
0.186747	-nan	0.994873	1.43855	1	1	1	1	1	1	0.458203	0.994873	0.994873	1	1	
0.190361	-nan	0.994632	1.45575	1	1	1	1	1	1	0.461749	0.994632	0.994632	1	1	
0.193976	-nan	0.994346	1.47293	1	1	1	1	1	1	0.465187	0.994346	0.994346	1	1	
0.19759	-nan	0.994018	1.49009	1	1	1	1	1	1	0.46852	0.994018	0.994018	1	1	
0.201205	-nan	0.993647	1.50723	1	1	1	1	1	1	0.471752	0.993647	0.993647	1	1	
0.204819	-nan	0.993237	1.52434	1	1	1	1	1	1	0.474886	0.993237	0.993237	1	1	
0.208434	-nan	0.992788	1.54142	1	1	1	1	1	1	0.477924	0.992788	0.992788	1	1	
0.212048	-nan	0.992302	1.55848	1	1	1	1	1	1	0.480869	0.992302	0.992302	1	1	
0.215663	-nan	0.99178	1.57551	1	1	1	1	1	1	0.483724	0.99178	0.99178	1	1	
0.219277	-nan	0.991224	1.59251	1	1	1	1	1	1	0.486492	0.991224	0.991224	1	1	
0.222892	-nan	0.990633	1.60947	1	1	1	1	1	1	0.489176	0.990633	0.990633	1	1	
0.226506	-nan	0.990011	1.6264	1	1	1	1	1	1	0.491778	0.990011	0.990011	1	1	
0.23012	-nan	0.989356	1.64329	1	1	1	1	1	1	0.4943	0.989356	0.989356	1	1	
0.233735	-nan	0.988671	1.66014	1	1	1	1	1	1	0.496746	0.988671	0.988671	1	1	
0.237349	-nan	0.987956	1.67696	1	1	1	1	1	1	0.499118	0.987956	0.987956	1	1	
0.240964	-nan	0.987213	1.69373	1	1	1	1	1	1	0.501418	0.987213	0.987213	1	1	
0.244578	-nan	0.986442	1.71046	1	1	1	1	1	1	0.503648	0.986442	0.986442	1	1	
0.248193	-nan	0.985643	1.72714	1	1	1	1	1	1	0.505812	0.985643	0.985643	1	1	
0.251807	-nan	0.984818	1.74378	1	1	1	1	1	1	0.507911	0.984818	0.984818	1	1	
0.255422	-nan	0.983968	1.76037	1	1	1	1	1	1	0.509947	0.983968	0.983968	1	1	
0.259036	-nan	0.983092	1.77691	1	1	1	1	1	1	0.511922	0.983092	0.983092	1	1	
0.262651	-nan	0.982192	1.7934	1	1	1	1	1	1	0.513838	0.982192	0.982192	1	1	
0.266265	-nan	0.981268	1.80984	1	1	1	1	1	1	0.515698	0.981268	0.981268	1	1	
0.26988	-nan	0.980322	1.82623	1	1	1	1	1	1	0.517504	0.980322	0.980322	1	1	
0.273494	-nan	0.979352	1.84256	1	1	1	1	1	1	0.519256	0.979352	0.979352	1	1	
0.277108	-nan	0.978361	1.85883	1	1	1	1	1	1	0.520957	0.978361	0.978361	1	1	
0.280723	-nan	0.977349	1.87505	1	1	1	1	1	1	0.522608	0.977349	0.977349	1	1	
0.284337	-nan	0.976315	1.89121	1	1	1	1	1	1	0.524212	0.976315	0.976315	1	1	
0.287952	-nan	0.975262	1.90731	1	1	1	1	1	1	0.525769	0.975262	0.975262	1	1	
0.291566	-nan	0.974188	1.92334	1	1	1	1	1	1	0.527281	0.974188	0.974188	1	1	
0.295181	-nan	0.973095	1.93932	1	1	1	1	1	1	0.52875	0.973095	0.973095	1	1	
0.298795	-nan	0.971982	1.95523	1	1	1	1	1	1	0.530177	0.971982	0.971982	1	1	
0.30241	-nan	0.970852	1.97107	1	1	1	1	1	1	0.531564	0.970852	0.970852	1	1	
0.306024	-nan	0.969703	1.98685	1	1	1	1	1	1	0.532911	0.969703	0.969703	1	1	
0.309639	-nan	0.968536	2.00256	1	1	1	1	1	1	0.534221	0.968536	0.968536	1	1	
0.313253	-nan	0.967352	2.0182	1	1	1	1	1	1	0.535494	0.967352	0.967352	1	1	
0.316867	-nan	0.966151	2.03378	1	1	1	1	1	1	0.536731	0.966151	0.966151	1	1	
0.320482	-nan	0.964933	2.04928	1	1	1	1	1	1	0.537934	0.964933	0.964933	1	1	
0.324096	-nan	0.963699	2.06471	1	1	1	1	1	1	0.539103	0.963699	0.963699	1	1	
0.327711	-nan	0.962448	2.08007	1	1	1	1	1	1	0.54024	0.962448	0.962448	1	1	
0.331325	-nan	0.961183	2.09536	1	1	1	1	1	1	0.541346	0.961183	0.961183	1	1	
0.33494	-nan	0.959901	2.11057	1	1	1	1	1	1	0.542422	0.959901	0.959901	1	1	
0.338554	-nan	0.958605	2.12571	1	1	1	1	1	1	0.543468	0.958605	0.958605	1	1	
0.342169	-nan	0.957294	2.14077	1	1	1	1	1	1	0.544486	0.957294	0.957294	1	1	
0.345783	-nan	0.955969	2.15575	1	1	1	1	1	1	0.545476	0.955969	0.955969	1	1	
0.349398	-nan	0.954629	2.17066	1	1	1	1	1	1	0.54644	0.954629	0.954629	1	1	
0.353012	-nan	0.953275	2.18549	1	1	1	1	1	1	0.547378	0.953275	0.953275	1	1	
0.356627	-nan	0.951908	2.20024	1	1	1	1	1	1	0.54829	0.951908	0.951908	1	1	
0.360241	-nan	0.950527	2.2149	1	1	1	1	1	1	0.549179	0.950527	0.950527	1	1	
0.363855	-nan	0.949133	2.22949	1	1	1	1	1	1	0.550043	0.949133	0.949133	1	1	
0.36747	-nan	0.947727	2.244	1	1	1	1	1	1	0.550885	0.947727	0.947727	1	1	
0.371084	-nan	0.946307	2.25842	1	1	1	1	1	1	0.551704	0.946307	0.946307	1	1	
0.374699	-nan	0.944875	2.27276	1	1	1	1	1	1	0.552502	0.944875	0.944875	1	1	
0.378313	-nan	0.943431	2.28702	1	1	1	1	1	1	0.553279	0.943431	0.943431	1	1	
0.381928	-nan	0.941975	2.3012	1	1	1	1	1	1	0.554036	0.941975	0.941975	1	1	
0.385542	-nan	0.940507	2.31529	1	1	1	1	1	1	0.554773	0.940507	0.940507	1	1	
0.389157	-nan	0.939027	2.32929	1	1	1	1	1	1	0.55549	0.939027	0.939027	1	1	
0.392771	-nan	0.937536	2.34321	1	1	1	1	1	1	0.556189	0.937536	0.937536	1	1	
0.396386	-nan	0.936034	2.35704	1	1	1	1	1	1	0.55687	0.936034	0.936034	1	1	
0.4	-nan	0.934521	2.37079	1	1	1	1	1	1	0.557533	0.934521	0.934521	1	1	
0.403614	-nan	0.932997	2.38445	1	1	1	1	1	1	0.558179	0.932997	0.932997	1	1	
0.407229	-nan	0.931463	2.39802	1	1	1	1	1	1	0.558808	0.931463	0.931463	1	1	
0.410843	-nan	0.929918	2.4115	1	1	1	1	1	1	0.559422	0.929918	0.929918	1	1	
0.414458	-nan	0.928362	2.4249	1	1	1	1	1	1	0.560019	0.928362	0.928362	1	1	
0.418072	-nan	0.926797	2.43821	1	1	1	1	1	1	0.560601	0.926797	0.926797	1	1	
0.421687	-nan	0.925222	2.45142	1	1	1	1	1	1	0.561168	0.925222	0.925222	1	1	
0.425301	-nan	0.923637	2.46455	1	1	1	1	1	1	0.561721	0.923637	0.923637	1	1	
0.428916	-nan	0.922042	2.47759	1	1	1	1	1	1	0.562259	0.922042	0.922042	1	1	
0.43253	-nan	0.920438	2.49054	1	1	1	1	1	1	0.562784	0.920438	0.920438	1	1	
0.436145	-nan	0.918824	2.5034	1	1	1	1	1	1	0.563295	0.918824	0.918824	1	1	
0.439759	-nan	0.917202	2.51617	1	1	1	1	1	1	0.563794	0.917202	0.917202	1	1	
0.443373	-nan	0.91557	2.52884	1	1	1	1	1	1	0.564279	0.91557	0.91557	1	1	
0.446988	-nan	0.91393	2.54143	1	1	1	1	1	1	0.564753	0.91393	0.91393	1	1	
0.450602	-nan	0.912281	2.55393	1	1	1	1	1	1	0.565214	0.912281	0.912281	1	1	
0.454217	-nan	0.910624	2.56633	1	1	1	1	1	1	0.565663	0.910624	0.910624	1	1	
0.457831	-nan	0.908958	2.57864	1	1	1	1	1	1	0.566101	0.908958	0.908958	1	1	
0.461446	-nan	0.907284	2.59086	1	1	1	1	1	1	0.566528	0.907284	0.907284	1	1	
0.46506	-nan	0.905601	2.60299	1	1	1	1	1	1	0.566943	0.905601	0.905601	1	1	
0.468675	-nan	0.903911	2.61503	1	1	1	1	1	1	0.567348	0.903911	0.903911	1	1	
0.472289	-nan	0.902213	2.62697	1	1	1	1	1	1	0.567743	0.902213	0.902213	1	1	
0.475904	-nan	0.900507	2.63882	1	1	1	1	1	1	0.568128	0.900507	0.900507	1	1	
0.479518	-nan	0.898794	2.65058	1	1	1	1	1	1	0.568502	0.898794	0.898794	1	1	
0.483133	-nan	0.897073	2.66225	1	1	1	1	1	1	0.568868	0.897073	0.897073	1	1	
0.486747	-nan	0.895345	2.67383	1	1	1	1	1	1	0.569223	0.895345	0.895345	1	1	
0.490361	-nan	0.89361	2.68531	1	1	1	1	1	1	0.56957	0.89361	0.89361	1	1	
0.493976	-nan	0.891867	2.6967	1	1	1	1	1	1	0.569907	0.891867	0.891867	1	1	
0.49759	-nan	0.890118	2.708	1	1	1	1	1	1	0.570236	0.890118	0.890118	1	1	
0.501205	-nan	0.888362	2.71921	1	1	1	1	1	1	0.570556	0.888362	0.888362	1	1	
0.504819	-nan	0.886599	2.73032	1	1	1	1	1	1	0.570868	0.886599	0.886599	1	1	
0.508434	-nan	0.884829	2.74134	1	1	1	1	1	1	0.571171	0.884829	0.884829	1	1	
0.512048	-nan	0.883053	2.75227	1	1	1	1	1	1	0.571467	0.883053	0.883053	1	1	
0.515663	-nan	0.88127	2.76311	1	1	1	1	1	1	0.571755	0.88127	0.88127	1	1	
0.519277	-nan	0.879482	2.77385	1	1	1	1	1	1	0.572035	0.879482	0.879482	1	1	
0.522892	-nan	0.877687	2.78451	1	1	1	1	1	1	0.572307	0.877687	0.877687	1	1	
0.526506	-nan	0.875886	2.79507	1	1	1	1	1	1	0.572573	0.875886	0.875886	1	1	
0.53012	-nan	0.874079	2.80554	1	1	1	1	1	1	0.572831	0.874079	0.874079	1	1	
0.533735	-nan	0.872266	2.81592	1	1	1	1	1	1	0.573082	0.872266	0.872266	1	1	
0.537349	-nan	0.870448	2.82621	1	1	1	1	1	1	0.573327	0.870448	0.870448	1	1	
0.540964	-nan	0.868624	2.8364	1	1	1	1	1	1	0.573564	0.868624	0.868624	1	1	
0.544578	-nan	0.866794	2.84651	1	1	1	1	1	1	0.573795	0.866794	0.866794	1	1	
0.548193	-nan	0.864959	2.85652	1	1	1	1	1	1	0.57402	0.864959	0.864959	1	1	
0.551807	-nan	0.863119	2.86644	1	1	1	1	1	1	0.574239	0.863119	0.863119	1	1	
0.555422	-nan	0.861273	2.87628	1	1	1	1	1	1	0.574451	0.861273	0.861273	1	1	
0.559036	-nan	0.859423	2.88602	1	1	1	1	1	1	0.574657	0.859423	0.859423	1	1	
0.562651	-nan	0.857567	2.89567	1	1	1	1	1	1	0.574857	0.857567	0.857567	1	1	
0.566265	-nan	0.855706	2.90523	1	1	1	1	1	1	0.575052	0.855706	0.855706	1	1	
0.56988	-nan	0.853841	2.9147	1	1	1	1	1	1	0.575241	0.853841	0.853841	1	1	
0.573494	-nan	0.851971	2.92409	1	1	1	1	1	1	0.575424	0.851971	0.851971	1	1	
0.577108	-nan	0.850096	2.93338	1	1	1	1	1	1	0.575602	0.850096	0.850096	1	1	
0.580723	-nan	0.848217	2.94259	1	1	1	1	1	1	0.575775	0.848217	0.848217	1	1	
0.584337	-nan	0.846333	2.9517	1	1	1	1	1	1	0.575942	0.846333	0.846333	1	1	
0.587952	-nan	0.844445	2.96073	1	1	1	1	1	1	0.576105	0.844445	0.844445	1	1	
0.591566	-nan	0.842553	2.96967	1	1	1	1	1	1	0.576262	0.842553	0.842553	1	1	
0.595181	-nan	0.840656	2.97852	1	1	1	1	1	1	0.576414	0.840656	0.840656	1	1	
0.598795	-nan	0.838756	2.98729	1	1	1	1	1	1	0.576562	0.838756	0.838756	1	1	
0.60241	-nan	0.836851	2.99596	1	1	1	1	1	1	0.576705	0.836851	0.836851	1	1	
0.606024	-nan	0.834943	3.00455	1	1	1	1	1	1	0.576843	0.834943	0.834943	1	1	
0.609639	-nan	0.83303	3.01306	1	1	1	1	1	1	0.576977	0.83303	0.83303	1	1	
0.613253	-nan	0.831114	3.02148	1	1	1	1	1	1	0.577106	0.831114	0.831114	1	1	
0.616867	-nan	0.829195	3.02981	1	1	1	1	1	1	0.577231	0.829195	0.829195	1	1	
0.620482	-nan	0.827272	3.03806	1	1	1	1	1	1	0.577351	0.827272	0.827272	1	1	
0.624096	-nan	0.825345	3.04622	1	1	1	1	1	1	0.577467	0.825345	0.825345	1	1	
0.627711	-nan	0.823415	3.05429	1	1	1	1	1	1	0.577579	0.823415	0.823415	1	1	
0.631325	-nan	0.821482	3.06229	1	1	1	1	1	1	0.577688	0.821482	0.821482	1	1	
0.63494	-nan	0.819546	3.0702	1	1	1	1	1	1	0.577792	0.819546	0.819546	1	1	
0.638554	-nan	0.817606	3.07802	1	1	1	1	1	1	0.577892	0.817606	0.817606	1	1	
0.642169	-nan	0.815664	3.08576	1	1	1	1	1	1	0.577988	0.815664	0.815664	1	1	
0.645783	-nan	0.813718	3.09342	1	1	1	1	1	1	0.578081	0.813718	0.813718	1	1	
0.649398	-nan	0.81177	3.101	1	1	1	1	1	1	0.578169	0.81177	0.81177	1	1	
0.653012	-nan	0.809819	3.10849	1	1	1	1	1	1	0.578255	0.809819	0.809819	1	1	
0.656627	-nan	0.807865	3.1159	1	1	1	1	1	1	0.578336	0.807865	0.807865	1	1	
0.660241	-nan	0.805908	3.12323	1	1	1	1	1	1	0.578414	0.805908	0.805908	1	1	
0.663855	-nan	0.803949	3.13048	1	1	1	1	1	1	0.578489	0.803949	0.803949	1	1	
0.66747	-nan	0.801988	3.13765	1	1	1	1	1	1	0.57856	0.801988	0.801988	1	1	
0.671084	-nan	0.800024	3.14474	1	1	1	1	1	1	0.578628	0.800024	0.800024	1	1	
0.674699	-nan	0.798058	3.15175	1	1	1	1	1	1	0.578692	0.798058	0.798058	1	1	
0.678313	-nan	0.79609	3.15868	1	1	1	1	1	1	0.578754	0.79609	0.79609	1	1	
0.681928	-nan	0.794119	3.16553	1	1	1	1	1	1	0.578812	0.794119	0.794119	1	1	
0.685542	-nan	0.792146	3.17231	1	1	1	1	1	1	0.578867	0.792146	0.792146	1	1	
0.689157	-nan	0.790172	3.179	1	1	1	1	1	1	0.578919	0.790172	0.790172	1	1	
0.692771	-nan	0.788195	3.18562	1	1	1	1	1	1	0.578968	0.788195	0.788195	1	1	
0.696386	-nan	0.786217	3.19216	1	1	1	1	1	1	0.579014	0.786217	0.786217	1	1	
0.7	-nan	0.784237	3.19863	1	1	1	1	1	1	0.579057	0.784237	0.784237	1	1	
0.703614	-nan	0.782255	3.20502	1	1	1	1	1	1	0.579097	0.782255	0.782255	1	1	
0.707229	-nan	0.780272	3.21133	1	1	1	1	1	1	0.579135	0.780272	0.780272	1	1	
0.710843	-nan	0.778287	3.21757	1	1	1	1	1	1	0.579169	0.778287	0.778287	1	1	
0.714458	-nan	0.776301	3.22373	1	1	1	1	1	1	0.579201	0.776301	0.776301	1	1	
0.718072	-nan	0.774313	3.22982	1	1	1	1	1	1	0.57923	0.774313	0.774313	1	1	
0.721687	-nan	0.772324	3.23583	1	1	1	1	1	1	0.579257	0.772324	0.772324	1	1	
0.725301	-nan	0.770334	3.24178	1	1	1	1	1	1	0.579281	0.770334	0.770334	1	1	
0.728916	-nan	0.768342	3.24764	1	1	1	1	1	1	0.579302	0.768342	0.768342	1	1	
0.73253	-nan	0.76635	3.25344	1	1	1	1	1	1	0.579321	0.76635	0.76635	1	1	
0.736145	-nan	0.764356	3.25917	1	1	1	1	1	1	0.579338	0.764356	0.764356	1	1	
0.739759	-nan	0.762361	3.26482	1	1	1	1	1	1	0.579352	0.762361	0.762361	1	1	
0.743373	-nan	0.760366	3.2704	1	1	1	1	1	1	0.579363	0.760366	0.760366	1	1	
0.746988	-nan	0.75837	3.27591	1	1	1	1	1	1	0.579372	0.75837	0.75837	1	1	
0.750602	-nan	0.756373	3.28135	1	1	1	1	1	1	0.579379	0.756373	0.756373	1	1	
0.754217	-nan	0.754375	3.28673	1	1	1	1	1	1	0.579384	0.754375	0.754375	1	1	
0.757831	-nan	0.752377	3.29203	1	1	1	1	1	1	0.579386	0.752377	0.752377	1	1	
0.761446	-nan	0.750378	3.29726	1	1	1	1	1	1	0.579386	0.750378	0.750378	1	1	
0.76506	-nan	0.748378	3.30243	1	1	1	1	1	1	0.579384	0.748378	0.748378	1	1	
0.768675	-nan	0.746379	3.30753	1	1	1	1	1	1	0.57938	0.746379	0.746379	1	1	
0.772289	-nan	0.744379	3.31256	1	1	1	1	1	1	0.579373	0.744379	0.744379	1	1	
0.775904	-nan	0.742378	3.31753	1	1	1	1	1	1	0.579365	0.742378	0.742378	1	1	
0.779518	-nan	0.740378	3.32243	1	1	1	1	1	1	0.579354	0.740378	0.740378	1	1	
0.783133	-nan	0.738377	3.32726	1	1	1	1	1	1	0.579342	0.738377	0.738377	1	1	
0.786747	-nan	0.736376	3.33203	1	1	1	1	1	1	0.579327	0.736376	0.736376	1	1	
0.790361	-nan	0.734375	3.33673	1	1	1	1	1	1	0.579311	0.734375	0.734375	1	1	
0.793976	-nan	0.732375	3.34137	1	1	1	1	1	1	0.579292	0.732375	0.732375	1	1	
0.79759	-nan	0.730374	3.34595	1	1	1	1	1	1	0.579272	0.730374	0.730374	1	1	
0.801205	-nan	0.728374	3.35046	1	1	1	1	1	1	0.579249	0.728374	0.728374	1	1	
0.804819	-nan	0.726373	3.35491	1	1	1	1	1	1	0.579225	0.726373	0.726373	1	1	
0.808434	-nan	0.724374	3.3593	1	1	1	1	1	1	0.579199	0.724374	0.724374	1	1	
0.812048	-nan	0.722374	3.36363	1	1	1	1	1	1	0.579171	0.722374	0.722374	1	1	
0.815663	-nan	0.720375	3.36789	1	1	1	1	1	1	0.579142	0.720375	0.720375	1	1	
0.819277	-nan	0.718376	3.3721	1	1	1	1	1	1	0.579111	0.718376	0.718376	1	1	
0.822892	-nan	0.716378	3.37624	1	1	1	1	1	1	0.579078	0.716378	0.716378	1	1	
0.826506	-nan	0.714381	3.38033	1	1	1	1	1	1	0.579043	0.714381	0.714381	1	1	
0.83012	-nan	0.712384	3.38435	1	1	1	1	1	1	0.579006	0.712384	0.712384	1	1	
0.833735	-nan	0.710388	3.38832	1	1	1	1	1	1	0.578968	0.710388	0.710388	1	1	
0.837349	-nan	0.708393	3.39223	1	1	1	1	1	1	0.578929	0.708393	0.708393	1	1	
0.840964	-nan	0.706399	3.39608	1	1	1	1	1	1	0.578887	0.706399	0.706399	1	1	
0.844578	-nan	0.704406	3.39988	1	1	1	1	1	1	0.578844	0.704406	0.704406	1	1	
0.848193	-nan	0.702413	3.40361	1	1	1	1	1	1	0.5788	0.702413	0.702413	1	1	
0.851807	-nan	0.700422	3.4073	1	1	1	1	1	1	0.578754	0.700422	0.700422	1	1	
0.855422	-nan	0.698431	3.41092	1	1	1	1	1	1	0.578707	0.698431	0.698431	1	1	
0.859036	-nan	0.696442	3.41449	1	1	1	1	1	1	0.578658	0.696442	0.696442	1	1	
0.862651	-nan	0.694454	3.41801	1	1	1	1	1	1	0.578607	0.694454	0.694454	1	1	
0.866265	-nan	0.692468	3.42147	1	1	1	1	1	1	0.578555	0.692468	0.692468	1	1	
0.86988	-nan	0.690482	3.42488	1	1	1	1	1	1	0.578502	0.690482	0.690482	1	1	
0.873494	-nan	0.688498	3.42823	1	1	1	1	1	1	0.578447	0.688498	0.688498	1	1	
0.877108	-nan	0.686516	3.43153	1	1	1	1	1	1	0.578391	0.686516	0.686516	1	1	
0.880723	-nan	0.684535	3.43478	1	1	1	1	1	1	0.578333	0.684535	0.684535	1	1	
0.884337	-nan	0.682555	3.43798	1	1	1	1	1	1	0.578274	0.682555	0.682555	1	1	
0.887952	-nan	0.680578	3.44112	1	1	1	1	1	1	0.578214	0.680578	0.680578	1	1	
0.891566	-nan	0.678601	3.44422	1	1	1	1	1	1	0.578153	0.678601	0.678601	1	1	
0.895181	-nan	0.676627	3.44726	1	1	1	1	1	1	0.57809	0.676627	0.676627	1	1	
0.898795	-nan	0.674654	3.45026	1	1	1	1	1	1	0.578026	0.674654	0.674654	1	1	
0.90241	-nan	0.672683	3.4532	1	1	1	1	1	1	0.57796	0.672683	0.672683	1	1	
0.906024	-nan	0.670714	3.4561	1	1	1	1	1	1	0.577894	0.670714	0.670714	1	1	
0.909639	-nan	0.668747	3.45895	1	1	1	1	1	1	0.577826	0.668747	0.668747	1	1	
0.913253	-nan	0.666781	3.46175	1	1	1	1	1	1	0.577757	0.666781	0.666781	1	1	
0.916867	-nan	0.664818	3.4645	1	1	1	1	1	1	0.577686	0.664818	0.664818	1	1	
0.920482	-nan	0.662857	3.46721	1	1	1	1	1	1	0.577615	0.662857	0.662857	1	1	
0.924096	-nan	0.660898	3.46986	1	1	1	1	1	1	0.577542	0.660898	0.660898	1	1	
0.927711	-nan	0.658941	3.47248	1	1	1	1	1	1	0.577469	0.658941	0.658941	1	1	
0.931325	-nan	0.656986	3.47504	1	1	1	1	1	1	0.577394	0.656986	0.656986	1	1	
0.93494	-nan	0.655034	3.47756	1	1	1	1	1	1	0.577318	0.655034	0.655034	1	1	
0.938554	-nan	0.653084	3.48004	1	1	1	1	1	1	0.577241	0.653084	0.653084	1	1	
0.942169	-nan	0.651136	3.48247	1	1	1	1	1	1	0.577162	0.651136	0.651136	1	1	
0.945783	-nan	0.649191	3.48486	1	1	1	1	1	1	0.577083	0.649191	0.649191	1	1	
0.949398	-nan	0.647248	3.48721	1	1	1	1	1	1	0.577003	0.647248	0.647248	1	1	
0.953012	-nan	0.645307	3.48951	1	1	1	1	1	1	0.576921	0.645307	0.645307	1	1	
0.956627	-nan	0.643369	3.49177	1	1	1	1	1	1	0.576839	0.643369	0.643369	1	1	
0.960241	-nan	0.641434	3.49398	1	1	1	1	1	1	0.576756	0.641434	0.641434	1	1	
0.963855	-nan	0.639502	3.49616	1	1	1	1	1	1	0.576671	0.639502	0.639502	1	1	
0.96747	-nan	0.637572	3.49829	1	1	1	1	1	1	0.576586	0.637572	0.637572	1	1	
0.971084	-nan	0.635644	3.50039	1	1	1	1	1	1	0.576499	0.635644	0.635644	1	1	
0.974699	-nan	0.63372	3.50244	1	1	1	1	1	1	0.576412	0.63372	0.63372	1	1	
0.978313	-nan	0.631798	3.50445	1	1	1	1	1	1	0.576324	0.631798	0.631798	1	1	
0.981928	-nan	0.629879	3.50643	1	1	1	1	1	1	0.576235	0.629879	0.629879	1	1	
0.985542	-nan	0.627964	3.50836	1	1	1	1	1	1	0.576144	0.627964	0.627964	1	1	
0.989157	-nan	0.626051	3.51026	1	1	1	1	1	1	0.576053	0.626051	0.626051	1	1	
0.992771	-nan	0.624141	3.51211	1	1	1	1	1	1	0.575961	0.624141	0.624141	1	1	
0.996386	-nan	0.622234	3.51393	1	1	1	1	1	1	0.575869	0.622234	0.622234	1	1	
1	-nan	-nan	-nan	-nan	-nan	-nan	-nan	-nan	-nan	-nan	-nan	-nan	-nan	-nan	
