1e-05	-nan	0.669244	1.03119	1	1	1	1	1	1	2.02484	0.669244	0.669244	1	1	
1.03753e-05	-nan	0.669166	1.0307	1	1	1	1	1	1	2.02465	0.669166	0.669166	1	1	
1.07647e-05	-nan	0.669087	1.03021	1	1	1	1	1	1	2.02446	0.669087	0.669087	1	1	
1.11686e-05	-nan	0.669007	1.02972	1	1	1	1	1	1	2.02427	0.669007	0.669007	1	1	
1.15878e-05	-nan	0.668926	1.02923	1	1	1	1	1	1	2.02408	0.668926	0.668926	1	1	
1.20226e-05	-nan	0.668845	1.02872	1	1	1	1	1	1	2.0239	0.668845	0.668845	1	1	
1.24738e-05	-nan	0.668763	1.02822	1	1	1	1	1	1	2.02371	0.668763	0.668763	1	1	
1.2942e-05	-nan	0.66868	1.0277	1	1	1	1	1	1	2.02352	0.66868	0.66868	1	1	
1.34276e-05	-nan	0.668597	1.02719	1	1	1	1	1	1	2.02334	0.668597	0.668597	1	1	
1.39316e-05	-nan	0.668512	1.02667	1	1	1	1	1	1	2.02315	0.668512	0.668512	1	1	
1.44544e-05	-nan	0.668427	1.02614	1	1	1	1	1	1	2.02297	0.668427	0.668427	1	1	
1.49968e-05	-nan	0.668341	1.02561	1	1	1	1	1	1	2.02279	0.668341	0.668341	1	1	
1.55597e-05	-nan	0.668255	1.02507	1	1	1	1	1	1	2.0226	0.668255	0.668255	1	1	
1.61436e-05	-nan	0.668168	1.02453	1	1	1	1	1	1	2.02242	0.668168	0.668168	1	1	
1.67494e-05	-nan	0.66808	1.02398	1	1	1	1	1	1	2.02224	0.66808	0.66808	1	1	
1.7378e-05	-nan	0.667991	1.02343	1	1	1	1	1	1	2.02206	0.667991	0.667991	1	1	
1.80302e-05	-nan	0.667902	1.02287	1	1	1	1	1	1	2.02188	0.667902	0.667902	1	1	
1.87068e-05	-nan	0.667812	1.02231	1	1	1	1	1	1	2.0217	0.667812	0.667812	1	1	
1.94089e-05	-nan	0.667721	1.02174	1	1	1	1	1	1	2.02153	0.667721	0.667721	1	1	
2.01372e-05	-nan	0.66763	1.02117	1	1	1	1	1	1	2.02135	0.66763	0.66763	1	1	
2.0893e-05	-nan	0.667538	1.02059	1	1	1	1	1	1	2.02118	0.667538	0.667538	1	1	
2.1677e-05	-nan	0.667446	1.02001	1	1	1	1	1	1	2.021	0.667446	0.667446	1	1	
2.24905e-05	-nan	0.667352	1.01942	1	1	1	1	1	1	2.02083	0.667352	0.667352	1	1	
2.33346e-05	-nan	0.667258	1.01883	1	1	1	1	1	1	2.02066	0.667258	0.667258	1	1	
2.42103e-05	-nan	0.667164	1.01823	1	1	1	1	1	1	2.02049	0.667164	0.667164	1	1	
2.51189e-05	-nan	0.667069	1.01762	1	1	1	1	1	1	2.02032	0.667069	0.667069	1	1	
2.60615e-05	-nan	0.666973	1.01701	1	1	1	1	1	1	2.02015	0.666973	0.666973	1	1	
2.70396e-05	-nan	0.666877	1.01639	1	1	1	1	1	1	2.01998	0.666877	0.666877	1	1	
2.80543e-05	-nan	0.66678	1.01577	1	1	1	1	1	1	2.01982	0.66678	0.66678	1	1	
2.91072e-05	-nan	0.666683	1.01515	1	1	1	1	1	1	2.01965	0.666683	0.666683	1	1	
3.01995e-05	-nan	0.666585	1.01451	1	1	1	1	1	1	2.01949	0.666585	0.666585	1	1	
3.13329e-05	-nan	0.666486	1.01388	1	1	1	1	1	1	2.01932	0.666486	0.666486	1	1	
3.25087e-05	-nan	0.666388	1.01323	1	1	1	1	1	1	2.01916	0.666388	0.666388	1	1	
3.37287e-05	-nan	0.666288	1.01258	1	1	1	1	1	1	2.019	0.666288	0.666288	1	1	
3.49945e-05	-nan	0.666189	1.01193	1	1	1	1	1	1	2.01884	0.666189	0.666189	1	1	
3.63078e-05	-nan	0.666088	1.01127	1	1	1	1	1	1	2.01869	0.666088	0.666088	1	1	
3.76704e-05	-nan	0.665988	1.0106	1	1	1	1	1	1	2.01853	0.665988	0.665988	1	1	
3.90841e-05	-nan	0.665887	1.00993	1	1	1	1	1	1	2.01837	0.665887	0.665887	1	1	
4.05509e-05	-nan	0.665786	1.00925	1	1	1	1	1	1	2.01822	0.665786	0.665786	1	1	
4.20727e-05	-nan	0.665684	1.00857	1	1	1	1	1	1	2.01807	0.665684	0.665684	1	1	
4.36516e-05	-nan	0.665582	1.00788	1	1	1	1	1	1	2.01792	0.665582	0.665582	1	1	
4.52898e-05	-nan	0.66548	1.00719	1	1	1	1	1	1	2.01777	0.66548	0.66548	1	1	
4.69894e-05	-nan	0.665378	1.00649	1	1	1	1	1	1	2.01762	0.665378	0.665378	1	1	
4.87528e-05	-nan	0.665276	1.00578	1	1	1	1	1	1	2.01747	0.665276	0.665276	1	1	
5.05825e-05	-nan	0.665173	1.00507	1	1	1	1	1	1	2.01733	0.665173	0.665173	1	1	
5.24807e-05	-nan	0.66507	1.00435	1	1	1	1	1	1	2.01718	0.66507	0.66507	1	1	
5.44503e-05	-nan	0.664967	1.00363	1	1	1	1	1	1	2.01704	0.664967	0.664967	1	1	
5.64937e-05	-nan	0.664865	1.0029	1	1	1	1	1	1	2.0169	0.664865	0.664865	1	1	
5.86138e-05	-nan	0.664762	1.00216	1	1	1	1	1	1	2.01676	0.664762	0.664762	1	1	
6.08135e-05	-nan	0.664659	1.00142	1	1	1	1	1	1	2.01663	0.664659	0.664659	1	1	
6.30957e-05	-nan	0.664556	1.00068	1	1	1	1	1	1	2.01649	0.664556	0.664556	1	1	
6.54636e-05	-nan	0.664454	0.999925	1	1	1	1	1	1	2.01636	0.664454	0.664454	1	1	
6.79204e-05	-nan	0.664352	0.999168	1	1	1	1	1	1	2.01623	0.664352	0.664352	1	1	
7.04693e-05	-nan	0.66425	0.998404	1	1	1	1	1	1	2.0161	0.66425	0.66425	1	1	
7.31139e-05	-nan	0.664148	0.997635	1	1	1	1	1	1	2.01597	0.664148	0.664148	1	1	
7.58578e-05	-nan	0.664047	0.99686	1	1	1	1	1	1	2.01584	0.664047	0.664047	1	1	
7.87046e-05	-nan	0.663946	0.996079	1	1	1	1	1	1	2.01572	0.663946	0.663946	1	1	
8.16582e-05	-nan	0.663845	0.995292	1	1	1	1	1	1	2.01559	0.663845	0.663845	1	1	
8.47227e-05	-nan	0.663745	0.9945	1	1	1	1	1	1	2.01547	0.663745	0.663745	1	1	
8.79023e-05	-nan	0.663646	0.993702	1	1	1	1	1	1	2.01536	0.663646	0.663646	1	1	
9.12011e-05	-nan	0.663547	0.992898	1	1	1	1	1	1	2.01524	0.663547	0.663547	1	1	
9.46237e-05	-nan	0.66345	0.992089	1	1	1	1	1	1	2.01512	0.66345	0.66345	1	1	
9.81748e-05	-nan	0.663353	0.991274	1	1	1	1	1	1	2.01501	0.663353	0.663353	1	1	
0.000101859	-nan	0.663257	0.990453	1	1	1	1	1	1	2.0149	0.663257	0.663257	1	1	
0.000105682	-nan	0.663161	0.989627	1	1	1	1	1	1	2.01479	0.663161	0.663161	1	1	
0.000109648	-nan	0.663067	0.988794	1	1	1	1	1	1	2.01469	0.663067	0.663067	1	1	
0.000113763	-nan	0.662975	0.987957	1	1	1	1	1	1	2.01458	0.662975	0.662975	1	1	
0.000118032	-nan	0.662883	0.987114	1	1	1	1	1	1	2.01448	0.662883	0.662883	1	1	
0.000122462	-nan	0.662793	0.986265	1	1	1	1	1	1	2.01438	0.662793	0.662793	1	1	
0.000127057	-nan	0.662704	0.985411	1	1	1	1	1	1	2.01428	0.662704	0.662704	1	1	
0.000131826	-nan	0.662616	0.984551	1	1	1	1	1	1	2.01419	0.662616	0.662616	1	1	
0.000136773	-nan	0.662531	0.983686	1	1	1	1	1	1	2.0141	0.662531	0.662531	1	1	
0.000141906	-nan	0.662447	0.982816	1	1	1	1	1	1	2.01401	0.662447	0.662447	1	1	
0.000147231	-nan	0.662365	0.98194	1	1	1	1	1	1	2.01392	0.662365	0.662365	1	1	
0.000152757	-nan	0.662285	0.981059	1	1	1	1	1	1	2.01384	0.662285	0.662285	1	1	
0.000158489	-nan	0.662207	0.980172	1	1	1	1	1	1	2.01375	0.662207	0.662207	1	1	
0.000164437	-nan	0.662131	0.979281	1	1	1	1	1	1	2.01367	0.662131	0.662131	1	1	
0.000170608	-nan	0.662057	0.978384	1	1	1	1	1	1	2.0136	0.662057	0.662057	1	1	
0.000177011	-nan	0.661986	0.977482	1	1	1	1	1	1	2.01352	0.661986	0.661986	1	1	
0.000183654	-nan	0.661918	0.976575	1	1	1	1	1	1	2.01345	0.661918	0.661918	1	1	
0.000190546	-nan	0.661853	0.975663	1	1	1	1	1	1	2.01338	0.661853	0.661853	1	1	
0.000197697	-nan	0.66179	0.974746	1	1	1	1	1	1	2.01332	0.66179	0.66179	1	1	
0.000205116	-nan	0.66173	0.973824	1	1	1	1	1	1	2.01325	0.66173	0.66173	1	1	
0.000212814	-nan	0.661674	0.972898	1	1	1	1	1	1	2.01319	0.661674	0.661674	1	1	
0.0002208	-nan	0.661621	0.971966	1	1	1	1	1	1	2.01314	0.661621	0.661621	1	1	
0.000229087	-nan	0.661571	0.971031	1	1	1	1	1	1	2.01308	0.661571	0.661571	1	1	
0.000237684	-nan	0.661526	0.97009	1	1	1	1	1	1	2.01303	0.661526	0.661526	1	1	
0.000246604	-nan	0.661484	0.969145	1	1	1	1	1	1	2.01298	0.661484	0.661484	1	1	
0.000255859	-nan	0.661446	0.968196	1	1	1	1	1	1	2.01294	0.661446	0.661446	1	1	
0.000265461	-nan	0.661413	0.967242	1	1	1	1	1	1	2.0129	0.661413	0.661413	1	1	
0.000275423	-nan	0.661384	0.966284	1	1	1	1	1	1	2.01286	0.661384	0.661384	1	1	
0.000285759	-nan	0.661359	0.965322	1	1	1	1	1	1	2.01283	0.661359	0.661359	1	1	
0.000296483	-nan	0.66134	0.964356	1	1	1	1	1	1	2.0128	0.66134	0.66134	1	1	
0.00030761	-nan	0.661326	0.963386	1	1	1	1	1	1	2.01277	0.661326	0.661326	1	1	
0.000319154	-nan	0.661317	0.962412	1	1	1	1	1	1	2.01274	0.661317	0.661317	1	1	
0.000331131	-nan	0.661313	0.961435	1	1	1	1	1	1	2.01272	0.661313	0.661313	1	1	
0.000343558	-nan	0.661316	0.960454	1	1	1	1	1	1	2.01271	0.661316	0.661316	1	1	
0.000356451	-nan	0.661325	0.959469	1	1	1	1	1	1	2.01269	0.661325	0.661325	1	1	
0.000369828	-nan	0.661339	0.958481	1	1	1	1	1	1	2.01268	0.661339	0.661339	1	1	
0.000383707	-nan	0.661361	0.95749	1	1	1	1	1	1	2.01268	0.661361	0.661361	1	1	
0.000398107	-nan	0.661389	0.956496	1	1	1	1	1	1	2.01268	0.661389	0.661389	1	1	
0.000413048	-nan	0.661425	0.955499	1	1	1	1	1	1	2.01268	0.661425	0.661425	1	1	
0.000428549	-nan	0.661468	0.954499	1	1	1	1	1	1	2.01268	0.661468	0.661468	1	1	
0.000444631	-nan	0.661519	0.953497	1	1	1	1	1	1	2.01269	0.661519	0.661519	1	1	
0.000461318	-nan	0.661578	0.952492	1	1	1	1	1	1	2.01271	0.661578	0.661578	1	1	
0.00047863	-nan	0.661645	0.951484	1	1	1	1	1	1	2.01273	0.661645	0.661645	1	1	
0.000496592	-nan	0.661721	0.950475	1	1	1	1	1	1	2.01275	0.661721	0.661721	1	1	
0.000515229	-nan	0.661806	0.949464	1	1	1	1	1	1	2.01278	0.661806	0.661806	1	1	
0.000534564	-nan	0.661901	0.94845	1	1	1	1	1	1	2.01281	0.661901	0.661901	1	1	
0.000554626	-nan	0.662005	0.947435	1	1	1	1	1	1	2.01284	0.662005	0.662005	1	1	
0.00057544	-nan	0.66212	0.946419	1	1	1	1	1	1	2.01288	0.66212	0.66212	1	1	
0.000597035	-nan	0.662245	0.945401	1	1	1	1	1	1	2.01293	0.662245	0.662245	1	1	
0.000619441	-nan	0.662381	0.944382	1	1	1	1	1	1	2.01298	0.662381	0.662381	1	1	
0.000642688	-nan	0.662529	0.943363	1	1	1	1	1	1	2.01303	0.662529	0.662529	1	1	
0.000666807	-nan	0.662688	0.942343	1	1	1	1	1	1	2.01309	0.662688	0.662688	1	1	
0.000691831	-nan	0.66286	0.941322	1	1	1	1	1	1	2.01315	0.66286	0.66286	1	1	
0.000717794	-nan	0.663044	0.940301	1	1	1	1	1	1	2.01322	0.663044	0.663044	1	1	
0.000744732	-nan	0.663241	0.93928	1	1	1	1	1	1	2.0133	0.663241	0.663241	1	1	
0.000772681	-nan	0.663453	0.938259	1	1	1	1	1	1	2.01337	0.663453	0.663453	1	1	
0.000801678	-nan	0.663678	0.937239	1	1	1	1	1	1	2.01346	0.663678	0.663678	1	1	
0.000831764	-nan	0.663918	0.93622	1	1	1	1	1	1	2.01355	0.663918	0.663918	1	1	
0.000862979	-nan	0.664173	0.935201	1	1	1	1	1	1	2.01364	0.664173	0.664173	1	1	
0.000895365	-nan	0.664444	0.934184	1	1	1	1	1	1	2.01374	0.664444	0.664444	1	1	
0.000928966	-nan	0.664731	0.933168	1	1	1	1	1	1	2.01385	0.664731	0.664731	1	1	
0.000963829	-nan	0.665035	0.932154	1	1	1	1	1	1	2.01396	0.665035	0.665035	1	1	
0.001	-nan	0.665357	0.931142	1	1	1	1	1	1	2.01407	0.665357	0.665357	1	1	
0.00103753	-nan	0.665696	0.930133	1	1	1	1	1	1	2.0142	0.665696	0.665696	1	1	
0.00107647	-nan	0.666054	0.929126	1	1	1	1	1	1	2.01432	0.666054	0.666054	1	1	
0.00111686	-nan	0.666432	0.928122	1	1	1	1	1	1	2.01446	0.666432	0.666432	1	1	
0.00115878	-nan	0.66683	0.927122	1	1	1	1	1	1	2.0146	0.66683	0.66683	1	1	
0.00120226	-nan	0.667248	0.926125	1	1	1	1	1	1	2.01474	0.667248	0.667248	1	1	
0.00124738	-nan	0.667687	0.925132	1	1	1	1	1	1	2.01489	0.667687	0.667687	1	1	
0.0012942	-nan	0.668149	0.924144	1	1	1	1	1	1	2.01505	0.668149	0.668149	1	1	
0.00134276	-nan	0.668634	0.92316	1	1	1	1	1	1	2.01521	0.668634	0.668634	1	1	
0.00139316	-nan	0.669142	0.922181	1	1	1	1	1	1	2.01538	0.669142	0.669142	1	1	
0.00144544	-nan	0.669674	0.921207	1	1	1	1	1	1	2.01556	0.669674	0.669674	1	1	
0.00149968	-nan	0.670232	0.92024	1	1	1	1	1	1	2.01574	0.670232	0.670232	1	1	
0.00155597	-nan	0.670815	0.919278	1	1	1	1	1	1	2.01593	0.670815	0.670815	1	1	
0.00161436	-nan	0.671426	0.918323	1	1	1	1	1	1	2.01613	0.671426	0.671426	1	1	
0.00167494	-nan	0.672064	0.917375	1	1	1	1	1	1	2.01633	0.672064	0.672064	1	1	
0.0017378	-nan	0.67273	0.916434	1	1	1	1	1	1	2.01654	0.67273	0.67273	1	1	
0.00180302	-nan	0.673427	0.915502	1	1	1	1	1	1	2.01676	0.673427	0.673427	1	1	
0.00187068	-nan	0.674153	0.914577	1	1	1	1	1	1	2.01698	0.674153	0.674153	1	1	
0.00194089	-nan	0.674911	0.913661	1	1	1	1	1	1	2.01721	0.674911	0.674911	1	1	
0.00201372	-nan	0.675701	0.912755	1	1	1	1	1	1	2.01745	0.675701	0.675701	1	1	
0.0020893	-nan	0.676524	0.911858	1	1	1	1	1	1	2.01769	0.676524	0.676524	1	1	
0.0021677	-nan	0.677382	0.910971	1	1	1	1	1	1	2.01795	0.677382	0.677382	1	1	
0.00224905	-nan	0.678276	0.910095	1	1	1	1	1	1	2.01821	0.678276	0.678276	1	1	
0.00233346	-nan	0.679205	0.90923	1	1	1	1	1	1	2.01847	0.679205	0.679205	1	1	
0.00242103	-nan	0.680172	0.908377	1	1	1	1	1	1	2.01875	0.680172	0.680172	1	1	
0.00251189	-nan	0.681178	0.907536	1	1	1	1	1	1	2.01903	0.681178	0.681178	1	1	
0.00260615	-nan	0.682224	0.906708	1	1	1	1	1	1	2.01932	0.682224	0.682224	1	1	
0.00270396	-nan	0.68331	0.905893	1	1	1	1	1	1	2.01962	0.68331	0.68331	1	1	
0.00280543	-nan	0.684439	0.905093	1	1	1	1	1	1	2.01992	0.684439	0.684439	1	1	
0.00291072	-nan	0.685611	0.904306	1	1	1	1	1	1	2.02023	0.685611	0.685611	1	1	
0.00301995	-nan	0.686827	0.903535	1	1	1	1	1	1	2.02055	0.686827	0.686827	1	1	
0.00313329	-nan	0.68809	0.90278	1	1	1	1	1	1	2.02088	0.68809	0.68809	1	1	
0.00325087	-nan	0.689399	0.902041	1	1	1	1	1	1	2.02122	0.689399	0.689399	1	1	
0.00337287	-nan	0.690756	0.90132	1	1	1	1	1	1	2.02157	0.690756	0.690756	1	1	
0.00349945	-nan	0.692164	0.900616	1	1	1	1	1	1	2.02192	0.692164	0.692164	1	1	
0.00363078	-nan	0.693622	0.89993	1	1	1	1	1	1	2.02228	0.693622	0.693622	1	1	
0.00376704	-nan	0.695132	0.899264	1	1	1	1	1	1	2.02265	0.695132	0.695132	1	1	
0.00390841	-nan	0.696696	0.898618	1	1	1	1	1	1	2.02303	0.696696	0.696696	1	1	
0.00405509	-nan	0.698315	0.897992	1	1	1	1	1	1	2.02342	0.698315	0.698315	1	1	
0.00420727	-nan	0.69999	0.897388	1	1	1	1	1	1	2.02381	0.69999	0.69999	1	1	
0.00436516	-nan	0.701723	0.896806	1	1	1	1	1	1	2.02422	0.701723	0.701723	1	1	
0.00452898	-nan	0.703515	0.896247	1	1	1	1	1	1	2.02463	0.703515	0.703515	1	1	
0.00469894	-nan	0.705367	0.895711	1	1	1	1	1	1	2.02505	0.705367	0.705367	1	1	
0.00487528	-nan	0.707281	0.895201	1	1	1	1	1	1	2.02548	0.707281	0.707281	1	1	
0.00505825	-nan	0.709259	0.894716	1	1	1	1	1	1	2.02592	0.709259	0.709259	1	1	
0.00524807	-nan	0.711301	0.894257	1	1	1	1	1	1	2.02637	0.711301	0.711301	1	1	
0.00544503	-nan	0.713409	0.893826	1	1	1	1	1	1	2.02682	0.713409	0.713409	1	1	
0.00564937	-nan	0.715584	0.893423	1	1	1	1	1	1	2.02729	0.715584	0.715584	1	1	
0.00586138	-nan	0.717827	0.893049	1	1	1	1	1	1	2.02776	0.717827	0.717827	1	1	
0.00608135	-nan	0.720141	0.892706	1	1	1	1	1	1	2.02824	0.720141	0.720141	1	1	
0.00630957	-nan	0.722526	0.892393	1	1	1	1	1	1	2.02874	0.722526	0.722526	1	1	
0.00654636	-nan	0.724984	0.892113	1	1	1	1	1	1	2.02924	0.724984	0.724984	1	1	
0.00679204	-nan	0.727515	0.891867	1	1	1	1	1	1	2.02975	0.727515	0.727515	1	1	
0.00704693	-nan	0.730121	0.891654	1	1	1	1	1	1	2.03026	0.730121	0.730121	1	1	
0.00731139	-nan	0.732804	0.891478	1	1	1	1	1	1	2.03079	0.732804	0.732804	1	1	
0.00758578	-nan	0.735563	0.891337	1	1	1	1	1	1	2.03133	0.735563	0.735563	1	1	
0.00787046	-nan	0.738401	0.891235	1	1	1	1	1	1	2.03187	0.738401	0.738401	1	1	
0.00816582	-nan	0.741318	0.891172	1	1	1	1	1	1	2.03242	0.741318	0.741318	1	1	
0.00847227	-nan	0.744315	0.891149	1	1	1	1	1	1	2.03298	0.744315	0.744315	1	1	
0.00879023	-nan	0.747393	0.891168	1	1	1	1	1	1	2.03355	0.747393	0.747393	1	1	
0.00912011	-nan	0.750552	0.891229	1	1	1	1	1	1	2.03413	0.750552	0.750552	1	1	
0.00946237	-nan	0.753794	0.891335	1	1	1	1	1	1	2.03472	0.753794	0.753794	1	1	
0.00981748	-nan	0.757119	0.891487	1	1	1	1	1	1	2.03532	0.757119	0.757119	1	1	
0.0101859	-nan	0.760527	0.891685	1	1	1	1	1	1	2.03592	0.760527	0.760527	1	1	
0.0105682	-nan	0.764018	0.891932	1	1	1	1	1	1	2.03653	0.764018	0.764018	1	1	
0.0109648	-nan	0.767593	0.892229	1	1	1	1	1	1	2.03715	0.767593	0.767593	1	1	
0.0113763	-nan	0.771252	0.892578	1	1	1	1	1	1	2.03777	0.771252	0.771252	1	1	
0.0118032	-nan	0.774995	0.89298	1	1	1	1	1	1	2.03841	0.774995	0.774995	1	1	
0.0122462	-nan	0.778821	0.893436	1	1	1	1	1	1	2.03905	0.778821	0.778821	1	1	
0.0127057	-nan	0.78273	0.893949	1	1	1	1	1	1	2.0397	0.78273	0.78273	1	1	
0.0131826	-nan	0.786722	0.89452	1	1	1	1	1	1	2.04035	0.786722	0.786722	1	1	
0.0136773	-nan	0.790796	0.895152	1	1	1	1	1	1	2.04102	0.790796	0.790796	1	1	
0.0141906	-nan	0.79495	0.895845	1	1	1	1	1	1	2.04168	0.79495	0.79495	1	1	
0.0147231	-nan	0.799183	0.896601	1	1	1	1	1	1	2.04236	0.799183	0.799183	1	1	
0.0152757	-nan	0.803496	0.897424	1	1	1	1	1	1	2.04304	0.803496	0.803496	1	1	
0.0158489	-nan	0.807885	0.898314	1	1	1	1	1	1	2.04372	0.807885	0.807885	1	1	
0.0164437	-nan	0.812349	0.899273	1	1	1	1	1	1	2.04441	0.812349	0.812349	1	1	
0.0170608	-nan	0.816886	0.900305	1	1	1	1	1	1	2.04511	0.816886	0.816886	1	1	
0.0177011	-nan	0.821494	0.90141	1	1	1	1	1	1	2.04581	0.821494	0.821494	1	1	
0.0183654	-nan	0.826171	0.902592	1	1	1	1	1	1	2.04651	0.826171	0.826171	1	1	
0.0190546	-nan	0.830914	0.903852	1	1	1	1	1	1	2.04722	0.830914	0.830914	1	1	
0.0197697	-nan	0.83572	0.905194	1	1	1	1	1	1	2.04793	0.83572	0.83572	1	1	
0.0205116	-nan	0.840586	0.906618	1	1	1	1	1	1	2.04864	0.840586	0.840586	1	1	
0.0212814	-nan	0.84551	0.908129	1	1	1	1	1	1	2.04935	0.84551	0.84551	1	1	
0.02208	-nan	0.850486	0.909728	1	1	1	1	1	1	2.05006	0.850486	0.850486	1	1	
0.0229087	-nan	0.855513	0.911419	1	1	1	1	1	1	2.05078	0.855513	0.855513	1	1	
0.0237684	-nan	0.860586	0.913204	1	1	1	1	1	1	2.05149	0.860586	0.860586	1	1	
0.0246604	-nan	0.8657	0.915085	1	1	1	1	1	1	2.0522	0.8657	0.8657	1	1	
0.0255859	-nan	0.870852	0.917067	1	1	1	1	1	1	2.05291	0.870852	0.870852	1	1	
0.0265461	-nan	0.876037	0.919151	1	1	1	1	1	1	2.05362	0.876037	0.876037	1	1	
0.0275423	-nan	0.881251	0.921342	1	1	1	1	1	1	2.05432	0.881251	0.881251	1	1	
0.0285759	-nan	0.886489	0.923642	1	1	1	1	1	1	2.05502	0.886489	0.886489	1	1	
0.0296483	-nan	0.891745	0.926054	1	1	1	1	1	1	2.05571	0.891745	0.891745	1	1	
0.030761	-nan	0.897016	0.928583	1	1	1	1	1	1	2.05639	0.897016	0.897016	1	1	
0.0319154	-nan	0.902295	0.931231	1	1	1	1	1	1	2.05707	0.902295	0.902295	1	1	
0.0331131	-nan	0.907578	0.934003	1	1	1	1	1	1	2.05774	0.907578	0.907578	1	1	
0.0343558	-nan	0.912859	0.936903	1	1	1	1	1	1	2.05839	0.912859	0.912859	1	1	
0.0356451	-nan	0.918133	0.939933	1	1	1	1	1	1	2.05904	0.918133	0.918133	1	1	
0.0369828	-nan	0.923394	0.943098	1	1	1	1	1	1	2.05967	0.923394	0.923394	1	1	
0.0383707	-nan	0.928637	0.946403	1	1	1	1	1	1	2.06028	0.928637	0.928637	1	1	
0.0398107	-nan	0.933856	0.949852	1	1	1	1	1	1	2.06088	0.933856	0.933856	1	1	
0.0413048	-nan	0.939047	0.953449	1	1	1	1	1	1	2.06146	0.939047	0.939047	1	1	
0.0428549	-nan	0.944203	0.957198	1	1	1	1	1	1	2.06202	0.944203	0.944203	1	1	
0.0444631	-nan	0.949319	0.961105	1	1	1	1	1	1	2.06255	0.949319	0.949319	1	1	
0.0461318	-nan	0.95439	0.965173	1	1	1	1	1	1	2.06306	0.95439	0.95439	1	1	
0.047863	-nan	0.959411	0.96941	1	1	1	1	1	1	2.06355	0.959411	0.959411	1	1	
0.0496592	-nan	0.964376	0.973818	1	1	1	1	1	1	2.064	0.964376	0.964376	1	1	
0.0515229	-nan	0.969281	0.978404	1	1	1	1	1	1	2.06443	0.969281	0.969281	1	1	
0.0534564	-nan	0.974119	0.983173	1	1	1	1	1	1	2.06481	0.974119	0.974119	1	1	
0.0554626	-nan	0.978887	0.988131	1	1	1	1	1	1	2.06517	0.978887	0.978887	1	1	
0.057544	-nan	0.983581	0.993284	1	1	1	1	1	1	2.06548	0.983581	0.983581	1	1	
0.0597035	-nan	0.988194	0.998637	1	1	1	1	1	1	2.06575	0.988194	0.988194	1	1	
0.0619441	-nan	0.992723	1.0042	1	1	1	1	1	1	2.06597	0.992723	0.992723	1	1	
0.0642688	-nan	0.997163	1.00997	1	1	1	1	1	1	2.06615	0.997163	0.997163	1	1	
0.0666807	-nan	1.00151	1.01596	1	1	1	1	1	1	2.06627	1.00151	1.00151	1	1	
0.0691831	-nan	1.00576	1.02218	1	1	1	1	1	1	2.06634	1.00576	1.00576	1	1	
0.0717794	-nan	1.00991	1.02862	1	1	1	1	1	1	2.06634	1.00991	1.00991	1	1	
0.0744732	-nan	1.01396	1.03531	1	1	1	1	1	1	2.06629	1.01396	1.01396	1	1	
0.0772681	-nan	1.0179	1.04225	1	1	1	1	1	1	2.06616	1.0179	1.0179	1	1	
0.0801678	-nan	1.02172	1.04943	1	1	1	1	1	1	2.06596	1.02172	1.02172	1	1	
0.0831764	-nan	1.02543	1.05688	1	1	1	1	1	1	2.06568	1.02543	1.02543	1	1	
0.0862979	-nan	1.02903	1.0646	1	1	1	1	1	1	2.06533	1.02903	1.02903	1	1	
0.0895365	-nan	1.0325	1.07258	1	1	1	1	1	1	2.06488	1.0325	1.0325	1	1	
0.0928966	-nan	1.03585	1.08086	1	1	1	1	1	1	2.06434	1.03585	1.03585	1	1	
0.0963829	-nan	1.03907	1.08942	1	1	1	1	1	1	2.06371	1.03907	1.03907	1	1	
0.1	-nan	1.04216	1.09828	1	1	1	1	1	1	2.06297	1.04216	1.04216	1	1	
0.103614	-nan	1.04501	1.1071	1	1	1	1	1	1	2.06215	1.04501	1.04501	1	1	
0.107229	-nan	1.04765	1.1159	1	1	1	1	1	1	2.06126	1.04765	1.04765	1	1	
0.110843	-nan	1.05008	1.12467	1	1	1	1	1	1	2.0603	1.05008	1.05008	1	1	
0.114458	-nan	1.05233	1.13341	1	1	1	1	1	1	2.05928	1.05233	1.05233	1	1	
0.118072	-nan	1.0544	1.14212	1	1	1	1	1	1	2.05819	1.0544	1.0544	1	1	
0.121687	-nan	1.05631	1.1508	1	1	1	1	1	1	2.05703	1.05631	1.05631	1	1	
0.125301	-nan	1.05807	1.15944	1	1	1	1	1	1	2.05582	1.05807	1.05807	1	1	
0.128916	-nan	1.05969	1.16805	1	1	1	1	1	1	2.05456	1.05969	1.05969	1	1	
0.13253	-nan	1.06118	1.17662	1	1	1	1	1	1	2.05324	1.06118	1.06118	1	1	
0.136145	-nan	1.06254	1.18516	1	1	1	1	1	1	2.05187	1.06254	1.06254	1	1	
0.139759	-nan	1.06379	1.19366	1	1	1	1	1	1	2.05045	1.06379	1.06379	1	1	
0.143373	-nan	1.06492	1.20212	1	1	1	1	1	1	2.04898	1.06492	1.06492	1	1	
0.146988	-nan	1.06596	1.21054	1	1	1	1	1	1	2.04747	1.06596	1.06596	1	1	
0.150602	-nan	1.06689	1.21892	1	1	1	1	1	1	2.04591	1.06689	1.06689	1	1	
0.154217	-nan	1.06773	1.22726	1	1	1	1	1	1	2.04432	1.06773	1.06773	1	1	
0.157831	-nan	1.06849	1.23557	1	1	1	1	1	1	2.04268	1.06849	1.06849	1	1	
0.161446	-nan	1.06916	1.24382	1	1	1	1	1	1	2.04101	1.06916	1.06916	1	1	
0.16506	-nan	1.06976	1.25204	1	1	1	1	1	1	2.0393	1.06976	1.06976	1	1	
0.168675	-nan	1.07027	1.26022	1	1	1	1	1	1	2.03755	1.07027	1.07027	1	1	
0.172289	-nan	1.07072	1.26835	1	1	1	1	1	1	2.03577	1.07072	1.07072	1	1	
0.175904	-nan	1.0711	1.27643	1	1	1	1	1	1	2.03396	1.0711	1.0711	1	1	
0.179518	-nan	1.07142	1.28448	1	1	1	1	1	1	2.03212	1.07142	1.07142	1	1	
0.183133	-nan	1.07168	1.29247	1	1	1	1	1	1	2.03025	1.07168	1.07168	1	1	
0.186747	-nan	1.07187	1.30042	1	1	1	1	1	1	2.02836	1.07187	1.07187	1	1	
0.190361	-nan	1.07201	1.30833	1	1	1	1	1	1	2.02643	1.07201	1.07201	1	1	
0.193976	-nan	1.0721	1.31619	1	1	1	1	1	1	2.02449	1.0721	1.0721	1	1	
0.19759	-nan	1.07214	1.324	1	1	1	1	1	1	2.02251	1.07214	1.07214	1	1	
0.201205	-nan	1.07213	1.33176	1	1	1	1	1	1	2.02052	1.07213	1.07213	1	1	
0.204819	-nan	1.07207	1.33948	1	1	1	1	1	1	2.0185	1.07207	1.07207	1	1	
0.208434	-nan	1.07196	1.34715	1	1	1	1	1	1	2.01647	1.07196	1.07196	1	1	
0.212048	-nan	1.07182	1.35477	1	1	1	1	1	1	2.01441	1.07182	1.07182	1	1	
0.215663	-nan	1.07163	1.36234	1	1	1	1	1	1	2.01234	1.07163	1.07163	1	1	
0.219277	-nan	1.0714	1.36986	1	1	1	1	1	1	2.01025	1.0714	1.0714	1	1	
0.222892	-nan	1.07113	1.37734	1	1	1	1	1	1	2.00814	1.07113	1.07113	1	1	
0.226506	-nan	1.07083	1.38476	1	1	1	1	1	1	2.00602	1.07083	1.07083	1	1	
0.23012	-nan	1.07049	1.39213	1	1	1	1	1	1	2.00388	1.07049	1.07049	1	1	
0.233735	-nan	1.07012	1.39945	1	1	1	1	1	1	2.00173	1.07012	1.07012	1	1	
0.237349	-nan	1.06971	1.40672	1	1	1	1	1	1	1.99956	1.06971	1.06971	1	1	
0.240964	-nan	1.06928	1.41395	1	1	1	1	1	1	1.99739	1.06928	1.06928	1	1	
0.244578	-nan	1.06881	1.42112	1	1	1	1	1	1	1.9952	1.06881	1.06881	1	1	
0.248193	-nan	1.06831	1.42823	1	1	1	1	1	1	1.99301	1.06831	1.06831	1	1	
0.251807	-nan	1.06779	1.4353	1	1	1	1	1	1	1.9908	1.06779	1.06779	1	1	
0.255422	-nan	1.06724	1.44232	1	1	1	1	1	1	1.98859	1.06724	1.06724	1	1	
0.259036	-nan	1.06666	1.44928	1	1	1	1	1	1	1.98637	1.06666	1.06666	1	1	
0.262651	-nan	1.06606	1.45619	1	1	1	1	1	1	1.98414	1.06606	1.06606	1	1	
0.266265	-nan	1.06543	1.46305	1	1	1	1	1	1	1.9819	1.06543	1.06543	1	1	
0.26988	-nan	1.06478	1.46986	1	1	1	1	1	1	1.97966	1.06478	1.06478	1	1	
0.273494	-nan	1.0641	1.47662	1	1	1	1	1	1	1.97742	1.0641	1.0641	1	1	
0.277108	-nan	1.06341	1.48332	1	1	1	1	1	1	1.97517	1.06341	1.06341	1	1	
0.280723	-nan	1.06269	1.48997	1	1	1	1	1	1	1.97292	1.06269	1.06269	1	1	
0.284337	-nan	1.06196	1.49657	1	1	1	1	1	1	1.97066	1.06196	1.06196	1	1	
0.287952	-nan	1.0612	1.50311	1	1	1	1	1	1	1.9684	1.0612	1.0612	1	1	
0.291566	-nan	1.06042	1.50961	1	1	1	1	1	1	1.96614	1.06042	1.06042	1	1	
0.295181	-nan	1.05963	1.51605	1	1	1	1	1	1	1.96388	1.05963	1.05963	1	1	
0.298795	-nan	1.05882	1.52244	1	1	1	1	1	1	1.96162	1.05882	1.05882	1	1	
0.30241	-nan	1.05799	1.52877	1	1	1	1	1	1	1.95936	1.05799	1.05799	1	1	
0.306024	-nan	1.05714	1.53505	1	1	1	1	1	1	1.95709	1.05714	1.05714	1	1	
0.309639	-nan	1.05628	1.54128	1	1	1	1	1	1	1.95483	1.05628	1.05628	1	1	
0.313253	-nan	1.05541	1.54746	1	1	1	1	1	1	1.95257	1.05541	1.05541	1	1	
0.316867	-nan	1.05452	1.55359	1	1	1	1	1	1	1.95032	1.05452	1.05452	1	1	
0.320482	-nan	1.05361	1.55966	1	1	1	1	1	1	1.94806	1.05361	1.05361	1	1	
0.324096	-nan	1.05269	1.56568	1	1	1	1	1	1	1.94581	1.05269	1.05269	1	1	
0.327711	-nan	1.05176	1.57165	1	1	1	1	1	1	1.94356	1.05176	1.05176	1	1	
0.331325	-nan	1.05082	1.57756	1	1	1	1	1	1	1.94131	1.05082	1.05082	1	1	
0.33494	-nan	1.04986	1.58343	1	1	1	1	1	1	1.93907	1.04986	1.04986	1	1	
0.338554	-nan	1.04889	1.58924	1	1	1	1	1	1	1.93683	1.04889	1.04889	1	1	
0.342169	-nan	1.04791	1.595	1	1	1	1	1	1	1.9346	1.04791	1.04791	1	1	
0.345783	-nan	1.04692	1.60071	1	1	1	1	1	1	1.93237	1.04692	1.04692	1	1	
0.349398	-nan	1.04592	1.60637	1	1	1	1	1	1	1.93015	1.04592	1.04592	1	1	
0.353012	-nan	1.04491	1.61197	1	1	1	1	1	1	1.92794	1.04491	1.04491	1	1	
0.356627	-nan	1.04388	1.61753	1	1	1	1	1	1	1.92573	1.04388	1.04388	1	1	
0.360241	-nan	1.04285	1.62303	1	1	1	1	1	1	1.92353	1.04285	1.04285	1	1	
0.363855	-nan	1.04181	1.62848	1	1	1	1	1	1	1.92133	1.04181	1.04181	1	1	
0.36747	-nan	1.04077	1.63388	1	1	1	1	1	1	1.91914	1.04077	1.04077	1	1	
0.371084	-nan	1.03971	1.63923	1	1	1	1	1	1	1.91696	1.03971	1.03971	1	1	
0.374699	-nan	1.03864	1.64453	1	1	1	1	1	1	1.91479	1.03864	1.03864	1	1	
0.378313	-nan	1.03757	1.64978	1	1	1	1	1	1	1.91262	1.03757	1.03757	1	1	
0.381928	-nan	1.03649	1.65498	1	1	1	1	1	1	1.91046	1.03649	1.03649	1	1	
0.385542	-nan	1.03541	1.66013	1	1	1	1	1	1	1.90831	1.03541	1.03541	1	1	
0.389157	-nan	1.03431	1.66523	1	1	1	1	1	1	1.90617	1.03431	1.03431	1	1	
0.392771	-nan	1.03321	1.67028	1	1	1	1	1	1	1.90404	1.03321	1.03321	1	1	
0.396386	-nan	1.03211	1.67528	1	1	1	1	1	1	1.90192	1.03211	1.03211	1	1	
0.4	-nan	1.031	1.68023	1	1	1	1	1	1	1.89981	1.031	1.031	1	1	
0.403614	-nan	1.02988	1.68513	1	1	1	1	1	1	1.89771	1.02988	1.02988	1	1	
0.407229	-nan	1.02876	1.68999	1	1	1	1	1	1	1.89561	1.02876	1.02876	1	1	
0.410843	-nan	1.02763	1.69479	1	1	1	1	1	1	1.89353	1.02763	1.02763	1	1	
0.414458	-nan	1.0265	1.69955	1	1	1	1	1	1	1.89146	1.0265	1.0265	1	1	
0.418072	-nan	1.02536	1.70426	1	1	1	1	1	1	1.8894	1.02536	1.02536	1	1	
0.421687	-nan	1.02422	1.70893	1	1	1	1	1	1	1.88735	1.02422	1.02422	1	1	
0.425301	-nan	1.02308	1.71354	1	1	1	1	1	1	1.8853	1.02308	1.02308	1	1	
0.428916	-nan	1.02193	1.71811	1	1	1	1	1	1	1.88327	1.02193	1.02193	1	1	
0.43253	-nan	1.02078	1.72263	1	1	1	1	1	1	1.88126	1.02078	1.02078	1	1	
0.436145	-nan	1.01963	1.72711	1	1	1	1	1	1	1.87925	1.01963	1.01963	1	1	
0.439759	-nan	1.01847	1.73154	1	1	1	1	1	1	1.87725	1.01847	1.01847	1	1	
0.443373	-nan	1.01731	1.73592	1	1	1	1	1	1	1.87526	1.01731	1.01731	1	1	
0.446988	-nan	1.01615	1.74026	1	1	1	1	1	1	1.87329	1.01615	1.01615	1	1	
0.450602	-nan	1.01498	1.74455	1	1	1	1	1	1	1.87133	1.01498	1.01498	1	1	
0.454217	-nan	1.01382	1.74879	1	1	1	1	1	1	1.86938	1.01382	1.01382	1	1	
0.457831	-nan	1.01265	1.753	1	1	1	1	1	1	1.86744	1.01265	1.01265	1	1	
0.461446	-nan	1.01148	1.75715	1	1	1	1	1	1	1.86551	1.01148	1.01148	1	1	
0.46506	-nan	1.01031	1.76127	1	1	1	1	1	1	1.8636	1.01031	1.01031	1	1	
0.468675	-nan	1.00913	1.76534	1	1	1	1	1	1	1.86169	1.00913	1.00913	1	1	
0.472289	-nan	1.00796	1.76936	1	1	1	1	1	1	1.8598	1.00796	1.00796	1	1	
0.475904	-nan	1.00678	1.77334	1	1	1	1	1	1	1.85792	1.00678	1.00678	1	1	
0.479518	-nan	1.0056	1.77728	1	1	1	1	1	1	1.85606	1.0056	1.0056	1	1	
0.483133	-nan	1.00443	1.78118	1	1	1	1	1	1	1.8542	1.00443	1.00443	1	1	
0.486747	-nan	1.00325	1.78503	1	1	1	1	1	1	1.85236	1.00325	1.00325	1	1	
0.490361	-nan	1.00207	1.78885	1	1	1	1	1	1	1.85053	1.00207	1.00207	1	1	
0.493976	-nan	1.00089	1.79261	1	1	1	1	1	1	1.84871	1.00089	1.00089	1	1	
0.49759	-nan	0.999711	1.79634	1	1	1	1	1	1	1.84691	0.999711	0.999711	1	1	
0.501205	-nan	0.998533	1.80003	1	1	1	1	1	1	1.84512	0.998533	0.998533	1	1	
0.504819	-nan	0.997354	1.80368	1	1	1	1	1	1	1.84334	0.997354	0.997354	1	1	
0.508434	-nan	0.996175	1.80728	1	1	1	1	1	1	1.84157	0.996175	0.996175	1	1	
0.512048	-nan	0.994997	1.81085	1	1	1	1	1	1	1.83981	0.994997	0.994997	1	1	
0.515663	-nan	0.99382	1.81437	1	1	1	1	1	1	1.83807	0.99382	0.99382	1	1	
0.519277	-nan	0.992643	1.81786	1	1	1	1	1	1	1.83634	0.992643	0.992643	1	1	
0.522892	-nan	0.991467	1.8213	1	1	1	1	1	1	1.83462	0.991467	0.991467	1	1	
0.526506	-nan	0.990292	1.82471	1	1	1	1	1	1	1.83292	0.990292	0.990292	1	1	
0.53012	-nan	0.989118	1.82808	1	1	1	1	1	1	1.83123	0.989118	0.989118	1	1	
0.533735	-nan	0.987946	1.83141	1	1	1	1	1	1	1.82955	0.987946	0.987946	1	1	
0.537349	-nan	0.986774	1.8347	1	1	1	1	1	1	1.82788	0.986774	0.986774	1	1	
0.540964	-nan	0.985604	1.83795	1	1	1	1	1	1	1.82623	0.985604	0.985604	1	1	
0.544578	-nan	0.984436	1.84117	1	1	1	1	1	1	1.82459	0.984436	0.984436	1	1	
0.548193	-nan	0.983269	1.84435	1	1	1	1	1	1	1.82296	0.983269	0.983269	1	1	
0.551807	-nan	0.982104	1.84749	1	1	1	1	1	1	1.82134	0.982104	0.982104	1	1	
0.555422	-nan	0.98094	1.8506	1	1	1	1	1	1	1.81974	0.98094	0.98094	1	1	
0.559036	-nan	0.979779	1.85366	1	1	1	1	1	1	1.81815	0.979779	0.979779	1	1	
0.562651	-nan	0.97862	1.8567	1	1	1	1	1	1	1.81657	0.97862	0.97862	1	1	
0.566265	-nan	0.977462	1.8597	1	1	1	1	1	1	1.815	0.977462	0.977462	1	1	
0.56988	-nan	0.976307	1.86266	1	1	1	1	1	1	1.81345	0.976307	0.976307	1	1	
0.573494	-nan	0.975154	1.86558	1	1	1	1	1	1	1.8119	0.975154	0.975154	1	1	
0.577108	-nan	0.974003	1.86848	1	1	1	1	1	1	1.81037	0.974003	0.974003	1	1	
0.580723	-nan	0.972855	1.87133	1	1	1	1	1	1	1.80886	0.972855	0.972855	1	1	
0.584337	-nan	0.97171	1.87416	1	1	1	1	1	1	1.80735	0.97171	0.97171	1	1	
0.587952	-nan	0.970566	1.87695	1	1	1	1	1	1	1.80586	0.970566	0.970566	1	1	
0.591566	-nan	0.969426	1.8797	1	1	1	1	1	1	1.80438	0.969426	0.969426	1	1	
0.595181	-nan	0.968288	1.88243	1	1	1	1	1	1	1.80291	0.968288	0.968288	1	1	
0.598795	-nan	0.967153	1.88512	1	1	1	1	1	1	1.80146	0.967153	0.967153	1	1	
0.60241	-nan	0.966021	1.88777	1	1	1	1	1	1	1.80001	0.966021	0.966021	1	1	
0.606024	-nan	0.964892	1.8904	1	1	1	1	1	1	1.79858	0.964892	0.964892	1	1	
0.609639	-nan	0.963766	1.89299	1	1	1	1	1	1	1.79716	0.963766	0.963766	1	1	
0.613253	-nan	0.962642	1.89555	1	1	1	1	1	1	1.79575	0.962642	0.962642	1	1	
0.616867	-nan	0.961522	1.89808	1	1	1	1	1	1	1.79436	0.961522	0.961522	1	1	
0.620482	-nan	0.960405	1.90058	1	1	1	1	1	1	1.79297	0.960405	0.960405	1	1	
0.624096	-nan	0.959292	1.90305	1	1	1	1	1	1	1.7916	0.959292	0.959292	1	1	
0.627711	-nan	0.958181	1.90548	1	1	1	1	1	1	1.79024	0.958181	0.958181	1	1	
0.631325	-nan	0.957074	1.90789	1	1	1	1	1	1	1.78889	0.957074	0.957074	1	1	
0.63494	-nan	0.95597	1.91027	1	1	1	1	1	1	1.78756	0.95597	0.95597	1	1	
0.638554	-nan	0.95487	1.91261	1	1	1	1	1	1	1.78623	0.95487	0.95487	1	1	
0.642169	-nan	0.953773	1.91493	1	1	1	1	1	1	1.78492	0.953773	0.953773	1	1	
0.645783	-nan	0.952679	1.91722	1	1	1	1	1	1	1.78361	0.952679	0.952679	1	1	
0.649398	-nan	0.951589	1.91948	1	1	1	1	1	1	1.78232	0.951589	0.951589	1	1	
0.653012	-nan	0.950503	1.92171	1	1	1	1	1	1	1.78104	0.950503	0.950503	1	1	
0.656627	-nan	0.94942	1.92391	1	1	1	1	1	1	1.77977	0.94942	0.94942	1	1	
0.660241	-nan	0.948341	1.92608	1	1	1	1	1	1	1.77852	0.948341	0.948341	1	1	
0.663855	-nan	0.947266	1.92823	1	1	1	1	1	1	1.77727	0.947266	0.947266	1	1	
0.66747	-nan	0.946194	1.93035	1	1	1	1	1	1	1.77603	0.946194	0.946194	1	1	
0.671084	-nan	0.945126	1.93244	1	1	1	1	1	1	1.77481	0.945126	0.945126	1	1	
0.674699	-nan	0.944062	1.9345	1	1	1	1	1	1	1.7736	0.944062	0.944062	1	1	
0.678313	-nan	0.943002	1.93654	1	1	1	1	1	1	1.77239	0.943002	0.943002	1	1	
0.681928	-nan	0.941945	1.93855	1	1	1	1	1	1	1.7712	0.941945	0.941945	1	1	
0.685542	-nan	0.940893	1.94054	1	1	1	1	1	1	1.77002	0.940893	0.940893	1	1	
0.689157	-nan	0.939844	1.9425	1	1	1	1	1	1	1.76885	0.939844	0.939844	1	1	
0.692771	-nan	0.9388	1.94443	1	1	1	1	1	1	1.76769	0.9388	0.9388	1	1	
0.696386	-nan	0.937759	1.94634	1	1	1	1	1	1	1.76654	0.937759	0.937759	1	1	
0.7	-nan	0.936722	1.94822	1	1	1	1	1	1	1.7654	0.936722	0.936722	1	1	
0.703614	-nan	0.93569	1.95008	1	1	1	1	1	1	1.76427	0.93569	0.93569	1	1	
0.707229	-nan	0.934661	1.95191	1	1	1	1	1	1	1.76316	0.934661	0.934661	1	1	
0.710843	-nan	0.933636	1.95372	1	1	1	1	1	1	1.76205	0.933636	0.933636	1	1	
0.714458	-nan	0.932616	1.9555	1	1	1	1	1	1	1.76095	0.932616	0.932616	1	1	
0.718072	-nan	0.931599	1.95726	1	1	1	1	1	1	1.75986	0.931599	0.931599	1	1	
0.721687	-nan	0.930587	1.959	1	1	1	1	1	1	1.75879	0.930587	0.930587	1	1	
0.725301	-nan	0.929579	1.96071	1	1	1	1	1	1	1.75772	0.929579	0.929579	1	1	
0.728916	-nan	0.928574	1.9624	1	1	1	1	1	1	1.75666	0.928574	0.928574	1	1	
0.73253	-nan	0.927574	1.96407	1	1	1	1	1	1	1.75561	0.927574	0.927574	1	1	
0.736145	-nan	0.926579	1.96572	1	1	1	1	1	1	1.75458	0.926579	0.926579	1	1	
0.739759	-nan	0.925587	1.96734	1	1	1	1	1	1	1.75355	0.925587	0.925587	1	1	
0.743373	-nan	0.9246	1.96894	1	1	1	1	1	1	1.75253	0.9246	0.9246	1	1	
0.746988	-nan	0.923616	1.97052	1	1	1	1	1	1	1.75152	0.923616	0.923616	1	1	
0.750602	-nan	0.922637	1.97207	1	1	1	1	1	1	1.75052	0.922637	0.922637	1	1	
0.754217	-nan	0.921662	1.97361	1	1	1	1	1	1	1.74953	0.921662	0.921662	1	1	
0.757831	-nan	0.920692	1.97512	1	1	1	1	1	1	1.74855	0.920692	0.920692	1	1	
0.761446	-nan	0.919726	1.97661	1	1	1	1	1	1	1.74758	0.919726	0.919726	1	1	
0.76506	-nan	0.918763	1.97808	1	1	1	1	1	1	1.74662	0.918763	0.918763	1	1	
0.768675	-nan	0.917805	1.97953	1	1	1	1	1	1	1.74566	0.917805	0.917805	1	1	
0.772289	-nan	0.916852	1.98096	1	1	1	1	1	1	1.74472	0.916852	0.916852	1	1	
0.775904	-nan	0.915902	1.98237	1	1	1	1	1	1	1.74379	0.915902	0.915902	1	1	
0.779518	-nan	0.914957	1.98376	1	1	1	1	1	1	1.74286	0.914957	0.914957	1	1	
0.783133	-nan	0.914016	1.98513	1	1	1	1	1	1	1.74194	0.914016	0.914016	1	1	
0.786747	-nan	0.91308	1.98649	1	1	1	1	1	1	1.74103	0.91308	0.91308	1	1	
0.790361	-nan	0.912147	1.98782	1	1	1	1	1	1	1.74013	0.912147	0.912147	1	1	
0.793976	-nan	0.911219	1.98913	1	1	1	1	1	1	1.73924	0.911219	0.911219	1	1	
0.79759	-nan	0.910295	1.99042	1	1	1	1	1	1	1.73836	0.910295	0.910295	1	1	
0.801205	-nan	0.909376	1.9917	1	1	1	1	1	1	1.73749	0.909376	0.909376	1	1	
0.804819	-nan	0.90846	1.99295	1	1	1	1	1	1	1.73662	0.90846	0.90846	1	1	
0.808434	-nan	0.907549	1.99419	1	1	1	1	1	1	1.73576	0.907549	0.907549	1	1	
0.812048	-nan	0.906642	1.99541	1	1	1	1	1	1	1.73491	0.906642	0.906642	1	1	
0.815663	-nan	0.90574	1.99661	1	1	1	1	1	1	1.73407	0.90574	0.90574	1	1	
0.819277	-nan	0.904841	1.9978	1	1	1	1	1	1	1.73324	0.904841	0.904841	1	1	
0.822892	-nan	0.903947	1.99896	1	1	1	1	1	1	1.73242	0.903947	0.903947	1	1	
0.826506	-nan	0.903057	2.00011	1	1	1	1	1	1	1.7316	0.903057	0.903057	1	1	
0.83012	-nan	0.902172	2.00124	1	1	1	1	1	1	1.73079	0.902172	0.902172	1	1	
0.833735	-nan	0.90129	2.00236	1	1	1	1	1	1	1.72999	0.90129	0.90129	1	1	
0.837349	-nan	0.900413	2.00346	1	1	1	1	1	1	1.7292	0.900413	0.900413	1	1	
0.840964	-nan	0.89954	2.00454	1	1	1	1	1	1	1.72842	0.89954	0.89954	1	1	
0.844578	-nan	0.898672	2.0056	1	1	1	1	1	1	1.72764	0.898672	0.898672	1	1	
0.848193	-nan	0.897807	2.00665	1	1	1	1	1	1	1.72687	0.897807	0.897807	1	1	
0.851807	-nan	0.896947	2.00769	1	1	1	1	1	1	1.72611	0.896947	0.896947	1	1	
0.855422	-nan	0.896091	2.0087	1	1	1	1	1	1	1.72535	0.896091	0.896091	1	1	
0.859036	-nan	0.895239	2.00971	1	1	1	1	1	1	1.72461	0.895239	0.895239	1	1	
0.862651	-nan	0.894391	2.01069	1	1	1	1	1	1	1.72387	0.894391	0.894391	1	1	
0.866265	-nan	0.893547	2.01166	1	1	1	1	1	1	1.72313	0.893547	0.893547	1	1	
0.86988	-nan	0.892708	2.01262	1	1	1	1	1	1	1.72241	0.892708	0.892708	1	1	
0.873494	-nan	0.891872	2.01356	1	1	1	1	1	1	1.72169	0.891872	0.891872	1	1	
0.877108	-nan	0.891041	2.01449	1	1	1	1	1	1	1.72098	0.891041	0.891041	1	1	
0.880723	-nan	0.890214	2.0154	1	1	1	1	1	1	1.72028	0.890214	0.890214	1	1	
0.884337	-nan	0.889391	2.01629	1	1	1	1	1	1	1.71958	0.889391	0.889391	1	1	
0.887952	-nan	0.888572	2.01718	1	1	1	1	1	1	1.71889	0.888572	0.888572	1	1	
0.891566	-nan	0.887758	2.01804	1	1	1	1	1	1	1.71821	0.887758	0.887758	1	1	
0.895181	-nan	0.886947	2.0189	1	1	1	1	1	1	1.71753	0.886947	0.886947	1	1	
0.898795	-nan	0.886141	2.01974	1	1	1	1	1	1	1.71687	0.886141	0.886141	1	1	
0.90241	-nan	0.885338	2.02057	1	1	1	1	1	1	1.7162	0.885338	0.885338	1	1	
0.906024	-nan	0.88454	2.02138	1	1	1	1	1	1	1.71555	0.88454	0.88454	1	1	
0.909639	-nan	0.883745	2.02218	1	1	1	1	1	1	1.7149	0.883745	0.883745	1	1	
0.913253	-nan	0.882955	2.02297	1	1	1	1	1	1	1.71426	0.882955	0.882955	1	1	
0.916867	-nan	0.882168	2.02374	1	1	1	1	1	1	1.71362	0.882168	0.882168	1	1	
0.920482	-nan	0.881386	2.02451	1	1	1	1	1	1	1.71299	0.881386	0.881386	1	1	
0.924096	-nan	0.880607	2.02525	1	1	1	1	1	1	1.71237	0.880607	0.880607	1	1	
0.927711	-nan	0.879833	2.02599	1	1	1	1	1	1	1.71175	0.879833	0.879833	1	1	
0.931325	-nan	0.879063	2.02671	1	1	1	1	1	1	1.71114	0.879063	0.879063	1	1	
0.93494	-nan	0.878296	2.02743	1	1	1	1	1	1	1.71054	0.878296	0.878296	1	1	
0.938554	-nan	0.877533	2.02813	1	1	1	1	1	1	1.70994	0.877533	0.877533	1	1	
0.942169	-nan	0.876775	2.02881	1	1	1	1	1	1	1.70935	0.876775	0.876775	1	1	
0.945783	-nan	0.87602	2.02949	1	1	1	1	1	1	1.70876	0.87602	0.87602	1	1	
0.949398	-nan	0.875269	2.03015	1	1	1	1	1	1	1.70818	0.875269	0.875269	1	1	
0.953012	-nan	0.874522	2.03081	1	1	1	1	1	1	1.70761	0.874522	0.874522	1	1	
0.956627	-nan	0.873779	2.03145	1	1	1	1	1	1	1.70704	0.873779	0.873779	1	1	
0.960241	-nan	0.873039	2.03208	1	1	1	1	1	1	1.70648	0.873039	0.873039	1	1	
0.963855	-nan	0.872304	2.0327	1	1	1	1	1	1	1.70592	0.872304	0.872304	1	1	
0.96747	-nan	0.871572	2.0333	1	1	1	1	1	1	1.70537	0.871572	0.871572	1	1	
0.971084	-nan	0.870844	2.0339	1	1	1	1	1	1	1.70483	0.870844	0.870844	1	1	
0.974699	-nan	0.87012	2.03449	1	1	1	1	1	1	1.70429	0.87012	0.87012	1	1	
0.978313	-nan	0.8694	2.03506	1	1	1	1	1	1	1.70375	0.8694	0.8694	1	1	
0.981928	-nan	0.868683	2.03563	1	1	1	1	1	1	1.70322	0.868683	0.868683	1	1	
0.985542	-nan	0.867971	2.03618	1	1	1	1	1	1	1.7027	0.867971	0.867971	1	1	
0.989157	-nan	0.867261	2.03673	1	1	1	1	1	1	1.70218	0.867261	0.867261	1	1	
0.992771	-nan	0.866556	2.03726	1	1	1	1	1	1	1.70167	0.866556	0.866556	1	1	
0.996386	-nan	0.865854	2.03779	1	1	1	1	1	1	1.70117	0.865854	0.865854	1	1	
1	-nan	-nan	-nan	-nan	-nan	-nan	-nan	-nan	-nan	-nan	-nan	-nan	-nan	-nan	
