1e-05	-nan	0.340441	0.105356	1	1	1	1	1	1	1.10152	0.340441	0.340441	1	1	
1.03753e-05	-nan	0.341441	0.105735	1	1	1	1	1	1	1.10157	0.341441	0.341441	1	1	
1.07647e-05	-nan	0.342448	0.106118	1	1	1	1	1	1	1.10163	0.342448	0.342448	1	1	
1.11686e-05	-nan	0.343462	0.106504	1	1	1	1	1	1	1.10168	0.343462	0.343462	1	1	
1.15878e-05	-nan	0.344483	0.106894	1	1	1	1	1	1	1.10173	0.344483	0.344483	1	1	
1.20226e-05	-nan	0.345511	0.107289	1	1	1	1	1	1	1.10179	0.345511	0.345511	1	1	
1.24738e-05	-nan	0.346547	0.107687	1	1	1	1	1	1	1.10184	0.346547	0.346547	1	1	
1.2942e-05	-nan	0.347589	0.108089	1	1	1	1	1	1	1.1019	0.347589	0.347589	1	1	
1.34276e-05	-nan	0.34864	0.108496	1	1	1	1	1	1	1.10196	0.34864	0.34864	1	1	
1.39316e-05	-nan	0.349697	0.108907	1	1	1	1	1	1	1.10202	0.349697	0.349697	1	1	
1.44544e-05	-nan	0.350762	0.109322	1	1	1	1	1	1	1.10208	0.350762	0.350762	1	1	
1.49968e-05	-nan	0.351835	0.109741	1	1	1	1	1	1	1.10214	0.351835	0.351835	1	1	
1.55597e-05	-nan	0.352915	0.110165	1	1	1	1	1	1	1.1022	0.352915	0.352915	1	1	
1.61436e-05	-nan	0.354003	0.110593	1	1	1	1	1	1	1.10226	0.354003	0.354003	1	1	
1.67494e-05	-nan	0.355099	0.111025	1	1	1	1	1	1	1.10233	0.355099	0.355099	1	1	
1.7378e-05	-nan	0.356202	0.111462	1	1	1	1	1	1	1.10239	0.356202	0.356202	1	1	
1.80302e-05	-nan	0.357314	0.111904	1	1	1	1	1	1	1.10246	0.357314	0.357314	1	1	
1.87068e-05	-nan	0.358433	0.11235	1	1	1	1	1	1	1.10253	0.358433	0.358433	1	1	
1.94089e-05	-nan	0.35956	0.112801	1	1	1	1	1	1	1.1026	0.35956	0.35956	1	1	
2.01372e-05	-nan	0.360695	0.113257	1	1	1	1	1	1	1.10267	0.360695	0.360695	1	1	
2.0893e-05	-nan	0.361839	0.113718	1	1	1	1	1	1	1.10274	0.361839	0.361839	1	1	
2.1677e-05	-nan	0.36299	0.114183	1	1	1	1	1	1	1.10281	0.36299	0.36299	1	1	
2.24905e-05	-nan	0.36415	0.114654	1	1	1	1	1	1	1.10289	0.36415	0.36415	1	1	
2.33346e-05	-nan	0.365319	0.11513	1	1	1	1	1	1	1.10296	0.365319	0.365319	1	1	
2.42103e-05	-nan	0.366495	0.115611	1	1	1	1	1	1	1.10304	0.366495	0.366495	1	1	
2.51189e-05	-nan	0.36768	0.116097	1	1	1	1	1	1	1.10312	0.36768	0.36768	1	1	
2.60615e-05	-nan	0.368874	0.116588	1	1	1	1	1	1	1.1032	0.368874	0.368874	1	1	
2.70396e-05	-nan	0.370076	0.117085	1	1	1	1	1	1	1.10328	0.370076	0.370076	1	1	
2.80543e-05	-nan	0.371288	0.117587	1	1	1	1	1	1	1.10336	0.371288	0.371288	1	1	
2.91072e-05	-nan	0.372507	0.118094	1	1	1	1	1	1	1.10344	0.372507	0.372507	1	1	
3.01995e-05	-nan	0.373736	0.118607	1	1	1	1	1	1	1.10353	0.373736	0.373736	1	1	
3.13329e-05	-nan	0.374973	0.119126	1	1	1	1	1	1	1.10362	0.374973	0.374973	1	1	
3.25087e-05	-nan	0.37622	0.119651	1	1	1	1	1	1	1.10371	0.37622	0.37622	1	1	
3.37287e-05	-nan	0.377476	0.120181	1	1	1	1	1	1	1.1038	0.377476	0.377476	1	1	
3.49945e-05	-nan	0.37874	0.120717	1	1	1	1	1	1	1.10389	0.37874	0.37874	1	1	
3.63078e-05	-nan	0.380014	0.12126	1	1	1	1	1	1	1.10398	0.380014	0.380014	1	1	
3.76704e-05	-nan	0.381298	0.121808	1	1	1	1	1	1	1.10408	0.381298	0.381298	1	1	
3.90841e-05	-nan	0.38259	0.122362	1	1	1	1	1	1	1.10418	0.38259	0.38259	1	1	
4.05509e-05	-nan	0.383892	0.122923	1	1	1	1	1	1	1.10427	0.383892	0.383892	1	1	
4.20727e-05	-nan	0.385204	0.12349	1	1	1	1	1	1	1.10438	0.385204	0.385204	1	1	
4.36516e-05	-nan	0.386525	0.124063	1	1	1	1	1	1	1.10448	0.386525	0.386525	1	1	
4.52898e-05	-nan	0.387856	0.124643	1	1	1	1	1	1	1.10458	0.387856	0.387856	1	1	
4.69894e-05	-nan	0.389197	0.12523	1	1	1	1	1	1	1.10469	0.389197	0.389197	1	1	
4.87528e-05	-nan	0.390548	0.125823	1	1	1	1	1	1	1.1048	0.390548	0.390548	1	1	
5.05825e-05	-nan	0.391908	0.126423	1	1	1	1	1	1	1.10491	0.391908	0.391908	1	1	
5.24807e-05	-nan	0.393279	0.12703	1	1	1	1	1	1	1.10502	0.393279	0.393279	1	1	
5.44503e-05	-nan	0.39466	0.127644	1	1	1	1	1	1	1.10514	0.39466	0.39466	1	1	
5.64937e-05	-nan	0.396051	0.128265	1	1	1	1	1	1	1.10525	0.396051	0.396051	1	1	
5.86138e-05	-nan	0.397452	0.128893	1	1	1	1	1	1	1.10537	0.397452	0.397452	1	1	
6.08135e-05	-nan	0.398864	0.129528	1	1	1	1	1	1	1.10549	0.398864	0.398864	1	1	
6.30957e-05	-nan	0.400286	0.130171	1	1	1	1	1	1	1.10562	0.400286	0.400286	1	1	
6.54636e-05	-nan	0.401719	0.130821	1	1	1	1	1	1	1.10574	0.401719	0.401719	1	1	
6.79204e-05	-nan	0.403162	0.131479	1	1	1	1	1	1	1.10587	0.403162	0.403162	1	1	
7.04693e-05	-nan	0.404616	0.132145	1	1	1	1	1	1	1.106	0.404616	0.404616	1	1	
7.31139e-05	-nan	0.406081	0.132818	1	1	1	1	1	1	1.10614	0.406081	0.406081	1	1	
7.58578e-05	-nan	0.407557	0.1335	1	1	1	1	1	1	1.10627	0.407557	0.407557	1	1	
7.87046e-05	-nan	0.409044	0.134189	1	1	1	1	1	1	1.10641	0.409044	0.409044	1	1	
8.16582e-05	-nan	0.410542	0.134887	1	1	1	1	1	1	1.10655	0.410542	0.410542	1	1	
8.47227e-05	-nan	0.412051	0.135593	1	1	1	1	1	1	1.10669	0.412051	0.412051	1	1	
8.79023e-05	-nan	0.413572	0.136308	1	1	1	1	1	1	1.10684	0.413572	0.413572	1	1	
9.12011e-05	-nan	0.415104	0.13703	1	1	1	1	1	1	1.10699	0.415104	0.415104	1	1	
9.46237e-05	-nan	0.416647	0.137762	1	1	1	1	1	1	1.10714	0.416647	0.416647	1	1	
9.81748e-05	-nan	0.418202	0.138503	1	1	1	1	1	1	1.10729	0.418202	0.418202	1	1	
0.000101859	-nan	0.419769	0.139252	1	1	1	1	1	1	1.10745	0.419769	0.419769	1	1	
0.000105682	-nan	0.421348	0.14001	1	1	1	1	1	1	1.10761	0.421348	0.421348	1	1	
0.000109648	-nan	0.422938	0.140778	1	1	1	1	1	1	1.10778	0.422938	0.422938	1	1	
0.000113763	-nan	0.424541	0.141555	1	1	1	1	1	1	1.10794	0.424541	0.424541	1	1	
0.000118032	-nan	0.426156	0.142342	1	1	1	1	1	1	1.10811	0.426156	0.426156	1	1	
0.000122462	-nan	0.427783	0.143138	1	1	1	1	1	1	1.10829	0.427783	0.427783	1	1	
0.000127057	-nan	0.429422	0.143944	1	1	1	1	1	1	1.10846	0.429422	0.429422	1	1	
0.000131826	-nan	0.431074	0.144759	1	1	1	1	1	1	1.10864	0.431074	0.431074	1	1	
0.000136773	-nan	0.432738	0.145585	1	1	1	1	1	1	1.10882	0.432738	0.432738	1	1	
0.000141906	-nan	0.434415	0.146421	1	1	1	1	1	1	1.10901	0.434415	0.434415	1	1	
0.000147231	-nan	0.436104	0.147268	1	1	1	1	1	1	1.1092	0.436104	0.436104	1	1	
0.000152757	-nan	0.437807	0.148125	1	1	1	1	1	1	1.1094	0.437807	0.437807	1	1	
0.000158489	-nan	0.439522	0.148992	1	1	1	1	1	1	1.10959	0.439522	0.439522	1	1	
0.000164437	-nan	0.441251	0.149871	1	1	1	1	1	1	1.10979	0.441251	0.441251	1	1	
0.000170608	-nan	0.442993	0.15076	1	1	1	1	1	1	1.11	0.442993	0.442993	1	1	
0.000177011	-nan	0.444748	0.151661	1	1	1	1	1	1	1.11021	0.444748	0.444748	1	1	
0.000183654	-nan	0.446516	0.152573	1	1	1	1	1	1	1.11042	0.446516	0.446516	1	1	
0.000190546	-nan	0.448298	0.153496	1	1	1	1	1	1	1.11064	0.448298	0.448298	1	1	
0.000197697	-nan	0.450094	0.154431	1	1	1	1	1	1	1.11086	0.450094	0.450094	1	1	
0.000205116	-nan	0.451904	0.155378	1	1	1	1	1	1	1.11108	0.451904	0.451904	1	1	
0.000212814	-nan	0.453727	0.156337	1	1	1	1	1	1	1.11131	0.453727	0.453727	1	1	
0.0002208	-nan	0.455565	0.157309	1	1	1	1	1	1	1.11155	0.455565	0.455565	1	1	
0.000229087	-nan	0.457416	0.158293	1	1	1	1	1	1	1.11179	0.457416	0.457416	1	1	
0.000237684	-nan	0.459282	0.159289	1	1	1	1	1	1	1.11203	0.459282	0.459282	1	1	
0.000246604	-nan	0.461162	0.160298	1	1	1	1	1	1	1.11228	0.461162	0.461162	1	1	
0.000255859	-nan	0.463057	0.16132	1	1	1	1	1	1	1.11253	0.463057	0.463057	1	1	
0.000265461	-nan	0.464966	0.162356	1	1	1	1	1	1	1.11279	0.464966	0.464966	1	1	
0.000275423	-nan	0.466891	0.163405	1	1	1	1	1	1	1.11305	0.466891	0.466891	1	1	
0.000285759	-nan	0.46883	0.164467	1	1	1	1	1	1	1.11332	0.46883	0.46883	1	1	
0.000296483	-nan	0.470784	0.165543	1	1	1	1	1	1	1.11359	0.470784	0.470784	1	1	
0.00030761	-nan	0.472753	0.166634	1	1	1	1	1	1	1.11387	0.472753	0.472753	1	1	
0.000319154	-nan	0.474738	0.167738	1	1	1	1	1	1	1.11415	0.474738	0.474738	1	1	
0.000331131	-nan	0.476737	0.168858	1	1	1	1	1	1	1.11444	0.476737	0.476737	1	1	
0.000343558	-nan	0.478753	0.169992	1	1	1	1	1	1	1.11474	0.478753	0.478753	1	1	
0.000356451	-nan	0.480784	0.17114	1	1	1	1	1	1	1.11504	0.480784	0.480784	1	1	
0.000369828	-nan	0.482831	0.172305	1	1	1	1	1	1	1.11534	0.482831	0.482831	1	1	
0.000383707	-nan	0.484894	0.173484	1	1	1	1	1	1	1.11566	0.484894	0.484894	1	1	
0.000398107	-nan	0.486973	0.174679	1	1	1	1	1	1	1.11597	0.486973	0.486973	1	1	
0.000413048	-nan	0.489068	0.17589	1	1	1	1	1	1	1.1163	0.489068	0.489068	1	1	
0.000428549	-nan	0.491179	0.177118	1	1	1	1	1	1	1.11663	0.491179	0.491179	1	1	
0.000444631	-nan	0.493307	0.178362	1	1	1	1	1	1	1.11696	0.493307	0.493307	1	1	
0.000461318	-nan	0.495452	0.179622	1	1	1	1	1	1	1.11731	0.495452	0.495452	1	1	
0.00047863	-nan	0.497613	0.1809	1	1	1	1	1	1	1.11766	0.497613	0.497613	1	1	
0.000496592	-nan	0.499791	0.182195	1	1	1	1	1	1	1.11801	0.499791	0.499791	1	1	
0.000515229	-nan	0.501986	0.183507	1	1	1	1	1	1	1.11838	0.501986	0.501986	1	1	
0.000534564	-nan	0.504199	0.184837	1	1	1	1	1	1	1.11875	0.504199	0.504199	1	1	
0.000554626	-nan	0.506428	0.186185	1	1	1	1	1	1	1.11913	0.506428	0.506428	1	1	
0.00057544	-nan	0.508676	0.187552	1	1	1	1	1	1	1.11951	0.508676	0.508676	1	1	
0.000597035	-nan	0.51094	0.188938	1	1	1	1	1	1	1.11991	0.51094	0.51094	1	1	
0.000619441	-nan	0.513223	0.190342	1	1	1	1	1	1	1.12031	0.513223	0.513223	1	1	
0.000642688	-nan	0.515523	0.191766	1	1	1	1	1	1	1.12071	0.515523	0.515523	1	1	
0.000666807	-nan	0.517842	0.19321	1	1	1	1	1	1	1.12113	0.517842	0.517842	1	1	
0.000691831	-nan	0.520178	0.194673	1	1	1	1	1	1	1.12155	0.520178	0.520178	1	1	
0.000717794	-nan	0.522533	0.196157	1	1	1	1	1	1	1.12199	0.522533	0.522533	1	1	
0.000744732	-nan	0.524907	0.197661	1	1	1	1	1	1	1.12243	0.524907	0.524907	1	1	
0.000772681	-nan	0.527299	0.199187	1	1	1	1	1	1	1.12288	0.527299	0.527299	1	1	
0.000801678	-nan	0.52971	0.200734	1	1	1	1	1	1	1.12333	0.52971	0.52971	1	1	
0.000831764	-nan	0.532139	0.202302	1	1	1	1	1	1	1.1238	0.532139	0.532139	1	1	
0.000862979	-nan	0.534588	0.203893	1	1	1	1	1	1	1.12428	0.534588	0.534588	1	1	
0.000895365	-nan	0.537056	0.205506	1	1	1	1	1	1	1.12476	0.537056	0.537056	1	1	
0.000928966	-nan	0.539544	0.207142	1	1	1	1	1	1	1.12526	0.539544	0.539544	1	1	
0.000963829	-nan	0.542051	0.208801	1	1	1	1	1	1	1.12576	0.542051	0.542051	1	1	
0.001	-nan	0.544577	0.210484	1	1	1	1	1	1	1.12628	0.544577	0.544577	1	1	
0.00103753	-nan	0.547124	0.212191	1	1	1	1	1	1	1.1268	0.547124	0.547124	1	1	
0.00107647	-nan	0.54969	0.213923	1	1	1	1	1	1	1.12734	0.54969	0.54969	1	1	
0.00111686	-nan	0.552277	0.215679	1	1	1	1	1	1	1.12788	0.552277	0.552277	1	1	
0.00115878	-nan	0.554884	0.217461	1	1	1	1	1	1	1.12844	0.554884	0.554884	1	1	
0.00120226	-nan	0.557511	0.219268	1	1	1	1	1	1	1.129	0.557511	0.557511	1	1	
0.00124738	-nan	0.560159	0.221102	1	1	1	1	1	1	1.12958	0.560159	0.560159	1	1	
0.0012942	-nan	0.562828	0.222962	1	1	1	1	1	1	1.13017	0.562828	0.562828	1	1	
0.00134276	-nan	0.565517	0.22485	1	1	1	1	1	1	1.13077	0.565517	0.565517	1	1	
0.00139316	-nan	0.568228	0.226765	1	1	1	1	1	1	1.13138	0.568228	0.568228	1	1	
0.00144544	-nan	0.570959	0.228709	1	1	1	1	1	1	1.132	0.570959	0.570959	1	1	
0.00149968	-nan	0.573712	0.230681	1	1	1	1	1	1	1.13264	0.573712	0.573712	1	1	
0.00155597	-nan	0.576487	0.232682	1	1	1	1	1	1	1.13329	0.576487	0.576487	1	1	
0.00161436	-nan	0.579283	0.234713	1	1	1	1	1	1	1.13395	0.579283	0.579283	1	1	
0.00167494	-nan	0.582101	0.236774	1	1	1	1	1	1	1.13462	0.582101	0.582101	1	1	
0.0017378	-nan	0.584941	0.238867	1	1	1	1	1	1	1.13531	0.584941	0.584941	1	1	
0.00180302	-nan	0.587803	0.24099	1	1	1	1	1	1	1.13601	0.587803	0.587803	1	1	
0.00187068	-nan	0.590687	0.243146	1	1	1	1	1	1	1.13672	0.590687	0.590687	1	1	
0.00194089	-nan	0.593594	0.245334	1	1	1	1	1	1	1.13745	0.593594	0.593594	1	1	
0.00201372	-nan	0.596523	0.247555	1	1	1	1	1	1	1.13819	0.596523	0.596523	1	1	
0.0020893	-nan	0.599474	0.249811	1	1	1	1	1	1	1.13895	0.599474	0.599474	1	1	
0.0021677	-nan	0.602449	0.252101	1	1	1	1	1	1	1.13972	0.602449	0.602449	1	1	
0.00224905	-nan	0.605446	0.254426	1	1	1	1	1	1	1.1405	0.605446	0.605446	1	1	
0.00233346	-nan	0.608466	0.256787	1	1	1	1	1	1	1.1413	0.608466	0.608466	1	1	
0.00242103	-nan	0.61151	0.259184	1	1	1	1	1	1	1.14212	0.61151	0.61151	1	1	
0.00251189	-nan	0.614577	0.261619	1	1	1	1	1	1	1.14295	0.614577	0.614577	1	1	
0.00260615	-nan	0.617667	0.264092	1	1	1	1	1	1	1.1438	0.617667	0.617667	1	1	
0.00270396	-nan	0.620781	0.266604	1	1	1	1	1	1	1.14466	0.620781	0.620781	1	1	
0.00280543	-nan	0.623919	0.269155	1	1	1	1	1	1	1.14554	0.623919	0.623919	1	1	
0.00291072	-nan	0.62708	0.271747	1	1	1	1	1	1	1.14644	0.62708	0.62708	1	1	
0.00301995	-nan	0.630265	0.27438	1	1	1	1	1	1	1.14736	0.630265	0.630265	1	1	
0.00313329	-nan	0.633475	0.277056	1	1	1	1	1	1	1.14829	0.633475	0.633475	1	1	
0.00325087	-nan	0.636708	0.279774	1	1	1	1	1	1	1.14924	0.636708	0.636708	1	1	
0.00337287	-nan	0.639966	0.282536	1	1	1	1	1	1	1.15021	0.639966	0.639966	1	1	
0.00349945	-nan	0.643248	0.285344	1	1	1	1	1	1	1.1512	0.643248	0.643248	1	1	
0.00363078	-nan	0.646554	0.288197	1	1	1	1	1	1	1.15221	0.646554	0.646554	1	1	
0.00376704	-nan	0.649885	0.291097	1	1	1	1	1	1	1.15324	0.649885	0.649885	1	1	
0.00390841	-nan	0.653241	0.294044	1	1	1	1	1	1	1.15429	0.653241	0.653241	1	1	
0.00405509	-nan	0.656621	0.297041	1	1	1	1	1	1	1.15535	0.656621	0.656621	1	1	
0.00420727	-nan	0.660026	0.300088	1	1	1	1	1	1	1.15644	0.660026	0.660026	1	1	
0.00436516	-nan	0.663456	0.303186	1	1	1	1	1	1	1.15755	0.663456	0.663456	1	1	
0.00452898	-nan	0.666911	0.306336	1	1	1	1	1	1	1.15868	0.666911	0.666911	1	1	
0.00469894	-nan	0.67039	0.30954	1	1	1	1	1	1	1.15983	0.67039	0.67039	1	1	
0.00487528	-nan	0.673895	0.312799	1	1	1	1	1	1	1.16101	0.673895	0.673895	1	1	
0.00505825	-nan	0.677425	0.316115	1	1	1	1	1	1	1.1622	0.677425	0.677425	1	1	
0.00524807	-nan	0.68098	0.319487	1	1	1	1	1	1	1.16342	0.68098	0.68098	1	1	
0.00544503	-nan	0.68456	0.322919	1	1	1	1	1	1	1.16466	0.68456	0.68456	1	1	
0.00564937	-nan	0.688164	0.326411	1	1	1	1	1	1	1.16593	0.688164	0.688164	1	1	
0.00586138	-nan	0.691795	0.329965	1	1	1	1	1	1	1.16722	0.691795	0.691795	1	1	
0.00608135	-nan	0.69545	0.333582	1	1	1	1	1	1	1.16854	0.69545	0.69545	1	1	
0.00630957	-nan	0.69913	0.337265	1	1	1	1	1	1	1.16988	0.69913	0.69913	1	1	
0.00654636	-nan	0.702835	0.341014	1	1	1	1	1	1	1.17124	0.702835	0.702835	1	1	
0.00679204	-nan	0.706566	0.344832	1	1	1	1	1	1	1.17263	0.706566	0.706566	1	1	
0.00704693	-nan	0.710321	0.34872	1	1	1	1	1	1	1.17405	0.710321	0.710321	1	1	
0.00731139	-nan	0.714101	0.352681	1	1	1	1	1	1	1.1755	0.714101	0.714101	1	1	
0.00758578	-nan	0.717906	0.356716	1	1	1	1	1	1	1.17697	0.717906	0.717906	1	1	
0.00787046	-nan	0.721736	0.360827	1	1	1	1	1	1	1.17847	0.721736	0.721736	1	1	
0.00816582	-nan	0.72559	0.365017	1	1	1	1	1	1	1.18	0.72559	0.72559	1	1	
0.00847227	-nan	0.729469	0.369287	1	1	1	1	1	1	1.18156	0.729469	0.729469	1	1	
0.00879023	-nan	0.733372	0.37364	1	1	1	1	1	1	1.18314	0.733372	0.733372	1	1	
0.00912011	-nan	0.7373	0.378079	1	1	1	1	1	1	1.18476	0.7373	0.7373	1	1	
0.00946237	-nan	0.741251	0.382606	1	1	1	1	1	1	1.18641	0.741251	0.741251	1	1	
0.00981748	-nan	0.745226	0.387224	1	1	1	1	1	1	1.18808	0.745226	0.745226	1	1	
0.0101859	-nan	0.749225	0.391935	1	1	1	1	1	1	1.18979	0.749225	0.749225	1	1	
0.0105682	-nan	0.753247	0.396743	1	1	1	1	1	1	1.19153	0.753247	0.753247	1	1	
0.0109648	-nan	0.757293	0.40165	1	1	1	1	1	1	1.19331	0.757293	0.757293	1	1	
0.0113763	-nan	0.761361	0.406659	1	1	1	1	1	1	1.19511	0.761361	0.761361	1	1	
0.0118032	-nan	0.765452	0.411775	1	1	1	1	1	1	1.19695	0.765452	0.765452	1	1	
0.0122462	-nan	0.769565	0.417	1	1	1	1	1	1	1.19883	0.769565	0.769565	1	1	
0.0127057	-nan	0.7737	0.422338	1	1	1	1	1	1	1.20073	0.7737	0.7737	1	1	
0.0131826	-nan	0.777856	0.427793	1	1	1	1	1	1	1.20268	0.777856	0.777856	1	1	
0.0136773	-nan	0.782034	0.43337	1	1	1	1	1	1	1.20466	0.782034	0.782034	1	1	
0.0141906	-nan	0.786232	0.439071	1	1	1	1	1	1	1.20667	0.786232	0.786232	1	1	
0.0147231	-nan	0.790451	0.444902	1	1	1	1	1	1	1.20872	0.790451	0.790451	1	1	
0.0152757	-nan	0.794689	0.450867	1	1	1	1	1	1	1.21081	0.794689	0.794689	1	1	
0.0158489	-nan	0.798946	0.456972	1	1	1	1	1	1	1.21294	0.798946	0.798946	1	1	
0.0164437	-nan	0.803222	0.463221	1	1	1	1	1	1	1.21511	0.803222	0.803222	1	1	
0.0170608	-nan	0.807516	0.46962	1	1	1	1	1	1	1.21731	0.807516	0.807516	1	1	
0.0177011	-nan	0.811827	0.476175	1	1	1	1	1	1	1.21956	0.811827	0.811827	1	1	
0.0183654	-nan	0.816155	0.482891	1	1	1	1	1	1	1.22184	0.816155	0.816155	1	1	
0.0190546	-nan	0.820499	0.489775	1	1	1	1	1	1	1.22417	0.820499	0.820499	1	1	
0.0197697	-nan	0.824859	0.496834	1	1	1	1	1	1	1.22654	0.824859	0.824859	1	1	
0.0205116	-nan	0.829232	0.504074	1	1	1	1	1	1	1.22894	0.829232	0.829232	1	1	
0.0212814	-nan	0.83362	0.511504	1	1	1	1	1	1	1.2314	0.83362	0.83362	1	1	
0.02208	-nan	0.83802	0.51913	1	1	1	1	1	1	1.23389	0.83802	0.83802	1	1	
0.0229087	-nan	0.842431	0.526961	1	1	1	1	1	1	1.23643	0.842431	0.842431	1	1	
0.0237684	-nan	0.846854	0.535006	1	1	1	1	1	1	1.23901	0.846854	0.846854	1	1	
0.0246604	-nan	0.851286	0.543274	1	1	1	1	1	1	1.24164	0.851286	0.851286	1	1	
0.0255859	-nan	0.855727	0.551774	1	1	1	1	1	1	1.24431	0.855727	0.855727	1	1	
0.0265461	-nan	0.860175	0.560516	1	1	1	1	1	1	1.24703	0.860175	0.860175	1	1	
0.0275423	-nan	0.86463	0.569512	1	1	1	1	1	1	1.2498	0.86463	0.86463	1	1	
0.0285759	-nan	0.869089	0.578771	1	1	1	1	1	1	1.25261	0.869089	0.869089	1	1	
0.0296483	-nan	0.873553	0.588307	1	1	1	1	1	1	1.25547	0.873553	0.873553	1	1	
0.030761	-nan	0.878018	0.598131	1	1	1	1	1	1	1.25838	0.878018	0.878018	1	1	
0.0319154	-nan	0.882484	0.608257	1	1	1	1	1	1	1.26134	0.882484	0.882484	1	1	
0.0331131	-nan	0.886949	0.618697	1	1	1	1	1	1	1.26434	0.886949	0.886949	1	1	
0.0343558	-nan	0.891412	0.629467	1	1	1	1	1	1	1.2674	0.891412	0.891412	1	1	
0.0356451	-nan	0.895871	0.64058	1	1	1	1	1	1	1.27051	0.895871	0.895871	1	1	
0.0369828	-nan	0.900324	0.652053	1	1	1	1	1	1	1.27366	0.900324	0.900324	1	1	
0.0383707	-nan	0.90477	0.663902	1	1	1	1	1	1	1.27687	0.90477	0.90477	1	1	
0.0398107	-nan	0.909206	0.676143	1	1	1	1	1	1	1.28013	0.909206	0.909206	1	1	
0.0413048	-nan	0.91363	0.688794	1	1	1	1	1	1	1.28344	0.91363	0.91363	1	1	
0.0428549	-nan	0.918041	0.701873	1	1	1	1	1	1	1.2868	0.918041	0.918041	1	1	
0.0444631	-nan	0.922435	0.715397	1	1	1	1	1	1	1.29022	0.922435	0.922435	1	1	
0.0461318	-nan	0.926812	0.729388	1	1	1	1	1	1	1.29369	0.926812	0.926812	1	1	
0.047863	-nan	0.931168	0.743862	1	1	1	1	1	1	1.29721	0.931168	0.931168	1	1	
0.0496592	-nan	0.935502	0.758841	1	1	1	1	1	1	1.30079	0.935502	0.935502	1	1	
0.0515229	-nan	0.939809	0.774343	1	1	1	1	1	1	1.30442	0.939809	0.939809	1	1	
0.0534564	-nan	0.944089	0.790389	1	1	1	1	1	1	1.3081	0.944089	0.944089	1	1	
0.0554626	-nan	0.948338	0.806997	1	1	1	1	1	1	1.31184	0.948338	0.948338	1	1	
0.057544	-nan	0.952554	0.824185	1	1	1	1	1	1	1.31564	0.952554	0.952554	1	1	
0.0597035	-nan	0.956733	0.841973	1	1	1	1	1	1	1.31948	0.956733	0.956733	1	1	
0.0619441	-nan	0.960872	0.860377	1	1	1	1	1	1	1.32339	0.960872	0.960872	1	1	
0.0642688	-nan	0.964968	0.879411	1	1	1	1	1	1	1.32735	0.964968	0.964968	1	1	
0.0666807	-nan	0.969019	0.899089	1	1	1	1	1	1	1.33136	0.969019	0.969019	1	1	
0.0691831	-nan	0.97302	0.919422	1	1	1	1	1	1	1.33543	0.97302	0.97302	1	1	
0.0717794	-nan	0.976968	0.940417	1	1	1	1	1	1	1.33955	0.976968	0.976968	1	1	
0.0744732	-nan	0.98086	0.96208	1	1	1	1	1	1	1.34373	0.98086	0.98086	1	1	
0.0772681	-nan	0.984691	0.984409	1	1	1	1	1	1	1.34796	0.984691	0.984691	1	1	
0.0801678	-nan	0.988459	1.0074	1	1	1	1	1	1	1.35224	0.988459	0.988459	1	1	
0.0831764	-nan	0.992159	1.03105	1	1	1	1	1	1	1.35658	0.992159	0.992159	1	1	
0.0862979	-nan	0.995787	1.05533	1	1	1	1	1	1	1.36098	0.995787	0.995787	1	1	
0.0895365	-nan	0.999339	1.08022	1	1	1	1	1	1	1.36542	0.999339	0.999339	1	1	
0.0928966	-nan	1.00281	1.10571	1	1	1	1	1	1	1.36992	1.00281	1.00281	1	1	
0.0963829	-nan	1.0062	1.13174	1	1	1	1	1	1	1.37448	1.0062	1.0062	1	1	
0.1	-nan	1.0095	1.15829	1	1	1	1	1	1	1.37908	1.0095	1.0095	1	1	
0.103614	-nan	1.01259	1.1843	1	1	1	1	1	1	1.38356	1.01259	1.01259	1	1	
0.107229	-nan	1.01549	1.20978	1	1	1	1	1	1	1.38794	1.01549	1.01549	1	1	
0.110843	-nan	1.0182	1.23469	1	1	1	1	1	1	1.39221	1.0182	1.0182	1	1	
0.114458	-nan	1.02075	1.25902	1	1	1	1	1	1	1.39639	1.02075	1.02075	1	1	
0.118072	-nan	1.02314	1.28275	1	1	1	1	1	1	1.40046	1.02314	1.02314	1	1	
0.121687	-nan	1.02538	1.30586	1	1	1	1	1	1	1.40445	1.02538	1.02538	1	1	
0.125301	-nan	1.02748	1.32834	1	1	1	1	1	1	1.40835	1.02748	1.02748	1	1	
0.128916	-nan	1.02944	1.35019	1	1	1	1	1	1	1.41217	1.02944	1.02944	1	1	
0.13253	-nan	1.03128	1.3714	1	1	1	1	1	1	1.41591	1.03128	1.03128	1	1	
0.136145	-nan	1.03299	1.39197	1	1	1	1	1	1	1.41957	1.03299	1.03299	1	1	
0.139759	-nan	1.03459	1.4119	1	1	1	1	1	1	1.42316	1.03459	1.03459	1	1	
0.143373	-nan	1.03609	1.43119	1	1	1	1	1	1	1.42668	1.03609	1.03609	1	1	
0.146988	-nan	1.03748	1.44986	1	1	1	1	1	1	1.43012	1.03748	1.03748	1	1	
0.150602	-nan	1.03877	1.4679	1	1	1	1	1	1	1.43351	1.03877	1.03877	1	1	
0.154217	-nan	1.03997	1.48533	1	1	1	1	1	1	1.43683	1.03997	1.03997	1	1	
0.157831	-nan	1.04109	1.50216	1	1	1	1	1	1	1.44009	1.04109	1.04109	1	1	
0.161446	-nan	1.04211	1.51841	1	1	1	1	1	1	1.44329	1.04211	1.04211	1	1	
0.16506	-nan	1.04306	1.53407	1	1	1	1	1	1	1.44643	1.04306	1.04306	1	1	
0.168675	-nan	1.04393	1.54917	1	1	1	1	1	1	1.44952	1.04393	1.04393	1	1	
0.172289	-nan	1.04473	1.56373	1	1	1	1	1	1	1.45256	1.04473	1.04473	1	1	
0.175904	-nan	1.04545	1.57775	1	1	1	1	1	1	1.45555	1.04545	1.04545	1	1	
0.179518	-nan	1.04611	1.59125	1	1	1	1	1	1	1.45849	1.04611	1.04611	1	1	
0.183133	-nan	1.04671	1.60426	1	1	1	1	1	1	1.46138	1.04671	1.04671	1	1	
0.186747	-nan	1.04724	1.61677	1	1	1	1	1	1	1.46422	1.04724	1.04724	1	1	
0.190361	-nan	1.04771	1.62881	1	1	1	1	1	1	1.46702	1.04771	1.04771	1	1	
0.193976	-nan	1.04813	1.6404	1	1	1	1	1	1	1.46978	1.04813	1.04813	1	1	
0.19759	-nan	1.0485	1.65154	1	1	1	1	1	1	1.47249	1.0485	1.0485	1	1	
0.201205	-nan	1.04881	1.66226	1	1	1	1	1	1	1.47517	1.04881	1.04881	1	1	
0.204819	-nan	1.04907	1.67256	1	1	1	1	1	1	1.47781	1.04907	1.04907	1	1	
0.208434	-nan	1.04928	1.68246	1	1	1	1	1	1	1.48041	1.04928	1.04928	1	1	
0.212048	-nan	1.04945	1.69199	1	1	1	1	1	1	1.48297	1.04945	1.04945	1	1	
0.215663	-nan	1.04958	1.70114	1	1	1	1	1	1	1.4855	1.04958	1.04958	1	1	
0.219277	-nan	1.04966	1.70993	1	1	1	1	1	1	1.488	1.04966	1.04966	1	1	
0.222892	-nan	1.0497	1.71838	1	1	1	1	1	1	1.49047	1.0497	1.0497	1	1	
0.226506	-nan	1.0497	1.7265	1	1	1	1	1	1	1.49291	1.0497	1.0497	1	1	
0.23012	-nan	1.04967	1.73429	1	1	1	1	1	1	1.49532	1.04967	1.04967	1	1	
0.233735	-nan	1.0496	1.74178	1	1	1	1	1	1	1.4977	1.0496	1.0496	1	1	
0.237349	-nan	1.04949	1.74897	1	1	1	1	1	1	1.50005	1.04949	1.04949	1	1	
0.240964	-nan	1.04935	1.75587	1	1	1	1	1	1	1.50238	1.04935	1.04935	1	1	
0.244578	-nan	1.04918	1.7625	1	1	1	1	1	1	1.50469	1.04918	1.04918	1	1	
0.248193	-nan	1.04898	1.76886	1	1	1	1	1	1	1.50697	1.04898	1.04898	1	1	
0.251807	-nan	1.04875	1.77497	1	1	1	1	1	1	1.50923	1.04875	1.04875	1	1	
0.255422	-nan	1.04849	1.78083	1	1	1	1	1	1	1.51148	1.04849	1.04849	1	1	
0.259036	-nan	1.0482	1.78645	1	1	1	1	1	1	1.5137	1.0482	1.0482	1	1	
0.262651	-nan	1.04788	1.79184	1	1	1	1	1	1	1.51591	1.04788	1.04788	1	1	
0.266265	-nan	1.04754	1.79701	1	1	1	1	1	1	1.5181	1.04754	1.04754	1	1	
0.26988	-nan	1.04718	1.80196	1	1	1	1	1	1	1.52028	1.04718	1.04718	1	1	
0.273494	-nan	1.04679	1.80671	1	1	1	1	1	1	1.52244	1.04679	1.04679	1	1	
0.277108	-nan	1.04638	1.81126	1	1	1	1	1	1	1.5246	1.04638	1.04638	1	1	
0.280723	-nan	1.04595	1.81562	1	1	1	1	1	1	1.52674	1.04595	1.04595	1	1	
0.284337	-nan	1.0455	1.8198	1	1	1	1	1	1	1.52888	1.0455	1.0455	1	1	
0.287952	-nan	1.04502	1.82379	1	1	1	1	1	1	1.53101	1.04502	1.04502	1	1	
0.291566	-nan	1.04453	1.82762	1	1	1	1	1	1	1.53314	1.04453	1.04453	1	1	
0.295181	-nan	1.04402	1.83127	1	1	1	1	1	1	1.53526	1.04402	1.04402	1	1	
0.298795	-nan	1.04349	1.83477	1	1	1	1	1	1	1.53738	1.04349	1.04349	1	1	
0.30241	-nan	1.04294	1.83811	1	1	1	1	1	1	1.5395	1.04294	1.04294	1	1	
0.306024	-nan	1.04238	1.84131	1	1	1	1	1	1	1.54163	1.04238	1.04238	1	1	
0.309639	-nan	1.0418	1.84435	1	1	1	1	1	1	1.54376	1.0418	1.0418	1	1	
0.313253	-nan	1.0412	1.84726	1	1	1	1	1	1	1.54589	1.0412	1.0412	1	1	
0.316867	-nan	1.04059	1.85003	1	1	1	1	1	1	1.54804	1.04059	1.04059	1	1	
0.320482	-nan	1.03997	1.85268	1	1	1	1	1	1	1.55019	1.03997	1.03997	1	1	
0.324096	-nan	1.03933	1.85519	1	1	1	1	1	1	1.55236	1.03933	1.03933	1	1	
0.327711	-nan	1.03868	1.85759	1	1	1	1	1	1	1.55454	1.03868	1.03868	1	1	
0.331325	-nan	1.03802	1.85986	1	1	1	1	1	1	1.55674	1.03802	1.03802	1	1	
0.33494	-nan	1.03734	1.86202	1	1	1	1	1	1	1.55896	1.03734	1.03734	1	1	
0.338554	-nan	1.03665	1.86407	1	1	1	1	1	1	1.56121	1.03665	1.03665	1	1	
0.342169	-nan	1.03595	1.86601	1	1	1	1	1	1	1.56347	1.03595	1.03595	1	1	
0.345783	-nan	1.03525	1.86785	1	1	1	1	1	1	1.56577	1.03525	1.03525	1	1	
0.349398	-nan	1.03453	1.86959	1	1	1	1	1	1	1.5681	1.03453	1.03453	1	1	
0.353012	-nan	1.0338	1.87123	1	1	1	1	1	1	1.57046	1.0338	1.0338	1	1	
0.356627	-nan	1.03306	1.87278	1	1	1	1	1	1	1.57286	1.03306	1.03306	1	1	
0.360241	-nan	1.03231	1.87423	1	1	1	1	1	1	1.5753	1.03231	1.03231	1	1	
0.363855	-nan	1.03155	1.8756	1	1	1	1	1	1	1.57778	1.03155	1.03155	1	1	
0.36747	-nan	1.03079	1.87688	1	1	1	1	1	1	1.58031	1.03079	1.03079	1	1	
0.371084	-nan	1.03002	1.87807	1	1	1	1	1	1	1.58289	1.03002	1.03002	1	1	
0.374699	-nan	1.02924	1.87919	1	1	1	1	1	1	1.58552	1.02924	1.02924	1	1	
0.378313	-nan	1.02845	1.88022	1	1	1	1	1	1	1.58822	1.02845	1.02845	1	1	
0.381928	-nan	1.02765	1.88118	1	1	1	1	1	1	1.59097	1.02765	1.02765	1	1	
0.385542	-nan	1.02685	1.88207	1	1	1	1	1	1	1.59379	1.02685	1.02685	1	1	
0.389157	-nan	1.02604	1.88289	1	1	1	1	1	1	1.59668	1.02604	1.02604	1	1	
0.392771	-nan	1.02523	1.88363	1	1	1	1	1	1	1.59965	1.02523	1.02523	1	1	
0.396386	-nan	1.02441	1.88431	1	1	1	1	1	1	1.6027	1.02441	1.02441	1	1	
0.4	-nan	1.02359	1.88492	1	1	1	1	1	1	1.60583	1.02359	1.02359	1	1	
0.403614	-nan	1.02276	1.88547	1	1	1	1	1	1	1.60905	1.02276	1.02276	1	1	
0.407229	-nan	1.02192	1.88595	1	1	1	1	1	1	1.61236	1.02192	1.02192	1	1	
0.410843	-nan	1.02109	1.88638	1	1	1	1	1	1	1.61577	1.02109	1.02109	1	1	
0.414458	-nan	1.02024	1.88674	1	1	1	1	1	1	1.61929	1.02024	1.02024	1	1	
0.418072	-nan	1.01939	1.88706	1	1	1	1	1	1	1.62291	1.01939	1.01939	1	1	
0.421687	-nan	1.01854	1.88731	1	1	1	1	1	1	1.62665	1.01854	1.01854	1	1	
0.425301	-nan	1.01769	1.88751	1	1	1	1	1	1	1.63051	1.01769	1.01769	1	1	
0.428916	-nan	1.01683	1.88766	1	1	1	1	1	1	1.6345	1.01683	1.01683	1	1	
0.43253	-nan	1.01597	1.88776	1	1	1	1	1	1	1.63861	1.01597	1.01597	1	1	
0.436145	-nan	1.0151	1.88781	1	1	1	1	1	1	1.64287	1.0151	1.0151	1	1	
0.439759	-nan	1.01424	1.88781	1	1	1	1	1	1	1.64727	1.01424	1.01424	1	1	
0.443373	-nan	1.01337	1.88776	1	1	1	1	1	1	1.65182	1.01337	1.01337	1	1	
0.446988	-nan	1.01249	1.88767	1	1	1	1	1	1	1.65653	1.01249	1.01249	1	1	
0.450602	-nan	1.01162	1.88754	1	1	1	1	1	1	1.66139	1.01162	1.01162	1	1	
0.454217	-nan	1.01074	1.88736	1	1	1	1	1	1	1.66643	1.01074	1.01074	1	1	
0.457831	-nan	1.00986	1.88714	1	1	1	1	1	1	1.67164	1.00986	1.00986	1	1	
0.461446	-nan	1.00898	1.88688	1	1	1	1	1	1	1.67704	1.00898	1.00898	1	1	
0.46506	-nan	1.0081	1.88658	1	1	1	1	1	1	1.68262	1.0081	1.0081	1	1	
0.468675	-nan	1.00722	1.88624	1	1	1	1	1	1	1.6884	1.00722	1.00722	1	1	
0.472289	-nan	1.00633	1.88587	1	1	1	1	1	1	1.69437	1.00633	1.00633	1	1	
0.475904	-nan	1.00545	1.88546	1	1	1	1	1	1	1.70056	1.00545	1.00545	1	1	
0.479518	-nan	1.00456	1.88501	1	1	1	1	1	1	1.70695	1.00456	1.00456	1	1	
0.483133	-nan	1.00368	1.88453	1	1	1	1	1	1	1.71357	1.00368	1.00368	1	1	
0.486747	-nan	1.00279	1.88402	1	1	1	1	1	1	1.72041	1.00279	1.00279	1	1	
0.490361	-nan	1.0019	1.88347	1	1	1	1	1	1	1.72748	1.0019	1.0019	1	1	
0.493976	-nan	1.00101	1.88289	1	1	1	1	1	1	1.73479	1.00101	1.00101	1	1	
0.49759	-nan	1.00012	1.88228	1	1	1	1	1	1	1.74234	1.00012	1.00012	1	1	
0.501205	-nan	0.999234	1.88164	1	1	1	1	1	1	1.75014	0.999234	0.999234	1	1	
0.504819	-nan	0.998345	1.88097	1	1	1	1	1	1	1.75818	0.998345	0.998345	1	1	
0.508434	-nan	0.997456	1.88028	1	1	1	1	1	1	1.76648	0.997456	0.997456	1	1	
0.512048	-nan	0.996567	1.87955	1	1	1	1	1	1	1.77505	0.996567	0.996567	1	1	
0.515663	-nan	0.995679	1.8788	1	1	1	1	1	1	1.78387	0.995679	0.995679	1	1	
0.519277	-nan	0.994792	1.87802	1	1	1	1	1	1	1.79296	0.994792	0.994792	1	1	
0.522892	-nan	0.993904	1.87722	1	1	1	1	1	1	1.80231	0.993904	0.993904	1	1	
0.526506	-nan	0.993018	1.87639	1	1	1	1	1	1	1.81193	0.993018	0.993018	1	1	
0.53012	-nan	0.992132	1.87554	1	1	1	1	1	1	1.82183	0.992132	0.992132	1	1	
0.533735	-nan	0.991247	1.87467	1	1	1	1	1	1	1.83199	0.991247	0.991247	1	1	
0.537349	-nan	0.990363	1.87377	1	1	1	1	1	1	1.84242	0.990363	0.990363	1	1	
0.540964	-nan	0.98948	1.87285	1	1	1	1	1	1	1.85312	0.98948	0.98948	1	1	
0.544578	-nan	0.988599	1.87191	1	1	1	1	1	1	1.86409	0.988599	0.988599	1	1	
0.548193	-nan	0.987718	1.87095	1	1	1	1	1	1	1.87531	0.987718	0.987718	1	1	
0.551807	-nan	0.986839	1.86997	1	1	1	1	1	1	1.8868	0.986839	0.986839	1	1	
0.555422	-nan	0.985961	1.86897	1	1	1	1	1	1	1.89854	0.985961	0.985961	1	1	
0.559036	-nan	0.985084	1.86795	1	1	1	1	1	1	1.91052	0.985084	0.985084	1	1	
0.562651	-nan	0.984209	1.86691	1	1	1	1	1	1	1.92275	0.984209	0.984209	1	1	
0.566265	-nan	0.983336	1.86585	1	1	1	1	1	1	1.9352	0.983336	0.983336	1	1	
0.56988	-nan	0.982464	1.86478	1	1	1	1	1	1	1.94788	0.982464	0.982464	1	1	
0.573494	-nan	0.981594	1.86369	1	1	1	1	1	1	1.96077	0.981594	0.981594	1	1	
0.577108	-nan	0.980726	1.86258	1	1	1	1	1	1	1.97386	0.980726	0.980726	1	1	
0.580723	-nan	0.97986	1.86146	1	1	1	1	1	1	1.98714	0.97986	0.97986	1	1	
0.584337	-nan	0.978995	1.86032	1	1	1	1	1	1	2.00059	0.978995	0.978995	1	1	
0.587952	-nan	0.978133	1.85917	1	1	1	1	1	1	2.01421	0.978133	0.978133	1	1	
0.591566	-nan	0.977273	1.858	1	1	1	1	1	1	2.02797	0.977273	0.977273	1	1	
0.595181	-nan	0.976415	1.85682	1	1	1	1	1	1	2.04186	0.976415	0.976415	1	1	
0.598795	-nan	0.975558	1.85562	1	1	1	1	1	1	2.05586	0.975558	0.975558	1	1	
0.60241	-nan	0.974705	1.85441	1	1	1	1	1	1	2.06996	0.974705	0.974705	1	1	
0.606024	-nan	0.973853	1.85319	1	1	1	1	1	1	2.08414	0.973853	0.973853	1	1	
0.609639	-nan	0.973004	1.85195	1	1	1	1	1	1	2.09838	0.973004	0.973004	1	1	
0.613253	-nan	0.972157	1.85071	1	1	1	1	1	1	2.11266	0.972157	0.972157	1	1	
0.616867	-nan	0.971312	1.84945	1	1	1	1	1	1	2.12697	0.971312	0.971312	1	1	
0.620482	-nan	0.97047	1.84818	1	1	1	1	1	1	2.14128	0.97047	0.97047	1	1	
0.624096	-nan	0.969631	1.8469	1	1	1	1	1	1	2.15558	0.969631	0.969631	1	1	
0.627711	-nan	0.968794	1.84561	1	1	1	1	1	1	2.16984	0.968794	0.968794	1	1	
0.631325	-nan	0.967959	1.84431	1	1	1	1	1	1	2.18406	0.967959	0.967959	1	1	
0.63494	-nan	0.967127	1.84299	1	1	1	1	1	1	2.19821	0.967127	0.967127	1	1	
0.638554	-nan	0.966298	1.84167	1	1	1	1	1	1	2.21227	0.966298	0.966298	1	1	
0.642169	-nan	0.965472	1.84034	1	1	1	1	1	1	2.22623	0.965472	0.965472	1	1	
0.645783	-nan	0.964648	1.83901	1	1	1	1	1	1	2.24008	0.964648	0.964648	1	1	
0.649398	-nan	0.963827	1.83766	1	1	1	1	1	1	2.25379	0.963827	0.963827	1	1	
0.653012	-nan	0.963009	1.8363	1	1	1	1	1	1	2.26735	0.963009	0.963009	1	1	
0.656627	-nan	0.962194	1.83494	1	1	1	1	1	1	2.28076	0.962194	0.962194	1	1	
0.660241	-nan	0.961381	1.83357	1	1	1	1	1	1	2.29399	0.961381	0.961381	1	1	
0.663855	-nan	0.960572	1.83219	1	1	1	1	1	1	2.30703	0.960572	0.960572	1	1	
0.66747	-nan	0.959765	1.83081	1	1	1	1	1	1	2.31989	0.959765	0.959765	1	1	
0.671084	-nan	0.958962	1.82941	1	1	1	1	1	1	2.33253	0.958962	0.958962	1	1	
0.674699	-nan	0.958161	1.82802	1	1	1	1	1	1	2.34496	0.958161	0.958161	1	1	
0.678313	-nan	0.957363	1.82661	1	1	1	1	1	1	2.35717	0.957363	0.957363	1	1	
0.681928	-nan	0.956569	1.8252	1	1	1	1	1	1	2.36915	0.956569	0.956569	1	1	
0.685542	-nan	0.955777	1.82378	1	1	1	1	1	1	2.3809	0.955777	0.955777	1	1	
0.689157	-nan	0.954988	1.82236	1	1	1	1	1	1	2.39241	0.954988	0.954988	1	1	
0.692771	-nan	0.954203	1.82094	1	1	1	1	1	1	2.40368	0.954203	0.954203	1	1	
0.696386	-nan	0.953421	1.8195	1	1	1	1	1	1	2.4147	0.953421	0.953421	1	1	
0.7	-nan	0.952642	1.81807	1	1	1	1	1	1	2.42547	0.952642	0.952642	1	1	
0.703614	-nan	0.951866	1.81663	1	1	1	1	1	1	2.43599	0.951866	0.951866	1	1	
0.707229	-nan	0.951093	1.81518	1	1	1	1	1	1	2.44626	0.951093	0.951093	1	1	
0.710843	-nan	0.950323	1.81373	1	1	1	1	1	1	2.45628	0.950323	0.950323	1	1	
0.714458	-nan	0.949557	1.81228	1	1	1	1	1	1	2.46605	0.949557	0.949557	1	1	
0.718072	-nan	0.948794	1.81082	1	1	1	1	1	1	2.47558	0.948794	0.948794	1	1	
0.721687	-nan	0.948034	1.80936	1	1	1	1	1	1	2.48485	0.948034	0.948034	1	1	
0.725301	-nan	0.947277	1.8079	1	1	1	1	1	1	2.49388	0.947277	0.947277	1	1	
0.728916	-nan	0.946524	1.80643	1	1	1	1	1	1	2.50267	0.946524	0.946524	1	1	
0.73253	-nan	0.945773	1.80497	1	1	1	1	1	1	2.51122	0.945773	0.945773	1	1	
0.736145	-nan	0.945027	1.80349	1	1	1	1	1	1	2.51953	0.945027	0.945027	1	1	
0.739759	-nan	0.944283	1.80202	1	1	1	1	1	1	2.52761	0.944283	0.944283	1	1	
0.743373	-nan	0.943543	1.80054	1	1	1	1	1	1	2.53547	0.943543	0.943543	1	1	
0.746988	-nan	0.942806	1.79907	1	1	1	1	1	1	2.54309	0.942806	0.942806	1	1	
0.750602	-nan	0.942073	1.79758	1	1	1	1	1	1	2.5505	0.942073	0.942073	1	1	
0.754217	-nan	0.941342	1.7961	1	1	1	1	1	1	2.5577	0.941342	0.941342	1	1	
0.757831	-nan	0.940616	1.79462	1	1	1	1	1	1	2.56468	0.940616	0.940616	1	1	
0.761446	-nan	0.939892	1.79313	1	1	1	1	1	1	2.57146	0.939892	0.939892	1	1	
0.76506	-nan	0.939172	1.79165	1	1	1	1	1	1	2.57803	0.939172	0.939172	1	1	
0.768675	-nan	0.938456	1.79016	1	1	1	1	1	1	2.58442	0.938456	0.938456	1	1	
0.772289	-nan	0.937742	1.78867	1	1	1	1	1	1	2.59061	0.937742	0.937742	1	1	
0.775904	-nan	0.937032	1.78719	1	1	1	1	1	1	2.59661	0.937032	0.937032	1	1	
0.779518	-nan	0.936326	1.7857	1	1	1	1	1	1	2.60244	0.936326	0.936326	1	1	
0.783133	-nan	0.935623	1.78421	1	1	1	1	1	1	2.60809	0.935623	0.935623	1	1	
0.786747	-nan	0.934923	1.78272	1	1	1	1	1	1	2.61356	0.934923	0.934923	1	1	
0.790361	-nan	0.934227	1.78123	1	1	1	1	1	1	2.61888	0.934227	0.934227	1	1	
0.793976	-nan	0.933534	1.77974	1	1	1	1	1	1	2.62403	0.933534	0.933534	1	1	
0.79759	-nan	0.932845	1.77824	1	1	1	1	1	1	2.62903	0.932845	0.932845	1	1	
0.801205	-nan	0.932159	1.77675	1	1	1	1	1	1	2.63387	0.932159	0.932159	1	1	
0.804819	-nan	0.931476	1.77527	1	1	1	1	1	1	2.63857	0.931476	0.931476	1	1	
0.808434	-nan	0.930797	1.77378	1	1	1	1	1	1	2.64313	0.930797	0.930797	1	1	
0.812048	-nan	0.930121	1.77229	1	1	1	1	1	1	2.64755	0.930121	0.930121	1	1	
0.815663	-nan	0.929449	1.7708	1	1	1	1	1	1	2.65184	0.929449	0.929449	1	1	
0.819277	-nan	0.92878	1.76931	1	1	1	1	1	1	2.65599	0.92878	0.92878	1	1	
0.822892	-nan	0.928115	1.76783	1	1	1	1	1	1	2.66003	0.928115	0.928115	1	1	
0.826506	-nan	0.927453	1.76634	1	1	1	1	1	1	2.66394	0.927453	0.927453	1	1	
0.83012	-nan	0.926795	1.76486	1	1	1	1	1	1	2.66774	0.926795	0.926795	1	1	
0.833735	-nan	0.926139	1.76337	1	1	1	1	1	1	2.67143	0.926139	0.926139	1	1	
0.837349	-nan	0.925488	1.76189	1	1	1	1	1	1	2.67501	0.925488	0.925488	1	1	
0.840964	-nan	0.92484	1.76041	1	1	1	1	1	1	2.67848	0.92484	0.92484	1	1	
0.844578	-nan	0.924195	1.75893	1	1	1	1	1	1	2.68186	0.924195	0.924195	1	1	
0.848193	-nan	0.923553	1.75746	1	1	1	1	1	1	2.68513	0.923553	0.923553	1	1	
0.851807	-nan	0.922915	1.75598	1	1	1	1	1	1	2.68832	0.922915	0.922915	1	1	
0.855422	-nan	0.922281	1.75451	1	1	1	1	1	1	2.69141	0.922281	0.922281	1	1	
0.859036	-nan	0.92165	1.75304	1	1	1	1	1	1	2.69441	0.92165	0.92165	1	1	
0.862651	-nan	0.921022	1.75157	1	1	1	1	1	1	2.69733	0.921022	0.921022	1	1	
0.866265	-nan	0.920398	1.7501	1	1	1	1	1	1	2.70017	0.920398	0.920398	1	1	
0.86988	-nan	0.919777	1.74863	1	1	1	1	1	1	2.70293	0.919777	0.919777	1	1	
0.873494	-nan	0.919159	1.74717	1	1	1	1	1	1	2.70561	0.919159	0.919159	1	1	
0.877108	-nan	0.918545	1.74571	1	1	1	1	1	1	2.70823	0.918545	0.918545	1	1	
0.880723	-nan	0.917935	1.74425	1	1	1	1	1	1	2.71077	0.917935	0.917935	1	1	
0.884337	-nan	0.917327	1.7428	1	1	1	1	1	1	2.71324	0.917327	0.917327	1	1	
0.887952	-nan	0.916723	1.74134	1	1	1	1	1	1	2.71565	0.916723	0.916723	1	1	
0.891566	-nan	0.916123	1.73989	1	1	1	1	1	1	2.71799	0.916123	0.916123	1	1	
0.895181	-nan	0.915526	1.73844	1	1	1	1	1	1	2.72028	0.915526	0.915526	1	1	
0.898795	-nan	0.914932	1.737	1	1	1	1	1	1	2.7225	0.914932	0.914932	1	1	
0.90241	-nan	0.914341	1.73556	1	1	1	1	1	1	2.72467	0.914341	0.914341	1	1	
0.906024	-nan	0.913754	1.73412	1	1	1	1	1	1	2.72679	0.913754	0.913754	1	1	
0.909639	-nan	0.913171	1.73268	1	1	1	1	1	1	2.72885	0.913171	0.913171	1	1	
0.913253	-nan	0.91259	1.73125	1	1	1	1	1	1	2.73086	0.91259	0.91259	1	1	
0.916867	-nan	0.912013	1.72982	1	1	1	1	1	1	2.73282	0.912013	0.912013	1	1	
0.920482	-nan	0.911439	1.72839	1	1	1	1	1	1	2.73474	0.911439	0.911439	1	1	
0.924096	-nan	0.910869	1.72697	1	1	1	1	1	1	2.73661	0.910869	0.910869	1	1	
0.927711	-nan	0.910302	1.72555	1	1	1	1	1	1	2.73844	0.910302	0.910302	1	1	
0.931325	-nan	0.909738	1.72413	1	1	1	1	1	1	2.74022	0.909738	0.909738	1	1	
0.93494	-nan	0.909177	1.72271	1	1	1	1	1	1	2.74197	0.909177	0.909177	1	1	
0.938554	-nan	0.90862	1.7213	1	1	1	1	1	1	2.74367	0.90862	0.90862	1	1	
0.942169	-nan	0.908066	1.7199	1	1	1	1	1	1	2.74534	0.908066	0.908066	1	1	
0.945783	-nan	0.907516	1.71849	1	1	1	1	1	1	2.74697	0.907516	0.907516	1	1	
0.949398	-nan	0.906968	1.71709	1	1	1	1	1	1	2.74857	0.906968	0.906968	1	1	
0.953012	-nan	0.906424	1.71569	1	1	1	1	1	1	2.75013	0.906424	0.906424	1	1	
0.956627	-nan	0.905883	1.7143	1	1	1	1	1	1	2.75166	0.905883	0.905883	1	1	
0.960241	-nan	0.905345	1.71291	1	1	1	1	1	1	2.75316	0.905345	0.905345	1	1	
0.963855	-nan	0.904811	1.71153	1	1	1	1	1	1	2.75463	0.904811	0.904811	1	1	
0.96747	-nan	0.90428	1.71015	1	1	1	1	1	1	2.75607	0.90428	0.90428	1	1	
0.971084	-nan	0.903752	1.70877	1	1	1	1	1	1	2.75748	0.903752	0.903752	1	1	
0.974699	-nan	0.903227	1.70739	1	1	1	1	1	1	2.75887	0.903227	0.903227	1	1	
0.978313	-nan	0.902705	1.70602	1	1	1	1	1	1	2.76023	0.902705	0.902705	1	1	
0.981928	-nan	0.902187	1.70466	1	1	1	1	1	1	2.76156	0.902187	0.902187	1	1	
0.985542	-nan	0.901672	1.70329	1	1	1	1	1	1	2.76287	0.901672	0.901672	1	1	
0.989157	-nan	0.901159	1.70193	1	1	1	1	1	1	2.76415	0.901159	0.901159	1	1	
0.992771	-nan	0.900651	1.70058	1	1	1	1	1	1	2.76542	0.900651	0.900651	1	1	
0.996386	-nan	0.900145	1.69923	1	1	1	1	1	1	2.76666	0.900145	0.900145	1	1	
1	-nan	-nan	-nan	-nan	-nan	-nan	-nan	-nan	-nan	-nan	-nan	-nan	-nan	-nan	
