1e-05	-nan	0.516779	0.410837	1	1	1	1	1	1	77.0967	0.516779	0.516779	1	1	
1.03753e-05	-nan	0.517147	0.411522	1	1	1	1	1	1	77.092	0.517147	0.517147	1	1	
1.07647e-05	-nan	0.517519	0.412213	1	1	1	1	1	1	77.0871	0.517519	0.517519	1	1	
1.11686e-05	-nan	0.517896	0.412909	1	1	1	1	1	1	77.0821	0.517896	0.517896	1	1	
1.15878e-05	-nan	0.518278	0.41361	1	1	1	1	1	1	77.077	0.518278	0.518278	1	1	
1.20226e-05	-nan	0.518666	0.414317	1	1	1	1	1	1	77.0717	0.518666	0.518666	1	1	
1.24738e-05	-nan	0.519059	0.415029	1	1	1	1	1	1	77.0663	0.519059	0.519059	1	1	
1.2942e-05	-nan	0.519457	0.415747	1	1	1	1	1	1	77.0608	0.519457	0.519457	1	1	
1.34276e-05	-nan	0.519861	0.41647	1	1	1	1	1	1	77.0551	0.519861	0.519861	1	1	
1.39316e-05	-nan	0.52027	0.417199	1	1	1	1	1	1	77.0492	0.52027	0.52027	1	1	
1.44544e-05	-nan	0.520685	0.417933	1	1	1	1	1	1	77.0432	0.520685	0.520685	1	1	
1.49968e-05	-nan	0.521105	0.418673	1	1	1	1	1	1	77.0371	0.521105	0.521105	1	1	
1.55597e-05	-nan	0.521531	0.419418	1	1	1	1	1	1	77.0308	0.521531	0.521531	1	1	
1.61436e-05	-nan	0.521963	0.42017	1	1	1	1	1	1	77.0243	0.521963	0.521963	1	1	
1.67494e-05	-nan	0.522401	0.420927	1	1	1	1	1	1	77.0177	0.522401	0.522401	1	1	
1.7378e-05	-nan	0.522845	0.42169	1	1	1	1	1	1	77.0108	0.522845	0.522845	1	1	
1.80302e-05	-nan	0.523295	0.422458	1	1	1	1	1	1	77.0038	0.523295	0.523295	1	1	
1.87068e-05	-nan	0.523751	0.423233	1	1	1	1	1	1	76.9967	0.523751	0.523751	1	1	
1.94089e-05	-nan	0.524214	0.424014	1	1	1	1	1	1	76.9893	0.524214	0.524214	1	1	
2.01372e-05	-nan	0.524682	0.4248	1	1	1	1	1	1	76.9817	0.524682	0.524682	1	1	
2.0893e-05	-nan	0.525157	0.425593	1	1	1	1	1	1	76.974	0.525157	0.525157	1	1	
2.1677e-05	-nan	0.525639	0.426391	1	1	1	1	1	1	76.966	0.525639	0.525639	1	1	
2.24905e-05	-nan	0.526127	0.427196	1	1	1	1	1	1	76.9578	0.526127	0.526127	1	1	
2.33346e-05	-nan	0.526621	0.428007	1	1	1	1	1	1	76.9494	0.526621	0.526621	1	1	
2.42103e-05	-nan	0.527123	0.428824	1	1	1	1	1	1	76.9408	0.527123	0.527123	1	1	
2.51189e-05	-nan	0.527631	0.429647	1	1	1	1	1	1	76.932	0.527631	0.527631	1	1	
2.60615e-05	-nan	0.528146	0.430477	1	1	1	1	1	1	76.9229	0.528146	0.528146	1	1	
2.70396e-05	-nan	0.528668	0.431313	1	1	1	1	1	1	76.9136	0.528668	0.528668	1	1	
2.80543e-05	-nan	0.529197	0.432156	1	1	1	1	1	1	76.904	0.529197	0.529197	1	1	
2.91072e-05	-nan	0.529733	0.433005	1	1	1	1	1	1	76.8942	0.529733	0.529733	1	1	
3.01995e-05	-nan	0.530277	0.43386	1	1	1	1	1	1	76.8841	0.530277	0.530277	1	1	
3.13329e-05	-nan	0.530828	0.434722	1	1	1	1	1	1	76.8738	0.530828	0.530828	1	1	
3.25087e-05	-nan	0.531386	0.435591	1	1	1	1	1	1	76.8632	0.531386	0.531386	1	1	
3.37287e-05	-nan	0.531952	0.436466	1	1	1	1	1	1	76.8523	0.531952	0.531952	1	1	
3.49945e-05	-nan	0.532526	0.437348	1	1	1	1	1	1	76.8411	0.532526	0.532526	1	1	
3.63078e-05	-nan	0.533107	0.438236	1	1	1	1	1	1	76.8296	0.533107	0.533107	1	1	
3.76704e-05	-nan	0.533696	0.439132	1	1	1	1	1	1	76.8178	0.533696	0.533696	1	1	
3.90841e-05	-nan	0.534293	0.440034	1	1	1	1	1	1	76.8057	0.534293	0.534293	1	1	
4.05509e-05	-nan	0.534899	0.440944	1	1	1	1	1	1	76.7932	0.534899	0.534899	1	1	
4.20727e-05	-nan	0.535512	0.44186	1	1	1	1	1	1	76.7805	0.535512	0.535512	1	1	
4.36516e-05	-nan	0.536134	0.442783	1	1	1	1	1	1	76.7673	0.536134	0.536134	1	1	
4.52898e-05	-nan	0.536764	0.443713	1	1	1	1	1	1	76.7539	0.536764	0.536764	1	1	
4.69894e-05	-nan	0.537402	0.444651	1	1	1	1	1	1	76.74	0.537402	0.537402	1	1	
4.87528e-05	-nan	0.538049	0.445596	1	1	1	1	1	1	76.7258	0.538049	0.538049	1	1	
5.05825e-05	-nan	0.538705	0.446547	1	1	1	1	1	1	76.7113	0.538705	0.538705	1	1	
5.24807e-05	-nan	0.53937	0.447507	1	1	1	1	1	1	76.6963	0.53937	0.53937	1	1	
5.44503e-05	-nan	0.540043	0.448473	1	1	1	1	1	1	76.6809	0.540043	0.540043	1	1	
5.64937e-05	-nan	0.540726	0.449447	1	1	1	1	1	1	76.6651	0.540726	0.540726	1	1	
5.86138e-05	-nan	0.541417	0.450429	1	1	1	1	1	1	76.6489	0.541417	0.541417	1	1	
6.08135e-05	-nan	0.542118	0.451418	1	1	1	1	1	1	76.6322	0.542118	0.542118	1	1	
6.30957e-05	-nan	0.542828	0.452414	1	1	1	1	1	1	76.6151	0.542828	0.542828	1	1	
6.54636e-05	-nan	0.543548	0.453418	1	1	1	1	1	1	76.5975	0.543548	0.543548	1	1	
6.79204e-05	-nan	0.544278	0.45443	1	1	1	1	1	1	76.5794	0.544278	0.544278	1	1	
7.04693e-05	-nan	0.545017	0.45545	1	1	1	1	1	1	76.5609	0.545017	0.545017	1	1	
7.31139e-05	-nan	0.545766	0.456478	1	1	1	1	1	1	76.5418	0.545766	0.545766	1	1	
7.58578e-05	-nan	0.546525	0.457513	1	1	1	1	1	1	76.5222	0.546525	0.546525	1	1	
7.87046e-05	-nan	0.547294	0.458556	1	1	1	1	1	1	76.5021	0.547294	0.547294	1	1	
8.16582e-05	-nan	0.548073	0.459608	1	1	1	1	1	1	76.4814	0.548073	0.548073	1	1	
8.47227e-05	-nan	0.548863	0.460667	1	1	1	1	1	1	76.4602	0.548863	0.548863	1	1	
8.79023e-05	-nan	0.549663	0.461735	1	1	1	1	1	1	76.4383	0.549663	0.549663	1	1	
9.12011e-05	-nan	0.550473	0.462811	1	1	1	1	1	1	76.4159	0.550473	0.550473	1	1	
9.46237e-05	-nan	0.551295	0.463895	1	1	1	1	1	1	76.3929	0.551295	0.551295	1	1	
9.81748e-05	-nan	0.552127	0.464987	1	1	1	1	1	1	76.3692	0.552127	0.552127	1	1	
0.000101859	-nan	0.55297	0.466088	1	1	1	1	1	1	76.3449	0.55297	0.55297	1	1	
0.000105682	-nan	0.553825	0.467198	1	1	1	1	1	1	76.3198	0.553825	0.553825	1	1	
0.000109648	-nan	0.55469	0.468316	1	1	1	1	1	1	76.2941	0.55469	0.55469	1	1	
0.000113763	-nan	0.555567	0.469442	1	1	1	1	1	1	76.2677	0.555567	0.555567	1	1	
0.000118032	-nan	0.556456	0.470578	1	1	1	1	1	1	76.2406	0.556456	0.556456	1	1	
0.000122462	-nan	0.557356	0.471722	1	1	1	1	1	1	76.2126	0.557356	0.557356	1	1	
0.000127057	-nan	0.558268	0.472875	1	1	1	1	1	1	76.1839	0.558268	0.558268	1	1	
0.000131826	-nan	0.559192	0.474037	1	1	1	1	1	1	76.1545	0.559192	0.559192	1	1	
0.000136773	-nan	0.560128	0.475208	1	1	1	1	1	1	76.1241	0.560128	0.560128	1	1	
0.000141906	-nan	0.561076	0.476388	1	1	1	1	1	1	76.093	0.561076	0.561076	1	1	
0.000147231	-nan	0.562037	0.477577	1	1	1	1	1	1	76.0609	0.562037	0.562037	1	1	
0.000152757	-nan	0.56301	0.478775	1	1	1	1	1	1	76.0279	0.56301	0.56301	1	1	
0.000158489	-nan	0.563996	0.479983	1	1	1	1	1	1	75.9941	0.563996	0.563996	1	1	
0.000164437	-nan	0.564995	0.4812	1	1	1	1	1	1	75.9592	0.564995	0.564995	1	1	
0.000170608	-nan	0.566006	0.482427	1	1	1	1	1	1	75.9234	0.566006	0.566006	1	1	
0.000177011	-nan	0.567031	0.483663	1	1	1	1	1	1	75.8865	0.567031	0.567031	1	1	
0.000183654	-nan	0.568069	0.484909	1	1	1	1	1	1	75.8486	0.568069	0.568069	1	1	
0.000190546	-nan	0.56912	0.486164	1	1	1	1	1	1	75.8096	0.56912	0.56912	1	1	
0.000197697	-nan	0.570185	0.48743	1	1	1	1	1	1	75.7695	0.570185	0.570185	1	1	
0.000205116	-nan	0.571264	0.488705	1	1	1	1	1	1	75.7283	0.571264	0.571264	1	1	
0.000212814	-nan	0.572356	0.48999	1	1	1	1	1	1	75.6859	0.572356	0.572356	1	1	
0.0002208	-nan	0.573462	0.491286	1	1	1	1	1	1	75.6422	0.573462	0.573462	1	1	
0.000229087	-nan	0.574583	0.492591	1	1	1	1	1	1	75.5973	0.574583	0.574583	1	1	
0.000237684	-nan	0.575718	0.493907	1	1	1	1	1	1	75.5511	0.575718	0.575718	1	1	
0.000246604	-nan	0.576867	0.495234	1	1	1	1	1	1	75.5035	0.576867	0.576867	1	1	
0.000255859	-nan	0.578031	0.49657	1	1	1	1	1	1	75.4546	0.578031	0.578031	1	1	
0.000265461	-nan	0.57921	0.497918	1	1	1	1	1	1	75.4043	0.57921	0.57921	1	1	
0.000275423	-nan	0.580404	0.499276	1	1	1	1	1	1	75.3525	0.580404	0.580404	1	1	
0.000285759	-nan	0.581613	0.500645	1	1	1	1	1	1	75.2991	0.581613	0.581613	1	1	
0.000296483	-nan	0.582837	0.502025	1	1	1	1	1	1	75.2442	0.582837	0.582837	1	1	
0.00030761	-nan	0.584076	0.503416	1	1	1	1	1	1	75.1877	0.584076	0.584076	1	1	
0.000319154	-nan	0.585331	0.504817	1	1	1	1	1	1	75.1296	0.585331	0.585331	1	1	
0.000331131	-nan	0.586602	0.506231	1	1	1	1	1	1	75.0697	0.586602	0.586602	1	1	
0.000343558	-nan	0.587889	0.507655	1	1	1	1	1	1	75.0081	0.587889	0.587889	1	1	
0.000356451	-nan	0.589192	0.509091	1	1	1	1	1	1	74.9446	0.589192	0.589192	1	1	
0.000369828	-nan	0.590511	0.510539	1	1	1	1	1	1	74.8792	0.590511	0.590511	1	1	
0.000383707	-nan	0.591846	0.511998	1	1	1	1	1	1	74.8119	0.591846	0.591846	1	1	
0.000398107	-nan	0.593198	0.513469	1	1	1	1	1	1	74.7426	0.593198	0.593198	1	1	
0.000413048	-nan	0.594567	0.514953	1	1	1	1	1	1	74.6711	0.594567	0.594567	1	1	
0.000428549	-nan	0.595952	0.516448	1	1	1	1	1	1	74.5976	0.595952	0.595952	1	1	
0.000444631	-nan	0.597355	0.517955	1	1	1	1	1	1	74.5218	0.597355	0.597355	1	1	
0.000461318	-nan	0.598775	0.519475	1	1	1	1	1	1	74.4438	0.598775	0.598775	1	1	
0.00047863	-nan	0.600212	0.521008	1	1	1	1	1	1	74.3633	0.600212	0.600212	1	1	
0.000496592	-nan	0.601667	0.522553	1	1	1	1	1	1	74.2805	0.601667	0.601667	1	1	
0.000515229	-nan	0.603139	0.524111	1	1	1	1	1	1	74.195	0.603139	0.603139	1	1	
0.000534564	-nan	0.604629	0.525681	1	1	1	1	1	1	74.107	0.604629	0.604629	1	1	
0.000554626	-nan	0.606138	0.527265	1	1	1	1	1	1	74.0163	0.606138	0.606138	1	1	
0.00057544	-nan	0.607664	0.528863	1	1	1	1	1	1	73.9228	0.607664	0.607664	1	1	
0.000597035	-nan	0.609209	0.530473	1	1	1	1	1	1	73.8264	0.609209	0.609209	1	1	
0.000619441	-nan	0.610773	0.532097	1	1	1	1	1	1	73.7271	0.610773	0.610773	1	1	
0.000642688	-nan	0.612355	0.533735	1	1	1	1	1	1	73.6246	0.612355	0.612355	1	1	
0.000666807	-nan	0.613956	0.535387	1	1	1	1	1	1	73.5189	0.613956	0.613956	1	1	
0.000691831	-nan	0.615576	0.537054	1	1	1	1	1	1	73.41	0.615576	0.615576	1	1	
0.000717794	-nan	0.617215	0.538734	1	1	1	1	1	1	73.2976	0.617215	0.617215	1	1	
0.000744732	-nan	0.618874	0.540429	1	1	1	1	1	1	73.1817	0.618874	0.618874	1	1	
0.000772681	-nan	0.620552	0.542139	1	1	1	1	1	1	73.0621	0.620552	0.620552	1	1	
0.000801678	-nan	0.622249	0.543863	1	1	1	1	1	1	72.9388	0.622249	0.622249	1	1	
0.000831764	-nan	0.623967	0.545603	1	1	1	1	1	1	72.8115	0.623967	0.623967	1	1	
0.000862979	-nan	0.625704	0.547358	1	1	1	1	1	1	72.6802	0.625704	0.625704	1	1	
0.000895365	-nan	0.627462	0.549128	1	1	1	1	1	1	72.5446	0.627462	0.627462	1	1	
0.000928966	-nan	0.62924	0.550915	1	1	1	1	1	1	72.4048	0.62924	0.62924	1	1	
0.000963829	-nan	0.631038	0.552717	1	1	1	1	1	1	72.2604	0.631038	0.631038	1	1	
0.001	-nan	0.632857	0.554535	1	1	1	1	1	1	72.1113	0.632857	0.632857	1	1	
0.00103753	-nan	0.634697	0.55637	1	1	1	1	1	1	71.9574	0.634697	0.634697	1	1	
0.00107647	-nan	0.636557	0.558222	1	1	1	1	1	1	71.7985	0.636557	0.636557	1	1	
0.00111686	-nan	0.638439	0.560091	1	1	1	1	1	1	71.6344	0.638439	0.638439	1	1	
0.00115878	-nan	0.640341	0.561977	1	1	1	1	1	1	71.4649	0.640341	0.640341	1	1	
0.00120226	-nan	0.642265	0.56388	1	1	1	1	1	1	71.2898	0.642265	0.642265	1	1	
0.00124738	-nan	0.644211	0.565802	1	1	1	1	1	1	71.109	0.644211	0.644211	1	1	
0.0012942	-nan	0.646178	0.567741	1	1	1	1	1	1	70.9222	0.646178	0.646178	1	1	
0.00134276	-nan	0.648167	0.569699	1	1	1	1	1	1	70.7291	0.648167	0.648167	1	1	
0.00139316	-nan	0.650177	0.571676	1	1	1	1	1	1	70.5296	0.650177	0.650177	1	1	
0.00144544	-nan	0.65221	0.573672	1	1	1	1	1	1	70.3234	0.65221	0.65221	1	1	
0.00149968	-nan	0.654265	0.575687	1	1	1	1	1	1	70.1103	0.654265	0.654265	1	1	
0.00155597	-nan	0.656342	0.577722	1	1	1	1	1	1	69.89	0.656342	0.656342	1	1	
0.00161436	-nan	0.658441	0.579777	1	1	1	1	1	1	69.6622	0.658441	0.658441	1	1	
0.00167494	-nan	0.660563	0.581852	1	1	1	1	1	1	69.4267	0.660563	0.660563	1	1	
0.0017378	-nan	0.662707	0.583948	1	1	1	1	1	1	69.1832	0.662707	0.662707	1	1	
0.00180302	-nan	0.664875	0.586066	1	1	1	1	1	1	68.9313	0.664875	0.664875	1	1	
0.00187068	-nan	0.667065	0.588205	1	1	1	1	1	1	68.6708	0.667065	0.667065	1	1	
0.00194089	-nan	0.669278	0.590366	1	1	1	1	1	1	68.4013	0.669278	0.669278	1	1	
0.00201372	-nan	0.671514	0.59255	1	1	1	1	1	1	68.1225	0.671514	0.671514	1	1	
0.0020893	-nan	0.673773	0.594757	1	1	1	1	1	1	67.834	0.673773	0.673773	1	1	
0.0021677	-nan	0.676055	0.596987	1	1	1	1	1	1	67.5355	0.676055	0.676055	1	1	
0.00224905	-nan	0.678361	0.599241	1	1	1	1	1	1	67.2266	0.678361	0.678361	1	1	
0.00233346	-nan	0.68069	0.60152	1	1	1	1	1	1	66.9069	0.68069	0.68069	1	1	
0.00242103	-nan	0.683042	0.603824	1	1	1	1	1	1	66.576	0.683042	0.683042	1	1	
0.00251189	-nan	0.685419	0.606153	1	1	1	1	1	1	66.2335	0.685419	0.685419	1	1	
0.00260615	-nan	0.687818	0.608508	1	1	1	1	1	1	65.8789	0.687818	0.687818	1	1	
0.00270396	-nan	0.690242	0.610889	1	1	1	1	1	1	65.5117	0.690242	0.690242	1	1	
0.00280543	-nan	0.692689	0.613298	1	1	1	1	1	1	65.1316	0.692689	0.692689	1	1	
0.00291072	-nan	0.69516	0.615735	1	1	1	1	1	1	64.7381	0.69516	0.69516	1	1	
0.00301995	-nan	0.697655	0.6182	1	1	1	1	1	1	64.3306	0.697655	0.697655	1	1	
0.00313329	-nan	0.700174	0.620695	1	1	1	1	1	1	63.9086	0.700174	0.700174	1	1	
0.00325087	-nan	0.702717	0.623219	1	1	1	1	1	1	63.4716	0.702717	0.702717	1	1	
0.00337287	-nan	0.705283	0.625774	1	1	1	1	1	1	63.0191	0.705283	0.705283	1	1	
0.00349945	-nan	0.707874	0.62836	1	1	1	1	1	1	62.5505	0.707874	0.707874	1	1	
0.00363078	-nan	0.710489	0.630978	1	1	1	1	1	1	62.0653	0.710489	0.710489	1	1	
0.00376704	-nan	0.713128	0.633629	1	1	1	1	1	1	61.5628	0.713128	0.713128	1	1	
0.00390841	-nan	0.715791	0.636314	1	1	1	1	1	1	61.0425	0.715791	0.715791	1	1	
0.00405509	-nan	0.718478	0.639033	1	1	1	1	1	1	60.5039	0.718478	0.718478	1	1	
0.00420727	-nan	0.721189	0.641788	1	1	1	1	1	1	59.9463	0.721189	0.721189	1	1	
0.00436516	-nan	0.723924	0.644579	1	1	1	1	1	1	59.369	0.723924	0.723924	1	1	
0.00452898	-nan	0.726683	0.647407	1	1	1	1	1	1	58.7716	0.726683	0.726683	1	1	
0.00469894	-nan	0.729466	0.650274	1	1	1	1	1	1	58.1534	0.729466	0.729466	1	1	
0.00487528	-nan	0.732273	0.65318	1	1	1	1	1	1	57.5138	0.732273	0.732273	1	1	
0.00505825	-nan	0.735103	0.656127	1	1	1	1	1	1	56.8523	0.735103	0.735103	1	1	
0.00524807	-nan	0.737958	0.659115	1	1	1	1	1	1	56.1683	0.737958	0.737958	1	1	
0.00544503	-nan	0.740836	0.662146	1	1	1	1	1	1	55.4612	0.740836	0.740836	1	1	
0.00564937	-nan	0.743738	0.665221	1	1	1	1	1	1	54.7306	0.743738	0.743738	1	1	
0.00586138	-nan	0.746664	0.668341	1	1	1	1	1	1	53.9759	0.746664	0.746664	1	1	
0.00608135	-nan	0.749613	0.671507	1	1	1	1	1	1	53.1968	0.749613	0.749613	1	1	
0.00630957	-nan	0.752585	0.674722	1	1	1	1	1	1	52.3928	0.752585	0.752585	1	1	
0.00654636	-nan	0.755581	0.677985	1	1	1	1	1	1	51.5638	0.755581	0.755581	1	1	
0.00679204	-nan	0.7586	0.681299	1	1	1	1	1	1	50.7094	0.7586	0.7586	1	1	
0.00704693	-nan	0.761642	0.684666	1	1	1	1	1	1	49.8295	0.761642	0.761642	1	1	
0.00731139	-nan	0.764706	0.688086	1	1	1	1	1	1	48.9241	0.764706	0.764706	1	1	
0.00758578	-nan	0.767793	0.691561	1	1	1	1	1	1	47.9933	0.767793	0.767793	1	1	
0.00787046	-nan	0.770903	0.695093	1	1	1	1	1	1	47.0372	0.770903	0.770903	1	1	
0.00816582	-nan	0.774035	0.698684	1	1	1	1	1	1	46.0563	0.774035	0.774035	1	1	
0.00847227	-nan	0.77719	0.702336	1	1	1	1	1	1	45.0511	0.77719	0.77719	1	1	
0.00879023	-nan	0.780366	0.70605	1	1	1	1	1	1	44.0222	0.780366	0.780366	1	1	
0.00912011	-nan	0.783564	0.709829	1	1	1	1	1	1	42.9706	0.783564	0.783564	1	1	
0.00946237	-nan	0.786783	0.713674	1	1	1	1	1	1	41.8973	0.786783	0.786783	1	1	
0.00981748	-nan	0.790023	0.717587	1	1	1	1	1	1	40.8037	0.790023	0.790023	1	1	
0.0101859	-nan	0.793284	0.721571	1	1	1	1	1	1	39.6913	0.793284	0.793284	1	1	
0.0105682	-nan	0.796566	0.725628	1	1	1	1	1	1	38.5618	0.796566	0.796566	1	1	
0.0109648	-nan	0.799869	0.729761	1	1	1	1	1	1	37.4174	0.799869	0.799869	1	1	
0.0113763	-nan	0.803191	0.733971	1	1	1	1	1	1	36.2601	0.803191	0.803191	1	1	
0.0118032	-nan	0.806532	0.738262	1	1	1	1	1	1	35.0926	0.806532	0.806532	1	1	
0.0122462	-nan	0.809894	0.742635	1	1	1	1	1	1	33.9174	0.809894	0.809894	1	1	
0.0127057	-nan	0.813273	0.747094	1	1	1	1	1	1	32.7376	0.813273	0.813273	1	1	
0.0131826	-nan	0.816672	0.751641	1	1	1	1	1	1	31.5561	0.816672	0.816672	1	1	
0.0136773	-nan	0.820088	0.75628	1	1	1	1	1	1	30.3761	0.820088	0.820088	1	1	
0.0141906	-nan	0.823523	0.761013	1	1	1	1	1	1	29.201	0.823523	0.823523	1	1	
0.0147231	-nan	0.826974	0.765843	1	1	1	1	1	1	28.0341	0.826974	0.826974	1	1	
0.0152757	-nan	0.830442	0.770774	1	1	1	1	1	1	26.8787	0.830442	0.830442	1	1	
0.0158489	-nan	0.833926	0.775809	1	1	1	1	1	1	25.738	0.833926	0.833926	1	1	
0.0164437	-nan	0.837426	0.780951	1	1	1	1	1	1	24.6153	0.837426	0.837426	1	1	
0.0170608	-nan	0.840941	0.786204	1	1	1	1	1	1	23.5134	0.840941	0.840941	1	1	
0.0177011	-nan	0.844471	0.791571	1	1	1	1	1	1	22.4349	0.844471	0.844471	1	1	
0.0183654	-nan	0.848014	0.797057	1	1	1	1	1	1	21.3821	0.848014	0.848014	1	1	
0.0190546	-nan	0.851571	0.802665	1	1	1	1	1	1	20.357	0.851571	0.851571	1	1	
0.0197697	-nan	0.85514	0.808399	1	1	1	1	1	1	19.3611	0.85514	0.85514	1	1	
0.0205116	-nan	0.858721	0.814263	1	1	1	1	1	1	18.3953	0.858721	0.858721	1	1	
0.0212814	-nan	0.862313	0.820262	1	1	1	1	1	1	17.46	0.862313	0.862313	1	1	
0.02208	-nan	0.865916	0.8264	1	1	1	1	1	1	16.5554	0.865916	0.865916	1	1	
0.0229087	-nan	0.869528	0.832681	1	1	1	1	1	1	15.6808	0.869528	0.869528	1	1	
0.0237684	-nan	0.873149	0.83911	1	1	1	1	1	1	14.8352	0.873149	0.873149	1	1	
0.0246604	-nan	0.876778	0.845691	1	1	1	1	1	1	14.0173	0.876778	0.876778	1	1	
0.0255859	-nan	0.880414	0.85243	1	1	1	1	1	1	13.2251	0.880414	0.880414	1	1	
0.0265461	-nan	0.884056	0.85933	1	1	1	1	1	1	12.4565	0.884056	0.884056	1	1	
0.0275423	-nan	0.887702	0.866398	1	1	1	1	1	1	11.7093	0.887702	0.887702	1	1	
0.0285759	-nan	0.891353	0.873637	1	1	1	1	1	1	10.9811	0.891353	0.891353	1	1	
0.0296483	-nan	0.895006	0.881053	1	1	1	1	1	1	10.2694	0.895006	0.895006	1	1	
0.030761	-nan	0.898661	0.88865	1	1	1	1	1	1	9.57201	0.898661	0.898661	1	1	
0.0319154	-nan	0.902316	0.896435	1	1	1	1	1	1	8.88701	0.902316	0.902316	1	1	
0.0331131	-nan	0.905971	0.904411	1	1	1	1	1	1	8.21289	0.905971	0.905971	1	1	
0.0343558	-nan	0.909623	0.912584	1	1	1	1	1	1	7.54868	0.909623	0.909623	1	1	
0.0356451	-nan	0.913272	0.920959	1	1	1	1	1	1	6.89411	0.913272	0.913272	1	1	
0.0369828	-nan	0.916915	0.92954	1	1	1	1	1	1	6.2497	0.916915	0.916915	1	1	
0.0383707	-nan	0.920552	0.938332	1	1	1	1	1	1	5.61683	0.920552	0.920552	1	1	
0.0398107	-nan	0.924181	0.947338	1	1	1	1	1	1	4.99777	0.924181	0.924181	1	1	
0.0413048	-nan	0.9278	0.956564	1	1	1	1	1	1	4.39571	0.9278	0.9278	1	1	
0.0428549	-nan	0.931407	0.966013	1	1	1	1	1	1	3.81462	0.931407	0.931407	1	1	
0.0444631	-nan	0.935001	0.975687	1	1	1	1	1	1	3.25916	0.935001	0.935001	1	1	
0.0461318	-nan	0.93858	0.98559	1	1	1	1	1	1	2.73447	0.93858	0.93858	1	1	
0.047863	-nan	0.942141	0.995724	1	1	1	1	1	1	2.24585	0.942141	0.942141	1	1	
0.0496592	-nan	0.945682	1.00609	1	1	1	1	1	1	1.79846	0.945682	0.945682	1	1	
0.0515229	-nan	0.949202	1.01669	1	1	1	1	1	1	1.39695	0.949202	0.949202	1	1	
0.0534564	-nan	0.952698	1.02751	1	1	1	1	1	1	1.0451	0.952698	0.952698	1	1	
0.0554626	-nan	0.956167	1.03857	1	1	1	1	1	1	0.745481	0.956167	0.956167	1	1	
0.057544	-nan	0.959607	1.04985	1	1	1	1	1	1	0.499232	0.959607	0.959607	1	1	
0.0597035	-nan	0.963015	1.06135	1	1	1	1	1	1	0.305893	0.963015	0.963015	1	1	
0.0619441	-nan	0.966389	1.07306	1	1	1	1	1	1	0.163412	0.966389	0.966389	1	1	
0.0642688	-nan	0.969725	1.08497	1	1	1	1	1	1	0.068261	0.969725	0.969725	1	1	
0.0666807	-nan	0.973021	1.09707	1	1	1	1	1	1	0.0156803	0.973021	0.973021	1	1	
0.0691831	-nan	0.976273	1.10934	1	1	1	1	1	1	9.04455e-06	0.976273	0.976273	1	1	
0.0717794	-nan	0.979478	1.12177	1	1	1	1	1	1	0.0150634	0.979478	0.979478	1	1	
0.0744732	-nan	0.982633	1.13432	1	1	1	1	1	1	0.0545195	0.982633	0.982633	1	1	
0.0772681	-nan	0.985733	1.14698	1	1	1	1	1	1	0.112259	0.985733	0.985733	1	1	
0.0801678	-nan	0.988774	1.15971	1	1	1	1	1	1	0.182651	0.988774	0.988774	1	1	
0.0831764	-nan	0.991754	1.17246	1	1	1	1	1	1	0.260746	0.991754	0.991754	1	1	
0.0862979	-nan	0.994667	1.1852	1	1	1	1	1	1	0.342394	0.994667	0.994667	1	1	
0.0895365	-nan	0.997509	1.19787	1	1	1	1	1	1	0.42427	0.997509	0.997509	1	1	
0.0928966	-nan	1.00028	1.21042	1	1	1	1	1	1	0.503853	1.00028	1.00028	1	1	
0.0963829	-nan	1.00296	1.22277	1	1	1	1	1	1	0.579344	1.00296	1.00296	1	1	
0.1	-nan	1.00556	1.23485	1	1	1	1	1	1	0.64957	1.00556	1.00556	1	1	
0.103614	-nan	1.00799	1.24617	1	1	1	1	1	1	0.711646	1.00799	1.00799	1	1	
0.107229	-nan	1.01024	1.25671	1	1	1	1	1	1	0.766137	1.01024	1.01024	1	1	
0.110843	-nan	1.01234	1.26646	1	1	1	1	1	1	0.813737	1.01234	1.01234	1	1	
0.114458	-nan	1.01428	1.27543	1	1	1	1	1	1	0.855196	1.01428	1.01428	1	1	
0.118072	-nan	1.01609	1.2836	1	1	1	1	1	1	0.891258	1.01609	1.01609	1	1	
0.121687	-nan	1.01776	1.29098	1	1	1	1	1	1	0.922619	1.01776	1.01776	1	1	
0.125301	-nan	1.01931	1.29757	1	1	1	1	1	1	0.949907	1.01931	1.01931	1	1	
0.128916	-nan	1.02074	1.30338	1	1	1	1	1	1	0.973683	1.02074	1.02074	1	1	
0.13253	-nan	1.02205	1.30843	1	1	1	1	1	1	0.994435	1.02205	1.02205	1	1	
0.136145	-nan	1.02325	1.31274	1	1	1	1	1	1	1.01258	1.02325	1.02325	1	1	
0.139759	-nan	1.02434	1.31634	1	1	1	1	1	1	1.0285	1.02434	1.02434	1	1	
0.143373	-nan	1.02534	1.31926	1	1	1	1	1	1	1.04248	1.02534	1.02534	1	1	
0.146988	-nan	1.02624	1.32154	1	1	1	1	1	1	1.0548	1.02624	1.02624	1	1	
0.150602	-nan	1.02705	1.32322	1	1	1	1	1	1	1.06569	1.02705	1.02705	1	1	
0.154217	-nan	1.02777	1.32434	1	1	1	1	1	1	1.07534	1.02777	1.02777	1	1	
0.157831	-nan	1.02841	1.32496	1	1	1	1	1	1	1.08392	1.02841	1.02841	1	1	
0.161446	-nan	1.02897	1.32513	1	1	1	1	1	1	1.09156	1.02897	1.02897	1	1	
0.16506	-nan	1.02945	1.3249	1	1	1	1	1	1	1.09839	1.02945	1.02945	1	1	
0.168675	-nan	1.02986	1.32434	1	1	1	1	1	1	1.10451	1.02986	1.02986	1	1	
0.172289	-nan	1.0302	1.32351	1	1	1	1	1	1	1.11001	1.0302	1.0302	1	1	
0.175904	-nan	1.03047	1.32245	1	1	1	1	1	1	1.11496	1.03047	1.03047	1	1	
0.179518	-nan	1.03067	1.32124	1	1	1	1	1	1	1.11943	1.03067	1.03067	1	1	
0.183133	-nan	1.03081	1.31993	1	1	1	1	1	1	1.12348	1.03081	1.03081	1	1	
0.186747	-nan	1.03089	1.31857	1	1	1	1	1	1	1.12716	1.03089	1.03089	1	1	
0.190361	-nan	1.03091	1.31722	1	1	1	1	1	1	1.13051	1.03091	1.03091	1	1	
0.193976	-nan	1.03087	1.31593	1	1	1	1	1	1	1.13356	1.03087	1.03087	1	1	
0.19759	-nan	1.03078	1.31474	1	1	1	1	1	1	1.13635	1.03078	1.03078	1	1	
0.201205	-nan	1.03064	1.3137	1	1	1	1	1	1	1.1389	1.03064	1.03064	1	1	
0.204819	-nan	1.03045	1.31284	1	1	1	1	1	1	1.14125	1.03045	1.03045	1	1	
0.208434	-nan	1.03021	1.31221	1	1	1	1	1	1	1.14341	1.03021	1.03021	1	1	
0.212048	-nan	1.02992	1.31182	1	1	1	1	1	1	1.1454	1.02992	1.02992	1	1	
0.215663	-nan	1.02959	1.3117	1	1	1	1	1	1	1.14724	1.02959	1.02959	1	1	
0.219277	-nan	1.02921	1.31189	1	1	1	1	1	1	1.14894	1.02921	1.02921	1	1	
0.222892	-nan	1.02879	1.31239	1	1	1	1	1	1	1.15052	1.02879	1.02879	1	1	
0.226506	-nan	1.02833	1.31321	1	1	1	1	1	1	1.15199	1.02833	1.02833	1	1	
0.23012	-nan	1.02783	1.31437	1	1	1	1	1	1	1.15336	1.02783	1.02783	1	1	
0.233735	-nan	1.0273	1.31588	1	1	1	1	1	1	1.15463	1.0273	1.0273	1	1	
0.237349	-nan	1.02672	1.31773	1	1	1	1	1	1	1.15582	1.02672	1.02672	1	1	
0.240964	-nan	1.02611	1.31994	1	1	1	1	1	1	1.15693	1.02611	1.02611	1	1	
0.244578	-nan	1.02547	1.32249	1	1	1	1	1	1	1.15798	1.02547	1.02547	1	1	
0.248193	-nan	1.0248	1.32538	1	1	1	1	1	1	1.15895	1.0248	1.0248	1	1	
0.251807	-nan	1.02409	1.32862	1	1	1	1	1	1	1.15987	1.02409	1.02409	1	1	
0.255422	-nan	1.02335	1.33218	1	1	1	1	1	1	1.16074	1.02335	1.02335	1	1	
0.259036	-nan	1.02259	1.33606	1	1	1	1	1	1	1.16155	1.02259	1.02259	1	1	
0.262651	-nan	1.02179	1.34026	1	1	1	1	1	1	1.16232	1.02179	1.02179	1	1	
0.266265	-nan	1.02097	1.34476	1	1	1	1	1	1	1.16305	1.02097	1.02097	1	1	
0.26988	-nan	1.02012	1.34954	1	1	1	1	1	1	1.16374	1.02012	1.02012	1	1	
0.273494	-nan	1.01925	1.35461	1	1	1	1	1	1	1.16439	1.01925	1.01925	1	1	
0.277108	-nan	1.01835	1.35994	1	1	1	1	1	1	1.16501	1.01835	1.01835	1	1	
0.280723	-nan	1.01743	1.36552	1	1	1	1	1	1	1.1656	1.01743	1.01743	1	1	
0.284337	-nan	1.01649	1.37134	1	1	1	1	1	1	1.16616	1.01649	1.01649	1	1	
0.287952	-nan	1.01552	1.37739	1	1	1	1	1	1	1.1667	1.01552	1.01552	1	1	
0.291566	-nan	1.01453	1.38366	1	1	1	1	1	1	1.1672	1.01453	1.01453	1	1	
0.295181	-nan	1.01353	1.39012	1	1	1	1	1	1	1.16769	1.01353	1.01353	1	1	
0.298795	-nan	1.0125	1.39678	1	1	1	1	1	1	1.16815	1.0125	1.0125	1	1	
0.30241	-nan	1.01145	1.40361	1	1	1	1	1	1	1.1686	1.01145	1.01145	1	1	
0.306024	-nan	1.01039	1.41061	1	1	1	1	1	1	1.16902	1.01039	1.01039	1	1	
0.309639	-nan	1.00931	1.41777	1	1	1	1	1	1	1.16943	1.00931	1.00931	1	1	
0.313253	-nan	1.00821	1.42506	1	1	1	1	1	1	1.16982	1.00821	1.00821	1	1	
0.316867	-nan	1.0071	1.4325	1	1	1	1	1	1	1.1702	1.0071	1.0071	1	1	
0.320482	-nan	1.00597	1.44005	1	1	1	1	1	1	1.17056	1.00597	1.00597	1	1	
0.324096	-nan	1.00482	1.44772	1	1	1	1	1	1	1.17091	1.00482	1.00482	1	1	
0.327711	-nan	1.00367	1.45549	1	1	1	1	1	1	1.17125	1.00367	1.00367	1	1	
0.331325	-nan	1.00249	1.46336	1	1	1	1	1	1	1.17157	1.00249	1.00249	1	1	
0.33494	-nan	1.00131	1.47131	1	1	1	1	1	1	1.17188	1.00131	1.00131	1	1	
0.338554	-nan	1.00011	1.47934	1	1	1	1	1	1	1.17218	1.00011	1.00011	1	1	
0.342169	-nan	0.998903	1.48745	1	1	1	1	1	1	1.17248	0.998903	0.998903	1	1	
0.345783	-nan	0.997682	1.49562	1	1	1	1	1	1	1.17276	0.997682	0.997682	1	1	
0.349398	-nan	0.99645	1.50384	1	1	1	1	1	1	1.17303	0.99645	0.99645	1	1	
0.353012	-nan	0.995208	1.51212	1	1	1	1	1	1	1.1733	0.995208	0.995208	1	1	
0.356627	-nan	0.993955	1.52044	1	1	1	1	1	1	1.17355	0.993955	0.993955	1	1	
0.360241	-nan	0.992693	1.5288	1	1	1	1	1	1	1.1738	0.992693	0.992693	1	1	
0.363855	-nan	0.991423	1.5372	1	1	1	1	1	1	1.17404	0.991423	0.991423	1	1	
0.36747	-nan	0.990143	1.54562	1	1	1	1	1	1	1.17428	0.990143	0.990143	1	1	
0.371084	-nan	0.988855	1.55406	1	1	1	1	1	1	1.17451	0.988855	0.988855	1	1	
0.374699	-nan	0.98756	1.56253	1	1	1	1	1	1	1.17473	0.98756	0.98756	1	1	
0.378313	-nan	0.986257	1.57101	1	1	1	1	1	1	1.17495	0.986257	0.986257	1	1	
0.381928	-nan	0.984947	1.5795	1	1	1	1	1	1	1.17516	0.984947	0.984947	1	1	
0.385542	-nan	0.98363	1.588	1	1	1	1	1	1	1.17536	0.98363	0.98363	1	1	
0.389157	-nan	0.982307	1.5965	1	1	1	1	1	1	1.17556	0.982307	0.982307	1	1	
0.392771	-nan	0.980979	1.605	1	1	1	1	1	1	1.17576	0.980979	0.980979	1	1	
0.396386	-nan	0.979644	1.6135	1	1	1	1	1	1	1.17595	0.979644	0.979644	1	1	
0.4	-nan	0.978304	1.622	1	1	1	1	1	1	1.17614	0.978304	0.978304	1	1	
0.403614	-nan	0.97696	1.63048	1	1	1	1	1	1	1.17632	0.97696	0.97696	1	1	
0.407229	-nan	0.975611	1.63896	1	1	1	1	1	1	1.1765	0.975611	0.975611	1	1	
0.410843	-nan	0.974257	1.64742	1	1	1	1	1	1	1.17667	0.974257	0.974257	1	1	
0.414458	-nan	0.9729	1.65587	1	1	1	1	1	1	1.17684	0.9729	0.9729	1	1	
0.418072	-nan	0.971538	1.6643	1	1	1	1	1	1	1.17701	0.971538	0.971538	1	1	
0.421687	-nan	0.970174	1.67271	1	1	1	1	1	1	1.17717	0.970174	0.970174	1	1	
0.425301	-nan	0.968806	1.6811	1	1	1	1	1	1	1.17733	0.968806	0.968806	1	1	
0.428916	-nan	0.967435	1.68947	1	1	1	1	1	1	1.17749	0.967435	0.967435	1	1	
0.43253	-nan	0.966062	1.69781	1	1	1	1	1	1	1.17764	0.966062	0.966062	1	1	
0.436145	-nan	0.964686	1.70613	1	1	1	1	1	1	1.17779	0.964686	0.964686	1	1	
0.439759	-nan	0.963308	1.71442	1	1	1	1	1	1	1.17794	0.963308	0.963308	1	1	
0.443373	-nan	0.961928	1.72269	1	1	1	1	1	1	1.17808	0.961928	0.961928	1	1	
0.446988	-nan	0.960546	1.73092	1	1	1	1	1	1	1.17823	0.960546	0.960546	1	1	
0.450602	-nan	0.959163	1.73913	1	1	1	1	1	1	1.17836	0.959163	0.959163	1	1	
0.454217	-nan	0.957778	1.7473	1	1	1	1	1	1	1.1785	0.957778	0.957778	1	1	
0.457831	-nan	0.956393	1.75545	1	1	1	1	1	1	1.17864	0.956393	0.956393	1	1	
0.461446	-nan	0.955007	1.76356	1	1	1	1	1	1	1.17877	0.955007	0.955007	1	1	
0.46506	-nan	0.953619	1.77164	1	1	1	1	1	1	1.1789	0.953619	0.953619	1	1	
0.468675	-nan	0.952232	1.77968	1	1	1	1	1	1	1.17902	0.952232	0.952232	1	1	
0.472289	-nan	0.950844	1.78769	1	1	1	1	1	1	1.17915	0.950844	0.950844	1	1	
0.475904	-nan	0.949456	1.79567	1	1	1	1	1	1	1.17927	0.949456	0.949456	1	1	
0.479518	-nan	0.948068	1.80361	1	1	1	1	1	1	1.17939	0.948068	0.948068	1	1	
0.483133	-nan	0.94668	1.81151	1	1	1	1	1	1	1.17951	0.94668	0.94668	1	1	
0.486747	-nan	0.945293	1.81938	1	1	1	1	1	1	1.17962	0.945293	0.945293	1	1	
0.490361	-nan	0.943906	1.82721	1	1	1	1	1	1	1.17974	0.943906	0.943906	1	1	
0.493976	-nan	0.942519	1.83501	1	1	1	1	1	1	1.17985	0.942519	0.942519	1	1	
0.49759	-nan	0.941134	1.84276	1	1	1	1	1	1	1.17996	0.941134	0.941134	1	1	
0.501205	-nan	0.939749	1.85048	1	1	1	1	1	1	1.18007	0.939749	0.939749	1	1	
0.504819	-nan	0.938366	1.85817	1	1	1	1	1	1	1.18018	0.938366	0.938366	1	1	
0.508434	-nan	0.936983	1.86581	1	1	1	1	1	1	1.18028	0.936983	0.936983	1	1	
0.512048	-nan	0.935602	1.87342	1	1	1	1	1	1	1.18038	0.935602	0.935602	1	1	
0.515663	-nan	0.934223	1.88099	1	1	1	1	1	1	1.18048	0.934223	0.934223	1	1	
0.519277	-nan	0.932845	1.88853	1	1	1	1	1	1	1.18058	0.932845	0.932845	1	1	
0.522892	-nan	0.931468	1.89602	1	1	1	1	1	1	1.18068	0.931468	0.931468	1	1	
0.526506	-nan	0.930094	1.90348	1	1	1	1	1	1	1.18078	0.930094	0.930094	1	1	
0.53012	-nan	0.928721	1.9109	1	1	1	1	1	1	1.18087	0.928721	0.928721	1	1	
0.533735	-nan	0.92735	1.91828	1	1	1	1	1	1	1.18096	0.92735	0.92735	1	1	
0.537349	-nan	0.925981	1.92562	1	1	1	1	1	1	1.18106	0.925981	0.925981	1	1	
0.540964	-nan	0.924615	1.93293	1	1	1	1	1	1	1.18115	0.924615	0.924615	1	1	
0.544578	-nan	0.923251	1.9402	1	1	1	1	1	1	1.18123	0.923251	0.923251	1	1	
0.548193	-nan	0.921889	1.94743	1	1	1	1	1	1	1.18132	0.921889	0.921889	1	1	
0.551807	-nan	0.92053	1.95462	1	1	1	1	1	1	1.18141	0.92053	0.92053	1	1	
0.555422	-nan	0.919173	1.96178	1	1	1	1	1	1	1.18149	0.919173	0.919173	1	1	
0.559036	-nan	0.917818	1.9689	1	1	1	1	1	1	1.18157	0.917818	0.917818	1	1	
0.562651	-nan	0.916467	1.97598	1	1	1	1	1	1	1.18165	0.916467	0.916467	1	1	
0.566265	-nan	0.915118	1.98302	1	1	1	1	1	1	1.18173	0.915118	0.915118	1	1	
0.56988	-nan	0.913772	1.99003	1	1	1	1	1	1	1.18181	0.913772	0.913772	1	1	
0.573494	-nan	0.912429	1.997	1	1	1	1	1	1	1.18189	0.912429	0.912429	1	1	
0.577108	-nan	0.911089	2.00393	1	1	1	1	1	1	1.18196	0.911089	0.911089	1	1	
0.580723	-nan	0.909751	2.01083	1	1	1	1	1	1	1.18204	0.909751	0.909751	1	1	
0.584337	-nan	0.908417	2.01769	1	1	1	1	1	1	1.18211	0.908417	0.908417	1	1	
0.587952	-nan	0.907086	2.02452	1	1	1	1	1	1	1.18218	0.907086	0.907086	1	1	
0.591566	-nan	0.905758	2.03131	1	1	1	1	1	1	1.18225	0.905758	0.905758	1	1	
0.595181	-nan	0.904434	2.03806	1	1	1	1	1	1	1.18232	0.904434	0.904434	1	1	
0.598795	-nan	0.903113	2.04478	1	1	1	1	1	1	1.18239	0.903113	0.903113	1	1	
0.60241	-nan	0.901795	2.05147	1	1	1	1	1	1	1.18246	0.901795	0.901795	1	1	
0.606024	-nan	0.90048	2.05811	1	1	1	1	1	1	1.18252	0.90048	0.90048	1	1	
0.609639	-nan	0.899169	2.06473	1	1	1	1	1	1	1.18259	0.899169	0.899169	1	1	
0.613253	-nan	0.897861	2.07131	1	1	1	1	1	1	1.18265	0.897861	0.897861	1	1	
0.616867	-nan	0.896557	2.07785	1	1	1	1	1	1	1.18271	0.896557	0.896557	1	1	
0.620482	-nan	0.895256	2.08436	1	1	1	1	1	1	1.18277	0.895256	0.895256	1	1	
0.624096	-nan	0.893959	2.09084	1	1	1	1	1	1	1.18283	0.893959	0.893959	1	1	
0.627711	-nan	0.892666	2.09728	1	1	1	1	1	1	1.18289	0.892666	0.892666	1	1	
0.631325	-nan	0.891376	2.10369	1	1	1	1	1	1	1.18295	0.891376	0.891376	1	1	
0.63494	-nan	0.89009	2.11007	1	1	1	1	1	1	1.18301	0.89009	0.89009	1	1	
0.638554	-nan	0.888807	2.11641	1	1	1	1	1	1	1.18306	0.888807	0.888807	1	1	
0.642169	-nan	0.887528	2.12272	1	1	1	1	1	1	1.18312	0.887528	0.887528	1	1	
0.645783	-nan	0.886253	2.129	1	1	1	1	1	1	1.18317	0.886253	0.886253	1	1	
0.649398	-nan	0.884982	2.13525	1	1	1	1	1	1	1.18322	0.884982	0.884982	1	1	
0.653012	-nan	0.883715	2.14146	1	1	1	1	1	1	1.18327	0.883715	0.883715	1	1	
0.656627	-nan	0.882451	2.14764	1	1	1	1	1	1	1.18332	0.882451	0.882451	1	1	
0.660241	-nan	0.881191	2.15379	1	1	1	1	1	1	1.18337	0.881191	0.881191	1	1	
0.663855	-nan	0.879936	2.15991	1	1	1	1	1	1	1.18342	0.879936	0.879936	1	1	
0.66747	-nan	0.878684	2.166	1	1	1	1	1	1	1.18347	0.878684	0.878684	1	1	
0.671084	-nan	0.877436	2.17206	1	1	1	1	1	1	1.18351	0.877436	0.877436	1	1	
0.674699	-nan	0.876191	2.17809	1	1	1	1	1	1	1.18356	0.876191	0.876191	1	1	
0.678313	-nan	0.874951	2.18408	1	1	1	1	1	1	1.1836	0.874951	0.874951	1	1	
0.681928	-nan	0.873715	2.19005	1	1	1	1	1	1	1.18365	0.873715	0.873715	1	1	
0.685542	-nan	0.872482	2.19599	1	1	1	1	1	1	1.18369	0.872482	0.872482	1	1	
0.689157	-nan	0.871254	2.20189	1	1	1	1	1	1	1.18373	0.871254	0.871254	1	1	
0.692771	-nan	0.87003	2.20777	1	1	1	1	1	1	1.18377	0.87003	0.87003	1	1	
0.696386	-nan	0.868809	2.21362	1	1	1	1	1	1	1.18381	0.868809	0.868809	1	1	
0.7	-nan	0.867593	2.21944	1	1	1	1	1	1	1.18385	0.867593	0.867593	1	1	
0.703614	-nan	0.86638	2.22523	1	1	1	1	1	1	1.18389	0.86638	0.86638	1	1	
0.707229	-nan	0.865172	2.23099	1	1	1	1	1	1	1.18392	0.865172	0.865172	1	1	
0.710843	-nan	0.863968	2.23673	1	1	1	1	1	1	1.18396	0.863968	0.863968	1	1	
0.714458	-nan	0.862767	2.24243	1	1	1	1	1	1	1.184	0.862767	0.862767	1	1	
0.718072	-nan	0.861571	2.24811	1	1	1	1	1	1	1.18403	0.861571	0.861571	1	1	
0.721687	-nan	0.860379	2.25376	1	1	1	1	1	1	1.18406	0.860379	0.860379	1	1	
0.725301	-nan	0.85919	2.25938	1	1	1	1	1	1	1.1841	0.85919	0.85919	1	1	
0.728916	-nan	0.858006	2.26498	1	1	1	1	1	1	1.18413	0.858006	0.858006	1	1	
0.73253	-nan	0.856826	2.27055	1	1	1	1	1	1	1.18416	0.856826	0.856826	1	1	
0.736145	-nan	0.85565	2.27609	1	1	1	1	1	1	1.18419	0.85565	0.85565	1	1	
0.739759	-nan	0.854477	2.2816	1	1	1	1	1	1	1.18422	0.854477	0.854477	1	1	
0.743373	-nan	0.853309	2.28709	1	1	1	1	1	1	1.18425	0.853309	0.853309	1	1	
0.746988	-nan	0.852145	2.29256	1	1	1	1	1	1	1.18428	0.852145	0.852145	1	1	
0.750602	-nan	0.850985	2.29799	1	1	1	1	1	1	1.18431	0.850985	0.850985	1	1	
0.754217	-nan	0.849829	2.3034	1	1	1	1	1	1	1.18433	0.849829	0.849829	1	1	
0.757831	-nan	0.848677	2.30879	1	1	1	1	1	1	1.18436	0.848677	0.848677	1	1	
0.761446	-nan	0.847529	2.31415	1	1	1	1	1	1	1.18438	0.847529	0.847529	1	1	
0.76506	-nan	0.846385	2.31948	1	1	1	1	1	1	1.18441	0.846385	0.846385	1	1	
0.768675	-nan	0.845245	2.32479	1	1	1	1	1	1	1.18443	0.845245	0.845245	1	1	
0.772289	-nan	0.844109	2.33008	1	1	1	1	1	1	1.18446	0.844109	0.844109	1	1	
0.775904	-nan	0.842976	2.33534	1	1	1	1	1	1	1.18448	0.842976	0.842976	1	1	
0.779518	-nan	0.841848	2.34057	1	1	1	1	1	1	1.1845	0.841848	0.841848	1	1	
0.783133	-nan	0.840724	2.34578	1	1	1	1	1	1	1.18452	0.840724	0.840724	1	1	
0.786747	-nan	0.839604	2.35097	1	1	1	1	1	1	1.18454	0.839604	0.839604	1	1	
0.790361	-nan	0.838488	2.35614	1	1	1	1	1	1	1.18456	0.838488	0.838488	1	1	
0.793976	-nan	0.837376	2.36128	1	1	1	1	1	1	1.18458	0.837376	0.837376	1	1	
0.79759	-nan	0.836267	2.36639	1	1	1	1	1	1	1.1846	0.836267	0.836267	1	1	
0.801205	-nan	0.835163	2.37148	1	1	1	1	1	1	1.18462	0.835163	0.835163	1	1	
0.804819	-nan	0.834063	2.37655	1	1	1	1	1	1	1.18464	0.834063	0.834063	1	1	
0.808434	-nan	0.832966	2.3816	1	1	1	1	1	1	1.18465	0.832966	0.832966	1	1	
0.812048	-nan	0.831874	2.38662	1	1	1	1	1	1	1.18467	0.831874	0.831874	1	1	
0.815663	-nan	0.830785	2.39163	1	1	1	1	1	1	1.18468	0.830785	0.830785	1	1	
0.819277	-nan	0.8297	2.3966	1	1	1	1	1	1	1.1847	0.8297	0.8297	1	1	
0.822892	-nan	0.828619	2.40156	1	1	1	1	1	1	1.18471	0.828619	0.828619	1	1	
0.826506	-nan	0.827542	2.40649	1	1	1	1	1	1	1.18473	0.827542	0.827542	1	1	
0.83012	-nan	0.826469	2.4114	1	1	1	1	1	1	1.18474	0.826469	0.826469	1	1	
0.833735	-nan	0.825399	2.41629	1	1	1	1	1	1	1.18476	0.825399	0.825399	1	1	
0.837349	-nan	0.824334	2.42116	1	1	1	1	1	1	1.18477	0.824334	0.824334	1	1	
0.840964	-nan	0.823272	2.42601	1	1	1	1	1	1	1.18478	0.823272	0.823272	1	1	
0.844578	-nan	0.822214	2.43083	1	1	1	1	1	1	1.18479	0.822214	0.822214	1	1	
0.848193	-nan	0.82116	2.43563	1	1	1	1	1	1	1.1848	0.82116	0.82116	1	1	
0.851807	-nan	0.82011	2.44042	1	1	1	1	1	1	1.18481	0.82011	0.82011	1	1	
0.855422	-nan	0.819063	2.44518	1	1	1	1	1	1	1.18482	0.819063	0.819063	1	1	
0.859036	-nan	0.81802	2.44992	1	1	1	1	1	1	1.18483	0.81802	0.81802	1	1	
0.862651	-nan	0.816981	2.45463	1	1	1	1	1	1	1.18484	0.816981	0.816981	1	1	
0.866265	-nan	0.815945	2.45933	1	1	1	1	1	1	1.18485	0.815945	0.815945	1	1	
0.86988	-nan	0.814914	2.46401	1	1	1	1	1	1	1.18486	0.814914	0.814914	1	1	
0.873494	-nan	0.813885	2.46866	1	1	1	1	1	1	1.18486	0.813885	0.813885	1	1	
0.877108	-nan	0.812861	2.4733	1	1	1	1	1	1	1.18487	0.812861	0.812861	1	1	
0.880723	-nan	0.81184	2.47792	1	1	1	1	1	1	1.18488	0.81184	0.81184	1	1	
0.884337	-nan	0.810823	2.48251	1	1	1	1	1	1	1.18488	0.810823	0.810823	1	1	
0.887952	-nan	0.80981	2.48709	1	1	1	1	1	1	1.18489	0.80981	0.80981	1	1	
0.891566	-nan	0.8088	2.49164	1	1	1	1	1	1	1.18489	0.8088	0.8088	1	1	
0.895181	-nan	0.807794	2.49618	1	1	1	1	1	1	1.1849	0.807794	0.807794	1	1	
0.898795	-nan	0.806791	2.5007	1	1	1	1	1	1	1.1849	0.806791	0.806791	1	1	
0.90241	-nan	0.805792	2.50519	1	1	1	1	1	1	1.18491	0.805792	0.805792	1	1	
0.906024	-nan	0.804796	2.50967	1	1	1	1	1	1	1.18491	0.804796	0.804796	1	1	
0.909639	-nan	0.803804	2.51413	1	1	1	1	1	1	1.18491	0.803804	0.803804	1	1	
0.913253	-nan	0.802816	2.51857	1	1	1	1	1	1	1.18492	0.802816	0.802816	1	1	
0.916867	-nan	0.801831	2.52299	1	1	1	1	1	1	1.18492	0.801831	0.801831	1	1	
0.920482	-nan	0.800849	2.52739	1	1	1	1	1	1	1.18492	0.800849	0.800849	1	1	
0.924096	-nan	0.799871	2.53177	1	1	1	1	1	1	1.18492	0.799871	0.799871	1	1	
0.927711	-nan	0.798897	2.53613	1	1	1	1	1	1	1.18492	0.798897	0.798897	1	1	
0.931325	-nan	0.797926	2.54047	1	1	1	1	1	1	1.18492	0.797926	0.797926	1	1	
0.93494	-nan	0.796958	2.5448	1	1	1	1	1	1	1.18492	0.796958	0.796958	1	1	
0.938554	-nan	0.795994	2.5491	1	1	1	1	1	1	1.18492	0.795994	0.795994	1	1	
0.942169	-nan	0.795033	2.55339	1	1	1	1	1	1	1.18492	0.795033	0.795033	1	1	
0.945783	-nan	0.794075	2.55766	1	1	1	1	1	1	1.18492	0.794075	0.794075	1	1	
0.949398	-nan	0.793121	2.56191	1	1	1	1	1	1	1.18492	0.793121	0.793121	1	1	
0.953012	-nan	0.79217	2.56614	1	1	1	1	1	1	1.18492	0.79217	0.79217	1	1	
0.956627	-nan	0.791223	2.57036	1	1	1	1	1	1	1.18492	0.791223	0.791223	1	1	
0.960241	-nan	0.790279	2.57455	1	1	1	1	1	1	1.18492	0.790279	0.790279	1	1	
0.963855	-nan	0.789338	2.57873	1	1	1	1	1	1	1.18492	0.789338	0.789338	1	1	
0.96747	-nan	0.7884	2.58289	1	1	1	1	1	1	1.18491	0.7884	0.7884	1	1	
0.971084	-nan	0.787466	2.58703	1	1	1	1	1	1	1.18491	0.787466	0.787466	1	1	
0.974699	-nan	0.786535	2.59116	1	1	1	1	1	1	1.18491	0.786535	0.786535	1	1	
0.978313	-nan	0.785607	2.59526	1	1	1	1	1	1	1.1849	0.785607	0.785607	1	1	
0.981928	-nan	0.784682	2.59935	1	1	1	1	1	1	1.1849	0.784682	0.784682	1	1	
0.985542	-nan	0.783761	2.60342	1	1	1	1	1	1	1.1849	0.783761	0.783761	1	1	
0.989157	-nan	0.782842	2.60748	1	1	1	1	1	1	1.18489	0.782842	0.782842	1	1	
0.992771	-nan	0.781927	2.61151	1	1	1	1	1	1	1.18489	0.781927	0.781927	1	1	
0.996386	-nan	0.781015	2.61553	1	1	1	1	1	1	1.18488	0.781015	0.781015	1	1	
1	-nan	-nan	-nan	-nan	-nan	-nan	-nan	-nan	-nan	-nan	-nan	-nan	-nan	-nan	
