1e-05	-nan	0.577034	0.832802	1	1	1	1	1	1	2.51777	0.577034	0.577034	1	1	
1.03753e-05	-nan	0.577311	0.832725	1	1	1	1	1	1	2.51777	0.577311	0.577311	1	1	
1.07647e-05	-nan	0.577591	0.832647	1	1	1	1	1	1	2.51777	0.577591	0.577591	1	1	
1.11686e-05	-nan	0.577876	0.832569	1	1	1	1	1	1	2.51776	0.577876	0.577876	1	1	
1.15878e-05	-nan	0.578163	0.832491	1	1	1	1	1	1	2.51776	0.578163	0.578163	1	1	
1.20226e-05	-nan	0.578454	0.832411	1	1	1	1	1	1	2.51776	0.578454	0.578454	1	1	
1.24738e-05	-nan	0.578749	0.832332	1	1	1	1	1	1	2.51776	0.578749	0.578749	1	1	
1.2942e-05	-nan	0.579048	0.832251	1	1	1	1	1	1	2.51776	0.579048	0.579048	1	1	
1.34276e-05	-nan	0.579351	0.83217	1	1	1	1	1	1	2.51776	0.579351	0.579351	1	1	
1.39316e-05	-nan	0.579657	0.832089	1	1	1	1	1	1	2.51776	0.579657	0.579657	1	1	
1.44544e-05	-nan	0.579967	0.832006	1	1	1	1	1	1	2.51776	0.579967	0.579967	1	1	
1.49968e-05	-nan	0.580281	0.831924	1	1	1	1	1	1	2.51776	0.580281	0.580281	1	1	
1.55597e-05	-nan	0.580599	0.83184	1	1	1	1	1	1	2.51776	0.580599	0.580599	1	1	
1.61436e-05	-nan	0.580922	0.831756	1	1	1	1	1	1	2.51776	0.580922	0.580922	1	1	
1.67494e-05	-nan	0.581248	0.831671	1	1	1	1	1	1	2.51776	0.581248	0.581248	1	1	
1.7378e-05	-nan	0.581579	0.831586	1	1	1	1	1	1	2.51777	0.581579	0.581579	1	1	
1.80302e-05	-nan	0.581913	0.8315	1	1	1	1	1	1	2.51777	0.581913	0.581913	1	1	
1.87068e-05	-nan	0.582252	0.831413	1	1	1	1	1	1	2.51777	0.582252	0.582252	1	1	
1.94089e-05	-nan	0.582596	0.831326	1	1	1	1	1	1	2.51778	0.582596	0.582596	1	1	
2.01372e-05	-nan	0.582944	0.831238	1	1	1	1	1	1	2.51778	0.582944	0.582944	1	1	
2.0893e-05	-nan	0.583296	0.831149	1	1	1	1	1	1	2.51779	0.583296	0.583296	1	1	
2.1677e-05	-nan	0.583653	0.831059	1	1	1	1	1	1	2.5178	0.583653	0.583653	1	1	
2.24905e-05	-nan	0.584014	0.830969	1	1	1	1	1	1	2.5178	0.584014	0.584014	1	1	
2.33346e-05	-nan	0.584381	0.830878	1	1	1	1	1	1	2.51781	0.584381	0.584381	1	1	
2.42103e-05	-nan	0.584752	0.830787	1	1	1	1	1	1	2.51782	0.584752	0.584752	1	1	
2.51189e-05	-nan	0.585128	0.830695	1	1	1	1	1	1	2.51783	0.585128	0.585128	1	1	
2.60615e-05	-nan	0.585508	0.830602	1	1	1	1	1	1	2.51784	0.585508	0.585508	1	1	
2.70396e-05	-nan	0.585894	0.830508	1	1	1	1	1	1	2.51785	0.585894	0.585894	1	1	
2.80543e-05	-nan	0.586285	0.830414	1	1	1	1	1	1	2.51786	0.586285	0.586285	1	1	
2.91072e-05	-nan	0.58668	0.830318	1	1	1	1	1	1	2.51787	0.58668	0.58668	1	1	
3.01995e-05	-nan	0.587081	0.830223	1	1	1	1	1	1	2.51788	0.587081	0.587081	1	1	
3.13329e-05	-nan	0.587488	0.830126	1	1	1	1	1	1	2.51789	0.587488	0.587488	1	1	
3.25087e-05	-nan	0.587899	0.830028	1	1	1	1	1	1	2.51791	0.587899	0.587899	1	1	
3.37287e-05	-nan	0.588316	0.82993	1	1	1	1	1	1	2.51792	0.588316	0.588316	1	1	
3.49945e-05	-nan	0.588739	0.829831	1	1	1	1	1	1	2.51794	0.588739	0.588739	1	1	
3.63078e-05	-nan	0.589167	0.829732	1	1	1	1	1	1	2.51795	0.589167	0.589167	1	1	
3.76704e-05	-nan	0.589601	0.829631	1	1	1	1	1	1	2.51797	0.589601	0.589601	1	1	
3.90841e-05	-nan	0.59004	0.82953	1	1	1	1	1	1	2.51798	0.59004	0.59004	1	1	
4.05509e-05	-nan	0.590486	0.829427	1	1	1	1	1	1	2.518	0.590486	0.590486	1	1	
4.20727e-05	-nan	0.590937	0.829325	1	1	1	1	1	1	2.51802	0.590937	0.590937	1	1	
4.36516e-05	-nan	0.591394	0.829221	1	1	1	1	1	1	2.51804	0.591394	0.591394	1	1	
4.52898e-05	-nan	0.591858	0.829116	1	1	1	1	1	1	2.51806	0.591858	0.591858	1	1	
4.69894e-05	-nan	0.592327	0.829011	1	1	1	1	1	1	2.51808	0.592327	0.592327	1	1	
4.87528e-05	-nan	0.592803	0.828904	1	1	1	1	1	1	2.5181	0.592803	0.592803	1	1	
5.05825e-05	-nan	0.593286	0.828797	1	1	1	1	1	1	2.51812	0.593286	0.593286	1	1	
5.24807e-05	-nan	0.593774	0.828689	1	1	1	1	1	1	2.51814	0.593774	0.593774	1	1	
5.44503e-05	-nan	0.594269	0.82858	1	1	1	1	1	1	2.51817	0.594269	0.594269	1	1	
5.64937e-05	-nan	0.594771	0.828471	1	1	1	1	1	1	2.51819	0.594771	0.594771	1	1	
5.86138e-05	-nan	0.59528	0.82836	1	1	1	1	1	1	2.51822	0.59528	0.59528	1	1	
6.08135e-05	-nan	0.595796	0.828249	1	1	1	1	1	1	2.51824	0.595796	0.595796	1	1	
6.30957e-05	-nan	0.596318	0.828136	1	1	1	1	1	1	2.51827	0.596318	0.596318	1	1	
6.54636e-05	-nan	0.596848	0.828023	1	1	1	1	1	1	2.51829	0.596848	0.596848	1	1	
6.79204e-05	-nan	0.597384	0.827909	1	1	1	1	1	1	2.51832	0.597384	0.597384	1	1	
7.04693e-05	-nan	0.597928	0.827794	1	1	1	1	1	1	2.51835	0.597928	0.597928	1	1	
7.31139e-05	-nan	0.59848	0.827678	1	1	1	1	1	1	2.51838	0.59848	0.59848	1	1	
7.58578e-05	-nan	0.599039	0.827561	1	1	1	1	1	1	2.51841	0.599039	0.599039	1	1	
7.87046e-05	-nan	0.599605	0.827443	1	1	1	1	1	1	2.51844	0.599605	0.599605	1	1	
8.16582e-05	-nan	0.600179	0.827324	1	1	1	1	1	1	2.51847	0.600179	0.600179	1	1	
8.47227e-05	-nan	0.600761	0.827204	1	1	1	1	1	1	2.51851	0.600761	0.600761	1	1	
8.79023e-05	-nan	0.601351	0.827083	1	1	1	1	1	1	2.51854	0.601351	0.601351	1	1	
9.12011e-05	-nan	0.601949	0.826962	1	1	1	1	1	1	2.51857	0.601949	0.601949	1	1	
9.46237e-05	-nan	0.602556	0.826839	1	1	1	1	1	1	2.51861	0.602556	0.602556	1	1	
9.81748e-05	-nan	0.60317	0.826715	1	1	1	1	1	1	2.51865	0.60317	0.60317	1	1	
0.000101859	-nan	0.603793	0.826591	1	1	1	1	1	1	2.51868	0.603793	0.603793	1	1	
0.000105682	-nan	0.604425	0.826465	1	1	1	1	1	1	2.51872	0.604425	0.604425	1	1	
0.000109648	-nan	0.605065	0.826338	1	1	1	1	1	1	2.51876	0.605065	0.605065	1	1	
0.000113763	-nan	0.605714	0.826211	1	1	1	1	1	1	2.5188	0.605714	0.605714	1	1	
0.000118032	-nan	0.606372	0.826082	1	1	1	1	1	1	2.51884	0.606372	0.606372	1	1	
0.000122462	-nan	0.607039	0.825952	1	1	1	1	1	1	2.51888	0.607039	0.607039	1	1	
0.000127057	-nan	0.607716	0.825822	1	1	1	1	1	1	2.51893	0.607716	0.607716	1	1	
0.000131826	-nan	0.608402	0.82569	1	1	1	1	1	1	2.51897	0.608402	0.608402	1	1	
0.000136773	-nan	0.609097	0.825557	1	1	1	1	1	1	2.51901	0.609097	0.609097	1	1	
0.000141906	-nan	0.609802	0.825423	1	1	1	1	1	1	2.51906	0.609802	0.609802	1	1	
0.000147231	-nan	0.610517	0.825288	1	1	1	1	1	1	2.51911	0.610517	0.610517	1	1	
0.000152757	-nan	0.611241	0.825152	1	1	1	1	1	1	2.51915	0.611241	0.611241	1	1	
0.000158489	-nan	0.611976	0.825015	1	1	1	1	1	1	2.5192	0.611976	0.611976	1	1	
0.000164437	-nan	0.612721	0.824877	1	1	1	1	1	1	2.51925	0.612721	0.612721	1	1	
0.000170608	-nan	0.613477	0.824738	1	1	1	1	1	1	2.5193	0.613477	0.613477	1	1	
0.000177011	-nan	0.614243	0.824598	1	1	1	1	1	1	2.51935	0.614243	0.614243	1	1	
0.000183654	-nan	0.61502	0.824456	1	1	1	1	1	1	2.51941	0.61502	0.61502	1	1	
0.000190546	-nan	0.615808	0.824314	1	1	1	1	1	1	2.51946	0.615808	0.615808	1	1	
0.000197697	-nan	0.616606	0.82417	1	1	1	1	1	1	2.51952	0.616606	0.616606	1	1	
0.000205116	-nan	0.617417	0.824025	1	1	1	1	1	1	2.51957	0.617417	0.617417	1	1	
0.000212814	-nan	0.618238	0.82388	1	1	1	1	1	1	2.51963	0.618238	0.618238	1	1	
0.0002208	-nan	0.619071	0.823733	1	1	1	1	1	1	2.51969	0.619071	0.619071	1	1	
0.000229087	-nan	0.619916	0.823585	1	1	1	1	1	1	2.51974	0.619916	0.619916	1	1	
0.000237684	-nan	0.620773	0.823436	1	1	1	1	1	1	2.5198	0.620773	0.620773	1	1	
0.000246604	-nan	0.621641	0.823285	1	1	1	1	1	1	2.51987	0.621641	0.621641	1	1	
0.000255859	-nan	0.622523	0.823134	1	1	1	1	1	1	2.51993	0.622523	0.622523	1	1	
0.000265461	-nan	0.623416	0.822982	1	1	1	1	1	1	2.51999	0.623416	0.623416	1	1	
0.000275423	-nan	0.624323	0.822828	1	1	1	1	1	1	2.52006	0.624323	0.624323	1	1	
0.000285759	-nan	0.625242	0.822673	1	1	1	1	1	1	2.52012	0.625242	0.625242	1	1	
0.000296483	-nan	0.626174	0.822517	1	1	1	1	1	1	2.52019	0.626174	0.626174	1	1	
0.00030761	-nan	0.627119	0.82236	1	1	1	1	1	1	2.52026	0.627119	0.627119	1	1	
0.000319154	-nan	0.628078	0.822202	1	1	1	1	1	1	2.52033	0.628078	0.628078	1	1	
0.000331131	-nan	0.629051	0.822043	1	1	1	1	1	1	2.5204	0.629051	0.629051	1	1	
0.000343558	-nan	0.630038	0.821883	1	1	1	1	1	1	2.52047	0.630038	0.630038	1	1	
0.000356451	-nan	0.631038	0.821721	1	1	1	1	1	1	2.52054	0.631038	0.631038	1	1	
0.000369828	-nan	0.632053	0.821559	1	1	1	1	1	1	2.52061	0.632053	0.632053	1	1	
0.000383707	-nan	0.633083	0.821395	1	1	1	1	1	1	2.52069	0.633083	0.633083	1	1	
0.000398107	-nan	0.634127	0.82123	1	1	1	1	1	1	2.52076	0.634127	0.634127	1	1	
0.000413048	-nan	0.635186	0.821064	1	1	1	1	1	1	2.52084	0.635186	0.635186	1	1	
0.000428549	-nan	0.63626	0.820897	1	1	1	1	1	1	2.52092	0.63626	0.63626	1	1	
0.000444631	-nan	0.63735	0.820729	1	1	1	1	1	1	2.521	0.63735	0.63735	1	1	
0.000461318	-nan	0.638456	0.82056	1	1	1	1	1	1	2.52108	0.638456	0.638456	1	1	
0.00047863	-nan	0.639577	0.82039	1	1	1	1	1	1	2.52116	0.639577	0.639577	1	1	
0.000496592	-nan	0.640714	0.820218	1	1	1	1	1	1	2.52125	0.640714	0.640714	1	1	
0.000515229	-nan	0.641868	0.820046	1	1	1	1	1	1	2.52133	0.641868	0.641868	1	1	
0.000534564	-nan	0.643039	0.819873	1	1	1	1	1	1	2.52142	0.643039	0.643039	1	1	
0.000554626	-nan	0.644226	0.819698	1	1	1	1	1	1	2.52151	0.644226	0.644226	1	1	
0.00057544	-nan	0.64543	0.819523	1	1	1	1	1	1	2.52159	0.64543	0.64543	1	1	
0.000597035	-nan	0.646652	0.819346	1	1	1	1	1	1	2.52168	0.646652	0.646652	1	1	
0.000619441	-nan	0.647891	0.819169	1	1	1	1	1	1	2.52178	0.647891	0.647891	1	1	
0.000642688	-nan	0.649149	0.81899	1	1	1	1	1	1	2.52187	0.649149	0.649149	1	1	
0.000666807	-nan	0.650424	0.818811	1	1	1	1	1	1	2.52196	0.650424	0.650424	1	1	
0.000691831	-nan	0.651718	0.818631	1	1	1	1	1	1	2.52206	0.651718	0.651718	1	1	
0.000717794	-nan	0.653031	0.818449	1	1	1	1	1	1	2.52215	0.653031	0.653031	1	1	
0.000744732	-nan	0.654362	0.818267	1	1	1	1	1	1	2.52225	0.654362	0.654362	1	1	
0.000772681	-nan	0.655713	0.818084	1	1	1	1	1	1	2.52235	0.655713	0.655713	1	1	
0.000801678	-nan	0.657084	0.817901	1	1	1	1	1	1	2.52245	0.657084	0.657084	1	1	
0.000831764	-nan	0.658474	0.817716	1	1	1	1	1	1	2.52255	0.658474	0.658474	1	1	
0.000862979	-nan	0.659884	0.817531	1	1	1	1	1	1	2.52266	0.659884	0.659884	1	1	
0.000895365	-nan	0.661315	0.817345	1	1	1	1	1	1	2.52276	0.661315	0.661315	1	1	
0.000928966	-nan	0.662767	0.817158	1	1	1	1	1	1	2.52287	0.662767	0.662767	1	1	
0.000963829	-nan	0.664239	0.816971	1	1	1	1	1	1	2.52297	0.664239	0.664239	1	1	
0.001	-nan	0.665733	0.816783	1	1	1	1	1	1	2.52308	0.665733	0.665733	1	1	
0.00103753	-nan	0.667248	0.816594	1	1	1	1	1	1	2.52319	0.667248	0.667248	1	1	
0.00107647	-nan	0.668786	0.816405	1	1	1	1	1	1	2.5233	0.668786	0.668786	1	1	
0.00111686	-nan	0.670345	0.816216	1	1	1	1	1	1	2.52342	0.670345	0.670345	1	1	
0.00115878	-nan	0.671927	0.816026	1	1	1	1	1	1	2.52353	0.671927	0.671927	1	1	
0.00120226	-nan	0.673532	0.815836	1	1	1	1	1	1	2.52364	0.673532	0.673532	1	1	
0.00124738	-nan	0.675161	0.815645	1	1	1	1	1	1	2.52376	0.675161	0.675161	1	1	
0.0012942	-nan	0.676812	0.815455	1	1	1	1	1	1	2.52388	0.676812	0.676812	1	1	
0.00134276	-nan	0.678488	0.815264	1	1	1	1	1	1	2.524	0.678488	0.678488	1	1	
0.00139316	-nan	0.680187	0.815073	1	1	1	1	1	1	2.52412	0.680187	0.680187	1	1	
0.00144544	-nan	0.681912	0.814882	1	1	1	1	1	1	2.52424	0.681912	0.681912	1	1	
0.00149968	-nan	0.683661	0.814691	1	1	1	1	1	1	2.52436	0.683661	0.683661	1	1	
0.00155597	-nan	0.685435	0.814501	1	1	1	1	1	1	2.52449	0.685435	0.685435	1	1	
0.00161436	-nan	0.687234	0.81431	1	1	1	1	1	1	2.52462	0.687234	0.687234	1	1	
0.00167494	-nan	0.68906	0.81412	1	1	1	1	1	1	2.52474	0.68906	0.68906	1	1	
0.0017378	-nan	0.690911	0.81393	1	1	1	1	1	1	2.52487	0.690911	0.690911	1	1	
0.00180302	-nan	0.692789	0.813741	1	1	1	1	1	1	2.525	0.692789	0.692789	1	1	
0.00187068	-nan	0.694694	0.813553	1	1	1	1	1	1	2.52513	0.694694	0.694694	1	1	
0.00194089	-nan	0.696626	0.813366	1	1	1	1	1	1	2.52527	0.696626	0.696626	1	1	
0.00201372	-nan	0.698586	0.813179	1	1	1	1	1	1	2.5254	0.698586	0.698586	1	1	
0.0020893	-nan	0.700573	0.812993	1	1	1	1	1	1	2.52554	0.700573	0.700573	1	1	
0.0021677	-nan	0.702589	0.812809	1	1	1	1	1	1	2.52567	0.702589	0.702589	1	1	
0.00224905	-nan	0.704633	0.812626	1	1	1	1	1	1	2.52581	0.704633	0.704633	1	1	
0.00233346	-nan	0.706706	0.812444	1	1	1	1	1	1	2.52595	0.706706	0.706706	1	1	
0.00242103	-nan	0.708808	0.812264	1	1	1	1	1	1	2.52609	0.708808	0.708808	1	1	
0.00251189	-nan	0.71094	0.812086	1	1	1	1	1	1	2.52623	0.71094	0.71094	1	1	
0.00260615	-nan	0.713102	0.81191	1	1	1	1	1	1	2.52637	0.713102	0.713102	1	1	
0.00270396	-nan	0.715293	0.811737	1	1	1	1	1	1	2.52652	0.715293	0.715293	1	1	
0.00280543	-nan	0.717516	0.811565	1	1	1	1	1	1	2.52666	0.717516	0.717516	1	1	
0.00291072	-nan	0.719769	0.811397	1	1	1	1	1	1	2.52681	0.719769	0.719769	1	1	
0.00301995	-nan	0.722054	0.811231	1	1	1	1	1	1	2.52696	0.722054	0.722054	1	1	
0.00313329	-nan	0.72437	0.811068	1	1	1	1	1	1	2.5271	0.72437	0.72437	1	1	
0.00325087	-nan	0.726718	0.810908	1	1	1	1	1	1	2.52725	0.726718	0.726718	1	1	
0.00337287	-nan	0.729098	0.810752	1	1	1	1	1	1	2.5274	0.729098	0.729098	1	1	
0.00349945	-nan	0.731511	0.8106	1	1	1	1	1	1	2.52756	0.731511	0.731511	1	1	
0.00363078	-nan	0.733956	0.810453	1	1	1	1	1	1	2.52771	0.733956	0.733956	1	1	
0.00376704	-nan	0.736435	0.810309	1	1	1	1	1	1	2.52786	0.736435	0.736435	1	1	
0.00390841	-nan	0.738947	0.810171	1	1	1	1	1	1	2.52802	0.738947	0.738947	1	1	
0.00405509	-nan	0.741492	0.810037	1	1	1	1	1	1	2.52817	0.741492	0.741492	1	1	
0.00420727	-nan	0.744072	0.809909	1	1	1	1	1	1	2.52833	0.744072	0.744072	1	1	
0.00436516	-nan	0.746685	0.809787	1	1	1	1	1	1	2.52848	0.746685	0.746685	1	1	
0.00452898	-nan	0.749333	0.809671	1	1	1	1	1	1	2.52864	0.749333	0.749333	1	1	
0.00469894	-nan	0.752016	0.809561	1	1	1	1	1	1	2.5288	0.752016	0.752016	1	1	
0.00487528	-nan	0.754734	0.809459	1	1	1	1	1	1	2.52896	0.754734	0.754734	1	1	
0.00505825	-nan	0.757487	0.809364	1	1	1	1	1	1	2.52912	0.757487	0.757487	1	1	
0.00524807	-nan	0.760275	0.809278	1	1	1	1	1	1	2.52928	0.760275	0.760275	1	1	
0.00544503	-nan	0.763099	0.809199	1	1	1	1	1	1	2.52944	0.763099	0.763099	1	1	
0.00564937	-nan	0.765958	0.80913	1	1	1	1	1	1	2.5296	0.765958	0.765958	1	1	
0.00586138	-nan	0.768854	0.80907	1	1	1	1	1	1	2.52976	0.768854	0.768854	1	1	
0.00608135	-nan	0.771785	0.809021	1	1	1	1	1	1	2.52992	0.771785	0.771785	1	1	
0.00630957	-nan	0.774753	0.808982	1	1	1	1	1	1	2.53008	0.774753	0.774753	1	1	
0.00654636	-nan	0.777757	0.808954	1	1	1	1	1	1	2.53024	0.777757	0.777757	1	1	
0.00679204	-nan	0.780797	0.808939	1	1	1	1	1	1	2.5304	0.780797	0.780797	1	1	
0.00704693	-nan	0.783874	0.808936	1	1	1	1	1	1	2.53056	0.783874	0.783874	1	1	
0.00731139	-nan	0.786988	0.808947	1	1	1	1	1	1	2.53072	0.786988	0.786988	1	1	
0.00758578	-nan	0.790137	0.808972	1	1	1	1	1	1	2.53088	0.790137	0.790137	1	1	
0.00787046	-nan	0.793324	0.809012	1	1	1	1	1	1	2.53104	0.793324	0.793324	1	1	
0.00816582	-nan	0.796547	0.809068	1	1	1	1	1	1	2.5312	0.796547	0.796547	1	1	
0.00847227	-nan	0.799806	0.809141	1	1	1	1	1	1	2.53136	0.799806	0.799806	1	1	
0.00879023	-nan	0.803102	0.809232	1	1	1	1	1	1	2.53152	0.803102	0.803102	1	1	
0.00912011	-nan	0.806434	0.809341	1	1	1	1	1	1	2.53167	0.806434	0.806434	1	1	
0.00946237	-nan	0.809803	0.809471	1	1	1	1	1	1	2.53183	0.809803	0.809803	1	1	
0.00981748	-nan	0.813207	0.809621	1	1	1	1	1	1	2.53199	0.813207	0.813207	1	1	
0.0101859	-nan	0.816647	0.809793	1	1	1	1	1	1	2.53214	0.816647	0.816647	1	1	
0.0105682	-nan	0.820123	0.809988	1	1	1	1	1	1	2.53229	0.820123	0.820123	1	1	
0.0109648	-nan	0.823634	0.810208	1	1	1	1	1	1	2.53244	0.823634	0.823634	1	1	
0.0113763	-nan	0.827181	0.810454	1	1	1	1	1	1	2.53259	0.827181	0.827181	1	1	
0.0118032	-nan	0.830761	0.810727	1	1	1	1	1	1	2.53273	0.830761	0.830761	1	1	
0.0122462	-nan	0.834376	0.811029	1	1	1	1	1	1	2.53288	0.834376	0.834376	1	1	
0.0127057	-nan	0.838025	0.811361	1	1	1	1	1	1	2.53302	0.838025	0.838025	1	1	
0.0131826	-nan	0.841708	0.811725	1	1	1	1	1	1	2.53316	0.841708	0.841708	1	1	
0.0136773	-nan	0.845423	0.812122	1	1	1	1	1	1	2.53329	0.845423	0.845423	1	1	
0.0141906	-nan	0.849171	0.812555	1	1	1	1	1	1	2.53342	0.849171	0.849171	1	1	
0.0147231	-nan	0.85295	0.813025	1	1	1	1	1	1	2.53355	0.85295	0.85295	1	1	
0.0152757	-nan	0.856761	0.813534	1	1	1	1	1	1	2.53368	0.856761	0.856761	1	1	
0.0158489	-nan	0.860602	0.814085	1	1	1	1	1	1	2.5338	0.860602	0.860602	1	1	
0.0164437	-nan	0.864472	0.814679	1	1	1	1	1	1	2.53392	0.864472	0.864472	1	1	
0.0170608	-nan	0.868372	0.815318	1	1	1	1	1	1	2.53403	0.868372	0.868372	1	1	
0.0177011	-nan	0.872299	0.816006	1	1	1	1	1	1	2.53414	0.872299	0.872299	1	1	
0.0183654	-nan	0.876254	0.816744	1	1	1	1	1	1	2.53424	0.876254	0.876254	1	1	
0.0190546	-nan	0.880234	0.817536	1	1	1	1	1	1	2.53434	0.880234	0.880234	1	1	
0.0197697	-nan	0.88424	0.818384	1	1	1	1	1	1	2.53443	0.88424	0.88424	1	1	
0.0205116	-nan	0.88827	0.81929	1	1	1	1	1	1	2.53451	0.88827	0.88827	1	1	
0.0212814	-nan	0.892322	0.820259	1	1	1	1	1	1	2.53459	0.892322	0.892322	1	1	
0.02208	-nan	0.896397	0.821293	1	1	1	1	1	1	2.53466	0.896397	0.896397	1	1	
0.0229087	-nan	0.900492	0.822396	1	1	1	1	1	1	2.53472	0.900492	0.900492	1	1	
0.0237684	-nan	0.904606	0.823571	1	1	1	1	1	1	2.53478	0.904606	0.904606	1	1	
0.0246604	-nan	0.908737	0.824821	1	1	1	1	1	1	2.53482	0.908737	0.908737	1	1	
0.0255859	-nan	0.912885	0.826152	1	1	1	1	1	1	2.53486	0.912885	0.912885	1	1	
0.0265461	-nan	0.917048	0.827567	1	1	1	1	1	1	2.53489	0.917048	0.917048	1	1	
0.0275423	-nan	0.921224	0.82907	1	1	1	1	1	1	2.53491	0.921224	0.921224	1	1	
0.0285759	-nan	0.925411	0.830666	1	1	1	1	1	1	2.53491	0.925411	0.925411	1	1	
0.0296483	-nan	0.929608	0.83236	1	1	1	1	1	1	2.53491	0.929608	0.929608	1	1	
0.030761	-nan	0.933814	0.834157	1	1	1	1	1	1	2.53489	0.933814	0.933814	1	1	
0.0319154	-nan	0.938025	0.836061	1	1	1	1	1	1	2.53486	0.938025	0.938025	1	1	
0.0331131	-nan	0.94224	0.83808	1	1	1	1	1	1	2.53482	0.94224	0.94224	1	1	
0.0343558	-nan	0.946458	0.840218	1	1	1	1	1	1	2.53477	0.946458	0.946458	1	1	
0.0356451	-nan	0.950676	0.842481	1	1	1	1	1	1	2.53469	0.950676	0.950676	1	1	
0.0369828	-nan	0.954892	0.844877	1	1	1	1	1	1	2.53461	0.954892	0.954892	1	1	
0.0383707	-nan	0.959104	0.847412	1	1	1	1	1	1	2.5345	0.959104	0.959104	1	1	
0.0398107	-nan	0.963309	0.850092	1	1	1	1	1	1	2.53438	0.963309	0.963309	1	1	
0.0413048	-nan	0.967506	0.852926	1	1	1	1	1	1	2.53424	0.967506	0.967506	1	1	
0.0428549	-nan	0.971691	0.855922	1	1	1	1	1	1	2.53408	0.971691	0.971691	1	1	
0.0444631	-nan	0.975862	0.859087	1	1	1	1	1	1	2.53391	0.975862	0.975862	1	1	
0.0461318	-nan	0.980017	0.86243	1	1	1	1	1	1	2.53371	0.980017	0.980017	1	1	
0.047863	-nan	0.984154	0.86596	1	1	1	1	1	1	2.53348	0.984154	0.984154	1	1	
0.0496592	-nan	0.988268	0.869687	1	1	1	1	1	1	2.53324	0.988268	0.988268	1	1	
0.0515229	-nan	0.992359	0.873621	1	1	1	1	1	1	2.53297	0.992359	0.992359	1	1	
0.0534564	-nan	0.996422	0.877771	1	1	1	1	1	1	2.53267	0.996422	0.996422	1	1	
0.0554626	-nan	1.00045	0.88215	1	1	1	1	1	1	2.53235	1.00045	1.00045	1	1	
0.057544	-nan	1.00445	0.886768	1	1	1	1	1	1	2.53199	1.00445	1.00445	1	1	
0.0597035	-nan	1.00842	0.891637	1	1	1	1	1	1	2.53161	1.00842	1.00842	1	1	
0.0619441	-nan	1.01234	0.89677	1	1	1	1	1	1	2.53119	1.01234	1.01234	1	1	
0.0642688	-nan	1.01623	0.90218	1	1	1	1	1	1	2.53075	1.01623	1.01623	1	1	
0.0666807	-nan	1.02006	0.907879	1	1	1	1	1	1	2.53026	1.02006	1.02006	1	1	
0.0691831	-nan	1.02385	0.913882	1	1	1	1	1	1	2.52975	1.02385	1.02385	1	1	
0.0717794	-nan	1.02759	0.920204	1	1	1	1	1	1	2.52919	1.02759	1.02759	1	1	
0.0744732	-nan	1.03127	0.92686	1	1	1	1	1	1	2.52859	1.03127	1.03127	1	1	
0.0772681	-nan	1.03489	0.933865	1	1	1	1	1	1	2.52795	1.03489	1.03489	1	1	
0.0801678	-nan	1.03845	0.941235	1	1	1	1	1	1	2.52727	1.03845	1.03845	1	1	
0.0831764	-nan	1.04194	0.948987	1	1	1	1	1	1	2.52654	1.04194	1.04194	1	1	
0.0862979	-nan	1.04536	0.957138	1	1	1	1	1	1	2.52576	1.04536	1.04536	1	1	
0.0895365	-nan	1.04871	0.965706	1	1	1	1	1	1	2.52494	1.04871	1.04871	1	1	
0.0928966	-nan	1.05198	0.974708	1	1	1	1	1	1	2.52406	1.05198	1.05198	1	1	
0.0963829	-nan	1.05518	0.984163	1	1	1	1	1	1	2.52312	1.05518	1.05518	1	1	
0.1	-nan	1.05828	0.994089	1	1	1	1	1	1	2.52213	1.05828	1.05828	1	1	
0.103614	-nan	1.0612	1.00412	1	1	1	1	1	1	2.52112	1.0612	1.0612	1	1	
0.107229	-nan	1.06393	1.01425	1	1	1	1	1	1	2.52009	1.06393	1.06393	1	1	
0.110843	-nan	1.06649	1.02448	1	1	1	1	1	1	2.51904	1.06649	1.06649	1	1	
0.114458	-nan	1.06889	1.0348	1	1	1	1	1	1	2.51797	1.06889	1.06889	1	1	
0.118072	-nan	1.07114	1.0452	1	1	1	1	1	1	2.51688	1.07114	1.07114	1	1	
0.121687	-nan	1.07326	1.05568	1	1	1	1	1	1	2.51578	1.07326	1.07326	1	1	
0.125301	-nan	1.07524	1.06622	1	1	1	1	1	1	2.51466	1.07524	1.07524	1	1	
0.128916	-nan	1.0771	1.07683	1	1	1	1	1	1	2.51352	1.0771	1.0771	1	1	
0.13253	-nan	1.07884	1.0875	1	1	1	1	1	1	2.51237	1.07884	1.07884	1	1	
0.136145	-nan	1.08047	1.09822	1	1	1	1	1	1	2.51121	1.08047	1.08047	1	1	
0.139759	-nan	1.082	1.10898	1	1	1	1	1	1	2.51004	1.082	1.082	1	1	
0.143373	-nan	1.08342	1.11978	1	1	1	1	1	1	2.50885	1.08342	1.08342	1	1	
0.146988	-nan	1.08475	1.13061	1	1	1	1	1	1	2.50765	1.08475	1.08475	1	1	
0.150602	-nan	1.086	1.14147	1	1	1	1	1	1	2.50644	1.086	1.086	1	1	
0.154217	-nan	1.08716	1.15235	1	1	1	1	1	1	2.50522	1.08716	1.08716	1	1	
0.157831	-nan	1.08823	1.16325	1	1	1	1	1	1	2.50399	1.08823	1.08823	1	1	
0.161446	-nan	1.08923	1.17416	1	1	1	1	1	1	2.50275	1.08923	1.08923	1	1	
0.16506	-nan	1.09016	1.18507	1	1	1	1	1	1	2.5015	1.09016	1.09016	1	1	
0.168675	-nan	1.09102	1.19599	1	1	1	1	1	1	2.50024	1.09102	1.09102	1	1	
0.172289	-nan	1.09181	1.20691	1	1	1	1	1	1	2.49898	1.09181	1.09181	1	1	
0.175904	-nan	1.09254	1.21781	1	1	1	1	1	1	2.4977	1.09254	1.09254	1	1	
0.179518	-nan	1.0932	1.22871	1	1	1	1	1	1	2.49642	1.0932	1.0932	1	1	
0.183133	-nan	1.09381	1.23959	1	1	1	1	1	1	2.49513	1.09381	1.09381	1	1	
0.186747	-nan	1.09437	1.25045	1	1	1	1	1	1	2.49384	1.09437	1.09437	1	1	
0.190361	-nan	1.09487	1.26128	1	1	1	1	1	1	2.49253	1.09487	1.09487	1	1	
0.193976	-nan	1.09532	1.27209	1	1	1	1	1	1	2.49122	1.09532	1.09532	1	1	
0.19759	-nan	1.09572	1.28286	1	1	1	1	1	1	2.48991	1.09572	1.09572	1	1	
0.201205	-nan	1.09607	1.2936	1	1	1	1	1	1	2.48859	1.09607	1.09607	1	1	
0.204819	-nan	1.09639	1.30431	1	1	1	1	1	1	2.48726	1.09639	1.09639	1	1	
0.208434	-nan	1.09665	1.31497	1	1	1	1	1	1	2.48593	1.09665	1.09665	1	1	
0.212048	-nan	1.09688	1.32558	1	1	1	1	1	1	2.4846	1.09688	1.09688	1	1	
0.215663	-nan	1.09707	1.33615	1	1	1	1	1	1	2.48326	1.09707	1.09707	1	1	
0.219277	-nan	1.09721	1.34666	1	1	1	1	1	1	2.48191	1.09721	1.09721	1	1	
0.222892	-nan	1.09733	1.35713	1	1	1	1	1	1	2.48057	1.09733	1.09733	1	1	
0.226506	-nan	1.0974	1.36753	1	1	1	1	1	1	2.47922	1.0974	1.0974	1	1	
0.23012	-nan	1.09745	1.37788	1	1	1	1	1	1	2.47786	1.09745	1.09745	1	1	
0.233735	-nan	1.09746	1.38817	1	1	1	1	1	1	2.4765	1.09746	1.09746	1	1	
0.237349	-nan	1.09744	1.3984	1	1	1	1	1	1	2.47514	1.09744	1.09744	1	1	
0.240964	-nan	1.09739	1.40856	1	1	1	1	1	1	2.47378	1.09739	1.09739	1	1	
0.244578	-nan	1.09731	1.41866	1	1	1	1	1	1	2.47241	1.09731	1.09731	1	1	
0.248193	-nan	1.0972	1.42869	1	1	1	1	1	1	2.47104	1.0972	1.0972	1	1	
0.251807	-nan	1.09707	1.43865	1	1	1	1	1	1	2.46967	1.09707	1.09707	1	1	
0.255422	-nan	1.09691	1.44853	1	1	1	1	1	1	2.4683	1.09691	1.09691	1	1	
0.259036	-nan	1.09672	1.45835	1	1	1	1	1	1	2.46693	1.09672	1.09672	1	1	
0.262651	-nan	1.09652	1.46809	1	1	1	1	1	1	2.46555	1.09652	1.09652	1	1	
0.266265	-nan	1.09628	1.47776	1	1	1	1	1	1	2.46417	1.09628	1.09628	1	1	
0.26988	-nan	1.09603	1.48734	1	1	1	1	1	1	2.4628	1.09603	1.09603	1	1	
0.273494	-nan	1.09575	1.49686	1	1	1	1	1	1	2.46142	1.09575	1.09575	1	1	
0.277108	-nan	1.09545	1.50629	1	1	1	1	1	1	2.46004	1.09545	1.09545	1	1	
0.280723	-nan	1.09514	1.51565	1	1	1	1	1	1	2.45866	1.09514	1.09514	1	1	
0.284337	-nan	1.0948	1.52492	1	1	1	1	1	1	2.45727	1.0948	1.0948	1	1	
0.287952	-nan	1.09444	1.53412	1	1	1	1	1	1	2.45589	1.09444	1.09444	1	1	
0.291566	-nan	1.09407	1.54323	1	1	1	1	1	1	2.45451	1.09407	1.09407	1	1	
0.295181	-nan	1.09368	1.55226	1	1	1	1	1	1	2.45313	1.09368	1.09368	1	1	
0.298795	-nan	1.09327	1.56121	1	1	1	1	1	1	2.45175	1.09327	1.09327	1	1	
0.30241	-nan	1.09285	1.57008	1	1	1	1	1	1	2.45036	1.09285	1.09285	1	1	
0.306024	-nan	1.0924	1.57887	1	1	1	1	1	1	2.44898	1.0924	1.0924	1	1	
0.309639	-nan	1.09195	1.58757	1	1	1	1	1	1	2.4476	1.09195	1.09195	1	1	
0.313253	-nan	1.09148	1.59619	1	1	1	1	1	1	2.44622	1.09148	1.09148	1	1	
0.316867	-nan	1.09099	1.60473	1	1	1	1	1	1	2.44484	1.09099	1.09099	1	1	
0.320482	-nan	1.09049	1.61318	1	1	1	1	1	1	2.44346	1.09049	1.09049	1	1	
0.324096	-nan	1.08998	1.62155	1	1	1	1	1	1	2.44209	1.08998	1.08998	1	1	
0.327711	-nan	1.08945	1.62984	1	1	1	1	1	1	2.44071	1.08945	1.08945	1	1	
0.331325	-nan	1.08892	1.63804	1	1	1	1	1	1	2.43933	1.08892	1.08892	1	1	
0.33494	-nan	1.08836	1.64616	1	1	1	1	1	1	2.43796	1.08836	1.08836	1	1	
0.338554	-nan	1.0878	1.6542	1	1	1	1	1	1	2.43659	1.0878	1.0878	1	1	
0.342169	-nan	1.08723	1.66216	1	1	1	1	1	1	2.43522	1.08723	1.08723	1	1	
0.345783	-nan	1.08664	1.67003	1	1	1	1	1	1	2.43385	1.08664	1.08664	1	1	
0.349398	-nan	1.08605	1.67782	1	1	1	1	1	1	2.43248	1.08605	1.08605	1	1	
0.353012	-nan	1.08544	1.68553	1	1	1	1	1	1	2.43111	1.08544	1.08544	1	1	
0.356627	-nan	1.08482	1.69316	1	1	1	1	1	1	2.42975	1.08482	1.08482	1	1	
0.360241	-nan	1.0842	1.70071	1	1	1	1	1	1	2.42839	1.0842	1.0842	1	1	
0.363855	-nan	1.08356	1.70817	1	1	1	1	1	1	2.42703	1.08356	1.08356	1	1	
0.36747	-nan	1.08292	1.71556	1	1	1	1	1	1	2.42567	1.08292	1.08292	1	1	
0.371084	-nan	1.08226	1.72287	1	1	1	1	1	1	2.42431	1.08226	1.08226	1	1	
0.374699	-nan	1.0816	1.7301	1	1	1	1	1	1	2.42296	1.0816	1.0816	1	1	
0.378313	-nan	1.08093	1.73725	1	1	1	1	1	1	2.42161	1.08093	1.08093	1	1	
0.381928	-nan	1.08025	1.74432	1	1	1	1	1	1	2.42026	1.08025	1.08025	1	1	
0.385542	-nan	1.07957	1.75131	1	1	1	1	1	1	2.41892	1.07957	1.07957	1	1	
0.389157	-nan	1.07887	1.75823	1	1	1	1	1	1	2.41757	1.07887	1.07887	1	1	
0.392771	-nan	1.07817	1.76507	1	1	1	1	1	1	2.41623	1.07817	1.07817	1	1	
0.396386	-nan	1.07746	1.77184	1	1	1	1	1	1	2.4149	1.07746	1.07746	1	1	
0.4	-nan	1.07675	1.77853	1	1	1	1	1	1	2.41356	1.07675	1.07675	1	1	
0.403614	-nan	1.07603	1.78514	1	1	1	1	1	1	2.41223	1.07603	1.07603	1	1	
0.407229	-nan	1.0753	1.79168	1	1	1	1	1	1	2.4109	1.0753	1.0753	1	1	
0.410843	-nan	1.07457	1.79815	1	1	1	1	1	1	2.40958	1.07457	1.07457	1	1	
0.414458	-nan	1.07382	1.80455	1	1	1	1	1	1	2.40826	1.07382	1.07382	1	1	
0.418072	-nan	1.07308	1.81087	1	1	1	1	1	1	2.40694	1.07308	1.07308	1	1	
0.421687	-nan	1.07233	1.81713	1	1	1	1	1	1	2.40562	1.07233	1.07233	1	1	
0.425301	-nan	1.07157	1.82331	1	1	1	1	1	1	2.40431	1.07157	1.07157	1	1	
0.428916	-nan	1.07081	1.82942	1	1	1	1	1	1	2.403	1.07081	1.07081	1	1	
0.43253	-nan	1.07004	1.83547	1	1	1	1	1	1	2.4017	1.07004	1.07004	1	1	
0.436145	-nan	1.06927	1.84144	1	1	1	1	1	1	2.40039	1.06927	1.06927	1	1	
0.439759	-nan	1.06849	1.84735	1	1	1	1	1	1	2.3991	1.06849	1.06849	1	1	
0.443373	-nan	1.0677	1.85319	1	1	1	1	1	1	2.3978	1.0677	1.0677	1	1	
0.446988	-nan	1.06692	1.85897	1	1	1	1	1	1	2.39651	1.06692	1.06692	1	1	
0.450602	-nan	1.06613	1.86467	1	1	1	1	1	1	2.39522	1.06613	1.06613	1	1	
0.454217	-nan	1.06533	1.87032	1	1	1	1	1	1	2.39394	1.06533	1.06533	1	1	
0.457831	-nan	1.06453	1.8759	1	1	1	1	1	1	2.39266	1.06453	1.06453	1	1	
0.461446	-nan	1.06373	1.88141	1	1	1	1	1	1	2.39139	1.06373	1.06373	1	1	
0.46506	-nan	1.06292	1.88687	1	1	1	1	1	1	2.39011	1.06292	1.06292	1	1	
0.468675	-nan	1.06211	1.89226	1	1	1	1	1	1	2.38885	1.06211	1.06211	1	1	
0.472289	-nan	1.06129	1.89759	1	1	1	1	1	1	2.38758	1.06129	1.06129	1	1	
0.475904	-nan	1.06048	1.90285	1	1	1	1	1	1	2.38632	1.06048	1.06048	1	1	
0.479518	-nan	1.05965	1.90806	1	1	1	1	1	1	2.38507	1.05965	1.05965	1	1	
0.483133	-nan	1.05883	1.91321	1	1	1	1	1	1	2.38381	1.05883	1.05883	1	1	
0.486747	-nan	1.058	1.9183	1	1	1	1	1	1	2.38257	1.058	1.058	1	1	
0.490361	-nan	1.05717	1.92334	1	1	1	1	1	1	2.38132	1.05717	1.05717	1	1	
0.493976	-nan	1.05633	1.92831	1	1	1	1	1	1	2.38008	1.05633	1.05633	1	1	
0.49759	-nan	1.0555	1.93323	1	1	1	1	1	1	2.37885	1.0555	1.0555	1	1	
0.501205	-nan	1.05466	1.93809	1	1	1	1	1	1	2.37762	1.05466	1.05466	1	1	
0.504819	-nan	1.05382	1.9429	1	1	1	1	1	1	2.37639	1.05382	1.05382	1	1	
0.508434	-nan	1.05297	1.94765	1	1	1	1	1	1	2.37517	1.05297	1.05297	1	1	
0.512048	-nan	1.05212	1.95235	1	1	1	1	1	1	2.37395	1.05212	1.05212	1	1	
0.515663	-nan	1.05127	1.95699	1	1	1	1	1	1	2.37273	1.05127	1.05127	1	1	
0.519277	-nan	1.05042	1.96159	1	1	1	1	1	1	2.37152	1.05042	1.05042	1	1	
0.522892	-nan	1.04957	1.96613	1	1	1	1	1	1	2.37032	1.04957	1.04957	1	1	
0.526506	-nan	1.04871	1.97062	1	1	1	1	1	1	2.36912	1.04871	1.04871	1	1	
0.53012	-nan	1.04785	1.97505	1	1	1	1	1	1	2.36792	1.04785	1.04785	1	1	
0.533735	-nan	1.04699	1.97944	1	1	1	1	1	1	2.36673	1.04699	1.04699	1	1	
0.537349	-nan	1.04613	1.98378	1	1	1	1	1	1	2.36554	1.04613	1.04613	1	1	
0.540964	-nan	1.04527	1.98807	1	1	1	1	1	1	2.36436	1.04527	1.04527	1	1	
0.544578	-nan	1.0444	1.99231	1	1	1	1	1	1	2.36318	1.0444	1.0444	1	1	
0.548193	-nan	1.04353	1.9965	1	1	1	1	1	1	2.36201	1.04353	1.04353	1	1	
0.551807	-nan	1.04266	2.00065	1	1	1	1	1	1	2.36084	1.04266	1.04266	1	1	
0.555422	-nan	1.04179	2.00475	1	1	1	1	1	1	2.35967	1.04179	1.04179	1	1	
0.559036	-nan	1.04092	2.0088	1	1	1	1	1	1	2.35851	1.04092	1.04092	1	1	
0.562651	-nan	1.04005	2.01281	1	1	1	1	1	1	2.35735	1.04005	1.04005	1	1	
0.566265	-nan	1.03917	2.01678	1	1	1	1	1	1	2.3562	1.03917	1.03917	1	1	
0.56988	-nan	1.0383	2.0207	1	1	1	1	1	1	2.35506	1.0383	1.0383	1	1	
0.573494	-nan	1.03742	2.02457	1	1	1	1	1	1	2.35391	1.03742	1.03742	1	1	
0.577108	-nan	1.03654	2.0284	1	1	1	1	1	1	2.35278	1.03654	1.03654	1	1	
0.580723	-nan	1.03566	2.03219	1	1	1	1	1	1	2.35164	1.03566	1.03566	1	1	
0.584337	-nan	1.03478	2.03594	1	1	1	1	1	1	2.35052	1.03478	1.03478	1	1	
0.587952	-nan	1.0339	2.03965	1	1	1	1	1	1	2.34939	1.0339	1.0339	1	1	
0.591566	-nan	1.03302	2.04331	1	1	1	1	1	1	2.34827	1.03302	1.03302	1	1	
0.595181	-nan	1.03213	2.04694	1	1	1	1	1	1	2.34716	1.03213	1.03213	1	1	
0.598795	-nan	1.03125	2.05052	1	1	1	1	1	1	2.34605	1.03125	1.03125	1	1	
0.60241	-nan	1.03036	2.05407	1	1	1	1	1	1	2.34494	1.03036	1.03036	1	1	
0.606024	-nan	1.02948	2.05757	1	1	1	1	1	1	2.34384	1.02948	1.02948	1	1	
0.609639	-nan	1.02859	2.06104	1	1	1	1	1	1	2.34275	1.02859	1.02859	1	1	
0.613253	-nan	1.0277	2.06447	1	1	1	1	1	1	2.34166	1.0277	1.0277	1	1	
0.616867	-nan	1.02681	2.06786	1	1	1	1	1	1	2.34057	1.02681	1.02681	1	1	
0.620482	-nan	1.02592	2.07122	1	1	1	1	1	1	2.33949	1.02592	1.02592	1	1	
0.624096	-nan	1.02503	2.07454	1	1	1	1	1	1	2.33841	1.02503	1.02503	1	1	
0.627711	-nan	1.02414	2.07782	1	1	1	1	1	1	2.33734	1.02414	1.02414	1	1	
0.631325	-nan	1.02325	2.08107	1	1	1	1	1	1	2.33627	1.02325	1.02325	1	1	
0.63494	-nan	1.02236	2.08428	1	1	1	1	1	1	2.33521	1.02236	1.02236	1	1	
0.638554	-nan	1.02147	2.08746	1	1	1	1	1	1	2.33415	1.02147	1.02147	1	1	
0.642169	-nan	1.02058	2.0906	1	1	1	1	1	1	2.3331	1.02058	1.02058	1	1	
0.645783	-nan	1.01969	2.09371	1	1	1	1	1	1	2.33205	1.01969	1.01969	1	1	
0.649398	-nan	1.0188	2.09678	1	1	1	1	1	1	2.331	1.0188	1.0188	1	1	
0.653012	-nan	1.0179	2.09983	1	1	1	1	1	1	2.32996	1.0179	1.0179	1	1	
0.656627	-nan	1.01701	2.10284	1	1	1	1	1	1	2.32893	1.01701	1.01701	1	1	
0.660241	-nan	1.01612	2.10582	1	1	1	1	1	1	2.3279	1.01612	1.01612	1	1	
0.663855	-nan	1.01522	2.10876	1	1	1	1	1	1	2.32687	1.01522	1.01522	1	1	
0.66747	-nan	1.01433	2.11168	1	1	1	1	1	1	2.32585	1.01433	1.01433	1	1	
0.671084	-nan	1.01344	2.11456	1	1	1	1	1	1	2.32484	1.01344	1.01344	1	1	
0.674699	-nan	1.01254	2.11741	1	1	1	1	1	1	2.32382	1.01254	1.01254	1	1	
0.678313	-nan	1.01165	2.12024	1	1	1	1	1	1	2.32282	1.01165	1.01165	1	1	
0.681928	-nan	1.01076	2.12303	1	1	1	1	1	1	2.32182	1.01076	1.01076	1	1	
0.685542	-nan	1.00986	2.12579	1	1	1	1	1	1	2.32082	1.00986	1.00986	1	1	
0.689157	-nan	1.00897	2.12853	1	1	1	1	1	1	2.31983	1.00897	1.00897	1	1	
0.692771	-nan	1.00808	2.13123	1	1	1	1	1	1	2.31884	1.00808	1.00808	1	1	
0.696386	-nan	1.00718	2.13391	1	1	1	1	1	1	2.31785	1.00718	1.00718	1	1	
0.7	-nan	1.00629	2.13656	1	1	1	1	1	1	2.31687	1.00629	1.00629	1	1	
0.703614	-nan	1.0054	2.13918	1	1	1	1	1	1	2.3159	1.0054	1.0054	1	1	
0.707229	-nan	1.0045	2.14178	1	1	1	1	1	1	2.31493	1.0045	1.0045	1	1	
0.710843	-nan	1.00361	2.14435	1	1	1	1	1	1	2.31397	1.00361	1.00361	1	1	
0.714458	-nan	1.00272	2.14689	1	1	1	1	1	1	2.313	1.00272	1.00272	1	1	
0.718072	-nan	1.00182	2.1494	1	1	1	1	1	1	2.31205	1.00182	1.00182	1	1	
0.721687	-nan	1.00093	2.15189	1	1	1	1	1	1	2.3111	1.00093	1.00093	1	1	
0.725301	-nan	1.00004	2.15435	1	1	1	1	1	1	2.31015	1.00004	1.00004	1	1	
0.728916	-nan	0.999148	2.15679	1	1	1	1	1	1	2.30921	0.999148	0.999148	1	1	
0.73253	-nan	0.998257	2.15921	1	1	1	1	1	1	2.30827	0.998257	0.998257	1	1	
0.736145	-nan	0.997365	2.16159	1	1	1	1	1	1	2.30734	0.997365	0.997365	1	1	
0.739759	-nan	0.996475	2.16396	1	1	1	1	1	1	2.30641	0.996475	0.996475	1	1	
0.743373	-nan	0.995584	2.1663	1	1	1	1	1	1	2.30549	0.995584	0.995584	1	1	
0.746988	-nan	0.994694	2.16861	1	1	1	1	1	1	2.30457	0.994694	0.994694	1	1	
0.750602	-nan	0.993805	2.17091	1	1	1	1	1	1	2.30365	0.993805	0.993805	1	1	
0.754217	-nan	0.992916	2.17317	1	1	1	1	1	1	2.30274	0.992916	0.992916	1	1	
0.757831	-nan	0.992027	2.17542	1	1	1	1	1	1	2.30183	0.992027	0.992027	1	1	
0.761446	-nan	0.991139	2.17764	1	1	1	1	1	1	2.30093	0.991139	0.991139	1	1	
0.76506	-nan	0.990251	2.17985	1	1	1	1	1	1	2.30004	0.990251	0.990251	1	1	
0.768675	-nan	0.989364	2.18203	1	1	1	1	1	1	2.29914	0.989364	0.989364	1	1	
0.772289	-nan	0.988477	2.18418	1	1	1	1	1	1	2.29825	0.988477	0.988477	1	1	
0.775904	-nan	0.98759	2.18632	1	1	1	1	1	1	2.29737	0.98759	0.98759	1	1	
0.779518	-nan	0.986705	2.18843	1	1	1	1	1	1	2.29649	0.986705	0.986705	1	1	
0.783133	-nan	0.98582	2.19053	1	1	1	1	1	1	2.29562	0.98582	0.98582	1	1	
0.786747	-nan	0.984935	2.1926	1	1	1	1	1	1	2.29475	0.984935	0.984935	1	1	
0.790361	-nan	0.984051	2.19465	1	1	1	1	1	1	2.29388	0.984051	0.984051	1	1	
0.793976	-nan	0.983167	2.19668	1	1	1	1	1	1	2.29302	0.983167	0.983167	1	1	
0.79759	-nan	0.982284	2.19869	1	1	1	1	1	1	2.29216	0.982284	0.982284	1	1	
0.801205	-nan	0.981402	2.20069	1	1	1	1	1	1	2.29131	0.981402	0.981402	1	1	
0.804819	-nan	0.980521	2.20266	1	1	1	1	1	1	2.29046	0.980521	0.980521	1	1	
0.808434	-nan	0.97964	2.20461	1	1	1	1	1	1	2.28961	0.97964	0.97964	1	1	
0.812048	-nan	0.978759	2.20655	1	1	1	1	1	1	2.28877	0.978759	0.978759	1	1	
0.815663	-nan	0.97788	2.20846	1	1	1	1	1	1	2.28794	0.97788	0.97788	1	1	
0.819277	-nan	0.977001	2.21036	1	1	1	1	1	1	2.28711	0.977001	0.977001	1	1	
0.822892	-nan	0.976122	2.21223	1	1	1	1	1	1	2.28628	0.976122	0.976122	1	1	
0.826506	-nan	0.975245	2.21409	1	1	1	1	1	1	2.28546	0.975245	0.975245	1	1	
0.83012	-nan	0.974368	2.21594	1	1	1	1	1	1	2.28464	0.974368	0.974368	1	1	
0.833735	-nan	0.973492	2.21776	1	1	1	1	1	1	2.28382	0.973492	0.973492	1	1	
0.837349	-nan	0.972616	2.21957	1	1	1	1	1	1	2.28301	0.972616	0.972616	1	1	
0.840964	-nan	0.971742	2.22135	1	1	1	1	1	1	2.2822	0.971742	0.971742	1	1	
0.844578	-nan	0.970868	2.22313	1	1	1	1	1	1	2.2814	0.970868	0.970868	1	1	
0.848193	-nan	0.969995	2.22488	1	1	1	1	1	1	2.2806	0.969995	0.969995	1	1	
0.851807	-nan	0.969122	2.22662	1	1	1	1	1	1	2.27981	0.969122	0.969122	1	1	
0.855422	-nan	0.968251	2.22834	1	1	1	1	1	1	2.27902	0.968251	0.968251	1	1	
0.859036	-nan	0.96738	2.23004	1	1	1	1	1	1	2.27823	0.96738	0.96738	1	1	
0.862651	-nan	0.96651	2.23173	1	1	1	1	1	1	2.27745	0.96651	0.96651	1	1	
0.866265	-nan	0.965641	2.23341	1	1	1	1	1	1	2.27668	0.965641	0.965641	1	1	
0.86988	-nan	0.964773	2.23506	1	1	1	1	1	1	2.2759	0.964773	0.964773	1	1	
0.873494	-nan	0.963905	2.2367	1	1	1	1	1	1	2.27513	0.963905	0.963905	1	1	
0.877108	-nan	0.963039	2.23833	1	1	1	1	1	1	2.27437	0.963039	0.963039	1	1	
0.880723	-nan	0.962173	2.23994	1	1	1	1	1	1	2.27361	0.962173	0.962173	1	1	
0.884337	-nan	0.961308	2.24154	1	1	1	1	1	1	2.27285	0.961308	0.961308	1	1	
0.887952	-nan	0.960444	2.24312	1	1	1	1	1	1	2.27209	0.960444	0.960444	1	1	
0.891566	-nan	0.959581	2.24468	1	1	1	1	1	1	2.27134	0.959581	0.959581	1	1	
0.895181	-nan	0.958718	2.24623	1	1	1	1	1	1	2.2706	0.958718	0.958718	1	1	
0.898795	-nan	0.957857	2.24777	1	1	1	1	1	1	2.26986	0.957857	0.957857	1	1	
0.90241	-nan	0.956996	2.24929	1	1	1	1	1	1	2.26912	0.956996	0.956996	1	1	
0.906024	-nan	0.956137	2.2508	1	1	1	1	1	1	2.26839	0.956137	0.956137	1	1	
0.909639	-nan	0.955278	2.25229	1	1	1	1	1	1	2.26766	0.955278	0.955278	1	1	
0.913253	-nan	0.95442	2.25377	1	1	1	1	1	1	2.26693	0.95442	0.95442	1	1	
0.916867	-nan	0.953563	2.25524	1	1	1	1	1	1	2.26621	0.953563	0.953563	1	1	
0.920482	-nan	0.952707	2.25669	1	1	1	1	1	1	2.26549	0.952707	0.952707	1	1	
0.924096	-nan	0.951853	2.25813	1	1	1	1	1	1	2.26477	0.951853	0.951853	1	1	
0.927711	-nan	0.950998	2.25956	1	1	1	1	1	1	2.26406	0.950998	0.950998	1	1	
0.931325	-nan	0.950145	2.26097	1	1	1	1	1	1	2.26336	0.950145	0.950145	1	1	
0.93494	-nan	0.949293	2.26237	1	1	1	1	1	1	2.26265	0.949293	0.949293	1	1	
0.938554	-nan	0.948442	2.26376	1	1	1	1	1	1	2.26195	0.948442	0.948442	1	1	
0.942169	-nan	0.947592	2.26514	1	1	1	1	1	1	2.26126	0.947592	0.947592	1	1	
0.945783	-nan	0.946743	2.2665	1	1	1	1	1	1	2.26057	0.946743	0.946743	1	1	
0.949398	-nan	0.945894	2.26785	1	1	1	1	1	1	2.25988	0.945894	0.945894	1	1	
0.953012	-nan	0.945047	2.26919	1	1	1	1	1	1	2.25919	0.945047	0.945047	1	1	
0.956627	-nan	0.944201	2.27052	1	1	1	1	1	1	2.25851	0.944201	0.944201	1	1	
0.960241	-nan	0.943356	2.27183	1	1	1	1	1	1	2.25784	0.943356	0.943356	1	1	
0.963855	-nan	0.942511	2.27313	1	1	1	1	1	1	2.25716	0.942511	0.942511	1	1	
0.96747	-nan	0.941668	2.27442	1	1	1	1	1	1	2.25649	0.941668	0.941668	1	1	
0.971084	-nan	0.940826	2.2757	1	1	1	1	1	1	2.25583	0.940826	0.940826	1	1	
0.974699	-nan	0.939985	2.27697	1	1	1	1	1	1	2.25516	0.939985	0.939985	1	1	
0.978313	-nan	0.939145	2.27823	1	1	1	1	1	1	2.2545	0.939145	0.939145	1	1	
0.981928	-nan	0.938305	2.27947	1	1	1	1	1	1	2.25385	0.938305	0.938305	1	1	
0.985542	-nan	0.937467	2.28071	1	1	1	1	1	1	2.2532	0.937467	0.937467	1	1	
0.989157	-nan	0.93663	2.28193	1	1	1	1	1	1	2.25255	0.93663	0.93663	1	1	
0.992771	-nan	0.935794	2.28314	1	1	1	1	1	1	2.2519	0.935794	0.935794	1	1	
0.996386	-nan	0.934959	2.28434	1	1	1	1	1	1	2.25126	0.934959	0.934959	1	1	
1	-nan	-nan	-nan	-nan	-nan	-nan	-nan	-nan	-nan	-nan	-nan	-nan	-nan	-nan	
