1e-05	-nan	0.526791	0.18071	1	1	1	1	1	1	0.00932319	0.526791	0.526791	1	1	
1.03753e-05	-nan	0.526485	0.180802	1	1	1	1	1	1	0.00932575	0.526485	0.526485	1	1	
1.07647e-05	-nan	0.526183	0.180896	1	1	1	1	1	1	0.00932848	0.526183	0.526183	1	1	
1.11686e-05	-nan	0.525884	0.180992	1	1	1	1	1	1	0.00933138	0.525884	0.525884	1	1	
1.15878e-05	-nan	0.525588	0.181091	1	1	1	1	1	1	0.00933446	0.525588	0.525588	1	1	
1.20226e-05	-nan	0.525296	0.181191	1	1	1	1	1	1	0.00933773	0.525296	0.525296	1	1	
1.24738e-05	-nan	0.525007	0.181293	1	1	1	1	1	1	0.00934118	0.525007	0.525007	1	1	
1.2942e-05	-nan	0.524722	0.181397	1	1	1	1	1	1	0.00934483	0.524722	0.524722	1	1	
1.34276e-05	-nan	0.52444	0.181503	1	1	1	1	1	1	0.00934869	0.52444	0.52444	1	1	
1.39316e-05	-nan	0.524163	0.181611	1	1	1	1	1	1	0.00935275	0.524163	0.524163	1	1	
1.44544e-05	-nan	0.523888	0.181722	1	1	1	1	1	1	0.00935704	0.523888	0.523888	1	1	
1.49968e-05	-nan	0.523618	0.181834	1	1	1	1	1	1	0.00936154	0.523618	0.523618	1	1	
1.55597e-05	-nan	0.523352	0.181949	1	1	1	1	1	1	0.00936628	0.523352	0.523352	1	1	
1.61436e-05	-nan	0.52309	0.182067	1	1	1	1	1	1	0.00937126	0.52309	0.52309	1	1	
1.67494e-05	-nan	0.522832	0.182186	1	1	1	1	1	1	0.00937649	0.522832	0.522832	1	1	
1.7378e-05	-nan	0.522578	0.182309	1	1	1	1	1	1	0.00938197	0.522578	0.522578	1	1	
1.80302e-05	-nan	0.522328	0.182433	1	1	1	1	1	1	0.00938771	0.522328	0.522328	1	1	
1.87068e-05	-nan	0.522083	0.18256	1	1	1	1	1	1	0.00939373	0.522083	0.522083	1	1	
1.94089e-05	-nan	0.521842	0.18269	1	1	1	1	1	1	0.00940003	0.521842	0.521842	1	1	
2.01372e-05	-nan	0.521606	0.182822	1	1	1	1	1	1	0.00940661	0.521606	0.521606	1	1	
2.0893e-05	-nan	0.521375	0.182957	1	1	1	1	1	1	0.0094135	0.521375	0.521375	1	1	
2.1677e-05	-nan	0.521148	0.183095	1	1	1	1	1	1	0.0094207	0.521148	0.521148	1	1	
2.24905e-05	-nan	0.520926	0.183235	1	1	1	1	1	1	0.00942821	0.520926	0.520926	1	1	
2.33346e-05	-nan	0.520709	0.183378	1	1	1	1	1	1	0.00943605	0.520709	0.520709	1	1	
2.42103e-05	-nan	0.520497	0.183524	1	1	1	1	1	1	0.00944423	0.520497	0.520497	1	1	
2.51189e-05	-nan	0.52029	0.183674	1	1	1	1	1	1	0.00945277	0.52029	0.52029	1	1	
2.60615e-05	-nan	0.520088	0.183826	1	1	1	1	1	1	0.00946166	0.520088	0.520088	1	1	
2.70396e-05	-nan	0.519892	0.183981	1	1	1	1	1	1	0.00947092	0.519892	0.519892	1	1	
2.80543e-05	-nan	0.519701	0.184139	1	1	1	1	1	1	0.00948057	0.519701	0.519701	1	1	
2.91072e-05	-nan	0.519515	0.184301	1	1	1	1	1	1	0.00949062	0.519515	0.519515	1	1	
3.01995e-05	-nan	0.519336	0.184466	1	1	1	1	1	1	0.00950108	0.519336	0.519336	1	1	
3.13329e-05	-nan	0.519162	0.184634	1	1	1	1	1	1	0.00951196	0.519162	0.519162	1	1	
3.25087e-05	-nan	0.518994	0.184805	1	1	1	1	1	1	0.00952327	0.518994	0.518994	1	1	
3.37287e-05	-nan	0.518831	0.18498	1	1	1	1	1	1	0.00953503	0.518831	0.518831	1	1	
3.49945e-05	-nan	0.518675	0.185159	1	1	1	1	1	1	0.00954726	0.518675	0.518675	1	1	
3.63078e-05	-nan	0.518526	0.185341	1	1	1	1	1	1	0.00955997	0.518526	0.518526	1	1	
3.76704e-05	-nan	0.518382	0.185527	1	1	1	1	1	1	0.00957316	0.518382	0.518382	1	1	
3.90841e-05	-nan	0.518245	0.185717	1	1	1	1	1	1	0.00958687	0.518245	0.518245	1	1	
4.05509e-05	-nan	0.518115	0.18591	1	1	1	1	1	1	0.0096011	0.518115	0.518115	1	1	
4.20727e-05	-nan	0.517991	0.186108	1	1	1	1	1	1	0.00961587	0.517991	0.517991	1	1	
4.36516e-05	-nan	0.517874	0.186309	1	1	1	1	1	1	0.0096312	0.517874	0.517874	1	1	
4.52898e-05	-nan	0.517764	0.186515	1	1	1	1	1	1	0.00964711	0.517764	0.517764	1	1	
4.69894e-05	-nan	0.517661	0.186725	1	1	1	1	1	1	0.00966361	0.517661	0.517661	1	1	
4.87528e-05	-nan	0.517565	0.186939	1	1	1	1	1	1	0.00968072	0.517565	0.517565	1	1	
5.05825e-05	-nan	0.517477	0.187157	1	1	1	1	1	1	0.00969847	0.517477	0.517477	1	1	
5.24807e-05	-nan	0.517396	0.18738	1	1	1	1	1	1	0.00971686	0.517396	0.517396	1	1	
5.44503e-05	-nan	0.517323	0.187608	1	1	1	1	1	1	0.00973593	0.517323	0.517323	1	1	
5.64937e-05	-nan	0.517257	0.18784	1	1	1	1	1	1	0.00975569	0.517257	0.517257	1	1	
5.86138e-05	-nan	0.5172	0.188077	1	1	1	1	1	1	0.00977616	0.5172	0.5172	1	1	
6.08135e-05	-nan	0.51715	0.188318	1	1	1	1	1	1	0.00979738	0.51715	0.51715	1	1	
6.30957e-05	-nan	0.517109	0.188565	1	1	1	1	1	1	0.00981935	0.517109	0.517109	1	1	
6.54636e-05	-nan	0.517076	0.188817	1	1	1	1	1	1	0.00984211	0.517076	0.517076	1	1	
6.79204e-05	-nan	0.517052	0.189073	1	1	1	1	1	1	0.00986568	0.517052	0.517052	1	1	
7.04693e-05	-nan	0.517036	0.189335	1	1	1	1	1	1	0.00989008	0.517036	0.517036	1	1	
7.31139e-05	-nan	0.517029	0.189603	1	1	1	1	1	1	0.00991534	0.517029	0.517029	1	1	
7.58578e-05	-nan	0.517031	0.189876	1	1	1	1	1	1	0.00994149	0.517031	0.517031	1	1	
7.87046e-05	-nan	0.517042	0.190154	1	1	1	1	1	1	0.00996856	0.517042	0.517042	1	1	
8.16582e-05	-nan	0.517063	0.190438	1	1	1	1	1	1	0.00999658	0.517063	0.517063	1	1	
8.47227e-05	-nan	0.517093	0.190728	1	1	1	1	1	1	0.0100256	0.517093	0.517093	1	1	
8.79023e-05	-nan	0.517133	0.191024	1	1	1	1	1	1	0.0100556	0.517133	0.517133	1	1	
9.12011e-05	-nan	0.517182	0.191326	1	1	1	1	1	1	0.0100866	0.517182	0.517182	1	1	
9.46237e-05	-nan	0.517242	0.191635	1	1	1	1	1	1	0.0101187	0.517242	0.517242	1	1	
9.81748e-05	-nan	0.517311	0.191949	1	1	1	1	1	1	0.0101519	0.517311	0.517311	1	1	
0.000101859	-nan	0.517392	0.19227	1	1	1	1	1	1	0.0101863	0.517392	0.517392	1	1	
0.000105682	-nan	0.517482	0.192598	1	1	1	1	1	1	0.0102218	0.517482	0.517482	1	1	
0.000109648	-nan	0.517584	0.192933	1	1	1	1	1	1	0.0102586	0.517584	0.517584	1	1	
0.000113763	-nan	0.517696	0.193274	1	1	1	1	1	1	0.0102966	0.517696	0.517696	1	1	
0.000118032	-nan	0.51782	0.193622	1	1	1	1	1	1	0.0103359	0.51782	0.51782	1	1	
0.000122462	-nan	0.517955	0.193978	1	1	1	1	1	1	0.0103765	0.517955	0.517955	1	1	
0.000127057	-nan	0.518101	0.194341	1	1	1	1	1	1	0.0104186	0.518101	0.518101	1	1	
0.000131826	-nan	0.518259	0.194711	1	1	1	1	1	1	0.010462	0.518259	0.518259	1	1	
0.000136773	-nan	0.518429	0.19509	1	1	1	1	1	1	0.0105069	0.518429	0.518429	1	1	
0.000141906	-nan	0.518612	0.195476	1	1	1	1	1	1	0.0105534	0.518612	0.518612	1	1	
0.000147231	-nan	0.518806	0.19587	1	1	1	1	1	1	0.0106014	0.518806	0.518806	1	1	
0.000152757	-nan	0.519014	0.196272	1	1	1	1	1	1	0.010651	0.519014	0.519014	1	1	
0.000158489	-nan	0.519234	0.196682	1	1	1	1	1	1	0.0107023	0.519234	0.519234	1	1	
0.000164437	-nan	0.519467	0.197101	1	1	1	1	1	1	0.0107554	0.519467	0.519467	1	1	
0.000170608	-nan	0.519714	0.197529	1	1	1	1	1	1	0.0108102	0.519714	0.519714	1	1	
0.000177011	-nan	0.519974	0.197966	1	1	1	1	1	1	0.0108669	0.519974	0.519974	1	1	
0.000183654	-nan	0.520247	0.198411	1	1	1	1	1	1	0.0109255	0.520247	0.520247	1	1	
0.000190546	-nan	0.520535	0.198867	1	1	1	1	1	1	0.010986	0.520535	0.520535	1	1	
0.000197697	-nan	0.520837	0.199331	1	1	1	1	1	1	0.0110486	0.520837	0.520837	1	1	
0.000205116	-nan	0.521154	0.199805	1	1	1	1	1	1	0.0111133	0.521154	0.521154	1	1	
0.000212814	-nan	0.521485	0.20029	1	1	1	1	1	1	0.0111802	0.521485	0.521485	1	1	
0.0002208	-nan	0.521831	0.200784	1	1	1	1	1	1	0.0112494	0.521831	0.521831	1	1	
0.000229087	-nan	0.522193	0.201289	1	1	1	1	1	1	0.0113208	0.522193	0.522193	1	1	
0.000237684	-nan	0.52257	0.201804	1	1	1	1	1	1	0.0113947	0.52257	0.52257	1	1	
0.000246604	-nan	0.522963	0.20233	1	1	1	1	1	1	0.0114711	0.522963	0.522963	1	1	
0.000255859	-nan	0.523372	0.202867	1	1	1	1	1	1	0.01155	0.523372	0.523372	1	1	
0.000265461	-nan	0.523797	0.203415	1	1	1	1	1	1	0.0116316	0.523797	0.523797	1	1	
0.000275423	-nan	0.524239	0.203975	1	1	1	1	1	1	0.0117159	0.524239	0.524239	1	1	
0.000285759	-nan	0.524698	0.204547	1	1	1	1	1	1	0.0118032	0.524698	0.524698	1	1	
0.000296483	-nan	0.525174	0.205131	1	1	1	1	1	1	0.0118933	0.525174	0.525174	1	1	
0.00030761	-nan	0.525668	0.205727	1	1	1	1	1	1	0.0119865	0.525668	0.525668	1	1	
0.000319154	-nan	0.526179	0.206336	1	1	1	1	1	1	0.0120829	0.526179	0.526179	1	1	
0.000331131	-nan	0.526709	0.206957	1	1	1	1	1	1	0.0121826	0.526709	0.526709	1	1	
0.000343558	-nan	0.527257	0.207592	1	1	1	1	1	1	0.0122856	0.527257	0.527257	1	1	
0.000356451	-nan	0.527823	0.20824	1	1	1	1	1	1	0.0123922	0.527823	0.527823	1	1	
0.000369828	-nan	0.528409	0.208902	1	1	1	1	1	1	0.0125023	0.528409	0.528409	1	1	
0.000383707	-nan	0.529014	0.209578	1	1	1	1	1	1	0.0126163	0.529014	0.529014	1	1	
0.000398107	-nan	0.529639	0.210269	1	1	1	1	1	1	0.0127341	0.529639	0.529639	1	1	
0.000413048	-nan	0.530284	0.210974	1	1	1	1	1	1	0.012856	0.530284	0.530284	1	1	
0.000428549	-nan	0.530949	0.211694	1	1	1	1	1	1	0.0129821	0.530949	0.530949	1	1	
0.000444631	-nan	0.531636	0.21243	1	1	1	1	1	1	0.0131125	0.531636	0.531636	1	1	
0.000461318	-nan	0.532343	0.213181	1	1	1	1	1	1	0.0132475	0.532343	0.532343	1	1	
0.00047863	-nan	0.533071	0.213948	1	1	1	1	1	1	0.0133871	0.533071	0.533071	1	1	
0.000496592	-nan	0.533822	0.214732	1	1	1	1	1	1	0.0135315	0.533822	0.533822	1	1	
0.000515229	-nan	0.534594	0.215533	1	1	1	1	1	1	0.0136809	0.534594	0.534594	1	1	
0.000534564	-nan	0.535389	0.216351	1	1	1	1	1	1	0.0138356	0.535389	0.535389	1	1	
0.000554626	-nan	0.536207	0.217186	1	1	1	1	1	1	0.0139956	0.536207	0.536207	1	1	
0.00057544	-nan	0.537049	0.218039	1	1	1	1	1	1	0.0141613	0.537049	0.537049	1	1	
0.000597035	-nan	0.537914	0.218911	1	1	1	1	1	1	0.0143327	0.537914	0.537914	1	1	
0.000619441	-nan	0.538803	0.219802	1	1	1	1	1	1	0.0145102	0.538803	0.538803	1	1	
0.000642688	-nan	0.539716	0.220712	1	1	1	1	1	1	0.014694	0.539716	0.539716	1	1	
0.000666807	-nan	0.540655	0.221641	1	1	1	1	1	1	0.0148842	0.540655	0.540655	1	1	
0.000691831	-nan	0.541618	0.222591	1	1	1	1	1	1	0.0150813	0.541618	0.541618	1	1	
0.000717794	-nan	0.542607	0.223562	1	1	1	1	1	1	0.0152853	0.542607	0.542607	1	1	
0.000744732	-nan	0.543623	0.224553	1	1	1	1	1	1	0.0154966	0.543623	0.543623	1	1	
0.000772681	-nan	0.544665	0.225566	1	1	1	1	1	1	0.0157155	0.544665	0.544665	1	1	
0.000801678	-nan	0.545734	0.226601	1	1	1	1	1	1	0.0159422	0.545734	0.545734	1	1	
0.000831764	-nan	0.54683	0.227659	1	1	1	1	1	1	0.0161772	0.54683	0.54683	1	1	
0.000862979	-nan	0.547954	0.22874	1	1	1	1	1	1	0.0164206	0.547954	0.547954	1	1	
0.000895365	-nan	0.549106	0.229845	1	1	1	1	1	1	0.0166729	0.549106	0.549106	1	1	
0.000928966	-nan	0.550288	0.230974	1	1	1	1	1	1	0.0169343	0.550288	0.550288	1	1	
0.000963829	-nan	0.551498	0.232127	1	1	1	1	1	1	0.0172053	0.551498	0.551498	1	1	
0.001	-nan	0.552738	0.233307	1	1	1	1	1	1	0.0174862	0.552738	0.552738	1	1	
0.00103753	-nan	0.554008	0.234512	1	1	1	1	1	1	0.0177775	0.554008	0.554008	1	1	
0.00107647	-nan	0.555308	0.235744	1	1	1	1	1	1	0.0180795	0.555308	0.555308	1	1	
0.00111686	-nan	0.55664	0.237003	1	1	1	1	1	1	0.0183927	0.55664	0.55664	1	1	
0.00115878	-nan	0.558003	0.23829	1	1	1	1	1	1	0.0187176	0.558003	0.558003	1	1	
0.00120226	-nan	0.559398	0.239605	1	1	1	1	1	1	0.0190546	0.559398	0.559398	1	1	
0.00124738	-nan	0.560826	0.24095	1	1	1	1	1	1	0.0194042	0.560826	0.560826	1	1	
0.0012942	-nan	0.562287	0.242325	1	1	1	1	1	1	0.0197669	0.562287	0.562287	1	1	
0.00134276	-nan	0.563781	0.24373	1	1	1	1	1	1	0.0201434	0.563781	0.563781	1	1	
0.00139316	-nan	0.565309	0.245167	1	1	1	1	1	1	0.0205341	0.565309	0.565309	1	1	
0.00144544	-nan	0.566872	0.246636	1	1	1	1	1	1	0.0209396	0.566872	0.566872	1	1	
0.00149968	-nan	0.56847	0.248139	1	1	1	1	1	1	0.0213606	0.56847	0.56847	1	1	
0.00155597	-nan	0.570103	0.249674	1	1	1	1	1	1	0.0217977	0.570103	0.570103	1	1	
0.00161436	-nan	0.571772	0.251245	1	1	1	1	1	1	0.0222517	0.571772	0.571772	1	1	
0.00167494	-nan	0.573478	0.252851	1	1	1	1	1	1	0.0227231	0.573478	0.573478	1	1	
0.0017378	-nan	0.575221	0.254493	1	1	1	1	1	1	0.0232128	0.575221	0.575221	1	1	
0.00180302	-nan	0.577002	0.256173	1	1	1	1	1	1	0.0237215	0.577002	0.577002	1	1	
0.00187068	-nan	0.578821	0.257891	1	1	1	1	1	1	0.0242501	0.578821	0.578821	1	1	
0.00194089	-nan	0.580679	0.259648	1	1	1	1	1	1	0.0247993	0.580679	0.580679	1	1	
0.00201372	-nan	0.582575	0.261445	1	1	1	1	1	1	0.0253701	0.582575	0.582575	1	1	
0.0020893	-nan	0.584512	0.263283	1	1	1	1	1	1	0.0259634	0.584512	0.584512	1	1	
0.0021677	-nan	0.586489	0.265163	1	1	1	1	1	1	0.0265802	0.586489	0.586489	1	1	
0.00224905	-nan	0.588507	0.267086	1	1	1	1	1	1	0.0272214	0.588507	0.588507	1	1	
0.00233346	-nan	0.590566	0.269053	1	1	1	1	1	1	0.0278882	0.590566	0.590566	1	1	
0.00242103	-nan	0.592668	0.271066	1	1	1	1	1	1	0.0285816	0.592668	0.592668	1	1	
0.00251189	-nan	0.594812	0.273126	1	1	1	1	1	1	0.0293029	0.594812	0.594812	1	1	
0.00260615	-nan	0.596998	0.275233	1	1	1	1	1	1	0.0300531	0.596998	0.596998	1	1	
0.00270396	-nan	0.599229	0.277388	1	1	1	1	1	1	0.0308336	0.599229	0.599229	1	1	
0.00280543	-nan	0.601504	0.279595	1	1	1	1	1	1	0.0316457	0.601504	0.601504	1	1	
0.00291072	-nan	0.603823	0.281852	1	1	1	1	1	1	0.0324907	0.603823	0.603823	1	1	
0.00301995	-nan	0.606188	0.284162	1	1	1	1	1	1	0.0333701	0.606188	0.606188	1	1	
0.00313329	-nan	0.608598	0.286527	1	1	1	1	1	1	0.0342855	0.608598	0.608598	1	1	
0.00325087	-nan	0.611055	0.288946	1	1	1	1	1	1	0.0352383	0.611055	0.611055	1	1	
0.00337287	-nan	0.613558	0.291423	1	1	1	1	1	1	0.0362302	0.613558	0.613558	1	1	
0.00349945	-nan	0.616109	0.293958	1	1	1	1	1	1	0.0372629	0.616109	0.616109	1	1	
0.00363078	-nan	0.618707	0.296553	1	1	1	1	1	1	0.0383382	0.618707	0.618707	1	1	
0.00376704	-nan	0.621354	0.29921	1	1	1	1	1	1	0.039458	0.621354	0.621354	1	1	
0.00390841	-nan	0.62405	0.30193	1	1	1	1	1	1	0.0406242	0.62405	0.62405	1	1	
0.00405509	-nan	0.626796	0.304714	1	1	1	1	1	1	0.0418387	0.626796	0.626796	1	1	
0.00420727	-nan	0.629591	0.307565	1	1	1	1	1	1	0.0431038	0.629591	0.629591	1	1	
0.00436516	-nan	0.632436	0.310485	1	1	1	1	1	1	0.0444216	0.632436	0.632436	1	1	
0.00452898	-nan	0.635333	0.313474	1	1	1	1	1	1	0.0457944	0.635333	0.635333	1	1	
0.00469894	-nan	0.63828	0.316535	1	1	1	1	1	1	0.0472246	0.63828	0.63828	1	1	
0.00487528	-nan	0.641279	0.31967	1	1	1	1	1	1	0.0487146	0.641279	0.641279	1	1	
0.00505825	-nan	0.644331	0.322881	1	1	1	1	1	1	0.050267	0.644331	0.644331	1	1	
0.00524807	-nan	0.647434	0.32617	1	1	1	1	1	1	0.0518845	0.647434	0.647434	1	1	
0.00544503	-nan	0.650591	0.329539	1	1	1	1	1	1	0.0535699	0.650591	0.650591	1	1	
0.00564937	-nan	0.653801	0.33299	1	1	1	1	1	1	0.0553261	0.653801	0.653801	1	1	
0.00586138	-nan	0.657065	0.336525	1	1	1	1	1	1	0.057156	0.657065	0.657065	1	1	
0.00608135	-nan	0.660382	0.340147	1	1	1	1	1	1	0.0590628	0.660382	0.660382	1	1	
0.00630957	-nan	0.663754	0.343858	1	1	1	1	1	1	0.0610496	0.663754	0.663754	1	1	
0.00654636	-nan	0.667181	0.34766	1	1	1	1	1	1	0.0631199	0.667181	0.667181	1	1	
0.00679204	-nan	0.670662	0.351557	1	1	1	1	1	1	0.065277	0.670662	0.670662	1	1	
0.00704693	-nan	0.674199	0.35555	1	1	1	1	1	1	0.0675246	0.674199	0.674199	1	1	
0.00731139	-nan	0.67779	0.359642	1	1	1	1	1	1	0.0698663	0.67779	0.67779	1	1	
0.00758578	-nan	0.681438	0.363836	1	1	1	1	1	1	0.0723059	0.681438	0.681438	1	1	
0.00787046	-nan	0.68514	0.368135	1	1	1	1	1	1	0.0748474	0.68514	0.68514	1	1	
0.00816582	-nan	0.688899	0.372542	1	1	1	1	1	1	0.0774949	0.688899	0.688899	1	1	
0.00847227	-nan	0.692713	0.37706	1	1	1	1	1	1	0.0802524	0.692713	0.692713	1	1	
0.00879023	-nan	0.696583	0.381691	1	1	1	1	1	1	0.0831242	0.696583	0.696583	1	1	
0.00912011	-nan	0.700509	0.38644	1	1	1	1	1	1	0.0861149	0.700509	0.700509	1	1	
0.00946237	-nan	0.704491	0.391309	1	1	1	1	1	1	0.0892288	0.704491	0.704491	1	1	
0.00981748	-nan	0.708528	0.396302	1	1	1	1	1	1	0.0924707	0.708528	0.708528	1	1	
0.0101859	-nan	0.712621	0.401422	1	1	1	1	1	1	0.0958452	0.712621	0.712621	1	1	
0.0105682	-nan	0.71677	0.406674	1	1	1	1	1	1	0.0993572	0.71677	0.71677	1	1	
0.0109648	-nan	0.720973	0.41206	1	1	1	1	1	1	0.103012	0.720973	0.720973	1	1	
0.0113763	-nan	0.725231	0.417585	1	1	1	1	1	1	0.106813	0.725231	0.725231	1	1	
0.0118032	-nan	0.729544	0.423252	1	1	1	1	1	1	0.110768	0.729544	0.729544	1	1	
0.0122462	-nan	0.733911	0.429066	1	1	1	1	1	1	0.11488	0.733911	0.733911	1	1	
0.0127057	-nan	0.738332	0.435032	1	1	1	1	1	1	0.119155	0.738332	0.738332	1	1	
0.0131826	-nan	0.742805	0.441152	1	1	1	1	1	1	0.123598	0.742805	0.742805	1	1	
0.0136773	-nan	0.747331	0.447433	1	1	1	1	1	1	0.128215	0.747331	0.747331	1	1	
0.0141906	-nan	0.751909	0.453878	1	1	1	1	1	1	0.133011	0.751909	0.751909	1	1	
0.0147231	-nan	0.756538	0.460492	1	1	1	1	1	1	0.137991	0.756538	0.756538	1	1	
0.0152757	-nan	0.761218	0.467281	1	1	1	1	1	1	0.14316	0.761218	0.761218	1	1	
0.0158489	-nan	0.765946	0.474249	1	1	1	1	1	1	0.148525	0.765946	0.765946	1	1	
0.0164437	-nan	0.770723	0.481402	1	1	1	1	1	1	0.15409	0.770723	0.770723	1	1	
0.0170608	-nan	0.775548	0.488745	1	1	1	1	1	1	0.15986	0.775548	0.775548	1	1	
0.0177011	-nan	0.780418	0.496284	1	1	1	1	1	1	0.165841	0.780418	0.780418	1	1	
0.0183654	-nan	0.785333	0.504024	1	1	1	1	1	1	0.172037	0.785333	0.785333	1	1	
0.0190546	-nan	0.790292	0.511972	1	1	1	1	1	1	0.178454	0.790292	0.790292	1	1	
0.0197697	-nan	0.795294	0.520134	1	1	1	1	1	1	0.185095	0.795294	0.795294	1	1	
0.0205116	-nan	0.800335	0.528516	1	1	1	1	1	1	0.191967	0.800335	0.800335	1	1	
0.0212814	-nan	0.805416	0.537124	1	1	1	1	1	1	0.199072	0.805416	0.805416	1	1	
0.02208	-nan	0.810534	0.545965	1	1	1	1	1	1	0.206415	0.810534	0.810534	1	1	
0.0229087	-nan	0.815687	0.555047	1	1	1	1	1	1	0.214	0.815687	0.815687	1	1	
0.0237684	-nan	0.820874	0.564376	1	1	1	1	1	1	0.221829	0.820874	0.820874	1	1	
0.0246604	-nan	0.826091	0.573959	1	1	1	1	1	1	0.229906	0.826091	0.826091	1	1	
0.0255859	-nan	0.831338	0.583805	1	1	1	1	1	1	0.238234	0.831338	0.831338	1	1	
0.0265461	-nan	0.836612	0.59392	1	1	1	1	1	1	0.246814	0.836612	0.836612	1	1	
0.0275423	-nan	0.841909	0.604314	1	1	1	1	1	1	0.255647	0.841909	0.841909	1	1	
0.0285759	-nan	0.847229	0.614993	1	1	1	1	1	1	0.264736	0.847229	0.847229	1	1	
0.0296483	-nan	0.852567	0.625966	1	1	1	1	1	1	0.274081	0.852567	0.852567	1	1	
0.030761	-nan	0.857921	0.637242	1	1	1	1	1	1	0.28368	0.857921	0.857921	1	1	
0.0319154	-nan	0.863287	0.64883	1	1	1	1	1	1	0.293534	0.863287	0.863287	1	1	
0.0331131	-nan	0.868664	0.660738	1	1	1	1	1	1	0.30364	0.868664	0.868664	1	1	
0.0343558	-nan	0.874047	0.672975	1	1	1	1	1	1	0.313997	0.874047	0.874047	1	1	
0.0356451	-nan	0.879433	0.685551	1	1	1	1	1	1	0.3246	0.879433	0.879433	1	1	
0.0369828	-nan	0.884817	0.698476	1	1	1	1	1	1	0.335447	0.884817	0.884817	1	1	
0.0383707	-nan	0.890198	0.711758	1	1	1	1	1	1	0.346531	0.890198	0.890198	1	1	
0.0398107	-nan	0.895569	0.725407	1	1	1	1	1	1	0.357846	0.895569	0.895569	1	1	
0.0413048	-nan	0.900928	0.739434	1	1	1	1	1	1	0.369386	0.900928	0.900928	1	1	
0.0428549	-nan	0.90627	0.753847	1	1	1	1	1	1	0.381142	0.90627	0.90627	1	1	
0.0444631	-nan	0.91159	0.768657	1	1	1	1	1	1	0.393105	0.91159	0.91159	1	1	
0.0461318	-nan	0.916884	0.783873	1	1	1	1	1	1	0.405265	0.916884	0.916884	1	1	
0.047863	-nan	0.922147	0.799505	1	1	1	1	1	1	0.417608	0.922147	0.922147	1	1	
0.0496592	-nan	0.927373	0.815562	1	1	1	1	1	1	0.430124	0.927373	0.927373	1	1	
0.0515229	-nan	0.932559	0.832054	1	1	1	1	1	1	0.442795	0.932559	0.932559	1	1	
0.0534564	-nan	0.937697	0.848989	1	1	1	1	1	1	0.455608	0.937697	0.937697	1	1	
0.0554626	-nan	0.942783	0.866376	1	1	1	1	1	1	0.468545	0.942783	0.942783	1	1	
0.057544	-nan	0.947811	0.884222	1	1	1	1	1	1	0.481586	0.947811	0.947811	1	1	
0.0597035	-nan	0.952774	0.902534	1	1	1	1	1	1	0.494712	0.952774	0.952774	1	1	
0.0619441	-nan	0.957667	0.921319	1	1	1	1	1	1	0.5079	0.957667	0.957667	1	1	
0.0642688	-nan	0.962483	0.940581	1	1	1	1	1	1	0.521127	0.962483	0.962483	1	1	
0.0666807	-nan	0.967216	0.960323	1	1	1	1	1	1	0.534367	0.967216	0.967216	1	1	
0.0691831	-nan	0.971859	0.980548	1	1	1	1	1	1	0.547593	0.971859	0.971859	1	1	
0.0717794	-nan	0.976405	1.00125	1	1	1	1	1	1	0.560776	0.976405	0.976405	1	1	
0.0744732	-nan	0.980846	1.02244	1	1	1	1	1	1	0.573886	0.980846	0.980846	1	1	
0.0772681	-nan	0.985176	1.04409	1	1	1	1	1	1	0.58689	0.985176	0.985176	1	1	
0.0801678	-nan	0.989387	1.06621	1	1	1	1	1	1	0.599752	0.989387	0.989387	1	1	
0.0831764	-nan	0.993471	1.08878	1	1	1	1	1	1	0.612437	0.993471	0.993471	1	1	
0.0862979	-nan	0.99742	1.11178	1	1	1	1	1	1	0.624905	0.99742	0.99742	1	1	
0.0895365	-nan	1.00123	1.13518	1	1	1	1	1	1	0.637117	1.00123	1.00123	1	1	
0.0928966	-nan	1.00488	1.15895	1	1	1	1	1	1	0.649029	1.00488	1.00488	1	1	
0.0963829	-nan	1.00838	1.18305	1	1	1	1	1	1	0.660596	1.00838	1.00838	1	1	
0.1	-nan	1.01171	1.20744	1	1	1	1	1	1	0.671771	1.01171	1.01171	1	1	
0.103614	-nan	1.01475	1.23114	1	1	1	1	1	1	0.682125	1.01475	1.01475	1	1	
0.107229	-nan	1.01752	1.25416	1	1	1	1	1	1	0.691694	1.01752	1.01752	1	1	
0.110843	-nan	1.02004	1.27647	1	1	1	1	1	1	0.700502	1.02004	1.02004	1	1	
0.114458	-nan	1.02233	1.29803	1	1	1	1	1	1	0.708575	1.02233	1.02233	1	1	
0.118072	-nan	1.02439	1.31881	1	1	1	1	1	1	0.715937	1.02439	1.02439	1	1	
0.121687	-nan	1.02624	1.33879	1	1	1	1	1	1	0.722613	1.02624	1.02624	1	1	
0.125301	-nan	1.0279	1.35791	1	1	1	1	1	1	0.728624	1.0279	1.0279	1	1	
0.128916	-nan	1.02937	1.37616	1	1	1	1	1	1	0.733994	1.02937	1.02937	1	1	
0.13253	-nan	1.03066	1.39349	1	1	1	1	1	1	0.738745	1.03066	1.03066	1	1	
0.136145	-nan	1.03178	1.40987	1	1	1	1	1	1	0.742898	1.03178	1.03178	1	1	
0.139759	-nan	1.03275	1.42525	1	1	1	1	1	1	0.746475	1.03275	1.03275	1	1	
0.143373	-nan	1.03356	1.4396	1	1	1	1	1	1	0.749495	1.03356	1.03356	1	1	
0.146988	-nan	1.03423	1.45289	1	1	1	1	1	1	0.75198	1.03423	1.03423	1	1	
0.150602	-nan	1.03477	1.46508	1	1	1	1	1	1	0.753948	1.03477	1.03477	1	1	
0.154217	-nan	1.03518	1.47614	1	1	1	1	1	1	0.755419	1.03518	1.03518	1	1	
0.157831	-nan	1.03546	1.48605	1	1	1	1	1	1	0.756412	1.03546	1.03546	1	1	
0.161446	-nan	1.03563	1.49477	1	1	1	1	1	1	0.756947	1.03563	1.03563	1	1	
0.16506	-nan	1.03568	1.50229	1	1	1	1	1	1	0.75704	1.03568	1.03568	1	1	
0.168675	-nan	1.03564	1.50858	1	1	1	1	1	1	0.756711	1.03564	1.03564	1	1	
0.172289	-nan	1.03549	1.51365	1	1	1	1	1	1	0.755976	1.03549	1.03549	1	1	
0.175904	-nan	1.03524	1.51749	1	1	1	1	1	1	0.754855	1.03524	1.03524	1	1	
0.179518	-nan	1.0349	1.5201	1	1	1	1	1	1	0.753363	1.0349	1.0349	1	1	
0.183133	-nan	1.03448	1.52149	1	1	1	1	1	1	0.751517	1.03448	1.03448	1	1	
0.186747	-nan	1.03397	1.52168	1	1	1	1	1	1	0.749336	1.03397	1.03397	1	1	
0.190361	-nan	1.03339	1.52071	1	1	1	1	1	1	0.746834	1.03339	1.03339	1	1	
0.193976	-nan	1.03273	1.5186	1	1	1	1	1	1	0.744028	1.03273	1.03273	1	1	
0.19759	-nan	1.03199	1.5154	1	1	1	1	1	1	0.740935	1.03199	1.03199	1	1	
0.201205	-nan	1.03119	1.51117	1	1	1	1	1	1	0.737569	1.03119	1.03119	1	1	
0.204819	-nan	1.03032	1.50597	1	1	1	1	1	1	0.733947	1.03032	1.03032	1	1	
0.208434	-nan	1.02939	1.49986	1	1	1	1	1	1	0.730082	1.02939	1.02939	1	1	
0.212048	-nan	1.0284	1.49293	1	1	1	1	1	1	0.725991	1.0284	1.0284	1	1	
0.215663	-nan	1.02736	1.48525	1	1	1	1	1	1	0.721688	1.02736	1.02736	1	1	
0.219277	-nan	1.02626	1.4769	1	1	1	1	1	1	0.717187	1.02626	1.02626	1	1	
0.222892	-nan	1.0251	1.46799	1	1	1	1	1	1	0.712503	1.0251	1.0251	1	1	
0.226506	-nan	1.0239	1.4586	1	1	1	1	1	1	0.707648	1.0239	1.0239	1	1	
0.23012	-nan	1.02265	1.44882	1	1	1	1	1	1	0.702636	1.02265	1.02265	1	1	
0.233735	-nan	1.02135	1.43876	1	1	1	1	1	1	0.697482	1.02135	1.02135	1	1	
0.237349	-nan	1.02001	1.42849	1	1	1	1	1	1	0.692196	1.02001	1.02001	1	1	
0.240964	-nan	1.01863	1.41811	1	1	1	1	1	1	0.686792	1.01863	1.01863	1	1	
0.244578	-nan	1.01722	1.4077	1	1	1	1	1	1	0.681282	1.01722	1.01722	1	1	
0.248193	-nan	1.01576	1.39735	1	1	1	1	1	1	0.675678	1.01576	1.01576	1	1	
0.251807	-nan	1.01427	1.38713	1	1	1	1	1	1	0.669991	1.01427	1.01427	1	1	
0.255422	-nan	1.01274	1.3771	1	1	1	1	1	1	0.664233	1.01274	1.01274	1	1	
0.259036	-nan	1.01118	1.36733	1	1	1	1	1	1	0.658413	1.01118	1.01118	1	1	
0.262651	-nan	1.00959	1.35787	1	1	1	1	1	1	0.652543	1.00959	1.00959	1	1	
0.266265	-nan	1.00797	1.34878	1	1	1	1	1	1	0.646633	1.00797	1.00797	1	1	
0.26988	-nan	1.00633	1.34008	1	1	1	1	1	1	0.640691	1.00633	1.00633	1	1	
0.273494	-nan	1.00465	1.33181	1	1	1	1	1	1	0.634728	1.00465	1.00465	1	1	
0.277108	-nan	1.00295	1.32401	1	1	1	1	1	1	0.628752	1.00295	1.00295	1	1	
0.280723	-nan	1.00123	1.31668	1	1	1	1	1	1	0.622772	1.00123	1.00123	1	1	
0.284337	-nan	0.999484	1.30983	1	1	1	1	1	1	0.616796	0.999484	0.999484	1	1	
0.287952	-nan	0.997716	1.30349	1	1	1	1	1	1	0.610832	0.997716	0.997716	1	1	
0.291566	-nan	0.995927	1.29765	1	1	1	1	1	1	0.604886	0.995927	0.995927	1	1	
0.295181	-nan	0.994119	1.2923	1	1	1	1	1	1	0.598967	0.994119	0.994119	1	1	
0.298795	-nan	0.992292	1.28745	1	1	1	1	1	1	0.59308	0.992292	0.992292	1	1	
0.30241	-nan	0.990447	1.28307	1	1	1	1	1	1	0.587233	0.990447	0.990447	1	1	
0.306024	-nan	0.988586	1.27916	1	1	1	1	1	1	0.58143	0.988586	0.988586	1	1	
0.309639	-nan	0.986709	1.2757	1	1	1	1	1	1	0.575678	0.986709	0.986709	1	1	
0.313253	-nan	0.984817	1.27268	1	1	1	1	1	1	0.569981	0.984817	0.984817	1	1	
0.316867	-nan	0.98291	1.27007	1	1	1	1	1	1	0.564345	0.98291	0.98291	1	1	
0.320482	-nan	0.980991	1.26785	1	1	1	1	1	1	0.558775	0.980991	0.980991	1	1	
0.324096	-nan	0.979059	1.266	1	1	1	1	1	1	0.553273	0.979059	0.979059	1	1	
0.327711	-nan	0.977115	1.26451	1	1	1	1	1	1	0.547844	0.977115	0.977115	1	1	
0.331325	-nan	0.97516	1.26333	1	1	1	1	1	1	0.542492	0.97516	0.97516	1	1	
0.33494	-nan	0.973195	1.26247	1	1	1	1	1	1	0.53722	0.973195	0.973195	1	1	
0.338554	-nan	0.97122	1.26188	1	1	1	1	1	1	0.532031	0.97122	0.97122	1	1	
0.342169	-nan	0.969236	1.26156	1	1	1	1	1	1	0.526927	0.969236	0.969236	1	1	
0.345783	-nan	0.967243	1.26147	1	1	1	1	1	1	0.521912	0.967243	0.967243	1	1	
0.349398	-nan	0.965243	1.2616	1	1	1	1	1	1	0.516986	0.965243	0.965243	1	1	
0.353012	-nan	0.963236	1.26193	1	1	1	1	1	1	0.512153	0.963236	0.963236	1	1	
0.356627	-nan	0.961221	1.26243	1	1	1	1	1	1	0.507412	0.961221	0.961221	1	1	
0.360241	-nan	0.9592	1.26309	1	1	1	1	1	1	0.502767	0.9592	0.9592	1	1	
0.363855	-nan	0.957174	1.2639	1	1	1	1	1	1	0.498219	0.957174	0.957174	1	1	
0.36747	-nan	0.955143	1.26482	1	1	1	1	1	1	0.493767	0.955143	0.955143	1	1	
0.371084	-nan	0.953106	1.26585	1	1	1	1	1	1	0.489413	0.953106	0.953106	1	1	
0.374699	-nan	0.951066	1.26698	1	1	1	1	1	1	0.485158	0.951066	0.951066	1	1	
0.378313	-nan	0.949021	1.26818	1	1	1	1	1	1	0.481002	0.949021	0.949021	1	1	
0.381928	-nan	0.946973	1.26944	1	1	1	1	1	1	0.476944	0.946973	0.946973	1	1	
0.385542	-nan	0.944922	1.27076	1	1	1	1	1	1	0.472986	0.944922	0.944922	1	1	
0.389157	-nan	0.942869	1.27212	1	1	1	1	1	1	0.469128	0.942869	0.942869	1	1	
0.392771	-nan	0.940813	1.2735	1	1	1	1	1	1	0.465368	0.940813	0.940813	1	1	
0.396386	-nan	0.938755	1.2749	1	1	1	1	1	1	0.461707	0.938755	0.938755	1	1	
0.4	-nan	0.936696	1.27631	1	1	1	1	1	1	0.458143	0.936696	0.936696	1	1	
0.403614	-nan	0.934636	1.27773	1	1	1	1	1	1	0.454678	0.934636	0.934636	1	1	
0.407229	-nan	0.932574	1.27913	1	1	1	1	1	1	0.451309	0.932574	0.932574	1	1	
0.410843	-nan	0.930512	1.28052	1	1	1	1	1	1	0.448037	0.930512	0.930512	1	1	
0.414458	-nan	0.92845	1.28188	1	1	1	1	1	1	0.444859	0.92845	0.92845	1	1	
0.418072	-nan	0.926388	1.28322	1	1	1	1	1	1	0.441776	0.926388	0.926388	1	1	
0.421687	-nan	0.924326	1.28452	1	1	1	1	1	1	0.438786	0.924326	0.924326	1	1	
0.425301	-nan	0.922264	1.28578	1	1	1	1	1	1	0.435888	0.922264	0.922264	1	1	
0.428916	-nan	0.920204	1.287	1	1	1	1	1	1	0.433082	0.920204	0.920204	1	1	
0.43253	-nan	0.918144	1.28817	1	1	1	1	1	1	0.430365	0.918144	0.918144	1	1	
0.436145	-nan	0.916086	1.28929	1	1	1	1	1	1	0.427736	0.916086	0.916086	1	1	
0.439759	-nan	0.91403	1.29035	1	1	1	1	1	1	0.425195	0.91403	0.91403	1	1	
0.443373	-nan	0.911975	1.29136	1	1	1	1	1	1	0.42274	0.911975	0.911975	1	1	
0.446988	-nan	0.909922	1.2923	1	1	1	1	1	1	0.420369	0.909922	0.909922	1	1	
0.450602	-nan	0.907871	1.29318	1	1	1	1	1	1	0.418081	0.907871	0.907871	1	1	
0.454217	-nan	0.905823	1.29399	1	1	1	1	1	1	0.415875	0.905823	0.905823	1	1	
0.457831	-nan	0.903778	1.29474	1	1	1	1	1	1	0.41375	0.903778	0.903778	1	1	
0.461446	-nan	0.901735	1.29542	1	1	1	1	1	1	0.411703	0.901735	0.901735	1	1	
0.46506	-nan	0.899695	1.29603	1	1	1	1	1	1	0.409733	0.899695	0.899695	1	1	
0.468675	-nan	0.897658	1.29656	1	1	1	1	1	1	0.40784	0.897658	0.897658	1	1	
0.472289	-nan	0.895624	1.29703	1	1	1	1	1	1	0.406021	0.895624	0.895624	1	1	
0.475904	-nan	0.893594	1.29742	1	1	1	1	1	1	0.404275	0.893594	0.893594	1	1	
0.479518	-nan	0.891568	1.29774	1	1	1	1	1	1	0.4026	0.891568	0.891568	1	1	
0.483133	-nan	0.889545	1.29798	1	1	1	1	1	1	0.400995	0.889545	0.889545	1	1	
0.486747	-nan	0.887526	1.29815	1	1	1	1	1	1	0.399459	0.887526	0.887526	1	1	
0.490361	-nan	0.885512	1.29825	1	1	1	1	1	1	0.397989	0.885512	0.885512	1	1	
0.493976	-nan	0.883501	1.29827	1	1	1	1	1	1	0.396585	0.883501	0.883501	1	1	
0.49759	-nan	0.881495	1.29822	1	1	1	1	1	1	0.395246	0.881495	0.881495	1	1	
0.501205	-nan	0.879493	1.2981	1	1	1	1	1	1	0.393969	0.879493	0.879493	1	1	
0.504819	-nan	0.877495	1.29791	1	1	1	1	1	1	0.392753	0.877495	0.877495	1	1	
0.508434	-nan	0.875503	1.29764	1	1	1	1	1	1	0.391597	0.875503	0.875503	1	1	
0.512048	-nan	0.873514	1.2973	1	1	1	1	1	1	0.390499	0.873514	0.873514	1	1	
0.515663	-nan	0.871531	1.29689	1	1	1	1	1	1	0.389459	0.871531	0.871531	1	1	
0.519277	-nan	0.869553	1.29642	1	1	1	1	1	1	0.388474	0.869553	0.869553	1	1	
0.522892	-nan	0.86758	1.29587	1	1	1	1	1	1	0.387543	0.86758	0.86758	1	1	
0.526506	-nan	0.865612	1.29525	1	1	1	1	1	1	0.386666	0.865612	0.865612	1	1	
0.53012	-nan	0.863649	1.29457	1	1	1	1	1	1	0.38584	0.863649	0.863649	1	1	
0.533735	-nan	0.861692	1.29381	1	1	1	1	1	1	0.385064	0.861692	0.861692	1	1	
0.537349	-nan	0.85974	1.293	1	1	1	1	1	1	0.384338	0.85974	0.85974	1	1	
0.540964	-nan	0.857793	1.29212	1	1	1	1	1	1	0.38366	0.857793	0.857793	1	1	
0.544578	-nan	0.855852	1.29117	1	1	1	1	1	1	0.383028	0.855852	0.855852	1	1	
0.548193	-nan	0.853917	1.29016	1	1	1	1	1	1	0.382442	0.853917	0.853917	1	1	
0.551807	-nan	0.851987	1.28909	1	1	1	1	1	1	0.3819	0.851987	0.851987	1	1	
0.555422	-nan	0.850063	1.28796	1	1	1	1	1	1	0.381401	0.850063	0.850063	1	1	
0.559036	-nan	0.848145	1.28677	1	1	1	1	1	1	0.380944	0.848145	0.848145	1	1	
0.562651	-nan	0.846233	1.28553	1	1	1	1	1	1	0.380528	0.846233	0.846233	1	1	
0.566265	-nan	0.844326	1.28422	1	1	1	1	1	1	0.380152	0.844326	0.844326	1	1	
0.56988	-nan	0.842426	1.28286	1	1	1	1	1	1	0.379815	0.842426	0.842426	1	1	
0.573494	-nan	0.840532	1.28145	1	1	1	1	1	1	0.379515	0.840532	0.840532	1	1	
0.577108	-nan	0.838644	1.27998	1	1	1	1	1	1	0.379252	0.838644	0.838644	1	1	
0.580723	-nan	0.836762	1.27845	1	1	1	1	1	1	0.379025	0.836762	0.836762	1	1	
0.584337	-nan	0.834886	1.27688	1	1	1	1	1	1	0.378832	0.834886	0.834886	1	1	
0.587952	-nan	0.833016	1.27525	1	1	1	1	1	1	0.378673	0.833016	0.833016	1	1	
0.591566	-nan	0.831153	1.27358	1	1	1	1	1	1	0.378547	0.831153	0.831153	1	1	
0.595181	-nan	0.829296	1.27186	1	1	1	1	1	1	0.378453	0.829296	0.829296	1	1	
0.598795	-nan	0.827445	1.27009	1	1	1	1	1	1	0.37839	0.827445	0.827445	1	1	
0.60241	-nan	0.825601	1.26827	1	1	1	1	1	1	0.378356	0.825601	0.825601	1	1	
0.606024	-nan	0.823763	1.26641	1	1	1	1	1	1	0.378352	0.823763	0.823763	1	1	
0.609639	-nan	0.821932	1.26451	1	1	1	1	1	1	0.378376	0.821932	0.821932	1	1	
0.613253	-nan	0.820107	1.26256	1	1	1	1	1	1	0.378428	0.820107	0.820107	1	1	
0.616867	-nan	0.818288	1.26057	1	1	1	1	1	1	0.378506	0.818288	0.818288	1	1	
0.620482	-nan	0.816477	1.25854	1	1	1	1	1	1	0.378611	0.816477	0.816477	1	1	
0.624096	-nan	0.814671	1.25647	1	1	1	1	1	1	0.37874	0.814671	0.814671	1	1	
0.627711	-nan	0.812873	1.25436	1	1	1	1	1	1	0.378894	0.812873	0.812873	1	1	
0.631325	-nan	0.81108	1.25222	1	1	1	1	1	1	0.379072	0.81108	0.81108	1	1	
0.63494	-nan	0.809295	1.25003	1	1	1	1	1	1	0.379273	0.809295	0.809295	1	1	
0.638554	-nan	0.807516	1.24782	1	1	1	1	1	1	0.379496	0.807516	0.807516	1	1	
0.642169	-nan	0.805744	1.24556	1	1	1	1	1	1	0.37974	0.805744	0.805744	1	1	
0.645783	-nan	0.803979	1.24328	1	1	1	1	1	1	0.380006	0.803979	0.803979	1	1	
0.649398	-nan	0.80222	1.24096	1	1	1	1	1	1	0.380292	0.80222	0.80222	1	1	
0.653012	-nan	0.800468	1.23861	1	1	1	1	1	1	0.380597	0.800468	0.800468	1	1	
0.656627	-nan	0.798723	1.23623	1	1	1	1	1	1	0.380922	0.798723	0.798723	1	1	
0.660241	-nan	0.796984	1.23382	1	1	1	1	1	1	0.381265	0.796984	0.796984	1	1	
0.663855	-nan	0.795252	1.23138	1	1	1	1	1	1	0.381626	0.795252	0.795252	1	1	
0.66747	-nan	0.793527	1.22891	1	1	1	1	1	1	0.382004	0.793527	0.793527	1	1	
0.671084	-nan	0.791809	1.22641	1	1	1	1	1	1	0.382399	0.791809	0.791809	1	1	
0.674699	-nan	0.790097	1.22389	1	1	1	1	1	1	0.38281	0.790097	0.790097	1	1	
0.678313	-nan	0.788393	1.22134	1	1	1	1	1	1	0.383237	0.788393	0.788393	1	1	
0.681928	-nan	0.786695	1.21877	1	1	1	1	1	1	0.383679	0.786695	0.786695	1	1	
0.685542	-nan	0.785004	1.21617	1	1	1	1	1	1	0.384136	0.785004	0.785004	1	1	
0.689157	-nan	0.783319	1.21355	1	1	1	1	1	1	0.384607	0.783319	0.783319	1	1	
0.692771	-nan	0.781642	1.21091	1	1	1	1	1	1	0.385091	0.781642	0.781642	1	1	
0.696386	-nan	0.779971	1.20824	1	1	1	1	1	1	0.385589	0.779971	0.779971	1	1	
0.7	-nan	0.778307	1.20556	1	1	1	1	1	1	0.3861	0.778307	0.778307	1	1	
0.703614	-nan	0.77665	1.20285	1	1	1	1	1	1	0.386623	0.77665	0.77665	1	1	
0.707229	-nan	0.774999	1.20013	1	1	1	1	1	1	0.387158	0.774999	0.774999	1	1	
0.710843	-nan	0.773356	1.19739	1	1	1	1	1	1	0.387704	0.773356	0.773356	1	1	
0.714458	-nan	0.771719	1.19462	1	1	1	1	1	1	0.388262	0.771719	0.771719	1	1	
0.718072	-nan	0.770089	1.19185	1	1	1	1	1	1	0.38883	0.770089	0.770089	1	1	
0.721687	-nan	0.768466	1.18905	1	1	1	1	1	1	0.389409	0.768466	0.768466	1	1	
0.725301	-nan	0.766849	1.18624	1	1	1	1	1	1	0.389997	0.766849	0.766849	1	1	
0.728916	-nan	0.765239	1.18341	1	1	1	1	1	1	0.390595	0.765239	0.765239	1	1	
0.73253	-nan	0.763636	1.18057	1	1	1	1	1	1	0.391203	0.763636	0.763636	1	1	
0.736145	-nan	0.76204	1.17771	1	1	1	1	1	1	0.391819	0.76204	0.76204	1	1	
0.739759	-nan	0.760451	1.17485	1	1	1	1	1	1	0.392444	0.760451	0.760451	1	1	
0.743373	-nan	0.758868	1.17196	1	1	1	1	1	1	0.393076	0.758868	0.758868	1	1	
0.746988	-nan	0.757292	1.16907	1	1	1	1	1	1	0.393717	0.757292	0.757292	1	1	
0.750602	-nan	0.755723	1.16616	1	1	1	1	1	1	0.394366	0.755723	0.755723	1	1	
0.754217	-nan	0.75416	1.16324	1	1	1	1	1	1	0.395022	0.75416	0.75416	1	1	
0.757831	-nan	0.752605	1.16031	1	1	1	1	1	1	0.395684	0.752605	0.752605	1	1	
0.761446	-nan	0.751056	1.15738	1	1	1	1	1	1	0.396354	0.751056	0.751056	1	1	
0.76506	-nan	0.749513	1.15443	1	1	1	1	1	1	0.39703	0.749513	0.749513	1	1	
0.768675	-nan	0.747977	1.15147	1	1	1	1	1	1	0.397712	0.747977	0.747977	1	1	
0.772289	-nan	0.746448	1.1485	1	1	1	1	1	1	0.3984	0.746448	0.746448	1	1	
0.775904	-nan	0.744926	1.14553	1	1	1	1	1	1	0.399094	0.744926	0.744926	1	1	
0.779518	-nan	0.74341	1.14255	1	1	1	1	1	1	0.399793	0.74341	0.74341	1	1	
0.783133	-nan	0.741901	1.13956	1	1	1	1	1	1	0.400497	0.741901	0.741901	1	1	
0.786747	-nan	0.740398	1.13656	1	1	1	1	1	1	0.401206	0.740398	0.740398	1	1	
0.790361	-nan	0.738902	1.13356	1	1	1	1	1	1	0.40192	0.738902	0.738902	1	1	
0.793976	-nan	0.737413	1.13055	1	1	1	1	1	1	0.402638	0.737413	0.737413	1	1	
0.79759	-nan	0.73593	1.12754	1	1	1	1	1	1	0.403361	0.73593	0.73593	1	1	
0.801205	-nan	0.734454	1.12452	1	1	1	1	1	1	0.404088	0.734454	0.734454	1	1	
0.804819	-nan	0.732984	1.12149	1	1	1	1	1	1	0.404818	0.732984	0.732984	1	1	
0.808434	-nan	0.731521	1.11846	1	1	1	1	1	1	0.405553	0.731521	0.731521	1	1	
0.812048	-nan	0.730064	1.11543	1	1	1	1	1	1	0.406291	0.730064	0.730064	1	1	
0.815663	-nan	0.728614	1.1124	1	1	1	1	1	1	0.407032	0.728614	0.728614	1	1	
0.819277	-nan	0.72717	1.10936	1	1	1	1	1	1	0.407776	0.72717	0.72717	1	1	
0.822892	-nan	0.725733	1.10632	1	1	1	1	1	1	0.408523	0.725733	0.725733	1	1	
0.826506	-nan	0.724302	1.10327	1	1	1	1	1	1	0.409273	0.724302	0.724302	1	1	
0.83012	-nan	0.722877	1.10023	1	1	1	1	1	1	0.410025	0.722877	0.722877	1	1	
0.833735	-nan	0.721459	1.09718	1	1	1	1	1	1	0.41078	0.721459	0.721459	1	1	
0.837349	-nan	0.720048	1.09413	1	1	1	1	1	1	0.411537	0.720048	0.720048	1	1	
0.840964	-nan	0.718642	1.09108	1	1	1	1	1	1	0.412297	0.718642	0.718642	1	1	
0.844578	-nan	0.717243	1.08803	1	1	1	1	1	1	0.413058	0.717243	0.717243	1	1	
0.848193	-nan	0.715851	1.08498	1	1	1	1	1	1	0.413821	0.715851	0.715851	1	1	
0.851807	-nan	0.714464	1.08193	1	1	1	1	1	1	0.414586	0.714464	0.714464	1	1	
0.855422	-nan	0.713084	1.07888	1	1	1	1	1	1	0.415353	0.713084	0.713084	1	1	
0.859036	-nan	0.71171	1.07582	1	1	1	1	1	1	0.416121	0.71171	0.71171	1	1	
0.862651	-nan	0.710343	1.07277	1	1	1	1	1	1	0.41689	0.710343	0.710343	1	1	
0.866265	-nan	0.708981	1.06972	1	1	1	1	1	1	0.41766	0.708981	0.708981	1	1	
0.86988	-nan	0.707626	1.06668	1	1	1	1	1	1	0.418432	0.707626	0.707626	1	1	
0.873494	-nan	0.706277	1.06363	1	1	1	1	1	1	0.419204	0.706277	0.706277	1	1	
0.877108	-nan	0.704934	1.06058	1	1	1	1	1	1	0.419978	0.704934	0.704934	1	1	
0.880723	-nan	0.703598	1.05754	1	1	1	1	1	1	0.420752	0.703598	0.703598	1	1	
0.884337	-nan	0.702267	1.0545	1	1	1	1	1	1	0.421527	0.702267	0.702267	1	1	
0.887952	-nan	0.700943	1.05146	1	1	1	1	1	1	0.422302	0.700943	0.700943	1	1	
0.891566	-nan	0.699624	1.04843	1	1	1	1	1	1	0.423078	0.699624	0.699624	1	1	
0.895181	-nan	0.698312	1.04539	1	1	1	1	1	1	0.423854	0.698312	0.698312	1	1	
0.898795	-nan	0.697006	1.04236	1	1	1	1	1	1	0.424631	0.697006	0.697006	1	1	
0.90241	-nan	0.695705	1.03934	1	1	1	1	1	1	0.425407	0.695705	0.695705	1	1	
0.906024	-nan	0.694411	1.03631	1	1	1	1	1	1	0.426184	0.694411	0.694411	1	1	
0.909639	-nan	0.693123	1.03329	1	1	1	1	1	1	0.426961	0.693123	0.693123	1	1	
0.913253	-nan	0.69184	1.03028	1	1	1	1	1	1	0.427738	0.69184	0.69184	1	1	
0.916867	-nan	0.690564	1.02726	1	1	1	1	1	1	0.428514	0.690564	0.690564	1	1	
0.920482	-nan	0.689293	1.02426	1	1	1	1	1	1	0.42929	0.689293	0.689293	1	1	
0.924096	-nan	0.688029	1.02125	1	1	1	1	1	1	0.430066	0.688029	0.688029	1	1	
0.927711	-nan	0.68677	1.01825	1	1	1	1	1	1	0.430842	0.68677	0.68677	1	1	
0.931325	-nan	0.685517	1.01526	1	1	1	1	1	1	0.431617	0.685517	0.685517	1	1	
0.93494	-nan	0.68427	1.01227	1	1	1	1	1	1	0.432392	0.68427	0.68427	1	1	
0.938554	-nan	0.683028	1.00929	1	1	1	1	1	1	0.433166	0.683028	0.683028	1	1	
0.942169	-nan	0.681793	1.00631	1	1	1	1	1	1	0.43394	0.681793	0.681793	1	1	
0.945783	-nan	0.680563	1.00333	1	1	1	1	1	1	0.434712	0.680563	0.680563	1	1	
0.949398	-nan	0.679339	1.00037	1	1	1	1	1	1	0.435485	0.679339	0.679339	1	1	
0.953012	-nan	0.67812	0.997403	1	1	1	1	1	1	0.436256	0.67812	0.67812	1	1	
0.956627	-nan	0.676908	0.994446	1	1	1	1	1	1	0.437026	0.676908	0.676908	1	1	
0.960241	-nan	0.6757	0.991495	1	1	1	1	1	1	0.437796	0.6757	0.6757	1	1	
0.963855	-nan	0.674499	0.98855	1	1	1	1	1	1	0.438564	0.674499	0.674499	1	1	
0.96747	-nan	0.673303	0.985611	1	1	1	1	1	1	0.439332	0.673303	0.673303	1	1	
0.971084	-nan	0.672113	0.982678	1	1	1	1	1	1	0.440099	0.672113	0.672113	1	1	
0.974699	-nan	0.670928	0.979752	1	1	1	1	1	1	0.440864	0.670928	0.670928	1	1	
0.978313	-nan	0.669749	0.976832	1	1	1	1	1	1	0.441628	0.669749	0.669749	1	1	
0.981928	-nan	0.668575	0.973918	1	1	1	1	1	1	0.442391	0.668575	0.668575	1	1	
0.985542	-nan	0.667407	0.971011	1	1	1	1	1	1	0.443153	0.667407	0.667407	1	1	
0.989157	-nan	0.666244	0.968111	1	1	1	1	1	1	0.443914	0.666244	0.666244	1	1	
0.992771	-nan	0.665087	0.965218	1	1	1	1	1	1	0.444673	0.665087	0.665087	1	1	
0.996386	-nan	0.663935	0.962332	1	1	1	1	1	1	0.445432	0.663935	0.663935	1	1	
1	-nan	-nan	-nan	-nan	-nan	-nan	-nan	-nan	-nan	-nan	-nan	-nan	-nan	-nan	
