1e-05	-nan	0.505101	0.278719	1	1	1	1	1	1	0.333578	0.505101	0.505101	1	1	
1.03753e-05	-nan	0.505281	0.278839	1	1	1	1	1	1	0.333614	0.505281	0.505281	1	1	
1.07647e-05	-nan	0.505464	0.278961	1	1	1	1	1	1	0.33365	0.505464	0.505464	1	1	
1.11686e-05	-nan	0.50565	0.279086	1	1	1	1	1	1	0.333686	0.50565	0.50565	1	1	
1.15878e-05	-nan	0.50584	0.279212	1	1	1	1	1	1	0.333722	0.50584	0.50584	1	1	
1.20226e-05	-nan	0.506033	0.27934	1	1	1	1	1	1	0.333759	0.506033	0.506033	1	1	
1.24738e-05	-nan	0.506229	0.27947	1	1	1	1	1	1	0.333796	0.506229	0.506229	1	1	
1.2942e-05	-nan	0.506429	0.279602	1	1	1	1	1	1	0.333832	0.506429	0.506429	1	1	
1.34276e-05	-nan	0.506632	0.279736	1	1	1	1	1	1	0.33387	0.506632	0.506632	1	1	
1.39316e-05	-nan	0.506838	0.279872	1	1	1	1	1	1	0.333907	0.506838	0.506838	1	1	
1.44544e-05	-nan	0.507048	0.280011	1	1	1	1	1	1	0.333945	0.507048	0.507048	1	1	
1.49968e-05	-nan	0.507262	0.280151	1	1	1	1	1	1	0.333983	0.507262	0.507262	1	1	
1.55597e-05	-nan	0.50748	0.280294	1	1	1	1	1	1	0.334021	0.50748	0.50748	1	1	
1.61436e-05	-nan	0.507701	0.280439	1	1	1	1	1	1	0.334059	0.507701	0.507701	1	1	
1.67494e-05	-nan	0.507927	0.280586	1	1	1	1	1	1	0.334098	0.507927	0.507927	1	1	
1.7378e-05	-nan	0.508156	0.280735	1	1	1	1	1	1	0.334137	0.508156	0.508156	1	1	
1.80302e-05	-nan	0.508389	0.280887	1	1	1	1	1	1	0.334176	0.508389	0.508389	1	1	
1.87068e-05	-nan	0.508626	0.281041	1	1	1	1	1	1	0.334215	0.508626	0.508626	1	1	
1.94089e-05	-nan	0.508867	0.281197	1	1	1	1	1	1	0.334255	0.508867	0.508867	1	1	
2.01372e-05	-nan	0.509113	0.281356	1	1	1	1	1	1	0.334295	0.509113	0.509113	1	1	
2.0893e-05	-nan	0.509362	0.281518	1	1	1	1	1	1	0.334335	0.509362	0.509362	1	1	
2.1677e-05	-nan	0.509616	0.281681	1	1	1	1	1	1	0.334376	0.509616	0.509616	1	1	
2.24905e-05	-nan	0.509875	0.281848	1	1	1	1	1	1	0.334417	0.509875	0.509875	1	1	
2.33346e-05	-nan	0.510138	0.282017	1	1	1	1	1	1	0.334458	0.510138	0.510138	1	1	
2.42103e-05	-nan	0.510405	0.282188	1	1	1	1	1	1	0.3345	0.510405	0.510405	1	1	
2.51189e-05	-nan	0.510677	0.282363	1	1	1	1	1	1	0.334542	0.510677	0.510677	1	1	
2.60615e-05	-nan	0.510954	0.28254	1	1	1	1	1	1	0.334584	0.510954	0.510954	1	1	
2.70396e-05	-nan	0.511236	0.28272	1	1	1	1	1	1	0.334627	0.511236	0.511236	1	1	
2.80543e-05	-nan	0.511522	0.282902	1	1	1	1	1	1	0.33467	0.511522	0.511522	1	1	
2.91072e-05	-nan	0.511814	0.283087	1	1	1	1	1	1	0.334713	0.511814	0.511814	1	1	
3.01995e-05	-nan	0.512111	0.283276	1	1	1	1	1	1	0.334757	0.512111	0.512111	1	1	
3.13329e-05	-nan	0.512412	0.283467	1	1	1	1	1	1	0.334801	0.512412	0.512412	1	1	
3.25087e-05	-nan	0.512719	0.283661	1	1	1	1	1	1	0.334845	0.512719	0.512719	1	1	
3.37287e-05	-nan	0.513032	0.283858	1	1	1	1	1	1	0.33489	0.513032	0.513032	1	1	
3.49945e-05	-nan	0.513349	0.284059	1	1	1	1	1	1	0.334936	0.513349	0.513349	1	1	
3.63078e-05	-nan	0.513672	0.284262	1	1	1	1	1	1	0.334981	0.513672	0.513672	1	1	
3.76704e-05	-nan	0.514001	0.284469	1	1	1	1	1	1	0.335028	0.514001	0.514001	1	1	
3.90841e-05	-nan	0.514336	0.284679	1	1	1	1	1	1	0.335074	0.514336	0.514336	1	1	
4.05509e-05	-nan	0.514676	0.284892	1	1	1	1	1	1	0.335121	0.514676	0.514676	1	1	
4.20727e-05	-nan	0.515022	0.285108	1	1	1	1	1	1	0.335169	0.515022	0.515022	1	1	
4.36516e-05	-nan	0.515374	0.285328	1	1	1	1	1	1	0.335217	0.515374	0.515374	1	1	
4.52898e-05	-nan	0.515733	0.285552	1	1	1	1	1	1	0.335265	0.515733	0.515733	1	1	
4.69894e-05	-nan	0.516097	0.285778	1	1	1	1	1	1	0.335314	0.516097	0.516097	1	1	
4.87528e-05	-nan	0.516468	0.286009	1	1	1	1	1	1	0.335364	0.516468	0.516468	1	1	
5.05825e-05	-nan	0.516845	0.286243	1	1	1	1	1	1	0.335414	0.516845	0.516845	1	1	
5.24807e-05	-nan	0.517229	0.286481	1	1	1	1	1	1	0.335464	0.517229	0.517229	1	1	
5.44503e-05	-nan	0.517619	0.286722	1	1	1	1	1	1	0.335515	0.517619	0.517619	1	1	
5.64937e-05	-nan	0.518016	0.286967	1	1	1	1	1	1	0.335567	0.518016	0.518016	1	1	
5.86138e-05	-nan	0.51842	0.287216	1	1	1	1	1	1	0.335619	0.51842	0.51842	1	1	
6.08135e-05	-nan	0.518831	0.287469	1	1	1	1	1	1	0.335672	0.518831	0.518831	1	1	
6.30957e-05	-nan	0.51925	0.287726	1	1	1	1	1	1	0.335725	0.51925	0.51925	1	1	
6.54636e-05	-nan	0.519675	0.287987	1	1	1	1	1	1	0.335779	0.519675	0.519675	1	1	
6.79204e-05	-nan	0.520108	0.288252	1	1	1	1	1	1	0.335834	0.520108	0.520108	1	1	
7.04693e-05	-nan	0.520548	0.288522	1	1	1	1	1	1	0.335889	0.520548	0.520548	1	1	
7.31139e-05	-nan	0.520995	0.288795	1	1	1	1	1	1	0.335945	0.520995	0.520995	1	1	
7.58578e-05	-nan	0.521451	0.289073	1	1	1	1	1	1	0.336001	0.521451	0.521451	1	1	
7.87046e-05	-nan	0.521914	0.289356	1	1	1	1	1	1	0.336059	0.521914	0.521914	1	1	
8.16582e-05	-nan	0.522386	0.289642	1	1	1	1	1	1	0.336117	0.522386	0.522386	1	1	
8.47227e-05	-nan	0.522865	0.289934	1	1	1	1	1	1	0.336175	0.522865	0.522865	1	1	
8.79023e-05	-nan	0.523353	0.29023	1	1	1	1	1	1	0.336235	0.523353	0.523353	1	1	
9.12011e-05	-nan	0.523849	0.29053	1	1	1	1	1	1	0.336295	0.523849	0.523849	1	1	
9.46237e-05	-nan	0.524354	0.290836	1	1	1	1	1	1	0.336356	0.524354	0.524354	1	1	
9.81748e-05	-nan	0.524868	0.291146	1	1	1	1	1	1	0.336418	0.524868	0.524868	1	1	
0.000101859	-nan	0.52539	0.291461	1	1	1	1	1	1	0.33648	0.52539	0.52539	1	1	
0.000105682	-nan	0.525921	0.291782	1	1	1	1	1	1	0.336544	0.525921	0.525921	1	1	
0.000109648	-nan	0.526462	0.292107	1	1	1	1	1	1	0.336608	0.526462	0.526462	1	1	
0.000113763	-nan	0.527012	0.292437	1	1	1	1	1	1	0.336673	0.527012	0.527012	1	1	
0.000118032	-nan	0.527571	0.292773	1	1	1	1	1	1	0.336739	0.527571	0.527571	1	1	
0.000122462	-nan	0.52814	0.293115	1	1	1	1	1	1	0.336806	0.52814	0.52814	1	1	
0.000127057	-nan	0.528718	0.293461	1	1	1	1	1	1	0.336874	0.528718	0.528718	1	1	
0.000131826	-nan	0.529307	0.293813	1	1	1	1	1	1	0.336942	0.529307	0.529307	1	1	
0.000136773	-nan	0.529906	0.294171	1	1	1	1	1	1	0.337012	0.529906	0.529906	1	1	
0.000141906	-nan	0.530515	0.294535	1	1	1	1	1	1	0.337083	0.530515	0.530515	1	1	
0.000147231	-nan	0.531134	0.294904	1	1	1	1	1	1	0.337155	0.531134	0.531134	1	1	
0.000152757	-nan	0.531765	0.29528	1	1	1	1	1	1	0.337228	0.531765	0.531765	1	1	
0.000158489	-nan	0.532406	0.295661	1	1	1	1	1	1	0.337302	0.532406	0.532406	1	1	
0.000164437	-nan	0.533058	0.296049	1	1	1	1	1	1	0.337377	0.533058	0.533058	1	1	
0.000170608	-nan	0.533721	0.296443	1	1	1	1	1	1	0.337453	0.533721	0.533721	1	1	
0.000177011	-nan	0.534395	0.296843	1	1	1	1	1	1	0.33753	0.534395	0.534395	1	1	
0.000183654	-nan	0.535082	0.29725	1	1	1	1	1	1	0.337609	0.535082	0.535082	1	1	
0.000190546	-nan	0.535779	0.297663	1	1	1	1	1	1	0.337688	0.535779	0.535779	1	1	
0.000197697	-nan	0.536489	0.298083	1	1	1	1	1	1	0.337769	0.536489	0.536489	1	1	
0.000205116	-nan	0.537211	0.29851	1	1	1	1	1	1	0.337852	0.537211	0.537211	1	1	
0.000212814	-nan	0.537946	0.298944	1	1	1	1	1	1	0.337935	0.537946	0.537946	1	1	
0.0002208	-nan	0.538693	0.299385	1	1	1	1	1	1	0.33802	0.538693	0.538693	1	1	
0.000229087	-nan	0.539452	0.299833	1	1	1	1	1	1	0.338106	0.539452	0.539452	1	1	
0.000237684	-nan	0.540225	0.300289	1	1	1	1	1	1	0.338194	0.540225	0.540225	1	1	
0.000246604	-nan	0.541011	0.300752	1	1	1	1	1	1	0.338283	0.541011	0.541011	1	1	
0.000255859	-nan	0.54181	0.301222	1	1	1	1	1	1	0.338373	0.54181	0.54181	1	1	
0.000265461	-nan	0.542623	0.3017	1	1	1	1	1	1	0.338465	0.542623	0.542623	1	1	
0.000275423	-nan	0.54345	0.302187	1	1	1	1	1	1	0.338559	0.54345	0.54345	1	1	
0.000285759	-nan	0.54429	0.302681	1	1	1	1	1	1	0.338654	0.54429	0.54429	1	1	
0.000296483	-nan	0.545146	0.303183	1	1	1	1	1	1	0.338751	0.545146	0.545146	1	1	
0.00030761	-nan	0.546015	0.303694	1	1	1	1	1	1	0.338849	0.546015	0.546015	1	1	
0.000319154	-nan	0.5469	0.304213	1	1	1	1	1	1	0.33895	0.5469	0.5469	1	1	
0.000331131	-nan	0.547799	0.304741	1	1	1	1	1	1	0.339051	0.547799	0.547799	1	1	
0.000343558	-nan	0.548714	0.305277	1	1	1	1	1	1	0.339155	0.548714	0.548714	1	1	
0.000356451	-nan	0.549644	0.305823	1	1	1	1	1	1	0.339261	0.549644	0.549644	1	1	
0.000369828	-nan	0.55059	0.306378	1	1	1	1	1	1	0.339368	0.55059	0.55059	1	1	
0.000383707	-nan	0.551552	0.306942	1	1	1	1	1	1	0.339477	0.551552	0.551552	1	1	
0.000398107	-nan	0.552531	0.307515	1	1	1	1	1	1	0.339589	0.552531	0.552531	1	1	
0.000413048	-nan	0.553526	0.308098	1	1	1	1	1	1	0.339702	0.553526	0.553526	1	1	
0.000428549	-nan	0.554537	0.308691	1	1	1	1	1	1	0.339817	0.554537	0.554537	1	1	
0.000444631	-nan	0.555566	0.309294	1	1	1	1	1	1	0.339935	0.555566	0.555566	1	1	
0.000461318	-nan	0.556612	0.309907	1	1	1	1	1	1	0.340054	0.556612	0.556612	1	1	
0.00047863	-nan	0.557676	0.310531	1	1	1	1	1	1	0.340176	0.557676	0.557676	1	1	
0.000496592	-nan	0.558757	0.311165	1	1	1	1	1	1	0.3403	0.558757	0.558757	1	1	
0.000515229	-nan	0.559857	0.31181	1	1	1	1	1	1	0.340426	0.559857	0.559857	1	1	
0.000534564	-nan	0.560975	0.312467	1	1	1	1	1	1	0.340555	0.560975	0.560975	1	1	
0.000554626	-nan	0.562112	0.313134	1	1	1	1	1	1	0.340687	0.562112	0.562112	1	1	
0.00057544	-nan	0.563268	0.313813	1	1	1	1	1	1	0.34082	0.563268	0.563268	1	1	
0.000597035	-nan	0.564444	0.314503	1	1	1	1	1	1	0.340957	0.564444	0.564444	1	1	
0.000619441	-nan	0.565639	0.315206	1	1	1	1	1	1	0.341096	0.565639	0.565639	1	1	
0.000642688	-nan	0.566854	0.315921	1	1	1	1	1	1	0.341237	0.566854	0.566854	1	1	
0.000666807	-nan	0.568089	0.316648	1	1	1	1	1	1	0.341382	0.568089	0.568089	1	1	
0.000691831	-nan	0.569345	0.317388	1	1	1	1	1	1	0.341529	0.569345	0.569345	1	1	
0.000717794	-nan	0.570621	0.318141	1	1	1	1	1	1	0.341679	0.570621	0.570621	1	1	
0.000744732	-nan	0.571919	0.318907	1	1	1	1	1	1	0.341832	0.571919	0.571919	1	1	
0.000772681	-nan	0.573238	0.319686	1	1	1	1	1	1	0.341988	0.573238	0.573238	1	1	
0.000801678	-nan	0.574579	0.32048	1	1	1	1	1	1	0.342148	0.574579	0.574579	1	1	
0.000831764	-nan	0.575942	0.321287	1	1	1	1	1	1	0.34231	0.575942	0.575942	1	1	
0.000862979	-nan	0.577328	0.322109	1	1	1	1	1	1	0.342476	0.577328	0.577328	1	1	
0.000895365	-nan	0.578737	0.322946	1	1	1	1	1	1	0.342645	0.578737	0.578737	1	1	
0.000928966	-nan	0.580168	0.323797	1	1	1	1	1	1	0.342818	0.580168	0.580168	1	1	
0.000963829	-nan	0.581624	0.324664	1	1	1	1	1	1	0.342994	0.581624	0.581624	1	1	
0.001	-nan	0.583103	0.325547	1	1	1	1	1	1	0.343174	0.583103	0.583103	1	1	
0.00103753	-nan	0.584606	0.326445	1	1	1	1	1	1	0.343358	0.584606	0.584606	1	1	
0.00107647	-nan	0.586133	0.32736	1	1	1	1	1	1	0.343545	0.586133	0.586133	1	1	
0.00111686	-nan	0.587686	0.328292	1	1	1	1	1	1	0.343736	0.587686	0.587686	1	1	
0.00115878	-nan	0.589264	0.32924	1	1	1	1	1	1	0.343932	0.589264	0.589264	1	1	
0.00120226	-nan	0.590867	0.330207	1	1	1	1	1	1	0.344131	0.590867	0.590867	1	1	
0.00124738	-nan	0.592496	0.331191	1	1	1	1	1	1	0.344335	0.592496	0.592496	1	1	
0.0012942	-nan	0.594152	0.332193	1	1	1	1	1	1	0.344543	0.594152	0.594152	1	1	
0.00134276	-nan	0.595834	0.333214	1	1	1	1	1	1	0.344755	0.595834	0.595834	1	1	
0.00139316	-nan	0.597543	0.334254	1	1	1	1	1	1	0.344972	0.597543	0.597543	1	1	
0.00144544	-nan	0.59928	0.335314	1	1	1	1	1	1	0.345194	0.59928	0.59928	1	1	
0.00149968	-nan	0.601044	0.336394	1	1	1	1	1	1	0.34542	0.601044	0.601044	1	1	
0.00155597	-nan	0.602837	0.337494	1	1	1	1	1	1	0.345652	0.602837	0.602837	1	1	
0.00161436	-nan	0.604658	0.338615	1	1	1	1	1	1	0.345888	0.604658	0.604658	1	1	
0.00167494	-nan	0.606507	0.339758	1	1	1	1	1	1	0.34613	0.606507	0.606507	1	1	
0.0017378	-nan	0.608386	0.340923	1	1	1	1	1	1	0.346377	0.608386	0.608386	1	1	
0.00180302	-nan	0.610295	0.34211	1	1	1	1	1	1	0.346629	0.610295	0.610295	1	1	
0.00187068	-nan	0.612233	0.343321	1	1	1	1	1	1	0.346887	0.612233	0.612233	1	1	
0.00194089	-nan	0.614202	0.344555	1	1	1	1	1	1	0.347151	0.614202	0.614202	1	1	
0.00201372	-nan	0.616202	0.345813	1	1	1	1	1	1	0.34742	0.616202	0.616202	1	1	
0.0020893	-nan	0.618232	0.347097	1	1	1	1	1	1	0.347696	0.618232	0.618232	1	1	
0.0021677	-nan	0.620294	0.348406	1	1	1	1	1	1	0.347978	0.620294	0.620294	1	1	
0.00224905	-nan	0.622388	0.349741	1	1	1	1	1	1	0.348266	0.622388	0.622388	1	1	
0.00233346	-nan	0.624514	0.351103	1	1	1	1	1	1	0.348561	0.624514	0.624514	1	1	
0.00242103	-nan	0.626673	0.352492	1	1	1	1	1	1	0.348862	0.626673	0.626673	1	1	
0.00251189	-nan	0.628864	0.35391	1	1	1	1	1	1	0.34917	0.628864	0.628864	1	1	
0.00260615	-nan	0.631089	0.355356	1	1	1	1	1	1	0.349486	0.631089	0.631089	1	1	
0.00270396	-nan	0.633347	0.356833	1	1	1	1	1	1	0.349808	0.633347	0.633347	1	1	
0.00280543	-nan	0.635639	0.35834	1	1	1	1	1	1	0.350138	0.635639	0.635639	1	1	
0.00291072	-nan	0.637966	0.359879	1	1	1	1	1	1	0.350476	0.637966	0.637966	1	1	
0.00301995	-nan	0.640327	0.361449	1	1	1	1	1	1	0.350821	0.640327	0.640327	1	1	
0.00313329	-nan	0.642723	0.363053	1	1	1	1	1	1	0.351175	0.642723	0.642723	1	1	
0.00325087	-nan	0.645155	0.364691	1	1	1	1	1	1	0.351537	0.645155	0.645155	1	1	
0.00337287	-nan	0.647622	0.366364	1	1	1	1	1	1	0.351907	0.647622	0.647622	1	1	
0.00349945	-nan	0.650125	0.368073	1	1	1	1	1	1	0.352286	0.650125	0.650125	1	1	
0.00363078	-nan	0.652665	0.369819	1	1	1	1	1	1	0.352674	0.652665	0.652665	1	1	
0.00376704	-nan	0.655241	0.371603	1	1	1	1	1	1	0.353071	0.655241	0.655241	1	1	
0.00390841	-nan	0.657854	0.373426	1	1	1	1	1	1	0.353477	0.657854	0.657854	1	1	
0.00405509	-nan	0.660504	0.37529	1	1	1	1	1	1	0.353893	0.660504	0.660504	1	1	
0.00420727	-nan	0.663192	0.377195	1	1	1	1	1	1	0.354319	0.663192	0.663192	1	1	
0.00436516	-nan	0.665917	0.379143	1	1	1	1	1	1	0.354756	0.665917	0.665917	1	1	
0.00452898	-nan	0.668681	0.381135	1	1	1	1	1	1	0.355203	0.668681	0.668681	1	1	
0.00469894	-nan	0.671483	0.383172	1	1	1	1	1	1	0.35566	0.671483	0.671483	1	1	
0.00487528	-nan	0.674323	0.385256	1	1	1	1	1	1	0.356129	0.674323	0.674323	1	1	
0.00505825	-nan	0.677202	0.387388	1	1	1	1	1	1	0.356609	0.677202	0.677202	1	1	
0.00524807	-nan	0.68012	0.38957	1	1	1	1	1	1	0.357101	0.68012	0.68012	1	1	
0.00544503	-nan	0.683078	0.391803	1	1	1	1	1	1	0.357605	0.683078	0.683078	1	1	
0.00564937	-nan	0.686074	0.394089	1	1	1	1	1	1	0.358121	0.686074	0.686074	1	1	
0.00586138	-nan	0.68911	0.396429	1	1	1	1	1	1	0.35865	0.68911	0.68911	1	1	
0.00608135	-nan	0.692186	0.398826	1	1	1	1	1	1	0.359192	0.692186	0.692186	1	1	
0.00630957	-nan	0.695302	0.401281	1	1	1	1	1	1	0.359747	0.695302	0.695302	1	1	
0.00654636	-nan	0.698457	0.403795	1	1	1	1	1	1	0.360316	0.698457	0.698457	1	1	
0.00679204	-nan	0.701653	0.406372	1	1	1	1	1	1	0.360899	0.701653	0.701653	1	1	
0.00704693	-nan	0.704888	0.409012	1	1	1	1	1	1	0.361497	0.704888	0.704888	1	1	
0.00731139	-nan	0.708164	0.411719	1	1	1	1	1	1	0.36211	0.708164	0.708164	1	1	
0.00758578	-nan	0.71148	0.414494	1	1	1	1	1	1	0.362738	0.71148	0.71148	1	1	
0.00787046	-nan	0.714836	0.417339	1	1	1	1	1	1	0.363382	0.714836	0.714836	1	1	
0.00816582	-nan	0.718232	0.420258	1	1	1	1	1	1	0.364043	0.718232	0.718232	1	1	
0.00847227	-nan	0.721668	0.423252	1	1	1	1	1	1	0.36472	0.721668	0.721668	1	1	
0.00879023	-nan	0.725144	0.426325	1	1	1	1	1	1	0.365414	0.725144	0.725144	1	1	
0.00912011	-nan	0.72866	0.429479	1	1	1	1	1	1	0.366126	0.72866	0.72866	1	1	
0.00946237	-nan	0.732215	0.432716	1	1	1	1	1	1	0.366856	0.732215	0.732215	1	1	
0.00981748	-nan	0.73581	0.43604	1	1	1	1	1	1	0.367605	0.73581	0.73581	1	1	
0.0101859	-nan	0.739445	0.439455	1	1	1	1	1	1	0.368373	0.739445	0.739445	1	1	
0.0105682	-nan	0.743119	0.442962	1	1	1	1	1	1	0.369161	0.743119	0.743119	1	1	
0.0109648	-nan	0.746831	0.446566	1	1	1	1	1	1	0.36997	0.746831	0.746831	1	1	
0.0113763	-nan	0.750582	0.450271	1	1	1	1	1	1	0.370799	0.750582	0.750582	1	1	
0.0118032	-nan	0.754371	0.454079	1	1	1	1	1	1	0.37165	0.754371	0.754371	1	1	
0.0122462	-nan	0.758198	0.457996	1	1	1	1	1	1	0.372523	0.758198	0.758198	1	1	
0.0127057	-nan	0.762062	0.462024	1	1	1	1	1	1	0.373419	0.762062	0.762062	1	1	
0.0131826	-nan	0.765962	0.466169	1	1	1	1	1	1	0.374338	0.765962	0.765962	1	1	
0.0136773	-nan	0.769899	0.470434	1	1	1	1	1	1	0.375281	0.769899	0.769899	1	1	
0.0141906	-nan	0.773872	0.474825	1	1	1	1	1	1	0.37625	0.773872	0.773872	1	1	
0.0147231	-nan	0.77788	0.479346	1	1	1	1	1	1	0.377243	0.77788	0.77788	1	1	
0.0152757	-nan	0.781922	0.484002	1	1	1	1	1	1	0.378263	0.781922	0.781922	1	1	
0.0158489	-nan	0.785997	0.488799	1	1	1	1	1	1	0.37931	0.785997	0.785997	1	1	
0.0164437	-nan	0.790106	0.493743	1	1	1	1	1	1	0.380385	0.790106	0.790106	1	1	
0.0170608	-nan	0.794246	0.498839	1	1	1	1	1	1	0.381488	0.794246	0.794246	1	1	
0.0177011	-nan	0.798418	0.504093	1	1	1	1	1	1	0.382621	0.798418	0.798418	1	1	
0.0183654	-nan	0.802619	0.509512	1	1	1	1	1	1	0.383783	0.802619	0.802619	1	1	
0.0190546	-nan	0.80685	0.515103	1	1	1	1	1	1	0.384977	0.80685	0.80685	1	1	
0.0197697	-nan	0.811108	0.520872	1	1	1	1	1	1	0.386203	0.811108	0.811108	1	1	
0.0205116	-nan	0.815394	0.526828	1	1	1	1	1	1	0.387461	0.815394	0.815394	1	1	
0.0212814	-nan	0.819704	0.532977	1	1	1	1	1	1	0.388753	0.819704	0.819704	1	1	
0.02208	-nan	0.824039	0.539328	1	1	1	1	1	1	0.390079	0.824039	0.824039	1	1	
0.0229087	-nan	0.828397	0.54589	1	1	1	1	1	1	0.391441	0.828397	0.828397	1	1	
0.0237684	-nan	0.832776	0.552672	1	1	1	1	1	1	0.392839	0.832776	0.832776	1	1	
0.0246604	-nan	0.837175	0.559682	1	1	1	1	1	1	0.394274	0.837175	0.837175	1	1	
0.0255859	-nan	0.841592	0.566931	1	1	1	1	1	1	0.395747	0.841592	0.841592	1	1	
0.0265461	-nan	0.846025	0.574429	1	1	1	1	1	1	0.39726	0.846025	0.846025	1	1	
0.0275423	-nan	0.850473	0.582186	1	1	1	1	1	1	0.398812	0.850473	0.850473	1	1	
0.0285759	-nan	0.854933	0.590214	1	1	1	1	1	1	0.400406	0.854933	0.854933	1	1	
0.0296483	-nan	0.859404	0.598525	1	1	1	1	1	1	0.402042	0.859404	0.859404	1	1	
0.030761	-nan	0.863884	0.607131	1	1	1	1	1	1	0.40372	0.863884	0.863884	1	1	
0.0319154	-nan	0.86837	0.616045	1	1	1	1	1	1	0.405443	0.86837	0.86837	1	1	
0.0331131	-nan	0.87286	0.62528	1	1	1	1	1	1	0.40721	0.87286	0.87286	1	1	
0.0343558	-nan	0.877352	0.63485	1	1	1	1	1	1	0.409022	0.877352	0.877352	1	1	
0.0356451	-nan	0.881843	0.64477	1	1	1	1	1	1	0.410881	0.881843	0.881843	1	1	
0.0369828	-nan	0.886331	0.655055	1	1	1	1	1	1	0.412787	0.886331	0.886331	1	1	
0.0383707	-nan	0.890812	0.665722	1	1	1	1	1	1	0.41474	0.890812	0.890812	1	1	
0.0398107	-nan	0.895284	0.676786	1	1	1	1	1	1	0.416742	0.895284	0.895284	1	1	
0.0413048	-nan	0.899744	0.688264	1	1	1	1	1	1	0.418793	0.899744	0.899744	1	1	
0.0428549	-nan	0.904189	0.700175	1	1	1	1	1	1	0.420893	0.904189	0.904189	1	1	
0.0444631	-nan	0.908615	0.712537	1	1	1	1	1	1	0.423042	0.908615	0.908615	1	1	
0.0461318	-nan	0.913019	0.725369	1	1	1	1	1	1	0.425241	0.913019	0.913019	1	1	
0.047863	-nan	0.917398	0.738691	1	1	1	1	1	1	0.42749	0.917398	0.917398	1	1	
0.0496592	-nan	0.921748	0.752523	1	1	1	1	1	1	0.429787	0.921748	0.921748	1	1	
0.0515229	-nan	0.926064	0.766885	1	1	1	1	1	1	0.432134	0.926064	0.926064	1	1	
0.0534564	-nan	0.930343	0.781799	1	1	1	1	1	1	0.434528	0.930343	0.930343	1	1	
0.0554626	-nan	0.934581	0.797287	1	1	1	1	1	1	0.436969	0.934581	0.934581	1	1	
0.057544	-nan	0.938774	0.81337	1	1	1	1	1	1	0.439455	0.938774	0.938774	1	1	
0.0597035	-nan	0.942916	0.83007	1	1	1	1	1	1	0.441984	0.942916	0.942916	1	1	
0.0619441	-nan	0.947003	0.847411	1	1	1	1	1	1	0.444553	0.947003	0.947003	1	1	
0.0642688	-nan	0.951031	0.865413	1	1	1	1	1	1	0.447161	0.951031	0.951031	1	1	
0.0666807	-nan	0.954994	0.884099	1	1	1	1	1	1	0.449802	0.954994	0.954994	1	1	
0.0691831	-nan	0.958886	0.903491	1	1	1	1	1	1	0.452472	0.958886	0.958886	1	1	
0.0717794	-nan	0.962703	0.923608	1	1	1	1	1	1	0.455167	0.962703	0.962703	1	1	
0.0744732	-nan	0.966439	0.944472	1	1	1	1	1	1	0.457879	0.966439	0.966439	1	1	
0.0772681	-nan	0.970087	0.9661	1	1	1	1	1	1	0.460602	0.970087	0.970087	1	1	
0.0801678	-nan	0.973642	0.988509	1	1	1	1	1	1	0.463326	0.973642	0.973642	1	1	
0.0831764	-nan	0.977096	1.01171	1	1	1	1	1	1	0.466042	0.977096	0.977096	1	1	
0.0862979	-nan	0.980444	1.03573	1	1	1	1	1	1	0.468738	0.980444	0.980444	1	1	
0.0895365	-nan	0.983679	1.06055	1	1	1	1	1	1	0.471399	0.983679	0.983679	1	1	
0.0928966	-nan	0.986793	1.0862	1	1	1	1	1	1	0.474011	0.986793	0.986793	1	1	
0.0963829	-nan	0.98978	1.11268	1	1	1	1	1	1	0.476555	0.98978	0.98978	1	1	
0.1	-nan	0.99263	1.13997	1	1	1	1	1	1	0.47901	0.99263	0.99263	1	1	
0.103614	-nan	0.995242	1.16703	1	1	1	1	1	1	0.481268	0.995242	0.995242	1	1	
0.107229	-nan	0.99763	1.19387	1	1	1	1	1	1	0.483326	0.99763	0.99763	1	1	
0.110843	-nan	0.999809	1.22044	1	1	1	1	1	1	0.485176	0.999809	0.999809	1	1	
0.114458	-nan	1.00179	1.24674	1	1	1	1	1	1	0.486811	1.00179	1.00179	1	1	
0.118072	-nan	1.00358	1.27272	1	1	1	1	1	1	0.488223	1.00358	1.00358	1	1	
0.121687	-nan	1.00519	1.29837	1	1	1	1	1	1	0.489405	1.00519	1.00519	1	1	
0.125301	-nan	1.00664	1.32366	1	1	1	1	1	1	0.490349	1.00664	1.00664	1	1	
0.128916	-nan	1.00792	1.34856	1	1	1	1	1	1	0.491046	1.00792	1.00792	1	1	
0.13253	-nan	1.00905	1.37306	1	1	1	1	1	1	0.491489	1.00905	1.00905	1	1	
0.136145	-nan	1.01004	1.39712	1	1	1	1	1	1	0.491667	1.01004	1.01004	1	1	
0.139759	-nan	1.01088	1.42073	1	1	1	1	1	1	0.491574	1.01088	1.01088	1	1	
0.143373	-nan	1.0116	1.44386	1	1	1	1	1	1	0.491199	1.0116	1.0116	1	1	
0.146988	-nan	1.01218	1.46648	1	1	1	1	1	1	0.490533	1.01218	1.01218	1	1	
0.150602	-nan	1.01265	1.48859	1	1	1	1	1	1	0.489567	1.01265	1.01265	1	1	
0.154217	-nan	1.013	1.51015	1	1	1	1	1	1	0.488291	1.013	1.013	1	1	
0.157831	-nan	1.01324	1.53115	1	1	1	1	1	1	0.486695	1.01324	1.01324	1	1	
0.161446	-nan	1.01338	1.55157	1	1	1	1	1	1	0.484771	1.01338	1.01338	1	1	
0.16506	-nan	1.01341	1.57138	1	1	1	1	1	1	0.482507	1.01341	1.01341	1	1	
0.168675	-nan	1.01335	1.59057	1	1	1	1	1	1	0.479894	1.01335	1.01335	1	1	
0.172289	-nan	1.01319	1.60912	1	1	1	1	1	1	0.476922	1.01319	1.01319	1	1	
0.175904	-nan	1.01295	1.62702	1	1	1	1	1	1	0.473582	1.01295	1.01295	1	1	
0.179518	-nan	1.01261	1.64424	1	1	1	1	1	1	0.469864	1.01261	1.01261	1	1	
0.183133	-nan	1.0122	1.66077	1	1	1	1	1	1	0.465759	1.0122	1.0122	1	1	
0.186747	-nan	1.01171	1.6766	1	1	1	1	1	1	0.461258	1.01171	1.01171	1	1	
0.190361	-nan	1.01114	1.69171	1	1	1	1	1	1	0.456352	1.01114	1.01114	1	1	
0.193976	-nan	1.0105	1.70608	1	1	1	1	1	1	0.451033	1.0105	1.0105	1	1	
0.19759	-nan	1.00979	1.7197	1	1	1	1	1	1	0.445294	1.00979	1.00979	1	1	
0.201205	-nan	1.00901	1.73257	1	1	1	1	1	1	0.439129	1.00901	1.00901	1	1	
0.204819	-nan	1.00817	1.74466	1	1	1	1	1	1	0.432532	1.00817	1.00817	1	1	
0.208434	-nan	1.00727	1.75597	1	1	1	1	1	1	0.425499	1.00727	1.00727	1	1	
0.212048	-nan	1.00631	1.76648	1	1	1	1	1	1	0.418026	1.00631	1.00631	1	1	
0.215663	-nan	1.00529	1.7762	1	1	1	1	1	1	0.410113	1.00529	1.00529	1	1	
0.219277	-nan	1.00422	1.78511	1	1	1	1	1	1	0.401758	1.00422	1.00422	1	1	
0.222892	-nan	1.00309	1.79321	1	1	1	1	1	1	0.392965	1.00309	1.00309	1	1	
0.226506	-nan	1.00192	1.80049	1	1	1	1	1	1	0.383737	1.00192	1.00192	1	1	
0.23012	-nan	1.00069	1.80695	1	1	1	1	1	1	0.37408	1.00069	1.00069	1	1	
0.233735	-nan	0.999424	1.8126	1	1	1	1	1	1	0.364003	0.999424	0.999424	1	1	
0.237349	-nan	0.99811	1.81743	1	1	1	1	1	1	0.353517	0.99811	0.99811	1	1	
0.240964	-nan	0.996754	1.82145	1	1	1	1	1	1	0.342637	0.996754	0.996754	1	1	
0.244578	-nan	0.995358	1.82466	1	1	1	1	1	1	0.331381	0.995358	0.995358	1	1	
0.248193	-nan	0.993924	1.82708	1	1	1	1	1	1	0.319767	0.993924	0.993924	1	1	
0.251807	-nan	0.992452	1.8287	1	1	1	1	1	1	0.307822	0.992452	0.992452	1	1	
0.255422	-nan	0.990945	1.82955	1	1	1	1	1	1	0.295571	0.990945	0.990945	1	1	
0.259036	-nan	0.989405	1.82964	1	1	1	1	1	1	0.283046	0.989405	0.989405	1	1	
0.262651	-nan	0.987833	1.82899	1	1	1	1	1	1	0.27028	0.987833	0.987833	1	1	
0.266265	-nan	0.98623	1.82761	1	1	1	1	1	1	0.257311	0.98623	0.98623	1	1	
0.26988	-nan	0.984599	1.82552	1	1	1	1	1	1	0.24418	0.984599	0.984599	1	1	
0.273494	-nan	0.982939	1.82276	1	1	1	1	1	1	0.230931	0.982939	0.982939	1	1	
0.277108	-nan	0.981254	1.81934	1	1	1	1	1	1	0.21761	0.981254	0.981254	1	1	
0.280723	-nan	0.979544	1.81529	1	1	1	1	1	1	0.204267	0.979544	0.979544	1	1	
0.284337	-nan	0.97781	1.81064	1	1	1	1	1	1	0.190953	0.97781	0.97781	1	1	
0.287952	-nan	0.976055	1.80542	1	1	1	1	1	1	0.177722	0.976055	0.976055	1	1	
0.291566	-nan	0.974278	1.79966	1	1	1	1	1	1	0.164629	0.974278	0.974278	1	1	
0.295181	-nan	0.972482	1.79339	1	1	1	1	1	1	0.151727	0.972482	0.972482	1	1	
0.298795	-nan	0.970667	1.78664	1	1	1	1	1	1	0.139073	0.970667	0.970667	1	1	
0.30241	-nan	0.968835	1.77946	1	1	1	1	1	1	0.126721	0.968835	0.968835	1	1	
0.306024	-nan	0.966986	1.77186	1	1	1	1	1	1	0.114725	0.966986	0.966986	1	1	
0.309639	-nan	0.965123	1.76389	1	1	1	1	1	1	0.103138	0.965123	0.965123	1	1	
0.313253	-nan	0.963245	1.75558	1	1	1	1	1	1	0.0920071	0.963245	0.963245	1	1	
0.316867	-nan	0.961355	1.74696	1	1	1	1	1	1	0.0813804	0.961355	0.961355	1	1	
0.320482	-nan	0.959452	1.73807	1	1	1	1	1	1	0.0713004	0.959452	0.959452	1	1	
0.324096	-nan	0.957539	1.72894	1	1	1	1	1	1	0.0618058	0.957539	0.957539	1	1	
0.327711	-nan	0.955615	1.71959	1	1	1	1	1	1	0.0529307	0.955615	0.955615	1	1	
0.331325	-nan	0.953683	1.71006	1	1	1	1	1	1	0.0447044	0.953683	0.953683	1	1	
0.33494	-nan	0.951742	1.70038	1	1	1	1	1	1	0.037151	0.951742	0.951742	1	1	
0.338554	-nan	0.949793	1.69058	1	1	1	1	1	1	0.0302893	0.949793	0.949793	1	1	
0.342169	-nan	0.947838	1.68068	1	1	1	1	1	1	0.0241323	0.947838	0.947838	1	1	
0.345783	-nan	0.945878	1.67072	1	1	1	1	1	1	0.018688	0.945878	0.945878	1	1	
0.349398	-nan	0.943913	1.6607	1	1	1	1	1	1	0.0139585	0.943913	0.943913	1	1	
0.353012	-nan	0.941943	1.65066	1	1	1	1	1	1	0.00994109	0.941943	0.941943	1	1	
0.356627	-nan	0.93997	1.64062	1	1	1	1	1	1	0.00662786	0.93997	0.93997	1	1	
0.360241	-nan	0.937995	1.6306	1	1	1	1	1	1	0.00400634	0.937995	0.937995	1	1	
0.363855	-nan	0.936018	1.62061	1	1	1	1	1	1	0.00205977	0.936018	0.936018	1	1	
0.36747	-nan	0.934039	1.61068	1	1	1	1	1	1	0.000767549	0.934039	0.934039	1	1	
0.371084	-nan	0.93206	1.60082	1	1	1	1	1	1	0.000105666	0.93206	0.93206	1	1	
0.374699	-nan	0.930081	1.59104	1	1	1	1	1	1	4.71887e-05	0.930081	0.930081	1	1	
0.378313	-nan	0.928103	1.58136	1	1	1	1	1	1	0.000562741	0.928103	0.928103	1	1	
0.381928	-nan	0.926126	1.57179	1	1	1	1	1	1	0.00162098	0.926126	0.926126	1	1	
0.385542	-nan	0.924152	1.56233	1	1	1	1	1	1	0.00318908	0.924152	0.924152	1	1	
0.389157	-nan	0.922179	1.55301	1	1	1	1	1	1	0.00523315	0.922179	0.922179	1	1	
0.392771	-nan	0.92021	1.54382	1	1	1	1	1	1	0.00771868	0.92021	0.92021	1	1	
0.396386	-nan	0.918245	1.53478	1	1	1	1	1	1	0.0106109	0.918245	0.918245	1	1	
0.4	-nan	0.916283	1.5259	1	1	1	1	1	1	0.0138753	0.916283	0.916283	1	1	
0.403614	-nan	0.914327	1.51717	1	1	1	1	1	1	0.0174776	0.914327	0.914327	1	1	
0.407229	-nan	0.912375	1.5086	1	1	1	1	1	1	0.0213843	0.912375	0.912375	1	1	
0.410843	-nan	0.910429	1.50021	1	1	1	1	1	1	0.0255629	0.910429	0.910429	1	1	
0.414458	-nan	0.908489	1.49198	1	1	1	1	1	1	0.0299821	0.908489	0.908489	1	1	
0.418072	-nan	0.906555	1.48392	1	1	1	1	1	1	0.0346117	0.906555	0.906555	1	1	
0.421687	-nan	0.904629	1.47605	1	1	1	1	1	1	0.0394232	0.904629	0.904629	1	1	
0.425301	-nan	0.902709	1.46835	1	1	1	1	1	1	0.0443893	0.902709	0.902709	1	1	
0.428916	-nan	0.900798	1.46082	1	1	1	1	1	1	0.0494847	0.900798	0.900798	1	1	
0.43253	-nan	0.898894	1.45348	1	1	1	1	1	1	0.0546852	0.898894	0.898894	1	1	
0.436145	-nan	0.896999	1.44632	1	1	1	1	1	1	0.0599687	0.896999	0.896999	1	1	
0.439759	-nan	0.895112	1.43933	1	1	1	1	1	1	0.0653146	0.895112	0.895112	1	1	
0.443373	-nan	0.893235	1.43252	1	1	1	1	1	1	0.0707037	0.893235	0.893235	1	1	
0.446988	-nan	0.891366	1.4259	1	1	1	1	1	1	0.0761185	0.891366	0.891366	1	1	
0.450602	-nan	0.889508	1.41944	1	1	1	1	1	1	0.0815432	0.889508	0.889508	1	1	
0.454217	-nan	0.88766	1.41317	1	1	1	1	1	1	0.0869632	0.88766	0.88766	1	1	
0.457831	-nan	0.885821	1.40706	1	1	1	1	1	1	0.0923653	0.885821	0.885821	1	1	
0.461446	-nan	0.883994	1.40113	1	1	1	1	1	1	0.0977378	0.883994	0.883994	1	1	
0.46506	-nan	0.882176	1.39537	1	1	1	1	1	1	0.10307	0.882176	0.882176	1	1	
0.468675	-nan	0.88037	1.38977	1	1	1	1	1	1	0.108353	0.88037	0.88037	1	1	
0.472289	-nan	0.878576	1.38434	1	1	1	1	1	1	0.113577	0.878576	0.878576	1	1	
0.475904	-nan	0.876792	1.37906	1	1	1	1	1	1	0.118737	0.876792	0.876792	1	1	
0.479518	-nan	0.87502	1.37395	1	1	1	1	1	1	0.123825	0.87502	0.87502	1	1	
0.483133	-nan	0.87326	1.369	1	1	1	1	1	1	0.128836	0.87326	0.87326	1	1	
0.486747	-nan	0.871512	1.3642	1	1	1	1	1	1	0.133765	0.871512	0.871512	1	1	
0.490361	-nan	0.869777	1.35954	1	1	1	1	1	1	0.138609	0.869777	0.869777	1	1	
0.493976	-nan	0.868053	1.35504	1	1	1	1	1	1	0.143363	0.868053	0.868053	1	1	
0.49759	-nan	0.866342	1.35068	1	1	1	1	1	1	0.148026	0.866342	0.866342	1	1	
0.501205	-nan	0.864644	1.34646	1	1	1	1	1	1	0.152596	0.864644	0.864644	1	1	
0.504819	-nan	0.862958	1.34238	1	1	1	1	1	1	0.157069	0.862958	0.862958	1	1	
0.508434	-nan	0.861285	1.33844	1	1	1	1	1	1	0.161447	0.861285	0.861285	1	1	
0.512048	-nan	0.859625	1.33463	1	1	1	1	1	1	0.165727	0.859625	0.859625	1	1	
0.515663	-nan	0.857979	1.33094	1	1	1	1	1	1	0.169909	0.857979	0.857979	1	1	
0.519277	-nan	0.856345	1.32738	1	1	1	1	1	1	0.173994	0.856345	0.856345	1	1	
0.522892	-nan	0.854725	1.32395	1	1	1	1	1	1	0.177981	0.854725	0.854725	1	1	
0.526506	-nan	0.853118	1.32063	1	1	1	1	1	1	0.18187	0.853118	0.853118	1	1	
0.53012	-nan	0.851525	1.31743	1	1	1	1	1	1	0.185664	0.851525	0.851525	1	1	
0.533735	-nan	0.849945	1.31435	1	1	1	1	1	1	0.189361	0.849945	0.849945	1	1	
0.537349	-nan	0.848379	1.31137	1	1	1	1	1	1	0.192965	0.848379	0.848379	1	1	
0.540964	-nan	0.846826	1.3085	1	1	1	1	1	1	0.196474	0.846826	0.846826	1	1	
0.544578	-nan	0.845287	1.30574	1	1	1	1	1	1	0.199892	0.845287	0.845287	1	1	
0.548193	-nan	0.843762	1.30307	1	1	1	1	1	1	0.203219	0.843762	0.843762	1	1	
0.551807	-nan	0.842251	1.30051	1	1	1	1	1	1	0.206457	0.842251	0.842251	1	1	
0.555422	-nan	0.840753	1.29804	1	1	1	1	1	1	0.209608	0.840753	0.840753	1	1	
0.559036	-nan	0.839269	1.29567	1	1	1	1	1	1	0.212673	0.839269	0.839269	1	1	
0.562651	-nan	0.837799	1.29338	1	1	1	1	1	1	0.215653	0.837799	0.837799	1	1	
0.566265	-nan	0.836343	1.29118	1	1	1	1	1	1	0.218551	0.836343	0.836343	1	1	
0.56988	-nan	0.834901	1.28907	1	1	1	1	1	1	0.221369	0.834901	0.834901	1	1	
0.573494	-nan	0.833472	1.28704	1	1	1	1	1	1	0.224108	0.833472	0.833472	1	1	
0.577108	-nan	0.832058	1.28509	1	1	1	1	1	1	0.226769	0.832058	0.832058	1	1	
0.580723	-nan	0.830657	1.28322	1	1	1	1	1	1	0.229356	0.830657	0.830657	1	1	
0.584337	-nan	0.82927	1.28142	1	1	1	1	1	1	0.231868	0.82927	0.82927	1	1	
0.587952	-nan	0.827897	1.27969	1	1	1	1	1	1	0.23431	0.827897	0.827897	1	1	
0.591566	-nan	0.826538	1.27803	1	1	1	1	1	1	0.236681	0.826538	0.826538	1	1	
0.595181	-nan	0.825192	1.27645	1	1	1	1	1	1	0.238985	0.825192	0.825192	1	1	
0.598795	-nan	0.82386	1.27492	1	1	1	1	1	1	0.241222	0.82386	0.82386	1	1	
0.60241	-nan	0.822542	1.27347	1	1	1	1	1	1	0.243394	0.822542	0.822542	1	1	
0.606024	-nan	0.821238	1.27207	1	1	1	1	1	1	0.245504	0.821238	0.821238	1	1	
0.609639	-nan	0.819947	1.27073	1	1	1	1	1	1	0.247553	0.819947	0.819947	1	1	
0.613253	-nan	0.81867	1.26945	1	1	1	1	1	1	0.249542	0.81867	0.81867	1	1	
0.616867	-nan	0.817407	1.26823	1	1	1	1	1	1	0.251473	0.817407	0.817407	1	1	
0.620482	-nan	0.816157	1.26706	1	1	1	1	1	1	0.253348	0.816157	0.816157	1	1	
0.624096	-nan	0.81492	1.26594	1	1	1	1	1	1	0.255169	0.81492	0.81492	1	1	
0.627711	-nan	0.813697	1.26487	1	1	1	1	1	1	0.256936	0.813697	0.813697	1	1	
0.631325	-nan	0.812487	1.26385	1	1	1	1	1	1	0.258652	0.812487	0.812487	1	1	
0.63494	-nan	0.811291	1.26287	1	1	1	1	1	1	0.260318	0.811291	0.811291	1	1	
0.638554	-nan	0.810108	1.26194	1	1	1	1	1	1	0.261935	0.810108	0.810108	1	1	
0.642169	-nan	0.808938	1.26106	1	1	1	1	1	1	0.263504	0.808938	0.808938	1	1	
0.645783	-nan	0.807781	1.26022	1	1	1	1	1	1	0.265028	0.807781	0.807781	1	1	
0.649398	-nan	0.806637	1.25941	1	1	1	1	1	1	0.266508	0.806637	0.806637	1	1	
0.653012	-nan	0.805506	1.25865	1	1	1	1	1	1	0.267944	0.805506	0.805506	1	1	
0.656627	-nan	0.804388	1.25792	1	1	1	1	1	1	0.269338	0.804388	0.804388	1	1	
0.660241	-nan	0.803283	1.25723	1	1	1	1	1	1	0.270691	0.803283	0.803283	1	1	
0.663855	-nan	0.80219	1.25658	1	1	1	1	1	1	0.272005	0.80219	0.80219	1	1	
0.66747	-nan	0.80111	1.25596	1	1	1	1	1	1	0.273281	0.80111	0.80111	1	1	
0.671084	-nan	0.800043	1.25537	1	1	1	1	1	1	0.27452	0.800043	0.800043	1	1	
0.674699	-nan	0.798989	1.25481	1	1	1	1	1	1	0.275722	0.798989	0.798989	1	1	
0.678313	-nan	0.797947	1.25428	1	1	1	1	1	1	0.27689	0.797947	0.797947	1	1	
0.681928	-nan	0.796917	1.25378	1	1	1	1	1	1	0.278023	0.796917	0.796917	1	1	
0.685542	-nan	0.795899	1.25331	1	1	1	1	1	1	0.279124	0.795899	0.795899	1	1	
0.689157	-nan	0.794894	1.25287	1	1	1	1	1	1	0.280193	0.794894	0.794894	1	1	
0.692771	-nan	0.793901	1.25245	1	1	1	1	1	1	0.281231	0.793901	0.793901	1	1	
0.696386	-nan	0.79292	1.25206	1	1	1	1	1	1	0.282239	0.79292	0.79292	1	1	
0.7	-nan	0.791951	1.25169	1	1	1	1	1	1	0.283218	0.791951	0.791951	1	1	
0.703614	-nan	0.790993	1.25134	1	1	1	1	1	1	0.284169	0.790993	0.790993	1	1	
0.707229	-nan	0.790048	1.25102	1	1	1	1	1	1	0.285093	0.790048	0.790048	1	1	
0.710843	-nan	0.789114	1.25071	1	1	1	1	1	1	0.28599	0.789114	0.789114	1	1	
0.714458	-nan	0.788192	1.25043	1	1	1	1	1	1	0.286861	0.788192	0.788192	1	1	
0.718072	-nan	0.787281	1.25017	1	1	1	1	1	1	0.287708	0.787281	0.787281	1	1	
0.721687	-nan	0.786382	1.24992	1	1	1	1	1	1	0.288531	0.786382	0.786382	1	1	
0.725301	-nan	0.785494	1.24969	1	1	1	1	1	1	0.28933	0.785494	0.785494	1	1	
0.728916	-nan	0.784617	1.24948	1	1	1	1	1	1	0.290107	0.784617	0.784617	1	1	
0.73253	-nan	0.783751	1.24929	1	1	1	1	1	1	0.290862	0.783751	0.783751	1	1	
0.736145	-nan	0.782897	1.24912	1	1	1	1	1	1	0.291595	0.782897	0.782897	1	1	
0.739759	-nan	0.782053	1.24895	1	1	1	1	1	1	0.292308	0.782053	0.782053	1	1	
0.743373	-nan	0.78122	1.24881	1	1	1	1	1	1	0.293001	0.78122	0.78122	1	1	
0.746988	-nan	0.780399	1.24867	1	1	1	1	1	1	0.293675	0.780399	0.780399	1	1	
0.750602	-nan	0.779587	1.24855	1	1	1	1	1	1	0.29433	0.779587	0.779587	1	1	
0.754217	-nan	0.778787	1.24845	1	1	1	1	1	1	0.294967	0.778787	0.778787	1	1	
0.757831	-nan	0.777997	1.24835	1	1	1	1	1	1	0.295587	0.777997	0.777997	1	1	
0.761446	-nan	0.777217	1.24827	1	1	1	1	1	1	0.296189	0.777217	0.777217	1	1	
0.76506	-nan	0.776448	1.2482	1	1	1	1	1	1	0.296775	0.776448	0.776448	1	1	
0.768675	-nan	0.775688	1.24814	1	1	1	1	1	1	0.297345	0.775688	0.775688	1	1	
0.772289	-nan	0.774939	1.24809	1	1	1	1	1	1	0.2979	0.774939	0.774939	1	1	
0.775904	-nan	0.7742	1.24805	1	1	1	1	1	1	0.29844	0.7742	0.7742	1	1	
0.779518	-nan	0.773471	1.24802	1	1	1	1	1	1	0.298965	0.773471	0.773471	1	1	
0.783133	-nan	0.772752	1.248	1	1	1	1	1	1	0.299476	0.772752	0.772752	1	1	
0.786747	-nan	0.772043	1.24799	1	1	1	1	1	1	0.299973	0.772043	0.772043	1	1	
0.790361	-nan	0.771343	1.24798	1	1	1	1	1	1	0.300458	0.771343	0.771343	1	1	
0.793976	-nan	0.770653	1.24799	1	1	1	1	1	1	0.300929	0.770653	0.770653	1	1	
0.79759	-nan	0.769973	1.248	1	1	1	1	1	1	0.301389	0.769973	0.769973	1	1	
0.801205	-nan	0.769302	1.24802	1	1	1	1	1	1	0.301836	0.769302	0.769302	1	1	
0.804819	-nan	0.76864	1.24804	1	1	1	1	1	1	0.302272	0.76864	0.76864	1	1	
0.808434	-nan	0.767987	1.24807	1	1	1	1	1	1	0.302696	0.767987	0.767987	1	1	
0.812048	-nan	0.767344	1.24811	1	1	1	1	1	1	0.30311	0.767344	0.767344	1	1	
0.815663	-nan	0.766709	1.24816	1	1	1	1	1	1	0.303513	0.766709	0.766709	1	1	
0.819277	-nan	0.766084	1.24821	1	1	1	1	1	1	0.303906	0.766084	0.766084	1	1	
0.822892	-nan	0.765468	1.24826	1	1	1	1	1	1	0.304289	0.765468	0.765468	1	1	
0.826506	-nan	0.76486	1.24832	1	1	1	1	1	1	0.304662	0.76486	0.76486	1	1	
0.83012	-nan	0.764261	1.24839	1	1	1	1	1	1	0.305027	0.764261	0.764261	1	1	
0.833735	-nan	0.76367	1.24846	1	1	1	1	1	1	0.305382	0.76367	0.76367	1	1	
0.837349	-nan	0.763089	1.24853	1	1	1	1	1	1	0.305729	0.763089	0.763089	1	1	
0.840964	-nan	0.762515	1.24861	1	1	1	1	1	1	0.306067	0.762515	0.762515	1	1	
0.844578	-nan	0.76195	1.24869	1	1	1	1	1	1	0.306397	0.76195	0.76195	1	1	
0.848193	-nan	0.761393	1.24877	1	1	1	1	1	1	0.306719	0.761393	0.761393	1	1	
0.851807	-nan	0.760845	1.24886	1	1	1	1	1	1	0.307034	0.760845	0.760845	1	1	
0.855422	-nan	0.760305	1.24895	1	1	1	1	1	1	0.307342	0.760305	0.760305	1	1	
0.859036	-nan	0.759772	1.24905	1	1	1	1	1	1	0.307642	0.759772	0.759772	1	1	
0.862651	-nan	0.759248	1.24915	1	1	1	1	1	1	0.307935	0.759248	0.759248	1	1	
0.866265	-nan	0.758731	1.24925	1	1	1	1	1	1	0.308222	0.758731	0.758731	1	1	
0.86988	-nan	0.758222	1.24935	1	1	1	1	1	1	0.308502	0.758222	0.758222	1	1	
0.873494	-nan	0.757721	1.24946	1	1	1	1	1	1	0.308776	0.757721	0.757721	1	1	
0.877108	-nan	0.757228	1.24957	1	1	1	1	1	1	0.309044	0.757228	0.757228	1	1	
0.880723	-nan	0.756742	1.24968	1	1	1	1	1	1	0.309306	0.756742	0.756742	1	1	
0.884337	-nan	0.756264	1.24979	1	1	1	1	1	1	0.309563	0.756264	0.756264	1	1	
0.887952	-nan	0.755793	1.2499	1	1	1	1	1	1	0.309814	0.755793	0.755793	1	1	
0.891566	-nan	0.755329	1.25002	1	1	1	1	1	1	0.31006	0.755329	0.755329	1	1	
0.895181	-nan	0.754872	1.25013	1	1	1	1	1	1	0.3103	0.754872	0.754872	1	1	
0.898795	-nan	0.754423	1.25025	1	1	1	1	1	1	0.310536	0.754423	0.754423	1	1	
0.90241	-nan	0.753981	1.25037	1	1	1	1	1	1	0.310767	0.753981	0.753981	1	1	
0.906024	-nan	0.753546	1.25049	1	1	1	1	1	1	0.310993	0.753546	0.753546	1	1	
0.909639	-nan	0.753117	1.25061	1	1	1	1	1	1	0.311215	0.753117	0.753117	1	1	
0.913253	-nan	0.752696	1.25074	1	1	1	1	1	1	0.311432	0.752696	0.752696	1	1	
0.916867	-nan	0.752281	1.25086	1	1	1	1	1	1	0.311646	0.752281	0.752281	1	1	
0.920482	-nan	0.751873	1.25099	1	1	1	1	1	1	0.311855	0.751873	0.751873	1	1	
0.924096	-nan	0.751472	1.25111	1	1	1	1	1	1	0.31206	0.751472	0.751472	1	1	
0.927711	-nan	0.751077	1.25124	1	1	1	1	1	1	0.312262	0.751077	0.751077	1	1	
0.931325	-nan	0.750689	1.25136	1	1	1	1	1	1	0.31246	0.750689	0.750689	1	1	
0.93494	-nan	0.750308	1.25149	1	1	1	1	1	1	0.312654	0.750308	0.750308	1	1	
0.938554	-nan	0.749932	1.25162	1	1	1	1	1	1	0.312845	0.749932	0.749932	1	1	
0.942169	-nan	0.749563	1.25175	1	1	1	1	1	1	0.313033	0.749563	0.749563	1	1	
0.945783	-nan	0.7492	1.25187	1	1	1	1	1	1	0.313217	0.7492	0.7492	1	1	
0.949398	-nan	0.748844	1.252	1	1	1	1	1	1	0.313399	0.748844	0.748844	1	1	
0.953012	-nan	0.748493	1.25213	1	1	1	1	1	1	0.313577	0.748493	0.748493	1	1	
0.956627	-nan	0.748148	1.25226	1	1	1	1	1	1	0.313753	0.748148	0.748148	1	1	
0.960241	-nan	0.74781	1.25239	1	1	1	1	1	1	0.313926	0.74781	0.74781	1	1	
0.963855	-nan	0.747477	1.25252	1	1	1	1	1	1	0.314096	0.747477	0.747477	1	1	
0.96747	-nan	0.74715	1.25264	1	1	1	1	1	1	0.314264	0.74715	0.74715	1	1	
0.971084	-nan	0.746829	1.25277	1	1	1	1	1	1	0.314429	0.746829	0.746829	1	1	
0.974699	-nan	0.746514	1.2529	1	1	1	1	1	1	0.314592	0.746514	0.746514	1	1	
0.978313	-nan	0.746204	1.25303	1	1	1	1	1	1	0.314752	0.746204	0.746204	1	1	
0.981928	-nan	0.7459	1.25316	1	1	1	1	1	1	0.31491	0.7459	0.7459	1	1	
0.985542	-nan	0.745601	1.25328	1	1	1	1	1	1	0.315067	0.745601	0.745601	1	1	
0.989157	-nan	0.745308	1.25341	1	1	1	1	1	1	0.315221	0.745308	0.745308	1	1	
0.992771	-nan	0.74502	1.25354	1	1	1	1	1	1	0.315373	0.74502	0.74502	1	1	
0.996386	-nan	0.744738	1.25366	1	1	1	1	1	1	0.315523	0.744738	0.744738	1	1	
1	-nan	-nan	-nan	-nan	-nan	-nan	-nan	-nan	-nan	-nan	-nan	-nan	-nan	-nan	
