1e-05	-nan	0.441212	0.0822374	1	1	1	1	1	1	1.92496	0.441212	0.441212	1	1	
1.03753e-05	-nan	0.441734	0.0825052	1	1	1	1	1	1	1.92336	0.441734	0.441734	1	1	
1.07647e-05	-nan	0.442258	0.0827746	1	1	1	1	1	1	1.92177	0.442258	0.442258	1	1	
1.11686e-05	-nan	0.442785	0.0830455	1	1	1	1	1	1	1.92017	0.442785	0.442785	1	1	
1.15878e-05	-nan	0.443315	0.0833182	1	1	1	1	1	1	1.91858	0.443315	0.443315	1	1	
1.20226e-05	-nan	0.443848	0.0835924	1	1	1	1	1	1	1.91698	0.443848	0.443848	1	1	
1.24738e-05	-nan	0.444383	0.0838684	1	1	1	1	1	1	1.91539	0.444383	0.444383	1	1	
1.2942e-05	-nan	0.444922	0.0841461	1	1	1	1	1	1	1.9138	0.444922	0.444922	1	1	
1.34276e-05	-nan	0.445463	0.0844254	1	1	1	1	1	1	1.91221	0.445463	0.445463	1	1	
1.39316e-05	-nan	0.446008	0.0847065	1	1	1	1	1	1	1.91062	0.446008	0.446008	1	1	
1.44544e-05	-nan	0.446555	0.0849894	1	1	1	1	1	1	1.90904	0.446555	0.446555	1	1	
1.49968e-05	-nan	0.447106	0.085274	1	1	1	1	1	1	1.90745	0.447106	0.447106	1	1	
1.55597e-05	-nan	0.44766	0.0855605	1	1	1	1	1	1	1.90587	0.44766	0.44766	1	1	
1.61436e-05	-nan	0.448216	0.0858487	1	1	1	1	1	1	1.90429	0.448216	0.448216	1	1	
1.67494e-05	-nan	0.448776	0.0861388	1	1	1	1	1	1	1.90271	0.448776	0.448776	1	1	
1.7378e-05	-nan	0.449339	0.0864307	1	1	1	1	1	1	1.90114	0.449339	0.449339	1	1	
1.80302e-05	-nan	0.449906	0.0867245	1	1	1	1	1	1	1.89956	0.449906	0.449906	1	1	
1.87068e-05	-nan	0.450476	0.0870203	1	1	1	1	1	1	1.89799	0.450476	0.450476	1	1	
1.94089e-05	-nan	0.451049	0.0873179	1	1	1	1	1	1	1.89643	0.451049	0.451049	1	1	
2.01372e-05	-nan	0.451625	0.0876175	1	1	1	1	1	1	1.89487	0.451625	0.451625	1	1	
2.0893e-05	-nan	0.452205	0.0879191	1	1	1	1	1	1	1.89331	0.452205	0.452205	1	1	
2.1677e-05	-nan	0.452788	0.0882226	1	1	1	1	1	1	1.89175	0.452788	0.452788	1	1	
2.24905e-05	-nan	0.453375	0.0885282	1	1	1	1	1	1	1.8902	0.453375	0.453375	1	1	
2.33346e-05	-nan	0.453965	0.0888358	1	1	1	1	1	1	1.88866	0.453965	0.453965	1	1	
2.42103e-05	-nan	0.454559	0.0891456	1	1	1	1	1	1	1.88711	0.454559	0.454559	1	1	
2.51189e-05	-nan	0.455157	0.0894574	1	1	1	1	1	1	1.88558	0.455157	0.455157	1	1	
2.60615e-05	-nan	0.455758	0.0897713	1	1	1	1	1	1	1.88404	0.455758	0.455758	1	1	
2.70396e-05	-nan	0.456363	0.0900874	1	1	1	1	1	1	1.88251	0.456363	0.456363	1	1	
2.80543e-05	-nan	0.456972	0.0904057	1	1	1	1	1	1	1.88099	0.456972	0.456972	1	1	
2.91072e-05	-nan	0.457585	0.0907262	1	1	1	1	1	1	1.87947	0.457585	0.457585	1	1	
3.01995e-05	-nan	0.458202	0.0910489	1	1	1	1	1	1	1.87796	0.458202	0.458202	1	1	
3.13329e-05	-nan	0.458822	0.0913739	1	1	1	1	1	1	1.87646	0.458822	0.458822	1	1	
3.25087e-05	-nan	0.459447	0.0917012	1	1	1	1	1	1	1.87496	0.459447	0.459447	1	1	
3.37287e-05	-nan	0.460076	0.0920309	1	1	1	1	1	1	1.87346	0.460076	0.460076	1	1	
3.49945e-05	-nan	0.460709	0.0923629	1	1	1	1	1	1	1.87197	0.460709	0.460709	1	1	
3.63078e-05	-nan	0.461346	0.0926973	1	1	1	1	1	1	1.87049	0.461346	0.461346	1	1	
3.76704e-05	-nan	0.461987	0.0930342	1	1	1	1	1	1	1.86902	0.461987	0.461987	1	1	
3.90841e-05	-nan	0.462632	0.0933735	1	1	1	1	1	1	1.86755	0.462632	0.462632	1	1	
4.05509e-05	-nan	0.463282	0.0937154	1	1	1	1	1	1	1.86609	0.463282	0.463282	1	1	
4.20727e-05	-nan	0.463937	0.0940597	1	1	1	1	1	1	1.86464	0.463937	0.463937	1	1	
4.36516e-05	-nan	0.464596	0.0944067	1	1	1	1	1	1	1.86319	0.464596	0.464596	1	1	
4.52898e-05	-nan	0.465259	0.0947563	1	1	1	1	1	1	1.86176	0.465259	0.465259	1	1	
4.69894e-05	-nan	0.465927	0.0951085	1	1	1	1	1	1	1.86033	0.465927	0.465927	1	1	
4.87528e-05	-nan	0.4666	0.0954635	1	1	1	1	1	1	1.85891	0.4666	0.4666	1	1	
5.05825e-05	-nan	0.467278	0.0958211	1	1	1	1	1	1	1.85749	0.467278	0.467278	1	1	
5.24807e-05	-nan	0.46796	0.0961816	1	1	1	1	1	1	1.85609	0.46796	0.46796	1	1	
5.44503e-05	-nan	0.468648	0.0965449	1	1	1	1	1	1	1.85469	0.468648	0.468648	1	1	
5.64937e-05	-nan	0.46934	0.096911	1	1	1	1	1	1	1.85331	0.46934	0.46934	1	1	
5.86138e-05	-nan	0.470038	0.0972801	1	1	1	1	1	1	1.85193	0.470038	0.470038	1	1	
6.08135e-05	-nan	0.47074	0.0976521	1	1	1	1	1	1	1.85056	0.47074	0.47074	1	1	
6.30957e-05	-nan	0.471448	0.0980272	1	1	1	1	1	1	1.84921	0.471448	0.471448	1	1	
6.54636e-05	-nan	0.472161	0.0984052	1	1	1	1	1	1	1.84786	0.472161	0.472161	1	1	
6.79204e-05	-nan	0.47288	0.0987864	1	1	1	1	1	1	1.84652	0.47288	0.47288	1	1	
7.04693e-05	-nan	0.473604	0.0991708	1	1	1	1	1	1	1.84519	0.473604	0.473604	1	1	
7.31139e-05	-nan	0.474334	0.0995584	1	1	1	1	1	1	1.84388	0.474334	0.474334	1	1	
7.58578e-05	-nan	0.47507	0.0999492	1	1	1	1	1	1	1.84257	0.47507	0.47507	1	1	
7.87046e-05	-nan	0.475811	0.100343	1	1	1	1	1	1	1.84127	0.475811	0.475811	1	1	
8.16582e-05	-nan	0.476558	0.100741	1	1	1	1	1	1	1.83999	0.476558	0.476558	1	1	
8.47227e-05	-nan	0.477311	0.101142	1	1	1	1	1	1	1.83872	0.477311	0.477311	1	1	
8.79023e-05	-nan	0.478071	0.101546	1	1	1	1	1	1	1.83746	0.478071	0.478071	1	1	
9.12011e-05	-nan	0.478836	0.101954	1	1	1	1	1	1	1.83621	0.478836	0.478836	1	1	
9.46237e-05	-nan	0.479608	0.102366	1	1	1	1	1	1	1.83497	0.479608	0.479608	1	1	
9.81748e-05	-nan	0.480386	0.102782	1	1	1	1	1	1	1.83375	0.480386	0.480386	1	1	
0.000101859	-nan	0.481171	0.103201	1	1	1	1	1	1	1.83254	0.481171	0.481171	1	1	
0.000105682	-nan	0.481962	0.103624	1	1	1	1	1	1	1.83134	0.481962	0.481962	1	1	
0.000109648	-nan	0.48276	0.104051	1	1	1	1	1	1	1.83015	0.48276	0.48276	1	1	
0.000113763	-nan	0.483565	0.104481	1	1	1	1	1	1	1.82898	0.483565	0.483565	1	1	
0.000118032	-nan	0.484377	0.104916	1	1	1	1	1	1	1.82782	0.484377	0.484377	1	1	
0.000122462	-nan	0.485196	0.105355	1	1	1	1	1	1	1.82667	0.485196	0.485196	1	1	
0.000127057	-nan	0.486022	0.105799	1	1	1	1	1	1	1.82554	0.486022	0.486022	1	1	
0.000131826	-nan	0.486856	0.106246	1	1	1	1	1	1	1.82443	0.486856	0.486856	1	1	
0.000136773	-nan	0.487697	0.106698	1	1	1	1	1	1	1.82332	0.487697	0.487697	1	1	
0.000141906	-nan	0.488546	0.107154	1	1	1	1	1	1	1.82223	0.488546	0.488546	1	1	
0.000147231	-nan	0.489403	0.107615	1	1	1	1	1	1	1.82116	0.489403	0.489403	1	1	
0.000152757	-nan	0.490267	0.108081	1	1	1	1	1	1	1.8201	0.490267	0.490267	1	1	
0.000158489	-nan	0.49114	0.108551	1	1	1	1	1	1	1.81906	0.49114	0.49114	1	1	
0.000164437	-nan	0.492021	0.109027	1	1	1	1	1	1	1.81803	0.492021	0.492021	1	1	
0.000170608	-nan	0.49291	0.109507	1	1	1	1	1	1	1.81702	0.49291	0.49291	1	1	
0.000177011	-nan	0.493808	0.109992	1	1	1	1	1	1	1.81602	0.493808	0.493808	1	1	
0.000183654	-nan	0.494714	0.110483	1	1	1	1	1	1	1.81504	0.494714	0.494714	1	1	
0.000190546	-nan	0.49563	0.110978	1	1	1	1	1	1	1.81408	0.49563	0.49563	1	1	
0.000197697	-nan	0.496554	0.111479	1	1	1	1	1	1	1.81314	0.496554	0.496554	1	1	
0.000205116	-nan	0.497488	0.111986	1	1	1	1	1	1	1.81221	0.497488	0.497488	1	1	
0.000212814	-nan	0.498431	0.112498	1	1	1	1	1	1	1.8113	0.498431	0.498431	1	1	
0.0002208	-nan	0.499383	0.113017	1	1	1	1	1	1	1.8104	0.499383	0.499383	1	1	
0.000229087	-nan	0.500346	0.113541	1	1	1	1	1	1	1.80953	0.500346	0.500346	1	1	
0.000237684	-nan	0.501318	0.114071	1	1	1	1	1	1	1.80867	0.501318	0.501318	1	1	
0.000246604	-nan	0.502301	0.114607	1	1	1	1	1	1	1.80783	0.502301	0.502301	1	1	
0.000255859	-nan	0.503294	0.11515	1	1	1	1	1	1	1.80701	0.503294	0.503294	1	1	
0.000265461	-nan	0.504297	0.115699	1	1	1	1	1	1	1.80621	0.504297	0.504297	1	1	
0.000275423	-nan	0.505311	0.116255	1	1	1	1	1	1	1.80543	0.505311	0.505311	1	1	
0.000285759	-nan	0.506337	0.116818	1	1	1	1	1	1	1.80466	0.506337	0.506337	1	1	
0.000296483	-nan	0.507373	0.117388	1	1	1	1	1	1	1.80392	0.507373	0.507373	1	1	
0.00030761	-nan	0.508421	0.117965	1	1	1	1	1	1	1.8032	0.508421	0.508421	1	1	
0.000319154	-nan	0.509481	0.118549	1	1	1	1	1	1	1.8025	0.509481	0.509481	1	1	
0.000331131	-nan	0.510552	0.119141	1	1	1	1	1	1	1.80182	0.510552	0.510552	1	1	
0.000343558	-nan	0.511636	0.119741	1	1	1	1	1	1	1.80116	0.511636	0.511636	1	1	
0.000356451	-nan	0.512732	0.120349	1	1	1	1	1	1	1.80052	0.512732	0.512732	1	1	
0.000369828	-nan	0.513841	0.120965	1	1	1	1	1	1	1.7999	0.513841	0.513841	1	1	
0.000383707	-nan	0.514963	0.121589	1	1	1	1	1	1	1.7993	0.514963	0.514963	1	1	
0.000398107	-nan	0.516098	0.122222	1	1	1	1	1	1	1.79873	0.516098	0.516098	1	1	
0.000413048	-nan	0.517247	0.122864	1	1	1	1	1	1	1.79818	0.517247	0.517247	1	1	
0.000428549	-nan	0.518409	0.123515	1	1	1	1	1	1	1.79765	0.518409	0.518409	1	1	
0.000444631	-nan	0.519586	0.124176	1	1	1	1	1	1	1.79715	0.519586	0.519586	1	1	
0.000461318	-nan	0.520777	0.124846	1	1	1	1	1	1	1.79667	0.520777	0.520777	1	1	
0.00047863	-nan	0.521982	0.125527	1	1	1	1	1	1	1.79621	0.521982	0.521982	1	1	
0.000496592	-nan	0.523203	0.126217	1	1	1	1	1	1	1.79578	0.523203	0.523203	1	1	
0.000515229	-nan	0.524439	0.126919	1	1	1	1	1	1	1.79538	0.524439	0.524439	1	1	
0.000534564	-nan	0.52569	0.127631	1	1	1	1	1	1	1.79499	0.52569	0.52569	1	1	
0.000554626	-nan	0.526958	0.128354	1	1	1	1	1	1	1.79464	0.526958	0.526958	1	1	
0.00057544	-nan	0.528242	0.129089	1	1	1	1	1	1	1.79431	0.528242	0.528242	1	1	
0.000597035	-nan	0.529542	0.129837	1	1	1	1	1	1	1.79401	0.529542	0.529542	1	1	
0.000619441	-nan	0.53086	0.130596	1	1	1	1	1	1	1.79373	0.53086	0.53086	1	1	
0.000642688	-nan	0.532195	0.131368	1	1	1	1	1	1	1.79348	0.532195	0.532195	1	1	
0.000666807	-nan	0.533548	0.132154	1	1	1	1	1	1	1.79326	0.533548	0.533548	1	1	
0.000691831	-nan	0.534919	0.132953	1	1	1	1	1	1	1.79306	0.534919	0.534919	1	1	
0.000717794	-nan	0.536309	0.133766	1	1	1	1	1	1	1.7929	0.536309	0.536309	1	1	
0.000744732	-nan	0.537718	0.134594	1	1	1	1	1	1	1.79276	0.537718	0.537718	1	1	
0.000772681	-nan	0.539146	0.135436	1	1	1	1	1	1	1.79266	0.539146	0.539146	1	1	
0.000801678	-nan	0.540594	0.136295	1	1	1	1	1	1	1.79258	0.540594	0.540594	1	1	
0.000831764	-nan	0.542063	0.137169	1	1	1	1	1	1	1.79253	0.542063	0.542063	1	1	
0.000862979	-nan	0.543552	0.13806	1	1	1	1	1	1	1.79252	0.543552	0.543552	1	1	
0.000895365	-nan	0.545062	0.138968	1	1	1	1	1	1	1.79253	0.545062	0.545062	1	1	
0.000928966	-nan	0.546595	0.139894	1	1	1	1	1	1	1.79258	0.546595	0.546595	1	1	
0.000963829	-nan	0.548149	0.140839	1	1	1	1	1	1	1.79266	0.548149	0.548149	1	1	
0.001	-nan	0.549726	0.141803	1	1	1	1	1	1	1.79278	0.549726	0.549726	1	1	
0.00103753	-nan	0.551326	0.142787	1	1	1	1	1	1	1.79293	0.551326	0.551326	1	1	
0.00107647	-nan	0.55295	0.143791	1	1	1	1	1	1	1.79311	0.55295	0.55295	1	1	
0.00111686	-nan	0.554598	0.144817	1	1	1	1	1	1	1.79333	0.554598	0.554598	1	1	
0.00115878	-nan	0.556271	0.145865	1	1	1	1	1	1	1.79358	0.556271	0.556271	1	1	
0.00120226	-nan	0.557969	0.146936	1	1	1	1	1	1	1.79387	0.557969	0.557969	1	1	
0.00124738	-nan	0.559693	0.148031	1	1	1	1	1	1	1.79419	0.559693	0.559693	1	1	
0.0012942	-nan	0.561444	0.149151	1	1	1	1	1	1	1.79456	0.561444	0.561444	1	1	
0.00134276	-nan	0.563222	0.150296	1	1	1	1	1	1	1.79496	0.563222	0.563222	1	1	
0.00139316	-nan	0.565027	0.151469	1	1	1	1	1	1	1.7954	0.565027	0.565027	1	1	
0.00144544	-nan	0.566861	0.152669	1	1	1	1	1	1	1.79588	0.566861	0.566861	1	1	
0.00149968	-nan	0.568723	0.153899	1	1	1	1	1	1	1.7964	0.568723	0.568723	1	1	
0.00155597	-nan	0.570615	0.155159	1	1	1	1	1	1	1.79696	0.570615	0.570615	1	1	
0.00161436	-nan	0.572538	0.15645	1	1	1	1	1	1	1.79757	0.572538	0.572538	1	1	
0.00167494	-nan	0.574491	0.157774	1	1	1	1	1	1	1.79821	0.574491	0.574491	1	1	
0.0017378	-nan	0.576476	0.159132	1	1	1	1	1	1	1.7989	0.576476	0.576476	1	1	
0.00180302	-nan	0.578493	0.160525	1	1	1	1	1	1	1.79964	0.578493	0.578493	1	1	
0.00187068	-nan	0.580542	0.161955	1	1	1	1	1	1	1.80042	0.580542	0.580542	1	1	
0.00194089	-nan	0.582626	0.163424	1	1	1	1	1	1	1.80125	0.582626	0.582626	1	1	
0.00201372	-nan	0.584744	0.164933	1	1	1	1	1	1	1.80212	0.584744	0.584744	1	1	
0.0020893	-nan	0.586897	0.166484	1	1	1	1	1	1	1.80304	0.586897	0.586897	1	1	
0.0021677	-nan	0.589086	0.168079	1	1	1	1	1	1	1.80402	0.589086	0.589086	1	1	
0.00224905	-nan	0.591312	0.169719	1	1	1	1	1	1	1.80504	0.591312	0.591312	1	1	
0.00233346	-nan	0.593575	0.171407	1	1	1	1	1	1	1.80611	0.593575	0.593575	1	1	
0.00242103	-nan	0.595877	0.173144	1	1	1	1	1	1	1.80724	0.595877	0.595877	1	1	
0.00251189	-nan	0.598217	0.174933	1	1	1	1	1	1	1.80842	0.598217	0.598217	1	1	
0.00260615	-nan	0.600597	0.176776	1	1	1	1	1	1	1.80965	0.600597	0.600597	1	1	
0.00270396	-nan	0.603019	0.178675	1	1	1	1	1	1	1.81094	0.603019	0.603019	1	1	
0.00280543	-nan	0.605481	0.180633	1	1	1	1	1	1	1.81229	0.605481	0.605481	1	1	
0.00291072	-nan	0.607986	0.182652	1	1	1	1	1	1	1.8137	0.607986	0.607986	1	1	
0.00301995	-nan	0.610534	0.184736	1	1	1	1	1	1	1.81516	0.610534	0.610534	1	1	
0.00313329	-nan	0.613127	0.186887	1	1	1	1	1	1	1.81669	0.613127	0.613127	1	1	
0.00325087	-nan	0.615764	0.189108	1	1	1	1	1	1	1.81828	0.615764	0.615764	1	1	
0.00337287	-nan	0.618447	0.191402	1	1	1	1	1	1	1.81994	0.618447	0.618447	1	1	
0.00349945	-nan	0.621177	0.193772	1	1	1	1	1	1	1.82165	0.621177	0.621177	1	1	
0.00363078	-nan	0.623955	0.196222	1	1	1	1	1	1	1.82344	0.623955	0.623955	1	1	
0.00376704	-nan	0.626781	0.198756	1	1	1	1	1	1	1.8253	0.626781	0.626781	1	1	
0.00390841	-nan	0.629656	0.201377	1	1	1	1	1	1	1.82722	0.629656	0.629656	1	1	
0.00405509	-nan	0.632582	0.20409	1	1	1	1	1	1	1.82922	0.632582	0.632582	1	1	
0.00420727	-nan	0.635559	0.206897	1	1	1	1	1	1	1.83129	0.635559	0.635559	1	1	
0.00436516	-nan	0.638589	0.209804	1	1	1	1	1	1	1.83343	0.638589	0.638589	1	1	
0.00452898	-nan	0.641671	0.212816	1	1	1	1	1	1	1.83565	0.641671	0.641671	1	1	
0.00469894	-nan	0.644807	0.215936	1	1	1	1	1	1	1.83796	0.644807	0.644807	1	1	
0.00487528	-nan	0.647998	0.219169	1	1	1	1	1	1	1.84034	0.647998	0.647998	1	1	
0.00505825	-nan	0.651245	0.222521	1	1	1	1	1	1	1.8428	0.651245	0.651245	1	1	
0.00524807	-nan	0.654549	0.225997	1	1	1	1	1	1	1.84535	0.654549	0.654549	1	1	
0.00544503	-nan	0.657909	0.229602	1	1	1	1	1	1	1.84799	0.657909	0.657909	1	1	
0.00564937	-nan	0.661328	0.233342	1	1	1	1	1	1	1.85072	0.661328	0.661328	1	1	
0.00586138	-nan	0.664807	0.237223	1	1	1	1	1	1	1.85353	0.664807	0.664807	1	1	
0.00608135	-nan	0.668345	0.241251	1	1	1	1	1	1	1.85645	0.668345	0.668345	1	1	
0.00630957	-nan	0.671943	0.245432	1	1	1	1	1	1	1.85945	0.671943	0.671943	1	1	
0.00654636	-nan	0.675604	0.249773	1	1	1	1	1	1	1.86256	0.675604	0.675604	1	1	
0.00679204	-nan	0.679326	0.25428	1	1	1	1	1	1	1.86577	0.679326	0.679326	1	1	
0.00704693	-nan	0.683111	0.258961	1	1	1	1	1	1	1.86908	0.683111	0.683111	1	1	
0.00731139	-nan	0.68696	0.263822	1	1	1	1	1	1	1.87249	0.68696	0.68696	1	1	
0.00758578	-nan	0.690873	0.26887	1	1	1	1	1	1	1.87602	0.690873	0.690873	1	1	
0.00787046	-nan	0.694851	0.274114	1	1	1	1	1	1	1.87966	0.694851	0.694851	1	1	
0.00816582	-nan	0.698894	0.27956	1	1	1	1	1	1	1.88341	0.698894	0.698894	1	1	
0.00847227	-nan	0.703002	0.285217	1	1	1	1	1	1	1.88728	0.703002	0.703002	1	1	
0.00879023	-nan	0.707177	0.291091	1	1	1	1	1	1	1.89127	0.707177	0.707177	1	1	
0.00912011	-nan	0.711419	0.297192	1	1	1	1	1	1	1.89539	0.711419	0.711419	1	1	
0.00946237	-nan	0.715727	0.303527	1	1	1	1	1	1	1.89963	0.715727	0.715727	1	1	
0.00981748	-nan	0.720103	0.310104	1	1	1	1	1	1	1.904	0.720103	0.720103	1	1	
0.0101859	-nan	0.724546	0.316931	1	1	1	1	1	1	1.90851	0.724546	0.724546	1	1	
0.0105682	-nan	0.729056	0.324016	1	1	1	1	1	1	1.91316	0.729056	0.729056	1	1	
0.0109648	-nan	0.733634	0.331367	1	1	1	1	1	1	1.91794	0.733634	0.733634	1	1	
0.0113763	-nan	0.738279	0.338991	1	1	1	1	1	1	1.92287	0.738279	0.738279	1	1	
0.0118032	-nan	0.742991	0.346897	1	1	1	1	1	1	1.92796	0.742991	0.742991	1	1	
0.0122462	-nan	0.74777	0.35509	1	1	1	1	1	1	1.93319	0.74777	0.74777	1	1	
0.0127057	-nan	0.752616	0.363579	1	1	1	1	1	1	1.93858	0.752616	0.752616	1	1	
0.0131826	-nan	0.757528	0.372369	1	1	1	1	1	1	1.94413	0.757528	0.757528	1	1	
0.0136773	-nan	0.762506	0.381467	1	1	1	1	1	1	1.94985	0.762506	0.762506	1	1	
0.0141906	-nan	0.767548	0.390877	1	1	1	1	1	1	1.95574	0.767548	0.767548	1	1	
0.0147231	-nan	0.772655	0.400606	1	1	1	1	1	1	1.9618	0.772655	0.772655	1	1	
0.0152757	-nan	0.777824	0.410657	1	1	1	1	1	1	1.96804	0.777824	0.777824	1	1	
0.0158489	-nan	0.783056	0.421033	1	1	1	1	1	1	1.97446	0.783056	0.783056	1	1	
0.0164437	-nan	0.788349	0.431737	1	1	1	1	1	1	1.98107	0.788349	0.788349	1	1	
0.0170608	-nan	0.793701	0.44277	1	1	1	1	1	1	1.98788	0.793701	0.793701	1	1	
0.0177011	-nan	0.799111	0.454133	1	1	1	1	1	1	1.99488	0.799111	0.799111	1	1	
0.0183654	-nan	0.804578	0.465825	1	1	1	1	1	1	2.00209	0.804578	0.804578	1	1	
0.0190546	-nan	0.810099	0.477844	1	1	1	1	1	1	2.00951	0.810099	0.810099	1	1	
0.0197697	-nan	0.815673	0.490186	1	1	1	1	1	1	2.01714	0.815673	0.815673	1	1	
0.0205116	-nan	0.821297	0.502848	1	1	1	1	1	1	2.02499	0.821297	0.821297	1	1	
0.0212814	-nan	0.82697	0.515823	1	1	1	1	1	1	2.03307	0.82697	0.82697	1	1	
0.02208	-nan	0.832688	0.529104	1	1	1	1	1	1	2.04138	0.832688	0.832688	1	1	
0.0229087	-nan	0.83845	0.542681	1	1	1	1	1	1	2.04993	0.83845	0.83845	1	1	
0.0237684	-nan	0.844252	0.556545	1	1	1	1	1	1	2.05872	0.844252	0.844252	1	1	
0.0246604	-nan	0.850092	0.570684	1	1	1	1	1	1	2.06776	0.850092	0.850092	1	1	
0.0255859	-nan	0.855965	0.585083	1	1	1	1	1	1	2.07705	0.855965	0.855965	1	1	
0.0265461	-nan	0.86187	0.599729	1	1	1	1	1	1	2.08661	0.86187	0.86187	1	1	
0.0275423	-nan	0.867801	0.614604	1	1	1	1	1	1	2.09644	0.867801	0.867801	1	1	
0.0285759	-nan	0.873757	0.629692	1	1	1	1	1	1	2.10654	0.873757	0.873757	1	1	
0.0296483	-nan	0.879732	0.644973	1	1	1	1	1	1	2.11692	0.879732	0.879732	1	1	
0.030761	-nan	0.885722	0.660429	1	1	1	1	1	1	2.12759	0.885722	0.885722	1	1	
0.0319154	-nan	0.891724	0.676037	1	1	1	1	1	1	2.13856	0.891724	0.891724	1	1	
0.0331131	-nan	0.897732	0.691778	1	1	1	1	1	1	2.14982	0.897732	0.897732	1	1	
0.0343558	-nan	0.903742	0.707627	1	1	1	1	1	1	2.1614	0.903742	0.903742	1	1	
0.0356451	-nan	0.909749	0.723564	1	1	1	1	1	1	2.17329	0.909749	0.909749	1	1	
0.0369828	-nan	0.915748	0.739565	1	1	1	1	1	1	2.1855	0.915748	0.915748	1	1	
0.0383707	-nan	0.921734	0.755608	1	1	1	1	1	1	2.19804	0.921734	0.921734	1	1	
0.0398107	-nan	0.927701	0.771671	1	1	1	1	1	1	2.21092	0.927701	0.927701	1	1	
0.0413048	-nan	0.933644	0.78773	1	1	1	1	1	1	2.22414	0.933644	0.933644	1	1	
0.0428549	-nan	0.939556	0.803766	1	1	1	1	1	1	2.23771	0.939556	0.939556	1	1	
0.0444631	-nan	0.945432	0.819758	1	1	1	1	1	1	2.25164	0.945432	0.945432	1	1	
0.0461318	-nan	0.951265	0.835687	1	1	1	1	1	1	2.26593	0.951265	0.951265	1	1	
0.047863	-nan	0.95705	0.851535	1	1	1	1	1	1	2.28059	0.95705	0.95705	1	1	
0.0496592	-nan	0.962779	0.867284	1	1	1	1	1	1	2.29562	0.962779	0.962779	1	1	
0.0515229	-nan	0.968447	0.882922	1	1	1	1	1	1	2.31104	0.968447	0.968447	1	1	
0.0534564	-nan	0.974046	0.898433	1	1	1	1	1	1	2.32685	0.974046	0.974046	1	1	
0.0554626	-nan	0.97957	0.913807	1	1	1	1	1	1	2.34305	0.97957	0.97957	1	1	
0.057544	-nan	0.985013	0.929034	1	1	1	1	1	1	2.35966	0.985013	0.985013	1	1	
0.0597035	-nan	0.990367	0.944107	1	1	1	1	1	1	2.37667	0.990367	0.990367	1	1	
0.0619441	-nan	0.995626	0.959019	1	1	1	1	1	1	2.3941	0.995626	0.995626	1	1	
0.0642688	-nan	1.00078	0.973767	1	1	1	1	1	1	2.41194	1.00078	1.00078	1	1	
0.0666807	-nan	1.00583	0.988347	1	1	1	1	1	1	2.43021	1.00583	1.00583	1	1	
0.0691831	-nan	1.01076	1.00276	1	1	1	1	1	1	2.4489	1.01076	1.01076	1	1	
0.0717794	-nan	1.01558	1.01701	1	1	1	1	1	1	2.46803	1.01558	1.01558	1	1	
0.0744732	-nan	1.02026	1.03109	1	1	1	1	1	1	2.48759	1.02026	1.02026	1	1	
0.0772681	-nan	1.02482	1.04501	1	1	1	1	1	1	2.50759	1.02482	1.02482	1	1	
0.0801678	-nan	1.02924	1.05878	1	1	1	1	1	1	2.52803	1.02924	1.02924	1	1	
0.0831764	-nan	1.03351	1.0724	1	1	1	1	1	1	2.54891	1.03351	1.03351	1	1	
0.0862979	-nan	1.03765	1.08587	1	1	1	1	1	1	2.57024	1.03765	1.03765	1	1	
0.0895365	-nan	1.04163	1.09921	1	1	1	1	1	1	2.59202	1.04163	1.04163	1	1	
0.0928966	-nan	1.04547	1.11242	1	1	1	1	1	1	2.61424	1.04547	1.04547	1	1	
0.0963829	-nan	1.04916	1.12551	1	1	1	1	1	1	2.63691	1.04916	1.04916	1	1	
0.1	-nan	1.0527	1.13848	1	1	1	1	1	1	2.66002	1.0527	1.0527	1	1	
0.103614	-nan	1.05597	1.15088	1	1	1	1	1	1	2.68272	1.05597	1.05597	1	1	
0.107229	-nan	1.059	1.16277	1	1	1	1	1	1	2.70503	1.059	1.059	1	1	
0.110843	-nan	1.06182	1.17419	1	1	1	1	1	1	2.72697	1.06182	1.06182	1	1	
0.114458	-nan	1.06445	1.18517	1	1	1	1	1	1	2.74853	1.06445	1.06445	1	1	
0.118072	-nan	1.0669	1.19575	1	1	1	1	1	1	2.76974	1.0669	1.0669	1	1	
0.121687	-nan	1.0692	1.20595	1	1	1	1	1	1	2.7906	1.0692	1.0692	1	1	
0.125301	-nan	1.07137	1.21581	1	1	1	1	1	1	2.81111	1.07137	1.07137	1	1	
0.128916	-nan	1.07341	1.22533	1	1	1	1	1	1	2.8313	1.07341	1.07341	1	1	
0.13253	-nan	1.07534	1.23455	1	1	1	1	1	1	2.85116	1.07534	1.07534	1	1	
0.136145	-nan	1.07718	1.24348	1	1	1	1	1	1	2.87071	1.07718	1.07718	1	1	
0.139759	-nan	1.07894	1.25212	1	1	1	1	1	1	2.88995	1.07894	1.07894	1	1	
0.143373	-nan	1.08063	1.26051	1	1	1	1	1	1	2.90889	1.08063	1.08063	1	1	
0.146988	-nan	1.08225	1.26864	1	1	1	1	1	1	2.92753	1.08225	1.08225	1	1	
0.150602	-nan	1.08382	1.27654	1	1	1	1	1	1	2.94589	1.08382	1.08382	1	1	
0.154217	-nan	1.08535	1.28421	1	1	1	1	1	1	2.96397	1.08535	1.08535	1	1	
0.157831	-nan	1.08683	1.29165	1	1	1	1	1	1	2.98177	1.08683	1.08683	1	1	
0.161446	-nan	1.08829	1.29888	1	1	1	1	1	1	2.9993	1.08829	1.08829	1	1	
0.16506	-nan	1.08971	1.3059	1	1	1	1	1	1	3.01657	1.08971	1.08971	1	1	
0.168675	-nan	1.09112	1.31273	1	1	1	1	1	1	3.03359	1.09112	1.09112	1	1	
0.172289	-nan	1.0925	1.31935	1	1	1	1	1	1	3.05035	1.0925	1.0925	1	1	
0.175904	-nan	1.09387	1.32579	1	1	1	1	1	1	3.06686	1.09387	1.09387	1	1	
0.179518	-nan	1.09522	1.33205	1	1	1	1	1	1	3.08314	1.09522	1.09522	1	1	
0.183133	-nan	1.09656	1.33812	1	1	1	1	1	1	3.09918	1.09656	1.09656	1	1	
0.186747	-nan	1.0979	1.34402	1	1	1	1	1	1	3.11499	1.0979	1.0979	1	1	
0.190361	-nan	1.09922	1.34974	1	1	1	1	1	1	3.13057	1.09922	1.09922	1	1	
0.193976	-nan	1.10054	1.35529	1	1	1	1	1	1	3.14593	1.10054	1.10054	1	1	
0.19759	-nan	1.10185	1.36068	1	1	1	1	1	1	3.16108	1.10185	1.10185	1	1	
0.201205	-nan	1.10316	1.3659	1	1	1	1	1	1	3.17601	1.10316	1.10316	1	1	
0.204819	-nan	1.10446	1.37096	1	1	1	1	1	1	3.19073	1.10446	1.10446	1	1	
0.208434	-nan	1.10575	1.37585	1	1	1	1	1	1	3.20525	1.10575	1.10575	1	1	
0.212048	-nan	1.10703	1.38059	1	1	1	1	1	1	3.21957	1.10703	1.10703	1	1	
0.215663	-nan	1.10831	1.38517	1	1	1	1	1	1	3.2337	1.10831	1.10831	1	1	
0.219277	-nan	1.10958	1.3896	1	1	1	1	1	1	3.24763	1.10958	1.10958	1	1	
0.222892	-nan	1.11084	1.39388	1	1	1	1	1	1	3.26137	1.11084	1.11084	1	1	
0.226506	-nan	1.11209	1.398	1	1	1	1	1	1	3.27493	1.11209	1.11209	1	1	
0.23012	-nan	1.11333	1.40197	1	1	1	1	1	1	3.28831	1.11333	1.11333	1	1	
0.233735	-nan	1.11456	1.40579	1	1	1	1	1	1	3.30151	1.11456	1.11456	1	1	
0.237349	-nan	1.11578	1.40947	1	1	1	1	1	1	3.31453	1.11578	1.11578	1	1	
0.240964	-nan	1.11698	1.413	1	1	1	1	1	1	3.32739	1.11698	1.11698	1	1	
0.244578	-nan	1.11817	1.41638	1	1	1	1	1	1	3.34007	1.11817	1.11817	1	1	
0.248193	-nan	1.11935	1.41962	1	1	1	1	1	1	3.35259	1.11935	1.11935	1	1	
0.251807	-nan	1.1205	1.42271	1	1	1	1	1	1	3.36496	1.1205	1.1205	1	1	
0.255422	-nan	1.12164	1.42566	1	1	1	1	1	1	3.37716	1.12164	1.12164	1	1	
0.259036	-nan	1.12277	1.42847	1	1	1	1	1	1	3.3892	1.12277	1.12277	1	1	
0.262651	-nan	1.12387	1.43113	1	1	1	1	1	1	3.4011	1.12387	1.12387	1	1	
0.266265	-nan	1.12495	1.43366	1	1	1	1	1	1	3.41284	1.12495	1.12495	1	1	
0.26988	-nan	1.12601	1.43604	1	1	1	1	1	1	3.42444	1.12601	1.12601	1	1	
0.273494	-nan	1.12705	1.43829	1	1	1	1	1	1	3.43589	1.12705	1.12705	1	1	
0.277108	-nan	1.12807	1.44039	1	1	1	1	1	1	3.44721	1.12807	1.12807	1	1	
0.280723	-nan	1.12907	1.44236	1	1	1	1	1	1	3.45838	1.12907	1.12907	1	1	
0.284337	-nan	1.13004	1.44419	1	1	1	1	1	1	3.46941	1.13004	1.13004	1	1	
0.287952	-nan	1.13099	1.44589	1	1	1	1	1	1	3.48032	1.13099	1.13099	1	1	
0.291566	-nan	1.13191	1.44744	1	1	1	1	1	1	3.49109	1.13191	1.13191	1	1	
0.295181	-nan	1.13281	1.44886	1	1	1	1	1	1	3.50173	1.13281	1.13281	1	1	
0.298795	-nan	1.13369	1.45015	1	1	1	1	1	1	3.51224	1.13369	1.13369	1	1	
0.30241	-nan	1.13454	1.4513	1	1	1	1	1	1	3.52263	1.13454	1.13454	1	1	
0.306024	-nan	1.13536	1.45232	1	1	1	1	1	1	3.5329	1.13536	1.13536	1	1	
0.309639	-nan	1.13616	1.45321	1	1	1	1	1	1	3.54305	1.13616	1.13616	1	1	
0.313253	-nan	1.13693	1.45396	1	1	1	1	1	1	3.55308	1.13693	1.13693	1	1	
0.316867	-nan	1.13768	1.45458	1	1	1	1	1	1	3.56299	1.13768	1.13768	1	1	
0.320482	-nan	1.1384	1.45507	1	1	1	1	1	1	3.57279	1.1384	1.1384	1	1	
0.324096	-nan	1.13909	1.45543	1	1	1	1	1	1	3.58247	1.13909	1.13909	1	1	
0.327711	-nan	1.13976	1.45565	1	1	1	1	1	1	3.59205	1.13976	1.13976	1	1	
0.331325	-nan	1.1404	1.45575	1	1	1	1	1	1	3.60152	1.1404	1.1404	1	1	
0.33494	-nan	1.14102	1.45572	1	1	1	1	1	1	3.61088	1.14102	1.14102	1	1	
0.338554	-nan	1.14161	1.45556	1	1	1	1	1	1	3.62014	1.14161	1.14161	1	1	
0.342169	-nan	1.14217	1.45528	1	1	1	1	1	1	3.62929	1.14217	1.14217	1	1	
0.345783	-nan	1.14271	1.45486	1	1	1	1	1	1	3.63835	1.14271	1.14271	1	1	
0.349398	-nan	1.14323	1.45432	1	1	1	1	1	1	3.64731	1.14323	1.14323	1	1	
0.353012	-nan	1.14371	1.45365	1	1	1	1	1	1	3.65616	1.14371	1.14371	1	1	
0.356627	-nan	1.14417	1.45286	1	1	1	1	1	1	3.66493	1.14417	1.14417	1	1	
0.360241	-nan	1.14461	1.45195	1	1	1	1	1	1	3.67359	1.14461	1.14461	1	1	
0.363855	-nan	1.14502	1.45091	1	1	1	1	1	1	3.68217	1.14502	1.14502	1	1	
0.36747	-nan	1.14541	1.44974	1	1	1	1	1	1	3.69066	1.14541	1.14541	1	1	
0.371084	-nan	1.14578	1.44846	1	1	1	1	1	1	3.69905	1.14578	1.14578	1	1	
0.374699	-nan	1.14612	1.44705	1	1	1	1	1	1	3.70736	1.14612	1.14612	1	1	
0.378313	-nan	1.14643	1.44553	1	1	1	1	1	1	3.71558	1.14643	1.14643	1	1	
0.381928	-nan	1.14673	1.44388	1	1	1	1	1	1	3.72372	1.14673	1.14673	1	1	
0.385542	-nan	1.147	1.44211	1	1	1	1	1	1	3.73177	1.147	1.147	1	1	
0.389157	-nan	1.14724	1.44023	1	1	1	1	1	1	3.73974	1.14724	1.14724	1	1	
0.392771	-nan	1.14747	1.43823	1	1	1	1	1	1	3.74763	1.14747	1.14747	1	1	
0.396386	-nan	1.14767	1.43611	1	1	1	1	1	1	3.75544	1.14767	1.14767	1	1	
0.4	-nan	1.14785	1.43387	1	1	1	1	1	1	3.76318	1.14785	1.14785	1	1	
0.403614	-nan	1.14801	1.43152	1	1	1	1	1	1	3.77084	1.14801	1.14801	1	1	
0.407229	-nan	1.14815	1.42906	1	1	1	1	1	1	3.77842	1.14815	1.14815	1	1	
0.410843	-nan	1.14827	1.42648	1	1	1	1	1	1	3.78592	1.14827	1.14827	1	1	
0.414458	-nan	1.14837	1.42379	1	1	1	1	1	1	3.79336	1.14837	1.14837	1	1	
0.418072	-nan	1.14845	1.42099	1	1	1	1	1	1	3.80072	1.14845	1.14845	1	1	
0.421687	-nan	1.14851	1.41807	1	1	1	1	1	1	3.80801	1.14851	1.14851	1	1	
0.425301	-nan	1.14855	1.41505	1	1	1	1	1	1	3.81524	1.14855	1.14855	1	1	
0.428916	-nan	1.14857	1.41192	1	1	1	1	1	1	3.82239	1.14857	1.14857	1	1	
0.43253	-nan	1.14857	1.40868	1	1	1	1	1	1	3.82948	1.14857	1.14857	1	1	
0.436145	-nan	1.14855	1.40533	1	1	1	1	1	1	3.8365	1.14855	1.14855	1	1	
0.439759	-nan	1.14852	1.40188	1	1	1	1	1	1	3.84346	1.14852	1.14852	1	1	
0.443373	-nan	1.14847	1.39832	1	1	1	1	1	1	3.85035	1.14847	1.14847	1	1	
0.446988	-nan	1.1484	1.39466	1	1	1	1	1	1	3.85719	1.1484	1.1484	1	1	
0.450602	-nan	1.14831	1.3909	1	1	1	1	1	1	3.86396	1.14831	1.14831	1	1	
0.454217	-nan	1.14821	1.38703	1	1	1	1	1	1	3.87066	1.14821	1.14821	1	1	
0.457831	-nan	1.14809	1.38307	1	1	1	1	1	1	3.87731	1.14809	1.14809	1	1	
0.461446	-nan	1.14795	1.379	1	1	1	1	1	1	3.8839	1.14795	1.14795	1	1	
0.46506	-nan	1.1478	1.37484	1	1	1	1	1	1	3.89044	1.1478	1.1478	1	1	
0.468675	-nan	1.14764	1.37057	1	1	1	1	1	1	3.89691	1.14764	1.14764	1	1	
0.472289	-nan	1.14746	1.36622	1	1	1	1	1	1	3.90333	1.14746	1.14746	1	1	
0.475904	-nan	1.14726	1.36176	1	1	1	1	1	1	3.9097	1.14726	1.14726	1	1	
0.479518	-nan	1.14705	1.35721	1	1	1	1	1	1	3.91601	1.14705	1.14705	1	1	
0.483133	-nan	1.14683	1.35257	1	1	1	1	1	1	3.92227	1.14683	1.14683	1	1	
0.486747	-nan	1.14659	1.34784	1	1	1	1	1	1	3.92848	1.14659	1.14659	1	1	
0.490361	-nan	1.14634	1.34302	1	1	1	1	1	1	3.93463	1.14634	1.14634	1	1	
0.493976	-nan	1.14607	1.3381	1	1	1	1	1	1	3.94074	1.14607	1.14607	1	1	
0.49759	-nan	1.1458	1.3331	1	1	1	1	1	1	3.94679	1.1458	1.1458	1	1	
0.501205	-nan	1.1455	1.32801	1	1	1	1	1	1	3.9528	1.1455	1.1455	1	1	
0.504819	-nan	1.1452	1.32284	1	1	1	1	1	1	3.95876	1.1452	1.1452	1	1	
0.508434	-nan	1.14489	1.31758	1	1	1	1	1	1	3.96467	1.14489	1.14489	1	1	
0.512048	-nan	1.14456	1.31224	1	1	1	1	1	1	3.97053	1.14456	1.14456	1	1	
0.515663	-nan	1.14422	1.30681	1	1	1	1	1	1	3.97635	1.14422	1.14422	1	1	
0.519277	-nan	1.14387	1.30131	1	1	1	1	1	1	3.98212	1.14387	1.14387	1	1	
0.522892	-nan	1.14351	1.29572	1	1	1	1	1	1	3.98785	1.14351	1.14351	1	1	
0.526506	-nan	1.14314	1.29006	1	1	1	1	1	1	3.99354	1.14314	1.14314	1	1	
0.53012	-nan	1.14275	1.28432	1	1	1	1	1	1	3.99918	1.14275	1.14275	1	1	
0.533735	-nan	1.14236	1.27851	1	1	1	1	1	1	4.00478	1.14236	1.14236	1	1	
0.537349	-nan	1.14196	1.27262	1	1	1	1	1	1	4.01034	1.14196	1.14196	1	1	
0.540964	-nan	1.14154	1.26665	1	1	1	1	1	1	4.01586	1.14154	1.14154	1	1	
0.544578	-nan	1.14112	1.26062	1	1	1	1	1	1	4.02134	1.14112	1.14112	1	1	
0.548193	-nan	1.14069	1.25451	1	1	1	1	1	1	4.02678	1.14069	1.14069	1	1	
0.551807	-nan	1.14025	1.24834	1	1	1	1	1	1	4.03218	1.14025	1.14025	1	1	
0.555422	-nan	1.1398	1.2421	1	1	1	1	1	1	4.03754	1.1398	1.1398	1	1	
0.559036	-nan	1.13934	1.23579	1	1	1	1	1	1	4.04287	1.13934	1.13934	1	1	
0.562651	-nan	1.13887	1.22942	1	1	1	1	1	1	4.04816	1.13887	1.13887	1	1	
0.566265	-nan	1.13839	1.22298	1	1	1	1	1	1	4.05341	1.13839	1.13839	1	1	
0.56988	-nan	1.1379	1.21648	1	1	1	1	1	1	4.05863	1.1379	1.1379	1	1	
0.573494	-nan	1.13741	1.20992	1	1	1	1	1	1	4.06381	1.13741	1.13741	1	1	
0.577108	-nan	1.13691	1.20331	1	1	1	1	1	1	4.06896	1.13691	1.13691	1	1	
0.580723	-nan	1.1364	1.19663	1	1	1	1	1	1	4.07407	1.1364	1.1364	1	1	
0.584337	-nan	1.13589	1.1899	1	1	1	1	1	1	4.07915	1.13589	1.13589	1	1	
0.587952	-nan	1.13536	1.18311	1	1	1	1	1	1	4.0842	1.13536	1.13536	1	1	
0.591566	-nan	1.13483	1.17627	1	1	1	1	1	1	4.08921	1.13483	1.13483	1	1	
0.595181	-nan	1.13429	1.16937	1	1	1	1	1	1	4.0942	1.13429	1.13429	1	1	
0.598795	-nan	1.13375	1.16243	1	1	1	1	1	1	4.09915	1.13375	1.13375	1	1	
0.60241	-nan	1.1332	1.15543	1	1	1	1	1	1	4.10407	1.1332	1.1332	1	1	
0.606024	-nan	1.13264	1.14839	1	1	1	1	1	1	4.10896	1.13264	1.13264	1	1	
0.609639	-nan	1.13208	1.1413	1	1	1	1	1	1	4.11382	1.13208	1.13208	1	1	
0.613253	-nan	1.13151	1.13417	1	1	1	1	1	1	4.11866	1.13151	1.13151	1	1	
0.616867	-nan	1.13093	1.12699	1	1	1	1	1	1	4.12346	1.13093	1.13093	1	1	
0.620482	-nan	1.13035	1.11978	1	1	1	1	1	1	4.12824	1.13035	1.13035	1	1	
0.624096	-nan	1.12976	1.11252	1	1	1	1	1	1	4.13298	1.12976	1.12976	1	1	
0.627711	-nan	1.12917	1.10522	1	1	1	1	1	1	4.13771	1.12917	1.12917	1	1	
0.631325	-nan	1.12857	1.09788	1	1	1	1	1	1	4.1424	1.12857	1.12857	1	1	
0.63494	-nan	1.12797	1.09051	1	1	1	1	1	1	4.14707	1.12797	1.12797	1	1	
0.638554	-nan	1.12736	1.0831	1	1	1	1	1	1	4.15171	1.12736	1.12736	1	1	
0.642169	-nan	1.12675	1.07566	1	1	1	1	1	1	4.15633	1.12675	1.12675	1	1	
0.645783	-nan	1.12614	1.06818	1	1	1	1	1	1	4.16092	1.12614	1.12614	1	1	
0.649398	-nan	1.12551	1.06068	1	1	1	1	1	1	4.16549	1.12551	1.12551	1	1	
0.653012	-nan	1.12489	1.05314	1	1	1	1	1	1	4.17003	1.12489	1.12489	1	1	
0.656627	-nan	1.12426	1.04558	1	1	1	1	1	1	4.17455	1.12426	1.12426	1	1	
0.660241	-nan	1.12362	1.038	1	1	1	1	1	1	4.17904	1.12362	1.12362	1	1	
0.663855	-nan	1.12299	1.03038	1	1	1	1	1	1	4.18352	1.12299	1.12299	1	1	
0.66747	-nan	1.12234	1.02275	1	1	1	1	1	1	4.18797	1.12234	1.12234	1	1	
0.671084	-nan	1.1217	1.01509	1	1	1	1	1	1	4.19239	1.1217	1.1217	1	1	
0.674699	-nan	1.12105	1.00741	1	1	1	1	1	1	4.1968	1.12105	1.12105	1	1	
0.678313	-nan	1.1204	0.999711	1	1	1	1	1	1	4.20118	1.1204	1.1204	1	1	
0.681928	-nan	1.11974	0.991995	1	1	1	1	1	1	4.20555	1.11974	1.11974	1	1	
0.685542	-nan	1.11908	0.984263	1	1	1	1	1	1	4.20989	1.11908	1.11908	1	1	
0.689157	-nan	1.11842	0.976515	1	1	1	1	1	1	4.21421	1.11842	1.11842	1	1	
0.692771	-nan	1.11775	0.968754	1	1	1	1	1	1	4.21851	1.11775	1.11775	1	1	
0.696386	-nan	1.11708	0.96098	1	1	1	1	1	1	4.2228	1.11708	1.11708	1	1	
0.7	-nan	1.11641	0.953196	1	1	1	1	1	1	4.22706	1.11641	1.11641	1	1	
0.703614	-nan	1.11574	0.945402	1	1	1	1	1	1	4.2313	1.11574	1.11574	1	1	
0.707229	-nan	1.11506	0.937599	1	1	1	1	1	1	4.23553	1.11506	1.11506	1	1	
0.710843	-nan	1.11439	0.929789	1	1	1	1	1	1	4.23974	1.11439	1.11439	1	1	
0.714458	-nan	1.1137	0.921974	1	1	1	1	1	1	4.24392	1.1137	1.1137	1	1	
0.718072	-nan	1.11302	0.914155	1	1	1	1	1	1	4.2481	1.11302	1.11302	1	1	
0.721687	-nan	1.11234	0.906332	1	1	1	1	1	1	4.25225	1.11234	1.11234	1	1	
0.725301	-nan	1.11165	0.898508	1	1	1	1	1	1	4.25639	1.11165	1.11165	1	1	
0.728916	-nan	1.11096	0.890683	1	1	1	1	1	1	4.2605	1.11096	1.11096	1	1	
0.73253	-nan	1.11027	0.882859	1	1	1	1	1	1	4.26461	1.11027	1.11027	1	1	
0.736145	-nan	1.10958	0.875037	1	1	1	1	1	1	4.26869	1.10958	1.10958	1	1	
0.739759	-nan	1.10889	0.867218	1	1	1	1	1	1	4.27276	1.10889	1.10889	1	1	
0.743373	-nan	1.10819	0.859404	1	1	1	1	1	1	4.27682	1.10819	1.10819	1	1	
0.746988	-nan	1.10749	0.851595	1	1	1	1	1	1	4.28086	1.10749	1.10749	1	1	
0.750602	-nan	1.1068	0.843793	1	1	1	1	1	1	4.28488	1.1068	1.1068	1	1	
0.754217	-nan	1.1061	0.836	1	1	1	1	1	1	4.28889	1.1061	1.1061	1	1	
0.757831	-nan	1.1054	0.828215	1	1	1	1	1	1	4.29288	1.1054	1.1054	1	1	
0.761446	-nan	1.1047	0.820441	1	1	1	1	1	1	4.29686	1.1047	1.1047	1	1	
0.76506	-nan	1.104	0.812679	1	1	1	1	1	1	4.30083	1.104	1.104	1	1	
0.768675	-nan	1.10329	0.804929	1	1	1	1	1	1	4.30478	1.10329	1.10329	1	1	
0.772289	-nan	1.10259	0.797193	1	1	1	1	1	1	4.30872	1.10259	1.10259	1	1	
0.775904	-nan	1.10189	0.789472	1	1	1	1	1	1	4.31264	1.10189	1.10189	1	1	
0.779518	-nan	1.10118	0.781767	1	1	1	1	1	1	4.31655	1.10118	1.10118	1	1	
0.783133	-nan	1.10048	0.774079	1	1	1	1	1	1	4.32045	1.10048	1.10048	1	1	
0.786747	-nan	1.09978	0.766409	1	1	1	1	1	1	4.32433	1.09978	1.09978	1	1	
0.790361	-nan	1.09907	0.758758	1	1	1	1	1	1	4.3282	1.09907	1.09907	1	1	
0.793976	-nan	1.09837	0.751128	1	1	1	1	1	1	4.33206	1.09837	1.09837	1	1	
0.79759	-nan	1.09766	0.743518	1	1	1	1	1	1	4.33591	1.09766	1.09766	1	1	
0.801205	-nan	1.09695	0.73593	1	1	1	1	1	1	4.33975	1.09695	1.09695	1	1	
0.804819	-nan	1.09625	0.728366	1	1	1	1	1	1	4.34357	1.09625	1.09625	1	1	
0.808434	-nan	1.09554	0.720826	1	1	1	1	1	1	4.34738	1.09554	1.09554	1	1	
0.812048	-nan	1.09484	0.71331	1	1	1	1	1	1	4.35118	1.09484	1.09484	1	1	
0.815663	-nan	1.09414	0.70582	1	1	1	1	1	1	4.35497	1.09414	1.09414	1	1	
0.819277	-nan	1.09343	0.698358	1	1	1	1	1	1	4.35874	1.09343	1.09343	1	1	
0.822892	-nan	1.09273	0.690922	1	1	1	1	1	1	4.36251	1.09273	1.09273	1	1	
0.826506	-nan	1.09203	0.683516	1	1	1	1	1	1	4.36626	1.09203	1.09203	1	1	
0.83012	-nan	1.09132	0.676138	1	1	1	1	1	1	4.37001	1.09132	1.09132	1	1	
0.833735	-nan	1.09062	0.668791	1	1	1	1	1	1	4.37374	1.09062	1.09062	1	1	
0.837349	-nan	1.08992	0.661474	1	1	1	1	1	1	4.37747	1.08992	1.08992	1	1	
0.840964	-nan	1.08922	0.65419	1	1	1	1	1	1	4.38118	1.08922	1.08922	1	1	
0.844578	-nan	1.08852	0.646938	1	1	1	1	1	1	4.38488	1.08852	1.08852	1	1	
0.848193	-nan	1.08782	0.639719	1	1	1	1	1	1	4.38858	1.08782	1.08782	1	1	
0.851807	-nan	1.08713	0.632534	1	1	1	1	1	1	4.39226	1.08713	1.08713	1	1	
0.855422	-nan	1.08643	0.625384	1	1	1	1	1	1	4.39594	1.08643	1.08643	1	1	
0.859036	-nan	1.08573	0.618269	1	1	1	1	1	1	4.3996	1.08573	1.08573	1	1	
0.862651	-nan	1.08504	0.61119	1	1	1	1	1	1	4.40326	1.08504	1.08504	1	1	
0.866265	-nan	1.08435	0.604148	1	1	1	1	1	1	4.4069	1.08435	1.08435	1	1	
0.86988	-nan	1.08366	0.597143	1	1	1	1	1	1	4.41054	1.08366	1.08366	1	1	
0.873494	-nan	1.08297	0.590176	1	1	1	1	1	1	4.41417	1.08297	1.08297	1	1	
0.877108	-nan	1.08228	0.583248	1	1	1	1	1	1	4.41779	1.08228	1.08228	1	1	
0.880723	-nan	1.08159	0.576359	1	1	1	1	1	1	4.4214	1.08159	1.08159	1	1	
0.884337	-nan	1.08091	0.56951	1	1	1	1	1	1	4.425	1.08091	1.08091	1	1	
0.887952	-nan	1.08022	0.562701	1	1	1	1	1	1	4.42859	1.08022	1.08022	1	1	
0.891566	-nan	1.07954	0.555933	1	1	1	1	1	1	4.43218	1.07954	1.07954	1	1	
0.895181	-nan	1.07886	0.549206	1	1	1	1	1	1	4.43575	1.07886	1.07886	1	1	
0.898795	-nan	1.07818	0.542521	1	1	1	1	1	1	4.43932	1.07818	1.07818	1	1	
0.90241	-nan	1.0775	0.535878	1	1	1	1	1	1	4.44288	1.0775	1.0775	1	1	
0.906024	-nan	1.07683	0.529278	1	1	1	1	1	1	4.44644	1.07683	1.07683	1	1	
0.909639	-nan	1.07616	0.522722	1	1	1	1	1	1	4.44998	1.07616	1.07616	1	1	
0.913253	-nan	1.07548	0.516208	1	1	1	1	1	1	4.45352	1.07548	1.07548	1	1	
0.916867	-nan	1.07482	0.509739	1	1	1	1	1	1	4.45705	1.07482	1.07482	1	1	
0.920482	-nan	1.07415	0.503315	1	1	1	1	1	1	4.46057	1.07415	1.07415	1	1	
0.924096	-nan	1.07348	0.496935	1	1	1	1	1	1	4.46408	1.07348	1.07348	1	1	
0.927711	-nan	1.07282	0.4906	1	1	1	1	1	1	4.46759	1.07282	1.07282	1	1	
0.931325	-nan	1.07216	0.484311	1	1	1	1	1	1	4.47109	1.07216	1.07216	1	1	
0.93494	-nan	1.0715	0.478067	1	1	1	1	1	1	4.47458	1.0715	1.0715	1	1	
0.938554	-nan	1.07085	0.47187	1	1	1	1	1	1	4.47806	1.07085	1.07085	1	1	
0.942169	-nan	1.07019	0.465719	1	1	1	1	1	1	4.48154	1.07019	1.07019	1	1	
0.945783	-nan	1.06954	0.459615	1	1	1	1	1	1	4.48501	1.06954	1.06954	1	1	
0.949398	-nan	1.06889	0.453558	1	1	1	1	1	1	4.48847	1.06889	1.06889	1	1	
0.953012	-nan	1.06825	0.447547	1	1	1	1	1	1	4.49193	1.06825	1.06825	1	1	
0.956627	-nan	1.0676	0.441585	1	1	1	1	1	1	4.49538	1.0676	1.0676	1	1	
0.960241	-nan	1.06696	0.43567	1	1	1	1	1	1	4.49882	1.06696	1.06696	1	1	
0.963855	-nan	1.06632	0.429803	1	1	1	1	1	1	4.50226	1.06632	1.06632	1	1	
0.96747	-nan	1.06569	0.423984	1	1	1	1	1	1	4.50568	1.06569	1.06569	1	1	
0.971084	-nan	1.06505	0.418213	1	1	1	1	1	1	4.50911	1.06505	1.06505	1	1	
0.974699	-nan	1.06442	0.41249	1	1	1	1	1	1	4.51252	1.06442	1.06442	1	1	
0.978313	-nan	1.06379	0.406816	1	1	1	1	1	1	4.51593	1.06379	1.06379	1	1	
0.981928	-nan	1.06317	0.401191	1	1	1	1	1	1	4.51933	1.06317	1.06317	1	1	
0.985542	-nan	1.06254	0.395614	1	1	1	1	1	1	4.52272	1.06254	1.06254	1	1	
0.989157	-nan	1.06192	0.390087	1	1	1	1	1	1	4.52611	1.06192	1.06192	1	1	
0.992771	-nan	1.06131	0.384608	1	1	1	1	1	1	4.52949	1.06131	1.06131	1	1	
0.996386	-nan	1.06069	0.379178	1	1	1	1	1	1	4.53287	1.06069	1.06069	1	1	
1	-nan	-nan	-nan	-nan	-nan	-nan	-nan	-nan	-nan	-nan	-nan	-nan	-nan	-nan	
