1e-05	-nan	0.492461	0.435799	1	1	1	1	1	1	6.91464	0.492461	0.492461	1	1	
1.03753e-05	-nan	0.492922	0.435896	1	1	1	1	1	1	6.91469	0.492922	0.492922	1	1	
1.07647e-05	-nan	0.493389	0.435994	1	1	1	1	1	1	6.91474	0.493389	0.493389	1	1	
1.11686e-05	-nan	0.49386	0.436092	1	1	1	1	1	1	6.91479	0.49386	0.49386	1	1	
1.15878e-05	-nan	0.494337	0.436192	1	1	1	1	1	1	6.91485	0.494337	0.494337	1	1	
1.20226e-05	-nan	0.494818	0.436292	1	1	1	1	1	1	6.9149	0.494818	0.494818	1	1	
1.24738e-05	-nan	0.495305	0.436392	1	1	1	1	1	1	6.91496	0.495305	0.495305	1	1	
1.2942e-05	-nan	0.495797	0.436494	1	1	1	1	1	1	6.91502	0.495797	0.495797	1	1	
1.34276e-05	-nan	0.496294	0.436596	1	1	1	1	1	1	6.91508	0.496294	0.496294	1	1	
1.39316e-05	-nan	0.496797	0.436699	1	1	1	1	1	1	6.91514	0.496797	0.496797	1	1	
1.44544e-05	-nan	0.497305	0.436803	1	1	1	1	1	1	6.9152	0.497305	0.497305	1	1	
1.49968e-05	-nan	0.497819	0.436907	1	1	1	1	1	1	6.91526	0.497819	0.497819	1	1	
1.55597e-05	-nan	0.498338	0.437013	1	1	1	1	1	1	6.91532	0.498338	0.498338	1	1	
1.61436e-05	-nan	0.498862	0.437118	1	1	1	1	1	1	6.91538	0.498862	0.498862	1	1	
1.67494e-05	-nan	0.499393	0.437225	1	1	1	1	1	1	6.91545	0.499393	0.499393	1	1	
1.7378e-05	-nan	0.499929	0.437333	1	1	1	1	1	1	6.91551	0.499929	0.499929	1	1	
1.80302e-05	-nan	0.500471	0.437441	1	1	1	1	1	1	6.91558	0.500471	0.500471	1	1	
1.87068e-05	-nan	0.501019	0.43755	1	1	1	1	1	1	6.91565	0.501019	0.501019	1	1	
1.94089e-05	-nan	0.501573	0.437659	1	1	1	1	1	1	6.91572	0.501573	0.501573	1	1	
2.01372e-05	-nan	0.502133	0.43777	1	1	1	1	1	1	6.91579	0.502133	0.502133	1	1	
2.0893e-05	-nan	0.502699	0.437881	1	1	1	1	1	1	6.91586	0.502699	0.502699	1	1	
2.1677e-05	-nan	0.503271	0.437992	1	1	1	1	1	1	6.91594	0.503271	0.503271	1	1	
2.24905e-05	-nan	0.50385	0.438105	1	1	1	1	1	1	6.91601	0.50385	0.50385	1	1	
2.33346e-05	-nan	0.504435	0.438218	1	1	1	1	1	1	6.91609	0.504435	0.504435	1	1	
2.42103e-05	-nan	0.505026	0.438332	1	1	1	1	1	1	6.91616	0.505026	0.505026	1	1	
2.51189e-05	-nan	0.505623	0.438447	1	1	1	1	1	1	6.91624	0.505623	0.505623	1	1	
2.60615e-05	-nan	0.506228	0.438562	1	1	1	1	1	1	6.91632	0.506228	0.506228	1	1	
2.70396e-05	-nan	0.506839	0.438678	1	1	1	1	1	1	6.91641	0.506839	0.506839	1	1	
2.80543e-05	-nan	0.507456	0.438795	1	1	1	1	1	1	6.91649	0.507456	0.507456	1	1	
2.91072e-05	-nan	0.50808	0.438912	1	1	1	1	1	1	6.91657	0.50808	0.50808	1	1	
3.01995e-05	-nan	0.508712	0.43903	1	1	1	1	1	1	6.91666	0.508712	0.508712	1	1	
3.13329e-05	-nan	0.50935	0.439149	1	1	1	1	1	1	6.91675	0.50935	0.50935	1	1	
3.25087e-05	-nan	0.509995	0.439268	1	1	1	1	1	1	6.91684	0.509995	0.509995	1	1	
3.37287e-05	-nan	0.510648	0.439389	1	1	1	1	1	1	6.91693	0.510648	0.510648	1	1	
3.49945e-05	-nan	0.511307	0.439509	1	1	1	1	1	1	6.91702	0.511307	0.511307	1	1	
3.63078e-05	-nan	0.511974	0.439631	1	1	1	1	1	1	6.91712	0.511974	0.511974	1	1	
3.76704e-05	-nan	0.512648	0.439753	1	1	1	1	1	1	6.91721	0.512648	0.512648	1	1	
3.90841e-05	-nan	0.51333	0.439876	1	1	1	1	1	1	6.91731	0.51333	0.51333	1	1	
4.05509e-05	-nan	0.514019	0.439999	1	1	1	1	1	1	6.91741	0.514019	0.514019	1	1	
4.20727e-05	-nan	0.514716	0.440123	1	1	1	1	1	1	6.91751	0.514716	0.514716	1	1	
4.36516e-05	-nan	0.515421	0.440247	1	1	1	1	1	1	6.91761	0.515421	0.515421	1	1	
4.52898e-05	-nan	0.516134	0.440373	1	1	1	1	1	1	6.91772	0.516134	0.516134	1	1	
4.69894e-05	-nan	0.516854	0.440498	1	1	1	1	1	1	6.91783	0.516854	0.516854	1	1	
4.87528e-05	-nan	0.517583	0.440625	1	1	1	1	1	1	6.91794	0.517583	0.517583	1	1	
5.05825e-05	-nan	0.518319	0.440751	1	1	1	1	1	1	6.91805	0.518319	0.518319	1	1	
5.24807e-05	-nan	0.519064	0.440879	1	1	1	1	1	1	6.91816	0.519064	0.519064	1	1	
5.44503e-05	-nan	0.519817	0.441007	1	1	1	1	1	1	6.91828	0.519817	0.519817	1	1	
5.64937e-05	-nan	0.520579	0.441135	1	1	1	1	1	1	6.91839	0.520579	0.520579	1	1	
5.86138e-05	-nan	0.521349	0.441264	1	1	1	1	1	1	6.91851	0.521349	0.521349	1	1	
6.08135e-05	-nan	0.522128	0.441394	1	1	1	1	1	1	6.91863	0.522128	0.522128	1	1	
6.30957e-05	-nan	0.522915	0.441524	1	1	1	1	1	1	6.91876	0.522915	0.522915	1	1	
6.54636e-05	-nan	0.523712	0.441654	1	1	1	1	1	1	6.91889	0.523712	0.523712	1	1	
6.79204e-05	-nan	0.524517	0.441785	1	1	1	1	1	1	6.91901	0.524517	0.524517	1	1	
7.04693e-05	-nan	0.525331	0.441916	1	1	1	1	1	1	6.91915	0.525331	0.525331	1	1	
7.31139e-05	-nan	0.526155	0.442048	1	1	1	1	1	1	6.91928	0.526155	0.526155	1	1	
7.58578e-05	-nan	0.526987	0.44218	1	1	1	1	1	1	6.91942	0.526987	0.526987	1	1	
7.87046e-05	-nan	0.527829	0.442312	1	1	1	1	1	1	6.91955	0.527829	0.527829	1	1	
8.16582e-05	-nan	0.528681	0.442445	1	1	1	1	1	1	6.9197	0.528681	0.528681	1	1	
8.47227e-05	-nan	0.529542	0.442578	1	1	1	1	1	1	6.91984	0.529542	0.529542	1	1	
8.79023e-05	-nan	0.530413	0.442711	1	1	1	1	1	1	6.91999	0.530413	0.530413	1	1	
9.12011e-05	-nan	0.531294	0.442845	1	1	1	1	1	1	6.92014	0.531294	0.531294	1	1	
9.46237e-05	-nan	0.532185	0.442979	1	1	1	1	1	1	6.92029	0.532185	0.532185	1	1	
9.81748e-05	-nan	0.533086	0.443113	1	1	1	1	1	1	6.92044	0.533086	0.533086	1	1	
0.000101859	-nan	0.533997	0.443248	1	1	1	1	1	1	6.9206	0.533997	0.533997	1	1	
0.000105682	-nan	0.534918	0.443382	1	1	1	1	1	1	6.92076	0.534918	0.534918	1	1	
0.000109648	-nan	0.53585	0.443517	1	1	1	1	1	1	6.92093	0.53585	0.53585	1	1	
0.000113763	-nan	0.536793	0.443652	1	1	1	1	1	1	6.9211	0.536793	0.536793	1	1	
0.000118032	-nan	0.537746	0.443787	1	1	1	1	1	1	6.92127	0.537746	0.537746	1	1	
0.000122462	-nan	0.53871	0.443922	1	1	1	1	1	1	6.92144	0.53871	0.53871	1	1	
0.000127057	-nan	0.539685	0.444057	1	1	1	1	1	1	6.92162	0.539685	0.539685	1	1	
0.000131826	-nan	0.540671	0.444192	1	1	1	1	1	1	6.9218	0.540671	0.540671	1	1	
0.000136773	-nan	0.541668	0.444327	1	1	1	1	1	1	6.92198	0.541668	0.541668	1	1	
0.000141906	-nan	0.542677	0.444462	1	1	1	1	1	1	6.92217	0.542677	0.542677	1	1	
0.000147231	-nan	0.543697	0.444597	1	1	1	1	1	1	6.92236	0.543697	0.543697	1	1	
0.000152757	-nan	0.544729	0.444731	1	1	1	1	1	1	6.92256	0.544729	0.544729	1	1	
0.000158489	-nan	0.545773	0.444866	1	1	1	1	1	1	6.92276	0.545773	0.545773	1	1	
0.000164437	-nan	0.546828	0.445	1	1	1	1	1	1	6.92296	0.546828	0.546828	1	1	
0.000170608	-nan	0.547896	0.445134	1	1	1	1	1	1	6.92317	0.547896	0.547896	1	1	
0.000177011	-nan	0.548976	0.445268	1	1	1	1	1	1	6.92338	0.548976	0.548976	1	1	
0.000183654	-nan	0.550069	0.445401	1	1	1	1	1	1	6.92359	0.550069	0.550069	1	1	
0.000190546	-nan	0.551173	0.445535	1	1	1	1	1	1	6.92381	0.551173	0.551173	1	1	
0.000197697	-nan	0.552291	0.445667	1	1	1	1	1	1	6.92403	0.552291	0.552291	1	1	
0.000205116	-nan	0.553421	0.445799	1	1	1	1	1	1	6.92426	0.553421	0.553421	1	1	
0.000212814	-nan	0.554565	0.445931	1	1	1	1	1	1	6.9245	0.554565	0.554565	1	1	
0.0002208	-nan	0.555721	0.446062	1	1	1	1	1	1	6.92473	0.555721	0.555721	1	1	
0.000229087	-nan	0.556891	0.446193	1	1	1	1	1	1	6.92497	0.556891	0.556891	1	1	
0.000237684	-nan	0.558074	0.446323	1	1	1	1	1	1	6.92522	0.558074	0.558074	1	1	
0.000246604	-nan	0.559271	0.446452	1	1	1	1	1	1	6.92547	0.559271	0.559271	1	1	
0.000255859	-nan	0.560482	0.44658	1	1	1	1	1	1	6.92573	0.560482	0.560482	1	1	
0.000265461	-nan	0.561707	0.446708	1	1	1	1	1	1	6.92599	0.561707	0.561707	1	1	
0.000275423	-nan	0.562946	0.446834	1	1	1	1	1	1	6.92626	0.562946	0.562946	1	1	
0.000285759	-nan	0.564199	0.44696	1	1	1	1	1	1	6.92653	0.564199	0.564199	1	1	
0.000296483	-nan	0.565466	0.447085	1	1	1	1	1	1	6.92681	0.565466	0.565466	1	1	
0.00030761	-nan	0.566749	0.447208	1	1	1	1	1	1	6.92709	0.566749	0.566749	1	1	
0.000319154	-nan	0.568046	0.447331	1	1	1	1	1	1	6.92738	0.568046	0.568046	1	1	
0.000331131	-nan	0.569358	0.447452	1	1	1	1	1	1	6.92768	0.569358	0.569358	1	1	
0.000343558	-nan	0.570685	0.447572	1	1	1	1	1	1	6.92798	0.570685	0.570685	1	1	
0.000356451	-nan	0.572027	0.447691	1	1	1	1	1	1	6.92829	0.572027	0.572027	1	1	
0.000369828	-nan	0.573386	0.447808	1	1	1	1	1	1	6.9286	0.573386	0.573386	1	1	
0.000383707	-nan	0.574759	0.447924	1	1	1	1	1	1	6.92892	0.574759	0.574759	1	1	
0.000398107	-nan	0.576149	0.448039	1	1	1	1	1	1	6.92925	0.576149	0.576149	1	1	
0.000413048	-nan	0.577555	0.448152	1	1	1	1	1	1	6.92958	0.577555	0.577555	1	1	
0.000428549	-nan	0.578977	0.448263	1	1	1	1	1	1	6.92992	0.578977	0.578977	1	1	
0.000444631	-nan	0.580416	0.448372	1	1	1	1	1	1	6.93027	0.580416	0.580416	1	1	
0.000461318	-nan	0.581871	0.44848	1	1	1	1	1	1	6.93063	0.581871	0.581871	1	1	
0.00047863	-nan	0.583344	0.448585	1	1	1	1	1	1	6.93099	0.583344	0.583344	1	1	
0.000496592	-nan	0.584833	0.448689	1	1	1	1	1	1	6.93136	0.584833	0.584833	1	1	
0.000515229	-nan	0.58634	0.44879	1	1	1	1	1	1	6.93174	0.58634	0.58634	1	1	
0.000534564	-nan	0.587864	0.44889	1	1	1	1	1	1	6.93213	0.587864	0.587864	1	1	
0.000554626	-nan	0.589405	0.448987	1	1	1	1	1	1	6.93252	0.589405	0.589405	1	1	
0.00057544	-nan	0.590965	0.449082	1	1	1	1	1	1	6.93292	0.590965	0.590965	1	1	
0.000597035	-nan	0.592543	0.449174	1	1	1	1	1	1	6.93334	0.592543	0.592543	1	1	
0.000619441	-nan	0.594139	0.449264	1	1	1	1	1	1	6.93376	0.594139	0.594139	1	1	
0.000642688	-nan	0.595754	0.449351	1	1	1	1	1	1	6.93419	0.595754	0.595754	1	1	
0.000666807	-nan	0.597387	0.449436	1	1	1	1	1	1	6.93462	0.597387	0.597387	1	1	
0.000691831	-nan	0.59904	0.449518	1	1	1	1	1	1	6.93507	0.59904	0.59904	1	1	
0.000717794	-nan	0.600711	0.449597	1	1	1	1	1	1	6.93553	0.600711	0.600711	1	1	
0.000744732	-nan	0.602402	0.449673	1	1	1	1	1	1	6.936	0.602402	0.602402	1	1	
0.000772681	-nan	0.604113	0.449746	1	1	1	1	1	1	6.93648	0.604113	0.604113	1	1	
0.000801678	-nan	0.605843	0.449815	1	1	1	1	1	1	6.93696	0.605843	0.605843	1	1	
0.000831764	-nan	0.607594	0.449882	1	1	1	1	1	1	6.93746	0.607594	0.607594	1	1	
0.000862979	-nan	0.609365	0.449945	1	1	1	1	1	1	6.93797	0.609365	0.609365	1	1	
0.000895365	-nan	0.611156	0.450005	1	1	1	1	1	1	6.9385	0.611156	0.611156	1	1	
0.000928966	-nan	0.612968	0.450061	1	1	1	1	1	1	6.93903	0.612968	0.612968	1	1	
0.000963829	-nan	0.614802	0.450113	1	1	1	1	1	1	6.93957	0.614802	0.614802	1	1	
0.001	-nan	0.616656	0.450162	1	1	1	1	1	1	6.94013	0.616656	0.616656	1	1	
0.00103753	-nan	0.618532	0.450207	1	1	1	1	1	1	6.9407	0.618532	0.618532	1	1	
0.00107647	-nan	0.62043	0.450248	1	1	1	1	1	1	6.94128	0.62043	0.62043	1	1	
0.00111686	-nan	0.62235	0.450285	1	1	1	1	1	1	6.94188	0.62235	0.62235	1	1	
0.00115878	-nan	0.624291	0.450317	1	1	1	1	1	1	6.94249	0.624291	0.624291	1	1	
0.00120226	-nan	0.626256	0.450346	1	1	1	1	1	1	6.94311	0.626256	0.626256	1	1	
0.00124738	-nan	0.628243	0.45037	1	1	1	1	1	1	6.94375	0.628243	0.628243	1	1	
0.0012942	-nan	0.630253	0.45039	1	1	1	1	1	1	6.9444	0.630253	0.630253	1	1	
0.00134276	-nan	0.632286	0.450405	1	1	1	1	1	1	6.94507	0.632286	0.632286	1	1	
0.00139316	-nan	0.634343	0.450415	1	1	1	1	1	1	6.94575	0.634343	0.634343	1	1	
0.00144544	-nan	0.636423	0.450421	1	1	1	1	1	1	6.94645	0.636423	0.636423	1	1	
0.00149968	-nan	0.638528	0.450422	1	1	1	1	1	1	6.94716	0.638528	0.638528	1	1	
0.00155597	-nan	0.640656	0.450418	1	1	1	1	1	1	6.94789	0.640656	0.640656	1	1	
0.00161436	-nan	0.642809	0.450409	1	1	1	1	1	1	6.94864	0.642809	0.642809	1	1	
0.00167494	-nan	0.644987	0.450395	1	1	1	1	1	1	6.9494	0.644987	0.644987	1	1	
0.0017378	-nan	0.64719	0.450376	1	1	1	1	1	1	6.95019	0.64719	0.64719	1	1	
0.00180302	-nan	0.649418	0.450351	1	1	1	1	1	1	6.95099	0.649418	0.649418	1	1	
0.00187068	-nan	0.651672	0.450322	1	1	1	1	1	1	6.95181	0.651672	0.651672	1	1	
0.00194089	-nan	0.653951	0.450287	1	1	1	1	1	1	6.95265	0.653951	0.653951	1	1	
0.00201372	-nan	0.656256	0.450246	1	1	1	1	1	1	6.95351	0.656256	0.656256	1	1	
0.0020893	-nan	0.658588	0.4502	1	1	1	1	1	1	6.95439	0.658588	0.658588	1	1	
0.0021677	-nan	0.660946	0.450149	1	1	1	1	1	1	6.95529	0.660946	0.660946	1	1	
0.00224905	-nan	0.663331	0.450092	1	1	1	1	1	1	6.95622	0.663331	0.663331	1	1	
0.00233346	-nan	0.665744	0.45003	1	1	1	1	1	1	6.95716	0.665744	0.665744	1	1	
0.00242103	-nan	0.668183	0.449962	1	1	1	1	1	1	6.95813	0.668183	0.668183	1	1	
0.00251189	-nan	0.670651	0.449889	1	1	1	1	1	1	6.95912	0.670651	0.670651	1	1	
0.00260615	-nan	0.673146	0.449809	1	1	1	1	1	1	6.96014	0.673146	0.673146	1	1	
0.00270396	-nan	0.675669	0.449725	1	1	1	1	1	1	6.96118	0.675669	0.675669	1	1	
0.00280543	-nan	0.678221	0.449635	1	1	1	1	1	1	6.96225	0.678221	0.678221	1	1	
0.00291072	-nan	0.680801	0.449539	1	1	1	1	1	1	6.96334	0.680801	0.680801	1	1	
0.00301995	-nan	0.68341	0.449438	1	1	1	1	1	1	6.96446	0.68341	0.68341	1	1	
0.00313329	-nan	0.686049	0.449332	1	1	1	1	1	1	6.96561	0.686049	0.686049	1	1	
0.00325087	-nan	0.688717	0.449221	1	1	1	1	1	1	6.96679	0.688717	0.688717	1	1	
0.00337287	-nan	0.691415	0.449104	1	1	1	1	1	1	6.96799	0.691415	0.691415	1	1	
0.00349945	-nan	0.694143	0.448983	1	1	1	1	1	1	6.96923	0.694143	0.694143	1	1	
0.00363078	-nan	0.696901	0.448856	1	1	1	1	1	1	6.9705	0.696901	0.696901	1	1	
0.00376704	-nan	0.699689	0.448726	1	1	1	1	1	1	6.9718	0.699689	0.699689	1	1	
0.00390841	-nan	0.702509	0.44859	1	1	1	1	1	1	6.97313	0.702509	0.702509	1	1	
0.00405509	-nan	0.705359	0.448451	1	1	1	1	1	1	6.9745	0.705359	0.705359	1	1	
0.00420727	-nan	0.708241	0.448307	1	1	1	1	1	1	6.9759	0.708241	0.708241	1	1	
0.00436516	-nan	0.711154	0.448161	1	1	1	1	1	1	6.97734	0.711154	0.711154	1	1	
0.00452898	-nan	0.714099	0.44801	1	1	1	1	1	1	6.97881	0.714099	0.714099	1	1	
0.00469894	-nan	0.717077	0.447857	1	1	1	1	1	1	6.98033	0.717077	0.717077	1	1	
0.00487528	-nan	0.720086	0.447702	1	1	1	1	1	1	6.98188	0.720086	0.720086	1	1	
0.00505825	-nan	0.723128	0.447545	1	1	1	1	1	1	6.98347	0.723128	0.723128	1	1	
0.00524807	-nan	0.726203	0.447386	1	1	1	1	1	1	6.98511	0.726203	0.726203	1	1	
0.00544503	-nan	0.72931	0.447226	1	1	1	1	1	1	6.98678	0.72931	0.72931	1	1	
0.00564937	-nan	0.732451	0.447066	1	1	1	1	1	1	6.9885	0.732451	0.732451	1	1	
0.00586138	-nan	0.735626	0.446907	1	1	1	1	1	1	6.99027	0.735626	0.735626	1	1	
0.00608135	-nan	0.738834	0.446748	1	1	1	1	1	1	6.99208	0.738834	0.738834	1	1	
0.00630957	-nan	0.742075	0.446592	1	1	1	1	1	1	6.99394	0.742075	0.742075	1	1	
0.00654636	-nan	0.745351	0.446438	1	1	1	1	1	1	6.99585	0.745351	0.745351	1	1	
0.00679204	-nan	0.748662	0.446288	1	1	1	1	1	1	6.99781	0.748662	0.748662	1	1	
0.00704693	-nan	0.752006	0.446143	1	1	1	1	1	1	6.99983	0.752006	0.752006	1	1	
0.00731139	-nan	0.755386	0.446004	1	1	1	1	1	1	7.00189	0.755386	0.755386	1	1	
0.00758578	-nan	0.7588	0.445872	1	1	1	1	1	1	7.00401	0.7588	0.7588	1	1	
0.00787046	-nan	0.76225	0.445748	1	1	1	1	1	1	7.00619	0.76225	0.76225	1	1	
0.00816582	-nan	0.765734	0.445634	1	1	1	1	1	1	7.00843	0.765734	0.765734	1	1	
0.00847227	-nan	0.769254	0.445532	1	1	1	1	1	1	7.01073	0.769254	0.769254	1	1	
0.00879023	-nan	0.77281	0.445443	1	1	1	1	1	1	7.01309	0.77281	0.77281	1	1	
0.00912011	-nan	0.776401	0.445369	1	1	1	1	1	1	7.01552	0.776401	0.776401	1	1	
0.00946237	-nan	0.780028	0.445311	1	1	1	1	1	1	7.01801	0.780028	0.780028	1	1	
0.00981748	-nan	0.783692	0.445273	1	1	1	1	1	1	7.02057	0.783692	0.783692	1	1	
0.0101859	-nan	0.787391	0.445256	1	1	1	1	1	1	7.0232	0.787391	0.787391	1	1	
0.0105682	-nan	0.791126	0.445262	1	1	1	1	1	1	7.0259	0.791126	0.791126	1	1	
0.0109648	-nan	0.794898	0.445295	1	1	1	1	1	1	7.02868	0.794898	0.794898	1	1	
0.0113763	-nan	0.798707	0.445357	1	1	1	1	1	1	7.03154	0.798707	0.798707	1	1	
0.0118032	-nan	0.802552	0.445452	1	1	1	1	1	1	7.03447	0.802552	0.802552	1	1	
0.0122462	-nan	0.806433	0.445581	1	1	1	1	1	1	7.03748	0.806433	0.806433	1	1	
0.0127057	-nan	0.810351	0.44575	1	1	1	1	1	1	7.04058	0.810351	0.810351	1	1	
0.0131826	-nan	0.814306	0.445962	1	1	1	1	1	1	7.04377	0.814306	0.814306	1	1	
0.0136773	-nan	0.818298	0.446221	1	1	1	1	1	1	7.04704	0.818298	0.818298	1	1	
0.0141906	-nan	0.822327	0.446531	1	1	1	1	1	1	7.05041	0.822327	0.822327	1	1	
0.0147231	-nan	0.826392	0.446897	1	1	1	1	1	1	7.05387	0.826392	0.826392	1	1	
0.0152757	-nan	0.830495	0.447325	1	1	1	1	1	1	7.05742	0.830495	0.830495	1	1	
0.0158489	-nan	0.834634	0.44782	1	1	1	1	1	1	7.06108	0.834634	0.834634	1	1	
0.0164437	-nan	0.83881	0.448388	1	1	1	1	1	1	7.06484	0.83881	0.83881	1	1	
0.0170608	-nan	0.843023	0.449035	1	1	1	1	1	1	7.06871	0.843023	0.843023	1	1	
0.0177011	-nan	0.847273	0.449768	1	1	1	1	1	1	7.07268	0.847273	0.847273	1	1	
0.0183654	-nan	0.85156	0.450595	1	1	1	1	1	1	7.07677	0.85156	0.85156	1	1	
0.0190546	-nan	0.855884	0.451524	1	1	1	1	1	1	7.08097	0.855884	0.855884	1	1	
0.0197697	-nan	0.860244	0.452563	1	1	1	1	1	1	7.0853	0.860244	0.860244	1	1	
0.0205116	-nan	0.864641	0.453722	1	1	1	1	1	1	7.08974	0.864641	0.864641	1	1	
0.0212814	-nan	0.869074	0.455011	1	1	1	1	1	1	7.09431	0.869074	0.869074	1	1	
0.02208	-nan	0.873544	0.45644	1	1	1	1	1	1	7.09901	0.873544	0.873544	1	1	
0.0229087	-nan	0.87805	0.458021	1	1	1	1	1	1	7.10385	0.87805	0.87805	1	1	
0.0237684	-nan	0.882593	0.459767	1	1	1	1	1	1	7.10882	0.882593	0.882593	1	1	
0.0246604	-nan	0.887171	0.461691	1	1	1	1	1	1	7.11394	0.887171	0.887171	1	1	
0.0255859	-nan	0.891786	0.463807	1	1	1	1	1	1	7.1192	0.891786	0.891786	1	1	
0.0265461	-nan	0.896437	0.466133	1	1	1	1	1	1	7.12461	0.896437	0.896437	1	1	
0.0275423	-nan	0.901123	0.468684	1	1	1	1	1	1	7.13017	0.901123	0.901123	1	1	
0.0285759	-nan	0.905845	0.471478	1	1	1	1	1	1	7.13589	0.905845	0.905845	1	1	
0.0296483	-nan	0.910603	0.474536	1	1	1	1	1	1	7.14178	0.910603	0.910603	1	1	
0.030761	-nan	0.915395	0.477878	1	1	1	1	1	1	7.14783	0.915395	0.915395	1	1	
0.0319154	-nan	0.920224	0.481528	1	1	1	1	1	1	7.15406	0.920224	0.920224	1	1	
0.0331131	-nan	0.925087	0.485509	1	1	1	1	1	1	7.16046	0.925087	0.925087	1	1	
0.0343558	-nan	0.929985	0.489848	1	1	1	1	1	1	7.16704	0.929985	0.929985	1	1	
0.0356451	-nan	0.934919	0.494574	1	1	1	1	1	1	7.17381	0.934919	0.934919	1	1	
0.0369828	-nan	0.939887	0.499717	1	1	1	1	1	1	7.18078	0.939887	0.939887	1	1	
0.0383707	-nan	0.94489	0.505309	1	1	1	1	1	1	7.18794	0.94489	0.94489	1	1	
0.0398107	-nan	0.949927	0.511386	1	1	1	1	1	1	7.1953	0.949927	0.949927	1	1	
0.0413048	-nan	0.955	0.517986	1	1	1	1	1	1	7.20287	0.955	0.955	1	1	
0.0428549	-nan	0.960107	0.525147	1	1	1	1	1	1	7.21066	0.960107	0.960107	1	1	
0.0444631	-nan	0.965249	0.532912	1	1	1	1	1	1	7.21866	0.965249	0.965249	1	1	
0.0461318	-nan	0.970425	0.541328	1	1	1	1	1	1	7.22689	0.970425	0.970425	1	1	
0.047863	-nan	0.975637	0.550441	1	1	1	1	1	1	7.23535	0.975637	0.975637	1	1	
0.0496592	-nan	0.980884	0.560302	1	1	1	1	1	1	7.24404	0.980884	0.980884	1	1	
0.0515229	-nan	0.986167	0.570965	1	1	1	1	1	1	7.25298	0.986167	0.986167	1	1	
0.0534564	-nan	0.991485	0.582485	1	1	1	1	1	1	7.26217	0.991485	0.991485	1	1	
0.0554626	-nan	0.996839	0.59492	1	1	1	1	1	1	7.27161	0.996839	0.996839	1	1	
0.057544	-nan	1.00223	0.608329	1	1	1	1	1	1	7.28131	1.00223	1.00223	1	1	
0.0597035	-nan	1.00766	0.622773	1	1	1	1	1	1	7.29128	1.00766	1.00766	1	1	
0.0619441	-nan	1.01313	0.638314	1	1	1	1	1	1	7.30153	1.01313	1.01313	1	1	
0.0642688	-nan	1.01863	0.655013	1	1	1	1	1	1	7.31205	1.01863	1.01863	1	1	
0.0666807	-nan	1.02418	0.67293	1	1	1	1	1	1	7.32287	1.02418	1.02418	1	1	
0.0691831	-nan	1.02976	0.692123	1	1	1	1	1	1	7.33397	1.02976	1.02976	1	1	
0.0717794	-nan	1.03539	0.712646	1	1	1	1	1	1	7.34538	1.03539	1.03539	1	1	
0.0744732	-nan	1.04106	0.734549	1	1	1	1	1	1	7.3571	1.04106	1.04106	1	1	
0.0772681	-nan	1.04678	0.757871	1	1	1	1	1	1	7.36913	1.04678	1.04678	1	1	
0.0801678	-nan	1.05254	0.782646	1	1	1	1	1	1	7.38148	1.05254	1.05254	1	1	
0.0831764	-nan	1.05836	0.808893	1	1	1	1	1	1	7.39416	1.05836	1.05836	1	1	
0.0862979	-nan	1.06422	0.836617	1	1	1	1	1	1	7.40718	1.06422	1.06422	1	1	
0.0895365	-nan	1.07014	0.865809	1	1	1	1	1	1	7.42055	1.07014	1.07014	1	1	
0.0928966	-nan	1.07612	0.896438	1	1	1	1	1	1	7.43426	1.07612	1.07612	1	1	
0.0963829	-nan	1.08216	0.928453	1	1	1	1	1	1	7.44834	1.08216	1.08216	1	1	
0.1	-nan	1.08826	0.96178	1	1	1	1	1	1	7.46278	1.08826	1.08826	1	1	
0.103614	-nan	1.0942	0.995049	1	1	1	1	1	1	7.47706	1.0942	1.0942	1	1	
0.107229	-nan	1.1	1.02814	1	1	1	1	1	1	7.49118	1.1	1.1	1	1	
0.110843	-nan	1.10568	1.06093	1	1	1	1	1	1	7.50516	1.10568	1.10568	1	1	
0.114458	-nan	1.11123	1.0933	1	1	1	1	1	1	7.519	1.11123	1.11123	1	1	
0.118072	-nan	1.11668	1.12512	1	1	1	1	1	1	7.53271	1.11668	1.11668	1	1	
0.121687	-nan	1.12202	1.15631	1	1	1	1	1	1	7.54629	1.12202	1.12202	1	1	
0.125301	-nan	1.12726	1.18678	1	1	1	1	1	1	7.55974	1.12726	1.12726	1	1	
0.128916	-nan	1.13242	1.21645	1	1	1	1	1	1	7.57307	1.13242	1.13242	1	1	
0.13253	-nan	1.1375	1.24526	1	1	1	1	1	1	7.58629	1.1375	1.1375	1	1	
0.136145	-nan	1.1425	1.27317	1	1	1	1	1	1	7.59939	1.1425	1.1425	1	1	
0.139759	-nan	1.14743	1.30013	1	1	1	1	1	1	7.61239	1.14743	1.14743	1	1	
0.143373	-nan	1.1523	1.32613	1	1	1	1	1	1	7.62529	1.1523	1.1523	1	1	
0.146988	-nan	1.1571	1.35114	1	1	1	1	1	1	7.63808	1.1571	1.1571	1	1	
0.150602	-nan	1.16185	1.37516	1	1	1	1	1	1	7.65079	1.16185	1.16185	1	1	
0.154217	-nan	1.16655	1.39818	1	1	1	1	1	1	7.6634	1.16655	1.16655	1	1	
0.157831	-nan	1.17119	1.42021	1	1	1	1	1	1	7.67593	1.17119	1.17119	1	1	
0.161446	-nan	1.1758	1.44127	1	1	1	1	1	1	7.68837	1.1758	1.1758	1	1	
0.16506	-nan	1.18036	1.46137	1	1	1	1	1	1	7.70074	1.18036	1.18036	1	1	
0.168675	-nan	1.18488	1.48054	1	1	1	1	1	1	7.71303	1.18488	1.18488	1	1	
0.172289	-nan	1.18937	1.49879	1	1	1	1	1	1	7.72525	1.18937	1.18937	1	1	
0.175904	-nan	1.19382	1.51617	1	1	1	1	1	1	7.73741	1.19382	1.19382	1	1	
0.179518	-nan	1.19824	1.53269	1	1	1	1	1	1	7.7495	1.19824	1.19824	1	1	
0.183133	-nan	1.20263	1.54839	1	1	1	1	1	1	7.76153	1.20263	1.20263	1	1	
0.186747	-nan	1.207	1.5633	1	1	1	1	1	1	7.77351	1.207	1.207	1	1	
0.190361	-nan	1.21134	1.57745	1	1	1	1	1	1	7.78544	1.21134	1.21134	1	1	
0.193976	-nan	1.21565	1.59088	1	1	1	1	1	1	7.79733	1.21565	1.21565	1	1	
0.19759	-nan	1.21995	1.60363	1	1	1	1	1	1	7.80917	1.21995	1.21995	1	1	
0.201205	-nan	1.22423	1.61571	1	1	1	1	1	1	7.82097	1.22423	1.22423	1	1	
0.204819	-nan	1.22848	1.62717	1	1	1	1	1	1	7.83274	1.22848	1.22848	1	1	
0.208434	-nan	1.23273	1.63804	1	1	1	1	1	1	7.84448	1.23273	1.23273	1	1	
0.212048	-nan	1.23695	1.64834	1	1	1	1	1	1	7.8562	1.23695	1.23695	1	1	
0.215663	-nan	1.24116	1.65812	1	1	1	1	1	1	7.8679	1.24116	1.24116	1	1	
0.219277	-nan	1.24536	1.66738	1	1	1	1	1	1	7.87958	1.24536	1.24536	1	1	
0.222892	-nan	1.24955	1.67617	1	1	1	1	1	1	7.89125	1.24955	1.24955	1	1	
0.226506	-nan	1.25372	1.6845	1	1	1	1	1	1	7.90291	1.25372	1.25372	1	1	
0.23012	-nan	1.25788	1.6924	1	1	1	1	1	1	7.91458	1.25788	1.25788	1	1	
0.233735	-nan	1.26204	1.6999	1	1	1	1	1	1	7.92625	1.26204	1.26204	1	1	
0.237349	-nan	1.26618	1.70702	1	1	1	1	1	1	7.93792	1.26618	1.26618	1	1	
0.240964	-nan	1.27032	1.71378	1	1	1	1	1	1	7.94962	1.27032	1.27032	1	1	
0.244578	-nan	1.27445	1.72019	1	1	1	1	1	1	7.96133	1.27445	1.27445	1	1	
0.248193	-nan	1.27858	1.72629	1	1	1	1	1	1	7.97307	1.27858	1.27858	1	1	
0.251807	-nan	1.28269	1.73208	1	1	1	1	1	1	7.98484	1.28269	1.28269	1	1	
0.255422	-nan	1.28681	1.73759	1	1	1	1	1	1	7.99664	1.28681	1.28681	1	1	
0.259036	-nan	1.29091	1.74282	1	1	1	1	1	1	8.0085	1.29091	1.29091	1	1	
0.262651	-nan	1.29501	1.7478	1	1	1	1	1	1	8.0204	1.29501	1.29501	1	1	
0.266265	-nan	1.29911	1.75254	1	1	1	1	1	1	8.03236	1.29911	1.29911	1	1	
0.26988	-nan	1.30321	1.75705	1	1	1	1	1	1	8.04438	1.30321	1.30321	1	1	
0.273494	-nan	1.3073	1.76134	1	1	1	1	1	1	8.05647	1.3073	1.3073	1	1	
0.277108	-nan	1.31138	1.76543	1	1	1	1	1	1	8.06864	1.31138	1.31138	1	1	
0.280723	-nan	1.31547	1.76933	1	1	1	1	1	1	8.0809	1.31547	1.31547	1	1	
0.284337	-nan	1.31955	1.77305	1	1	1	1	1	1	8.09325	1.31955	1.31955	1	1	
0.287952	-nan	1.32362	1.7766	1	1	1	1	1	1	8.1057	1.32362	1.32362	1	1	
0.291566	-nan	1.3277	1.77999	1	1	1	1	1	1	8.11826	1.3277	1.3277	1	1	
0.295181	-nan	1.33177	1.78322	1	1	1	1	1	1	8.13093	1.33177	1.33177	1	1	
0.298795	-nan	1.33585	1.78631	1	1	1	1	1	1	8.14373	1.33585	1.33585	1	1	
0.30241	-nan	1.33992	1.78926	1	1	1	1	1	1	8.15666	1.33992	1.33992	1	1	
0.306024	-nan	1.34398	1.79208	1	1	1	1	1	1	8.16974	1.34398	1.34398	1	1	
0.309639	-nan	1.34805	1.79478	1	1	1	1	1	1	8.18297	1.34805	1.34805	1	1	
0.313253	-nan	1.35211	1.79736	1	1	1	1	1	1	8.19637	1.35211	1.35211	1	1	
0.316867	-nan	1.35618	1.79983	1	1	1	1	1	1	8.20994	1.35618	1.35618	1	1	
0.320482	-nan	1.36024	1.8022	1	1	1	1	1	1	8.22369	1.36024	1.36024	1	1	
0.324096	-nan	1.3643	1.80447	1	1	1	1	1	1	8.23763	1.3643	1.3643	1	1	
0.327711	-nan	1.36835	1.80664	1	1	1	1	1	1	8.25179	1.36835	1.36835	1	1	
0.331325	-nan	1.37241	1.80873	1	1	1	1	1	1	8.26616	1.37241	1.37241	1	1	
0.33494	-nan	1.37646	1.81072	1	1	1	1	1	1	8.28075	1.37646	1.37646	1	1	
0.338554	-nan	1.38052	1.81264	1	1	1	1	1	1	8.29559	1.38052	1.38052	1	1	
0.342169	-nan	1.38457	1.81449	1	1	1	1	1	1	8.31069	1.38457	1.38457	1	1	
0.345783	-nan	1.38862	1.81625	1	1	1	1	1	1	8.32605	1.38862	1.38862	1	1	
0.349398	-nan	1.39267	1.81795	1	1	1	1	1	1	8.34169	1.39267	1.39267	1	1	
0.353012	-nan	1.39671	1.81959	1	1	1	1	1	1	8.35763	1.39671	1.39671	1	1	
0.356627	-nan	1.40075	1.82116	1	1	1	1	1	1	8.37387	1.40075	1.40075	1	1	
0.360241	-nan	1.4048	1.82267	1	1	1	1	1	1	8.39044	1.4048	1.4048	1	1	
0.363855	-nan	1.40883	1.82413	1	1	1	1	1	1	8.40735	1.40883	1.40883	1	1	
0.36747	-nan	1.41287	1.82553	1	1	1	1	1	1	8.42462	1.41287	1.41287	1	1	
0.371084	-nan	1.41691	1.82688	1	1	1	1	1	1	8.44225	1.41691	1.41691	1	1	
0.374699	-nan	1.42094	1.82817	1	1	1	1	1	1	8.46028	1.42094	1.42094	1	1	
0.378313	-nan	1.42497	1.82943	1	1	1	1	1	1	8.47871	1.42497	1.42497	1	1	
0.381928	-nan	1.42899	1.83063	1	1	1	1	1	1	8.49756	1.42899	1.42899	1	1	
0.385542	-nan	1.43302	1.8318	1	1	1	1	1	1	8.51686	1.43302	1.43302	1	1	
0.389157	-nan	1.43704	1.83292	1	1	1	1	1	1	8.53662	1.43704	1.43704	1	1	
0.392771	-nan	1.44106	1.83401	1	1	1	1	1	1	8.55686	1.44106	1.44106	1	1	
0.396386	-nan	1.44507	1.83505	1	1	1	1	1	1	8.57759	1.44507	1.44507	1	1	
0.4	-nan	1.44908	1.83607	1	1	1	1	1	1	8.59885	1.44908	1.44908	1	1	
0.403614	-nan	1.45309	1.83704	1	1	1	1	1	1	8.62065	1.45309	1.45309	1	1	
0.407229	-nan	1.45709	1.83799	1	1	1	1	1	1	8.64301	1.45709	1.45709	1	1	
0.410843	-nan	1.46109	1.8389	1	1	1	1	1	1	8.66596	1.46109	1.46109	1	1	
0.414458	-nan	1.46508	1.83978	1	1	1	1	1	1	8.68952	1.46508	1.46508	1	1	
0.418072	-nan	1.46907	1.84064	1	1	1	1	1	1	8.7137	1.46907	1.46907	1	1	
0.421687	-nan	1.47306	1.84146	1	1	1	1	1	1	8.73854	1.47306	1.47306	1	1	
0.425301	-nan	1.47704	1.84226	1	1	1	1	1	1	8.76406	1.47704	1.47704	1	1	
0.428916	-nan	1.48102	1.84304	1	1	1	1	1	1	8.79028	1.48102	1.48102	1	1	
0.43253	-nan	1.48499	1.84379	1	1	1	1	1	1	8.81723	1.48499	1.48499	1	1	
0.436145	-nan	1.48896	1.84451	1	1	1	1	1	1	8.84493	1.48896	1.48896	1	1	
0.439759	-nan	1.49292	1.84522	1	1	1	1	1	1	8.87341	1.49292	1.49292	1	1	
0.443373	-nan	1.49687	1.8459	1	1	1	1	1	1	8.90269	1.49687	1.49687	1	1	
0.446988	-nan	1.50082	1.84656	1	1	1	1	1	1	8.9328	1.50082	1.50082	1	1	
0.450602	-nan	1.50477	1.8472	1	1	1	1	1	1	8.96376	1.50477	1.50477	1	1	
0.454217	-nan	1.50871	1.84783	1	1	1	1	1	1	8.9956	1.50871	1.50871	1	1	
0.457831	-nan	1.51264	1.84843	1	1	1	1	1	1	9.02835	1.51264	1.51264	1	1	
0.461446	-nan	1.51657	1.84902	1	1	1	1	1	1	9.06203	1.51657	1.51657	1	1	
0.46506	-nan	1.52048	1.84959	1	1	1	1	1	1	9.09666	1.52048	1.52048	1	1	
0.468675	-nan	1.5244	1.85014	1	1	1	1	1	1	9.13226	1.5244	1.5244	1	1	
0.472289	-nan	1.5283	1.85068	1	1	1	1	1	1	9.16887	1.5283	1.5283	1	1	
0.475904	-nan	1.5322	1.8512	1	1	1	1	1	1	9.2065	1.5322	1.5322	1	1	
0.479518	-nan	1.53609	1.85171	1	1	1	1	1	1	9.24517	1.53609	1.53609	1	1	
0.483133	-nan	1.53998	1.8522	1	1	1	1	1	1	9.2849	1.53998	1.53998	1	1	
0.486747	-nan	1.54386	1.85268	1	1	1	1	1	1	9.32571	1.54386	1.54386	1	1	
0.490361	-nan	1.54773	1.85314	1	1	1	1	1	1	9.36761	1.54773	1.54773	1	1	
0.493976	-nan	1.55159	1.8536	1	1	1	1	1	1	9.41062	1.55159	1.55159	1	1	
0.49759	-nan	1.55544	1.85404	1	1	1	1	1	1	9.45475	1.55544	1.55544	1	1	
0.501205	-nan	1.55929	1.85447	1	1	1	1	1	1	9.5	1.55929	1.55929	1	1	
0.504819	-nan	1.56312	1.85489	1	1	1	1	1	1	9.54638	1.56312	1.56312	1	1	
0.508434	-nan	1.56695	1.85529	1	1	1	1	1	1	9.59388	1.56695	1.56695	1	1	
0.512048	-nan	1.57077	1.85569	1	1	1	1	1	1	9.64251	1.57077	1.57077	1	1	
0.515663	-nan	1.57459	1.85608	1	1	1	1	1	1	9.69226	1.57459	1.57459	1	1	
0.519277	-nan	1.57839	1.85645	1	1	1	1	1	1	9.74311	1.57839	1.57839	1	1	
0.522892	-nan	1.58218	1.85682	1	1	1	1	1	1	9.79504	1.58218	1.58218	1	1	
0.526506	-nan	1.58597	1.85717	1	1	1	1	1	1	9.84805	1.58597	1.58597	1	1	
0.53012	-nan	1.58974	1.85752	1	1	1	1	1	1	9.90208	1.58974	1.58974	1	1	
0.533735	-nan	1.59351	1.85786	1	1	1	1	1	1	9.95713	1.59351	1.59351	1	1	
0.537349	-nan	1.59727	1.85819	1	1	1	1	1	1	10.0131	1.59727	1.59727	1	1	
0.540964	-nan	1.60101	1.85851	1	1	1	1	1	1	10.0701	1.60101	1.60101	1	1	
0.544578	-nan	1.60475	1.85883	1	1	1	1	1	1	10.1279	1.60475	1.60475	1	1	
0.548193	-nan	1.60848	1.85914	1	1	1	1	1	1	10.1865	1.60848	1.60848	1	1	
0.551807	-nan	1.6122	1.85944	1	1	1	1	1	1	10.2459	1.6122	1.6122	1	1	
0.555422	-nan	1.6159	1.85973	1	1	1	1	1	1	10.306	1.6159	1.6159	1	1	
0.559036	-nan	1.6196	1.86001	1	1	1	1	1	1	10.3667	1.6196	1.6196	1	1	
0.562651	-nan	1.62329	1.86029	1	1	1	1	1	1	10.428	1.62329	1.62329	1	1	
0.566265	-nan	1.62696	1.86056	1	1	1	1	1	1	10.4898	1.62696	1.62696	1	1	
0.56988	-nan	1.63063	1.86083	1	1	1	1	1	1	10.552	1.63063	1.63063	1	1	
0.573494	-nan	1.63428	1.86109	1	1	1	1	1	1	10.6145	1.63428	1.63428	1	1	
0.577108	-nan	1.63793	1.86134	1	1	1	1	1	1	10.6772	1.63793	1.63793	1	1	
0.580723	-nan	1.64156	1.86159	1	1	1	1	1	1	10.7401	1.64156	1.64156	1	1	
0.584337	-nan	1.64518	1.86183	1	1	1	1	1	1	10.8032	1.64518	1.64518	1	1	
0.587952	-nan	1.64879	1.86207	1	1	1	1	1	1	10.8662	1.64879	1.64879	1	1	
0.591566	-nan	1.65239	1.8623	1	1	1	1	1	1	10.9291	1.65239	1.65239	1	1	
0.595181	-nan	1.65598	1.86252	1	1	1	1	1	1	10.9919	1.65598	1.65598	1	1	
0.598795	-nan	1.65956	1.86274	1	1	1	1	1	1	11.0545	1.65956	1.65956	1	1	
0.60241	-nan	1.66312	1.86296	1	1	1	1	1	1	11.1168	1.66312	1.66312	1	1	
0.606024	-nan	1.66668	1.86317	1	1	1	1	1	1	11.1788	1.66668	1.66668	1	1	
0.609639	-nan	1.67022	1.86338	1	1	1	1	1	1	11.2403	1.67022	1.67022	1	1	
0.613253	-nan	1.67375	1.86358	1	1	1	1	1	1	11.3014	1.67375	1.67375	1	1	
0.616867	-nan	1.67727	1.86378	1	1	1	1	1	1	11.3619	1.67727	1.67727	1	1	
0.620482	-nan	1.68077	1.86397	1	1	1	1	1	1	11.4219	1.68077	1.68077	1	1	
0.624096	-nan	1.68427	1.86416	1	1	1	1	1	1	11.4812	1.68427	1.68427	1	1	
0.627711	-nan	1.68775	1.86434	1	1	1	1	1	1	11.54	1.68775	1.68775	1	1	
0.631325	-nan	1.69122	1.86453	1	1	1	1	1	1	11.598	1.69122	1.69122	1	1	
0.63494	-nan	1.69468	1.8647	1	1	1	1	1	1	11.6553	1.69468	1.69468	1	1	
0.638554	-nan	1.69813	1.86488	1	1	1	1	1	1	11.712	1.69813	1.69813	1	1	
0.642169	-nan	1.70156	1.86505	1	1	1	1	1	1	11.7678	1.70156	1.70156	1	1	
0.645783	-nan	1.70498	1.86521	1	1	1	1	1	1	11.8229	1.70498	1.70498	1	1	
0.649398	-nan	1.70839	1.86537	1	1	1	1	1	1	11.8772	1.70839	1.70839	1	1	
0.653012	-nan	1.71178	1.86553	1	1	1	1	1	1	11.9308	1.71178	1.71178	1	1	
0.656627	-nan	1.71517	1.86569	1	1	1	1	1	1	11.9835	1.71517	1.71517	1	1	
0.660241	-nan	1.71854	1.86584	1	1	1	1	1	1	12.0355	1.71854	1.71854	1	1	
0.663855	-nan	1.7219	1.86599	1	1	1	1	1	1	12.0867	1.7219	1.7219	1	1	
0.66747	-nan	1.72524	1.86614	1	1	1	1	1	1	12.1371	1.72524	1.72524	1	1	
0.671084	-nan	1.72857	1.86628	1	1	1	1	1	1	12.1867	1.72857	1.72857	1	1	
0.674699	-nan	1.73189	1.86643	1	1	1	1	1	1	12.2355	1.73189	1.73189	1	1	
0.678313	-nan	1.7352	1.86656	1	1	1	1	1	1	12.2836	1.7352	1.7352	1	1	
0.681928	-nan	1.7385	1.8667	1	1	1	1	1	1	12.3308	1.7385	1.7385	1	1	
0.685542	-nan	1.74178	1.86683	1	1	1	1	1	1	12.3774	1.74178	1.74178	1	1	
0.689157	-nan	1.74505	1.86696	1	1	1	1	1	1	12.4231	1.74505	1.74505	1	1	
0.692771	-nan	1.7483	1.86709	1	1	1	1	1	1	12.4681	1.7483	1.7483	1	1	
0.696386	-nan	1.75154	1.86722	1	1	1	1	1	1	12.5124	1.75154	1.75154	1	1	
0.7	-nan	1.75477	1.86734	1	1	1	1	1	1	12.556	1.75477	1.75477	1	1	
0.703614	-nan	1.75799	1.86746	1	1	1	1	1	1	12.5988	1.75799	1.75799	1	1	
0.707229	-nan	1.76119	1.86758	1	1	1	1	1	1	12.6409	1.76119	1.76119	1	1	
0.710843	-nan	1.76438	1.86769	1	1	1	1	1	1	12.6823	1.76438	1.76438	1	1	
0.714458	-nan	1.76756	1.86781	1	1	1	1	1	1	12.7231	1.76756	1.76756	1	1	
0.718072	-nan	1.77072	1.86792	1	1	1	1	1	1	12.7631	1.77072	1.77072	1	1	
0.721687	-nan	1.77387	1.86803	1	1	1	1	1	1	12.8025	1.77387	1.77387	1	1	
0.725301	-nan	1.77701	1.86813	1	1	1	1	1	1	12.8412	1.77701	1.77701	1	1	
0.728916	-nan	1.78013	1.86824	1	1	1	1	1	1	12.8792	1.78013	1.78013	1	1	
0.73253	-nan	1.78324	1.86834	1	1	1	1	1	1	12.9166	1.78324	1.78324	1	1	
0.736145	-nan	1.78634	1.86844	1	1	1	1	1	1	12.9533	1.78634	1.78634	1	1	
0.739759	-nan	1.78943	1.86854	1	1	1	1	1	1	12.9894	1.78943	1.78943	1	1	
0.743373	-nan	1.7925	1.86864	1	1	1	1	1	1	13.0249	1.7925	1.7925	1	1	
0.746988	-nan	1.79555	1.86874	1	1	1	1	1	1	13.0598	1.79555	1.79555	1	1	
0.750602	-nan	1.7986	1.86883	1	1	1	1	1	1	13.094	1.7986	1.7986	1	1	
0.754217	-nan	1.80163	1.86892	1	1	1	1	1	1	13.1277	1.80163	1.80163	1	1	
0.757831	-nan	1.80465	1.86901	1	1	1	1	1	1	13.1607	1.80465	1.80465	1	1	
0.761446	-nan	1.80765	1.8691	1	1	1	1	1	1	13.1932	1.80765	1.80765	1	1	
0.76506	-nan	1.81064	1.86919	1	1	1	1	1	1	13.2251	1.81064	1.81064	1	1	
0.768675	-nan	1.81362	1.86927	1	1	1	1	1	1	13.2564	1.81362	1.81362	1	1	
0.772289	-nan	1.81659	1.86936	1	1	1	1	1	1	13.2872	1.81659	1.81659	1	1	
0.775904	-nan	1.81954	1.86944	1	1	1	1	1	1	13.3174	1.81954	1.81954	1	1	
0.779518	-nan	1.82248	1.86952	1	1	1	1	1	1	13.3471	1.82248	1.82248	1	1	
0.783133	-nan	1.8254	1.8696	1	1	1	1	1	1	13.3762	1.8254	1.8254	1	1	
0.786747	-nan	1.82831	1.86968	1	1	1	1	1	1	13.4048	1.82831	1.82831	1	1	
0.790361	-nan	1.83121	1.86976	1	1	1	1	1	1	13.4328	1.83121	1.83121	1	1	
0.793976	-nan	1.8341	1.86983	1	1	1	1	1	1	13.4604	1.8341	1.8341	1	1	
0.79759	-nan	1.83697	1.86991	1	1	1	1	1	1	13.4874	1.83697	1.83697	1	1	
0.801205	-nan	1.83983	1.86998	1	1	1	1	1	1	13.514	1.83983	1.83983	1	1	
0.804819	-nan	1.84267	1.87005	1	1	1	1	1	1	13.54	1.84267	1.84267	1	1	
0.808434	-nan	1.84551	1.87012	1	1	1	1	1	1	13.5656	1.84551	1.84551	1	1	
0.812048	-nan	1.84833	1.87019	1	1	1	1	1	1	13.5907	1.84833	1.84833	1	1	
0.815663	-nan	1.85113	1.87026	1	1	1	1	1	1	13.6153	1.85113	1.85113	1	1	
0.819277	-nan	1.85392	1.87032	1	1	1	1	1	1	13.6394	1.85392	1.85392	1	1	
0.822892	-nan	1.8567	1.87039	1	1	1	1	1	1	13.6631	1.8567	1.8567	1	1	
0.826506	-nan	1.85947	1.87045	1	1	1	1	1	1	13.6864	1.85947	1.85947	1	1	
0.83012	-nan	1.86223	1.87052	1	1	1	1	1	1	13.7092	1.86223	1.86223	1	1	
0.833735	-nan	1.86497	1.87058	1	1	1	1	1	1	13.7316	1.86497	1.86497	1	1	
0.837349	-nan	1.8677	1.87064	1	1	1	1	1	1	13.7535	1.8677	1.8677	1	1	
0.840964	-nan	1.87041	1.8707	1	1	1	1	1	1	13.775	1.87041	1.87041	1	1	
0.844578	-nan	1.87311	1.87076	1	1	1	1	1	1	13.7962	1.87311	1.87311	1	1	
0.848193	-nan	1.8758	1.87082	1	1	1	1	1	1	13.8169	1.8758	1.8758	1	1	
0.851807	-nan	1.87848	1.87087	1	1	1	1	1	1	13.8372	1.87848	1.87848	1	1	
0.855422	-nan	1.88114	1.87093	1	1	1	1	1	1	13.8571	1.88114	1.88114	1	1	
0.859036	-nan	1.88379	1.87098	1	1	1	1	1	1	13.8767	1.88379	1.88379	1	1	
0.862651	-nan	1.88643	1.87104	1	1	1	1	1	1	13.8958	1.88643	1.88643	1	1	
0.866265	-nan	1.88906	1.87109	1	1	1	1	1	1	13.9146	1.88906	1.88906	1	1	
0.86988	-nan	1.89167	1.87114	1	1	1	1	1	1	13.9331	1.89167	1.89167	1	1	
0.873494	-nan	1.89427	1.87119	1	1	1	1	1	1	13.9512	1.89427	1.89427	1	1	
0.877108	-nan	1.89685	1.87124	1	1	1	1	1	1	13.9689	1.89685	1.89685	1	1	
0.880723	-nan	1.89943	1.87129	1	1	1	1	1	1	13.9863	1.89943	1.89943	1	1	
0.884337	-nan	1.90199	1.87134	1	1	1	1	1	1	14.0033	1.90199	1.90199	1	1	
0.887952	-nan	1.90454	1.87139	1	1	1	1	1	1	14.0201	1.90454	1.90454	1	1	
0.891566	-nan	1.90708	1.87144	1	1	1	1	1	1	14.0365	1.90708	1.90708	1	1	
0.895181	-nan	1.9096	1.87148	1	1	1	1	1	1	14.0525	1.9096	1.9096	1	1	
0.898795	-nan	1.91211	1.87153	1	1	1	1	1	1	14.0683	1.91211	1.91211	1	1	
0.90241	-nan	1.91461	1.87157	1	1	1	1	1	1	14.0838	1.91461	1.91461	1	1	
0.906024	-nan	1.9171	1.87162	1	1	1	1	1	1	14.0989	1.9171	1.9171	1	1	
0.909639	-nan	1.91957	1.87166	1	1	1	1	1	1	14.1138	1.91957	1.91957	1	1	
0.913253	-nan	1.92204	1.8717	1	1	1	1	1	1	14.1284	1.92204	1.92204	1	1	
0.916867	-nan	1.92449	1.87174	1	1	1	1	1	1	14.1427	1.92449	1.92449	1	1	
0.920482	-nan	1.92693	1.87179	1	1	1	1	1	1	14.1567	1.92693	1.92693	1	1	
0.924096	-nan	1.92935	1.87183	1	1	1	1	1	1	14.1705	1.92935	1.92935	1	1	
0.927711	-nan	1.93177	1.87187	1	1	1	1	1	1	14.1839	1.93177	1.93177	1	1	
0.931325	-nan	1.93417	1.8719	1	1	1	1	1	1	14.1972	1.93417	1.93417	1	1	
0.93494	-nan	1.93656	1.87194	1	1	1	1	1	1	14.2101	1.93656	1.93656	1	1	
0.938554	-nan	1.93893	1.87198	1	1	1	1	1	1	14.2228	1.93893	1.93893	1	1	
0.942169	-nan	1.9413	1.87202	1	1	1	1	1	1	14.2353	1.9413	1.9413	1	1	
0.945783	-nan	1.94365	1.87205	1	1	1	1	1	1	14.2475	1.94365	1.94365	1	1	
0.949398	-nan	1.946	1.87209	1	1	1	1	1	1	14.2595	1.946	1.946	1	1	
0.953012	-nan	1.94833	1.87212	1	1	1	1	1	1	14.2713	1.94833	1.94833	1	1	
0.956627	-nan	1.95064	1.87216	1	1	1	1	1	1	14.2828	1.95064	1.95064	1	1	
0.960241	-nan	1.95295	1.87219	1	1	1	1	1	1	14.2941	1.95295	1.95295	1	1	
0.963855	-nan	1.95525	1.87223	1	1	1	1	1	1	14.3052	1.95525	1.95525	1	1	
0.96747	-nan	1.95753	1.87226	1	1	1	1	1	1	14.3161	1.95753	1.95753	1	1	
0.971084	-nan	1.9598	1.87229	1	1	1	1	1	1	14.3267	1.9598	1.9598	1	1	
0.974699	-nan	1.96206	1.87232	1	1	1	1	1	1	14.3372	1.96206	1.96206	1	1	
0.978313	-nan	1.96431	1.87235	1	1	1	1	1	1	14.3474	1.96431	1.96431	1	1	
0.981928	-nan	1.96655	1.87239	1	1	1	1	1	1	14.3575	1.96655	1.96655	1	1	
0.985542	-nan	1.96877	1.87242	1	1	1	1	1	1	14.3673	1.96877	1.96877	1	1	
0.989157	-nan	1.97099	1.87244	1	1	1	1	1	1	14.377	1.97099	1.97099	1	1	
0.992771	-nan	1.97319	1.87247	1	1	1	1	1	1	14.3865	1.97319	1.97319	1	1	
0.996386	-nan	1.97538	1.8725	1	1	1	1	1	1	14.3958	1.97538	1.97538	1	1	
1	-nan	-nan	-nan	-nan	-nan	-nan	-nan	-nan	-nan	-nan	-nan	-nan	-nan	-nan	
