1e-05	-nan	0.328441	0.824461	1	1	1	1	1	1	0.0712078	0.328441	0.328441	1	1	
1.03753e-05	-nan	0.328906	0.8244	1	1	1	1	1	1	0.0712489	0.328906	0.328906	1	1	
1.07647e-05	-nan	0.329377	0.824339	1	1	1	1	1	1	0.0712904	0.329377	0.329377	1	1	
1.11686e-05	-nan	0.329854	0.824277	1	1	1	1	1	1	0.0713324	0.329854	0.329854	1	1	
1.15878e-05	-nan	0.330337	0.824214	1	1	1	1	1	1	0.0713749	0.330337	0.330337	1	1	
1.20226e-05	-nan	0.330825	0.824151	1	1	1	1	1	1	0.0714178	0.330825	0.330825	1	1	
1.24738e-05	-nan	0.33132	0.824088	1	1	1	1	1	1	0.0714611	0.33132	0.33132	1	1	
1.2942e-05	-nan	0.331822	0.824024	1	1	1	1	1	1	0.071505	0.331822	0.331822	1	1	
1.34276e-05	-nan	0.332329	0.82396	1	1	1	1	1	1	0.0715493	0.332329	0.332329	1	1	
1.39316e-05	-nan	0.332843	0.823896	1	1	1	1	1	1	0.071594	0.332843	0.332843	1	1	
1.44544e-05	-nan	0.333364	0.823831	1	1	1	1	1	1	0.0716392	0.333364	0.333364	1	1	
1.49968e-05	-nan	0.33389	0.823766	1	1	1	1	1	1	0.0716849	0.33389	0.33389	1	1	
1.55597e-05	-nan	0.334424	0.8237	1	1	1	1	1	1	0.0717311	0.334424	0.334424	1	1	
1.61436e-05	-nan	0.334965	0.823634	1	1	1	1	1	1	0.0717778	0.334965	0.334965	1	1	
1.67494e-05	-nan	0.335512	0.823568	1	1	1	1	1	1	0.0718249	0.335512	0.335512	1	1	
1.7378e-05	-nan	0.336066	0.823501	1	1	1	1	1	1	0.0718725	0.336066	0.336066	1	1	
1.80302e-05	-nan	0.336628	0.823434	1	1	1	1	1	1	0.0719206	0.336628	0.336628	1	1	
1.87068e-05	-nan	0.337196	0.823367	1	1	1	1	1	1	0.0719692	0.337196	0.337196	1	1	
1.94089e-05	-nan	0.337772	0.823299	1	1	1	1	1	1	0.0720182	0.337772	0.337772	1	1	
2.01372e-05	-nan	0.338355	0.823231	1	1	1	1	1	1	0.0720677	0.338355	0.338355	1	1	
2.0893e-05	-nan	0.338946	0.823163	1	1	1	1	1	1	0.0721178	0.338946	0.338946	1	1	
2.1677e-05	-nan	0.339544	0.823094	1	1	1	1	1	1	0.0721683	0.339544	0.339544	1	1	
2.24905e-05	-nan	0.34015	0.823025	1	1	1	1	1	1	0.0722193	0.34015	0.34015	1	1	
2.33346e-05	-nan	0.340764	0.822956	1	1	1	1	1	1	0.0722708	0.340764	0.340764	1	1	
2.42103e-05	-nan	0.341386	0.822886	1	1	1	1	1	1	0.0723228	0.341386	0.341386	1	1	
2.51189e-05	-nan	0.342016	0.822817	1	1	1	1	1	1	0.0723752	0.342016	0.342016	1	1	
2.60615e-05	-nan	0.342654	0.822747	1	1	1	1	1	1	0.0724282	0.342654	0.342654	1	1	
2.70396e-05	-nan	0.343301	0.822676	1	1	1	1	1	1	0.0724817	0.343301	0.343301	1	1	
2.80543e-05	-nan	0.343956	0.822606	1	1	1	1	1	1	0.0725356	0.343956	0.343956	1	1	
2.91072e-05	-nan	0.344619	0.822535	1	1	1	1	1	1	0.0725901	0.344619	0.344619	1	1	
3.01995e-05	-nan	0.345292	0.822464	1	1	1	1	1	1	0.072645	0.345292	0.345292	1	1	
3.13329e-05	-nan	0.345973	0.822393	1	1	1	1	1	1	0.0727005	0.345973	0.345973	1	1	
3.25087e-05	-nan	0.346663	0.822322	1	1	1	1	1	1	0.0727564	0.346663	0.346663	1	1	
3.37287e-05	-nan	0.347362	0.822251	1	1	1	1	1	1	0.0728129	0.347362	0.347362	1	1	
3.49945e-05	-nan	0.34807	0.822179	1	1	1	1	1	1	0.0728698	0.34807	0.34807	1	1	
3.63078e-05	-nan	0.348788	0.822107	1	1	1	1	1	1	0.0729272	0.348788	0.348788	1	1	
3.76704e-05	-nan	0.349515	0.822035	1	1	1	1	1	1	0.0729852	0.349515	0.349515	1	1	
3.90841e-05	-nan	0.350252	0.821964	1	1	1	1	1	1	0.0730436	0.350252	0.350252	1	1	
4.05509e-05	-nan	0.350998	0.821892	1	1	1	1	1	1	0.0731025	0.350998	0.350998	1	1	
4.20727e-05	-nan	0.351755	0.82182	1	1	1	1	1	1	0.0731619	0.351755	0.351755	1	1	
4.36516e-05	-nan	0.352521	0.821748	1	1	1	1	1	1	0.0732218	0.352521	0.352521	1	1	
4.52898e-05	-nan	0.353298	0.821675	1	1	1	1	1	1	0.0732823	0.353298	0.353298	1	1	
4.69894e-05	-nan	0.354085	0.821603	1	1	1	1	1	1	0.0733432	0.354085	0.354085	1	1	
4.87528e-05	-nan	0.354883	0.821531	1	1	1	1	1	1	0.0734045	0.354883	0.354883	1	1	
5.05825e-05	-nan	0.355692	0.821459	1	1	1	1	1	1	0.0734664	0.355692	0.355692	1	1	
5.24807e-05	-nan	0.356511	0.821387	1	1	1	1	1	1	0.0735288	0.356511	0.356511	1	1	
5.44503e-05	-nan	0.357342	0.821315	1	1	1	1	1	1	0.0735916	0.357342	0.357342	1	1	
5.64937e-05	-nan	0.358183	0.821244	1	1	1	1	1	1	0.073655	0.358183	0.358183	1	1	
5.86138e-05	-nan	0.359036	0.821172	1	1	1	1	1	1	0.0737188	0.359036	0.359036	1	1	
6.08135e-05	-nan	0.359901	0.821101	1	1	1	1	1	1	0.0737831	0.359901	0.359901	1	1	
6.30957e-05	-nan	0.360777	0.821029	1	1	1	1	1	1	0.0738479	0.360777	0.360777	1	1	
6.54636e-05	-nan	0.361665	0.820958	1	1	1	1	1	1	0.0739132	0.361665	0.361665	1	1	
6.79204e-05	-nan	0.362565	0.820888	1	1	1	1	1	1	0.0739789	0.362565	0.362565	1	1	
7.04693e-05	-nan	0.363478	0.820817	1	1	1	1	1	1	0.0740451	0.363478	0.363478	1	1	
7.31139e-05	-nan	0.364402	0.820747	1	1	1	1	1	1	0.0741118	0.364402	0.364402	1	1	
7.58578e-05	-nan	0.36534	0.820677	1	1	1	1	1	1	0.0741789	0.36534	0.36534	1	1	
7.87046e-05	-nan	0.36629	0.820608	1	1	1	1	1	1	0.0742465	0.36629	0.36629	1	1	
8.16582e-05	-nan	0.367253	0.820539	1	1	1	1	1	1	0.0743146	0.367253	0.367253	1	1	
8.47227e-05	-nan	0.36823	0.82047	1	1	1	1	1	1	0.0743831	0.36823	0.36823	1	1	
8.79023e-05	-nan	0.36922	0.820402	1	1	1	1	1	1	0.0744521	0.36922	0.36922	1	1	
9.12011e-05	-nan	0.370223	0.820335	1	1	1	1	1	1	0.0745215	0.370223	0.370223	1	1	
9.46237e-05	-nan	0.37124	0.820268	1	1	1	1	1	1	0.0745913	0.37124	0.37124	1	1	
9.81748e-05	-nan	0.372272	0.820201	1	1	1	1	1	1	0.0746616	0.372272	0.372272	1	1	
0.000101859	-nan	0.373317	0.820135	1	1	1	1	1	1	0.0747324	0.373317	0.373317	1	1	
0.000105682	-nan	0.374377	0.82007	1	1	1	1	1	1	0.0748035	0.374377	0.374377	1	1	
0.000109648	-nan	0.375452	0.820006	1	1	1	1	1	1	0.0748751	0.375452	0.375452	1	1	
0.000113763	-nan	0.376541	0.819943	1	1	1	1	1	1	0.0749471	0.376541	0.376541	1	1	
0.000118032	-nan	0.377646	0.81988	1	1	1	1	1	1	0.0750196	0.377646	0.377646	1	1	
0.000122462	-nan	0.378766	0.819818	1	1	1	1	1	1	0.0750924	0.378766	0.378766	1	1	
0.000127057	-nan	0.379901	0.819757	1	1	1	1	1	1	0.0751656	0.379901	0.379901	1	1	
0.000131826	-nan	0.381052	0.819697	1	1	1	1	1	1	0.0752393	0.381052	0.381052	1	1	
0.000136773	-nan	0.38222	0.819638	1	1	1	1	1	1	0.0753133	0.38222	0.38222	1	1	
0.000141906	-nan	0.383403	0.81958	1	1	1	1	1	1	0.0753877	0.383403	0.383403	1	1	
0.000147231	-nan	0.384603	0.819523	1	1	1	1	1	1	0.0754625	0.384603	0.384603	1	1	
0.000152757	-nan	0.38582	0.819468	1	1	1	1	1	1	0.0755376	0.38582	0.38582	1	1	
0.000158489	-nan	0.387054	0.819414	1	1	1	1	1	1	0.0756131	0.387054	0.387054	1	1	
0.000164437	-nan	0.388305	0.819361	1	1	1	1	1	1	0.075689	0.388305	0.388305	1	1	
0.000170608	-nan	0.389573	0.819309	1	1	1	1	1	1	0.0757652	0.389573	0.389573	1	1	
0.000177011	-nan	0.39086	0.819259	1	1	1	1	1	1	0.0758417	0.39086	0.39086	1	1	
0.000183654	-nan	0.392164	0.81921	1	1	1	1	1	1	0.0759186	0.392164	0.392164	1	1	
0.000190546	-nan	0.393487	0.819163	1	1	1	1	1	1	0.0759958	0.393487	0.393487	1	1	
0.000197697	-nan	0.394828	0.819118	1	1	1	1	1	1	0.0760733	0.394828	0.394828	1	1	
0.000205116	-nan	0.396188	0.819074	1	1	1	1	1	1	0.0761511	0.396188	0.396188	1	1	
0.000212814	-nan	0.397567	0.819032	1	1	1	1	1	1	0.0762292	0.397567	0.397567	1	1	
0.0002208	-nan	0.398966	0.818992	1	1	1	1	1	1	0.0763076	0.398966	0.398966	1	1	
0.000229087	-nan	0.400384	0.818953	1	1	1	1	1	1	0.0763863	0.400384	0.400384	1	1	
0.000237684	-nan	0.401822	0.818917	1	1	1	1	1	1	0.0764652	0.401822	0.401822	1	1	
0.000246604	-nan	0.403281	0.818883	1	1	1	1	1	1	0.0765443	0.403281	0.403281	1	1	
0.000255859	-nan	0.40476	0.818851	1	1	1	1	1	1	0.0766237	0.40476	0.40476	1	1	
0.000265461	-nan	0.40626	0.818822	1	1	1	1	1	1	0.0767034	0.40626	0.40626	1	1	
0.000275423	-nan	0.407781	0.818795	1	1	1	1	1	1	0.0767832	0.407781	0.407781	1	1	
0.000285759	-nan	0.409324	0.81877	1	1	1	1	1	1	0.0768633	0.409324	0.409324	1	1	
0.000296483	-nan	0.410888	0.818748	1	1	1	1	1	1	0.0769435	0.410888	0.410888	1	1	
0.00030761	-nan	0.412475	0.818728	1	1	1	1	1	1	0.0770239	0.412475	0.412475	1	1	
0.000319154	-nan	0.414084	0.818711	1	1	1	1	1	1	0.0771045	0.414084	0.414084	1	1	
0.000331131	-nan	0.415715	0.818697	1	1	1	1	1	1	0.0771852	0.415715	0.415715	1	1	
0.000343558	-nan	0.41737	0.818686	1	1	1	1	1	1	0.077266	0.41737	0.41737	1	1	
0.000356451	-nan	0.419048	0.818678	1	1	1	1	1	1	0.077347	0.419048	0.419048	1	1	
0.000369828	-nan	0.42075	0.818673	1	1	1	1	1	1	0.077428	0.42075	0.42075	1	1	
0.000383707	-nan	0.422476	0.818672	1	1	1	1	1	1	0.0775092	0.422476	0.422476	1	1	
0.000398107	-nan	0.424226	0.818674	1	1	1	1	1	1	0.0775904	0.424226	0.424226	1	1	
0.000413048	-nan	0.426001	0.818679	1	1	1	1	1	1	0.0776716	0.426001	0.426001	1	1	
0.000428549	-nan	0.427801	0.818688	1	1	1	1	1	1	0.0777529	0.427801	0.427801	1	1	
0.000444631	-nan	0.429627	0.818701	1	1	1	1	1	1	0.0778341	0.429627	0.429627	1	1	
0.000461318	-nan	0.431478	0.818718	1	1	1	1	1	1	0.0779154	0.431478	0.431478	1	1	
0.00047863	-nan	0.433355	0.818739	1	1	1	1	1	1	0.0779966	0.433355	0.433355	1	1	
0.000496592	-nan	0.435259	0.818764	1	1	1	1	1	1	0.0780778	0.435259	0.435259	1	1	
0.000515229	-nan	0.43719	0.818793	1	1	1	1	1	1	0.0781588	0.43719	0.43719	1	1	
0.000534564	-nan	0.439148	0.818827	1	1	1	1	1	1	0.0782398	0.439148	0.439148	1	1	
0.000554626	-nan	0.441133	0.818866	1	1	1	1	1	1	0.0783207	0.441133	0.441133	1	1	
0.00057544	-nan	0.443146	0.818909	1	1	1	1	1	1	0.0784013	0.443146	0.443146	1	1	
0.000597035	-nan	0.445188	0.818957	1	1	1	1	1	1	0.0784819	0.445188	0.445188	1	1	
0.000619441	-nan	0.447258	0.81901	1	1	1	1	1	1	0.0785621	0.447258	0.447258	1	1	
0.000642688	-nan	0.449357	0.819069	1	1	1	1	1	1	0.0786422	0.449357	0.449357	1	1	
0.000666807	-nan	0.451485	0.819133	1	1	1	1	1	1	0.078722	0.451485	0.451485	1	1	
0.000691831	-nan	0.453644	0.819202	1	1	1	1	1	1	0.0788015	0.453644	0.453644	1	1	
0.000717794	-nan	0.455832	0.819277	1	1	1	1	1	1	0.0788806	0.455832	0.455832	1	1	
0.000744732	-nan	0.458051	0.819359	1	1	1	1	1	1	0.0789594	0.458051	0.458051	1	1	
0.000772681	-nan	0.460301	0.819446	1	1	1	1	1	1	0.0790377	0.460301	0.460301	1	1	
0.000801678	-nan	0.462582	0.81954	1	1	1	1	1	1	0.0791156	0.462582	0.462582	1	1	
0.000831764	-nan	0.464894	0.81964	1	1	1	1	1	1	0.079193	0.464894	0.464894	1	1	
0.000862979	-nan	0.467239	0.819747	1	1	1	1	1	1	0.0792699	0.467239	0.467239	1	1	
0.000895365	-nan	0.469616	0.819861	1	1	1	1	1	1	0.0793462	0.469616	0.469616	1	1	
0.000928966	-nan	0.472026	0.819982	1	1	1	1	1	1	0.0794219	0.472026	0.472026	1	1	
0.000963829	-nan	0.474469	0.820111	1	1	1	1	1	1	0.0794969	0.474469	0.474469	1	1	
0.001	-nan	0.476945	0.820247	1	1	1	1	1	1	0.0795712	0.476945	0.476945	1	1	
0.00103753	-nan	0.479456	0.820391	1	1	1	1	1	1	0.0796447	0.479456	0.479456	1	1	
0.00107647	-nan	0.482	0.820543	1	1	1	1	1	1	0.0797174	0.482	0.482	1	1	
0.00111686	-nan	0.48458	0.820703	1	1	1	1	1	1	0.0797892	0.48458	0.48458	1	1	
0.00115878	-nan	0.487194	0.820872	1	1	1	1	1	1	0.07986	0.487194	0.487194	1	1	
0.00120226	-nan	0.489844	0.82105	1	1	1	1	1	1	0.0799298	0.489844	0.489844	1	1	
0.00124738	-nan	0.492529	0.821237	1	1	1	1	1	1	0.0799985	0.492529	0.492529	1	1	
0.0012942	-nan	0.495251	0.821433	1	1	1	1	1	1	0.080066	0.495251	0.495251	1	1	
0.00134276	-nan	0.498009	0.821639	1	1	1	1	1	1	0.0801323	0.498009	0.498009	1	1	
0.00139316	-nan	0.500804	0.821854	1	1	1	1	1	1	0.0801972	0.500804	0.500804	1	1	
0.00144544	-nan	0.503637	0.82208	1	1	1	1	1	1	0.0802607	0.503637	0.503637	1	1	
0.00149968	-nan	0.506506	0.822317	1	1	1	1	1	1	0.0803227	0.506506	0.506506	1	1	
0.00155597	-nan	0.509414	0.822564	1	1	1	1	1	1	0.0803831	0.509414	0.509414	1	1	
0.00161436	-nan	0.51236	0.822822	1	1	1	1	1	1	0.0804418	0.51236	0.51236	1	1	
0.00167494	-nan	0.515345	0.823092	1	1	1	1	1	1	0.0804987	0.515345	0.515345	1	1	
0.0017378	-nan	0.518368	0.823374	1	1	1	1	1	1	0.0805536	0.518368	0.518368	1	1	
0.00180302	-nan	0.521431	0.823668	1	1	1	1	1	1	0.0806065	0.521431	0.521431	1	1	
0.00187068	-nan	0.524533	0.823974	1	1	1	1	1	1	0.0806572	0.524533	0.524533	1	1	
0.00194089	-nan	0.527675	0.824293	1	1	1	1	1	1	0.0807055	0.527675	0.527675	1	1	
0.00201372	-nan	0.530857	0.824625	1	1	1	1	1	1	0.0807514	0.530857	0.530857	1	1	
0.0020893	-nan	0.53408	0.824971	1	1	1	1	1	1	0.0807947	0.53408	0.53408	1	1	
0.0021677	-nan	0.537343	0.82533	1	1	1	1	1	1	0.0808351	0.537343	0.537343	1	1	
0.00224905	-nan	0.540647	0.825704	1	1	1	1	1	1	0.0808726	0.540647	0.540647	1	1	
0.00233346	-nan	0.543992	0.826093	1	1	1	1	1	1	0.080907	0.543992	0.543992	1	1	
0.00242103	-nan	0.547379	0.826497	1	1	1	1	1	1	0.080938	0.547379	0.547379	1	1	
0.00251189	-nan	0.550808	0.826916	1	1	1	1	1	1	0.0809654	0.550808	0.550808	1	1	
0.00260615	-nan	0.554278	0.827351	1	1	1	1	1	1	0.0809891	0.554278	0.554278	1	1	
0.00270396	-nan	0.557791	0.827803	1	1	1	1	1	1	0.0810087	0.557791	0.557791	1	1	
0.00280543	-nan	0.561346	0.828272	1	1	1	1	1	1	0.0810241	0.561346	0.561346	1	1	
0.00291072	-nan	0.564943	0.828758	1	1	1	1	1	1	0.081035	0.564943	0.564943	1	1	
0.00301995	-nan	0.568583	0.829262	1	1	1	1	1	1	0.0810411	0.568583	0.568583	1	1	
0.00313329	-nan	0.572265	0.829785	1	1	1	1	1	1	0.081042	0.572265	0.572265	1	1	
0.00325087	-nan	0.575991	0.830326	1	1	1	1	1	1	0.0810375	0.575991	0.575991	1	1	
0.00337287	-nan	0.579759	0.830887	1	1	1	1	1	1	0.0810273	0.579759	0.579759	1	1	
0.00349945	-nan	0.583571	0.831468	1	1	1	1	1	1	0.0810109	0.583571	0.583571	1	1	
0.00363078	-nan	0.587426	0.832069	1	1	1	1	1	1	0.080988	0.587426	0.587426	1	1	
0.00376704	-nan	0.591323	0.832691	1	1	1	1	1	1	0.0809582	0.591323	0.591323	1	1	
0.00390841	-nan	0.595264	0.833335	1	1	1	1	1	1	0.080921	0.595264	0.595264	1	1	
0.00405509	-nan	0.599248	0.834001	1	1	1	1	1	1	0.080876	0.599248	0.599248	1	1	
0.00420727	-nan	0.603275	0.83469	1	1	1	1	1	1	0.0808227	0.603275	0.603275	1	1	
0.00436516	-nan	0.607346	0.835402	1	1	1	1	1	1	0.0807605	0.607346	0.607346	1	1	
0.00452898	-nan	0.611459	0.836139	1	1	1	1	1	1	0.0806889	0.611459	0.611459	1	1	
0.00469894	-nan	0.615615	0.8369	1	1	1	1	1	1	0.0806073	0.615615	0.615615	1	1	
0.00487528	-nan	0.619814	0.837687	1	1	1	1	1	1	0.080515	0.619814	0.619814	1	1	
0.00505825	-nan	0.624055	0.8385	1	1	1	1	1	1	0.0804113	0.624055	0.624055	1	1	
0.00524807	-nan	0.628339	0.83934	1	1	1	1	1	1	0.0802956	0.628339	0.628339	1	1	
0.00544503	-nan	0.632665	0.840208	1	1	1	1	1	1	0.0801671	0.632665	0.632665	1	1	
0.00564937	-nan	0.637033	0.841104	1	1	1	1	1	1	0.0800248	0.637033	0.637033	1	1	
0.00586138	-nan	0.641442	0.842029	1	1	1	1	1	1	0.079868	0.641442	0.641442	1	1	
0.00608135	-nan	0.645893	0.842984	1	1	1	1	1	1	0.0796957	0.645893	0.645893	1	1	
0.00630957	-nan	0.650385	0.84397	1	1	1	1	1	1	0.0795069	0.650385	0.650385	1	1	
0.00654636	-nan	0.654917	0.844988	1	1	1	1	1	1	0.0793004	0.654917	0.654917	1	1	
0.00679204	-nan	0.659489	0.846038	1	1	1	1	1	1	0.0790752	0.659489	0.659489	1	1	
0.00704693	-nan	0.664101	0.847121	1	1	1	1	1	1	0.0788301	0.664101	0.664101	1	1	
0.00731139	-nan	0.668752	0.848239	1	1	1	1	1	1	0.0785636	0.668752	0.668752	1	1	
0.00758578	-nan	0.673441	0.849393	1	1	1	1	1	1	0.0782745	0.673441	0.673441	1	1	
0.00787046	-nan	0.678169	0.850582	1	1	1	1	1	1	0.0779612	0.678169	0.678169	1	1	
0.00816582	-nan	0.682933	0.851809	1	1	1	1	1	1	0.0776222	0.682933	0.682933	1	1	
0.00847227	-nan	0.687735	0.853074	1	1	1	1	1	1	0.0772556	0.687735	0.687735	1	1	
0.00879023	-nan	0.692573	0.854379	1	1	1	1	1	1	0.0768598	0.692573	0.692573	1	1	
0.00912011	-nan	0.697445	0.855724	1	1	1	1	1	1	0.0764328	0.697445	0.697445	1	1	
0.00946237	-nan	0.702352	0.857111	1	1	1	1	1	1	0.0759726	0.702352	0.702352	1	1	
0.00981748	-nan	0.707293	0.858541	1	1	1	1	1	1	0.0754768	0.707293	0.707293	1	1	
0.0101859	-nan	0.712267	0.860015	1	1	1	1	1	1	0.0749433	0.712267	0.712267	1	1	
0.0105682	-nan	0.717272	0.861533	1	1	1	1	1	1	0.0743694	0.717272	0.717272	1	1	
0.0109648	-nan	0.722308	0.863099	1	1	1	1	1	1	0.0737525	0.722308	0.722308	1	1	
0.0113763	-nan	0.727373	0.864712	1	1	1	1	1	1	0.0730899	0.727373	0.727373	1	1	
0.0118032	-nan	0.732468	0.866375	1	1	1	1	1	1	0.0723785	0.732468	0.732468	1	1	
0.0122462	-nan	0.73759	0.868088	1	1	1	1	1	1	0.0716151	0.73759	0.73759	1	1	
0.0127057	-nan	0.742738	0.869853	1	1	1	1	1	1	0.0707963	0.742738	0.742738	1	1	
0.0131826	-nan	0.747912	0.871672	1	1	1	1	1	1	0.0699186	0.747912	0.747912	1	1	
0.0136773	-nan	0.753109	0.873546	1	1	1	1	1	1	0.0689782	0.753109	0.753109	1	1	
0.0141906	-nan	0.758329	0.875476	1	1	1	1	1	1	0.0679711	0.758329	0.758329	1	1	
0.0147231	-nan	0.763571	0.877465	1	1	1	1	1	1	0.0668932	0.763571	0.763571	1	1	
0.0152757	-nan	0.768832	0.879513	1	1	1	1	1	1	0.06574	0.768832	0.768832	1	1	
0.0158489	-nan	0.774111	0.881624	1	1	1	1	1	1	0.0645069	0.774111	0.774111	1	1	
0.0164437	-nan	0.779408	0.883798	1	1	1	1	1	1	0.0631894	0.779408	0.779408	1	1	
0.0170608	-nan	0.784719	0.886037	1	1	1	1	1	1	0.0617823	0.784719	0.784719	1	1	
0.0177011	-nan	0.790045	0.888344	1	1	1	1	1	1	0.0602809	0.790045	0.790045	1	1	
0.0183654	-nan	0.795382	0.89072	1	1	1	1	1	1	0.0586798	0.795382	0.795382	1	1	
0.0190546	-nan	0.80073	0.893167	1	1	1	1	1	1	0.0569742	0.80073	0.80073	1	1	
0.0197697	-nan	0.806086	0.895688	1	1	1	1	1	1	0.0551588	0.806086	0.806086	1	1	
0.0205116	-nan	0.811449	0.898285	1	1	1	1	1	1	0.0532289	0.811449	0.811449	1	1	
0.0212814	-nan	0.816817	0.900959	1	1	1	1	1	1	0.05118	0.816817	0.816817	1	1	
0.02208	-nan	0.822189	0.903714	1	1	1	1	1	1	0.0490079	0.822189	0.822189	1	1	
0.0229087	-nan	0.827561	0.906551	1	1	1	1	1	1	0.0467093	0.827561	0.827561	1	1	
0.0237684	-nan	0.832932	0.909474	1	1	1	1	1	1	0.044282	0.832932	0.832932	1	1	
0.0246604	-nan	0.838301	0.912485	1	1	1	1	1	1	0.0417248	0.838301	0.838301	1	1	
0.0255859	-nan	0.843664	0.915586	1	1	1	1	1	1	0.0390385	0.843664	0.843664	1	1	
0.0265461	-nan	0.84902	0.918781	1	1	1	1	1	1	0.0362261	0.84902	0.84902	1	1	
0.0275423	-nan	0.854368	0.922072	1	1	1	1	1	1	0.0332938	0.854368	0.854368	1	1	
0.0285759	-nan	0.859704	0.925463	1	1	1	1	1	1	0.0302513	0.859704	0.859704	1	1	
0.0296483	-nan	0.865026	0.928956	1	1	1	1	1	1	0.0271131	0.865026	0.865026	1	1	
0.030761	-nan	0.870332	0.932554	1	1	1	1	1	1	0.0238997	0.870332	0.870332	1	1	
0.0319154	-nan	0.87562	0.936262	1	1	1	1	1	1	0.020639	0.87562	0.87562	1	1	
0.0331131	-nan	0.880888	0.940082	1	1	1	1	1	1	0.0173678	0.880888	0.880888	1	1	
0.0343558	-nan	0.886132	0.944018	1	1	1	1	1	1	0.0141339	0.886132	0.886132	1	1	
0.0356451	-nan	0.891352	0.948074	1	1	1	1	1	1	0.0109986	0.891352	0.891352	1	1	
0.0369828	-nan	0.896543	0.952254	1	1	1	1	1	1	0.00803862	0.896543	0.896543	1	1	
0.0383707	-nan	0.901704	0.956562	1	1	1	1	1	1	0.00534986	0.901704	0.901704	1	1	
0.0398107	-nan	0.906833	0.961002	1	1	1	1	1	1	0.00305003	0.906833	0.906833	1	1	
0.0413048	-nan	0.911926	0.965578	1	1	1	1	1	1	0.00128225	0.911926	0.911926	1	1	
0.0428549	-nan	0.916981	0.970295	1	1	1	1	1	1	0.000218545	0.916981	0.916981	1	1	
0.0444631	-nan	0.921996	0.975157	1	1	1	1	1	1	6.32228e-05	0.921996	0.921996	1	1	
0.0461318	-nan	0.926968	0.98017	1	1	1	1	1	1	0.00105587	0.926968	0.926968	1	1	
0.047863	-nan	0.931894	0.985338	1	1	1	1	1	1	0.00347363	0.931894	0.931894	1	1	
0.0496592	-nan	0.936772	0.990667	1	1	1	1	1	1	0.00763226	0.936772	0.936772	1	1	
0.0515229	-nan	0.941598	0.996163	1	1	1	1	1	1	0.0138854	0.941598	0.941598	1	1	
0.0534564	-nan	0.946371	1.00183	1	1	1	1	1	1	0.0226218	0.946371	0.946371	1	1	
0.0554626	-nan	0.951087	1.00767	1	1	1	1	1	1	0.0342589	0.951087	0.951087	1	1	
0.057544	-nan	0.955744	1.0137	1	1	1	1	1	1	0.0492337	0.955744	0.955744	1	1	
0.0597035	-nan	0.960338	1.01992	1	1	1	1	1	1	0.0679897	0.960338	0.960338	1	1	
0.0619441	-nan	0.964868	1.02634	1	1	1	1	1	1	0.0909592	0.964868	0.964868	1	1	
0.0642688	-nan	0.969329	1.03295	1	1	1	1	1	1	0.118544	0.969329	0.969329	1	1	
0.0666807	-nan	0.97372	1.03978	1	1	1	1	1	1	0.151089	0.97372	0.97372	1	1	
0.0691831	-nan	0.978037	1.04683	1	1	1	1	1	1	0.188865	0.978037	0.978037	1	1	
0.0717794	-nan	0.982277	1.0541	1	1	1	1	1	1	0.232036	0.982277	0.982277	1	1	
0.0744732	-nan	0.986438	1.0616	1	1	1	1	1	1	0.280648	0.986438	0.986438	1	1	
0.0772681	-nan	0.990517	1.06935	1	1	1	1	1	1	0.334607	0.990517	0.990517	1	1	
0.0801678	-nan	0.994509	1.07734	1	1	1	1	1	1	0.393676	0.994509	0.994509	1	1	
0.0831764	-nan	0.998413	1.08559	1	1	1	1	1	1	0.457475	0.998413	0.998413	1	1	
0.0862979	-nan	1.00223	1.09411	1	1	1	1	1	1	0.525488	1.00223	1.00223	1	1	
0.0895365	-nan	1.00594	1.1029	1	1	1	1	1	1	0.597088	1.00594	1.00594	1	1	
0.0928966	-nan	1.00956	1.11198	1	1	1	1	1	1	0.671554	1.00956	1.00956	1	1	
0.0963829	-nan	1.01308	1.12136	1	1	1	1	1	1	0.748109	1.01308	1.01308	1	1	
0.1	-nan	1.01649	1.13103	1	1	1	1	1	1	0.825945	1.01649	1.01649	1	1	
0.103614	-nan	1.01968	1.14066	1	1	1	1	1	1	0.901421	1.01968	1.01968	1	1	
0.107229	-nan	1.02266	1.15024	1	1	1	1	1	1	0.974079	1.02266	1.02266	1	1	
0.110843	-nan	1.02545	1.15977	1	1	1	1	1	1	1.04356	1.02545	1.02545	1	1	
0.114458	-nan	1.02805	1.16927	1	1	1	1	1	1	1.10962	1.02805	1.02805	1	1	
0.118072	-nan	1.03049	1.17872	1	1	1	1	1	1	1.17216	1.03049	1.03049	1	1	
0.121687	-nan	1.03277	1.18813	1	1	1	1	1	1	1.23112	1.03277	1.03277	1	1	
0.125301	-nan	1.03491	1.19751	1	1	1	1	1	1	1.28654	1.03491	1.03491	1	1	
0.128916	-nan	1.0369	1.20684	1	1	1	1	1	1	1.3385	1.0369	1.0369	1	1	
0.13253	-nan	1.03876	1.21614	1	1	1	1	1	1	1.38711	1.03876	1.03876	1	1	
0.136145	-nan	1.0405	1.2254	1	1	1	1	1	1	1.4325	1.0405	1.0405	1	1	
0.139759	-nan	1.04212	1.23462	1	1	1	1	1	1	1.47483	1.04212	1.04212	1	1	
0.143373	-nan	1.04364	1.24381	1	1	1	1	1	1	1.51426	1.04364	1.04364	1	1	
0.146988	-nan	1.04504	1.25295	1	1	1	1	1	1	1.55096	1.04504	1.04504	1	1	
0.150602	-nan	1.04635	1.26206	1	1	1	1	1	1	1.58509	1.04635	1.04635	1	1	
0.154217	-nan	1.04757	1.27113	1	1	1	1	1	1	1.6168	1.04757	1.04757	1	1	
0.157831	-nan	1.04869	1.28017	1	1	1	1	1	1	1.64626	1.04869	1.04869	1	1	
0.161446	-nan	1.04973	1.28916	1	1	1	1	1	1	1.67362	1.04973	1.04973	1	1	
0.16506	-nan	1.05069	1.29812	1	1	1	1	1	1	1.69901	1.05069	1.05069	1	1	
0.168675	-nan	1.05157	1.30703	1	1	1	1	1	1	1.72258	1.05157	1.05157	1	1	
0.172289	-nan	1.05238	1.31591	1	1	1	1	1	1	1.74444	1.05238	1.05238	1	1	
0.175904	-nan	1.05312	1.32475	1	1	1	1	1	1	1.76471	1.05312	1.05312	1	1	
0.179518	-nan	1.05379	1.33355	1	1	1	1	1	1	1.78351	1.05379	1.05379	1	1	
0.183133	-nan	1.0544	1.3423	1	1	1	1	1	1	1.80094	1.0544	1.0544	1	1	
0.186747	-nan	1.05494	1.35102	1	1	1	1	1	1	1.81709	1.05494	1.05494	1	1	
0.190361	-nan	1.05543	1.35969	1	1	1	1	1	1	1.83205	1.05543	1.05543	1	1	
0.193976	-nan	1.05585	1.36832	1	1	1	1	1	1	1.84591	1.05585	1.05585	1	1	
0.19759	-nan	1.05623	1.37691	1	1	1	1	1	1	1.85875	1.05623	1.05623	1	1	
0.201205	-nan	1.05655	1.38545	1	1	1	1	1	1	1.87062	1.05655	1.05655	1	1	
0.204819	-nan	1.05682	1.39395	1	1	1	1	1	1	1.88161	1.05682	1.05682	1	1	
0.208434	-nan	1.05704	1.4024	1	1	1	1	1	1	1.89176	1.05704	1.05704	1	1	
0.212048	-nan	1.05722	1.4108	1	1	1	1	1	1	1.90114	1.05722	1.05722	1	1	
0.215663	-nan	1.05735	1.41916	1	1	1	1	1	1	1.9098	1.05735	1.05735	1	1	
0.219277	-nan	1.05744	1.42748	1	1	1	1	1	1	1.91779	1.05744	1.05744	1	1	
0.222892	-nan	1.05748	1.43574	1	1	1	1	1	1	1.92515	1.05748	1.05748	1	1	
0.226506	-nan	1.05749	1.44396	1	1	1	1	1	1	1.93193	1.05749	1.05749	1	1	
0.23012	-nan	1.05745	1.45212	1	1	1	1	1	1	1.93816	1.05745	1.05745	1	1	
0.233735	-nan	1.05738	1.46024	1	1	1	1	1	1	1.94388	1.05738	1.05738	1	1	
0.237349	-nan	1.05727	1.46831	1	1	1	1	1	1	1.94912	1.05727	1.05727	1	1	
0.240964	-nan	1.05713	1.47632	1	1	1	1	1	1	1.95391	1.05713	1.05713	1	1	
0.244578	-nan	1.05695	1.48429	1	1	1	1	1	1	1.95828	1.05695	1.05695	1	1	
0.248193	-nan	1.05674	1.4922	1	1	1	1	1	1	1.96227	1.05674	1.05674	1	1	
0.251807	-nan	1.05649	1.50005	1	1	1	1	1	1	1.96588	1.05649	1.05649	1	1	
0.255422	-nan	1.05622	1.50786	1	1	1	1	1	1	1.96916	1.05622	1.05622	1	1	
0.259036	-nan	1.05591	1.51561	1	1	1	1	1	1	1.97211	1.05591	1.05591	1	1	
0.262651	-nan	1.05558	1.5233	1	1	1	1	1	1	1.97476	1.05558	1.05558	1	1	
0.266265	-nan	1.05522	1.53095	1	1	1	1	1	1	1.97713	1.05522	1.05522	1	1	
0.26988	-nan	1.05483	1.53853	1	1	1	1	1	1	1.97923	1.05483	1.05483	1	1	
0.273494	-nan	1.05441	1.54606	1	1	1	1	1	1	1.98108	1.05441	1.05441	1	1	
0.277108	-nan	1.05397	1.55353	1	1	1	1	1	1	1.98269	1.05397	1.05397	1	1	
0.280723	-nan	1.0535	1.56095	1	1	1	1	1	1	1.98409	1.0535	1.0535	1	1	
0.284337	-nan	1.053	1.56831	1	1	1	1	1	1	1.98527	1.053	1.053	1	1	
0.287952	-nan	1.05249	1.57561	1	1	1	1	1	1	1.98627	1.05249	1.05249	1	1	
0.291566	-nan	1.05194	1.58285	1	1	1	1	1	1	1.98708	1.05194	1.05194	1	1	
0.295181	-nan	1.05138	1.59003	1	1	1	1	1	1	1.98771	1.05138	1.05138	1	1	
0.298795	-nan	1.05079	1.59716	1	1	1	1	1	1	1.98819	1.05079	1.05079	1	1	
0.30241	-nan	1.05019	1.60422	1	1	1	1	1	1	1.98851	1.05019	1.05019	1	1	
0.306024	-nan	1.04956	1.61123	1	1	1	1	1	1	1.98868	1.04956	1.04956	1	1	
0.309639	-nan	1.04891	1.61817	1	1	1	1	1	1	1.98873	1.04891	1.04891	1	1	
0.313253	-nan	1.04824	1.62506	1	1	1	1	1	1	1.98864	1.04824	1.04824	1	1	
0.316867	-nan	1.04755	1.63188	1	1	1	1	1	1	1.98843	1.04755	1.04755	1	1	
0.320482	-nan	1.04684	1.63865	1	1	1	1	1	1	1.98811	1.04684	1.04684	1	1	
0.324096	-nan	1.04611	1.64535	1	1	1	1	1	1	1.98768	1.04611	1.04611	1	1	
0.327711	-nan	1.04536	1.652	1	1	1	1	1	1	1.98714	1.04536	1.04536	1	1	
0.331325	-nan	1.0446	1.65858	1	1	1	1	1	1	1.98652	1.0446	1.0446	1	1	
0.33494	-nan	1.04382	1.6651	1	1	1	1	1	1	1.9858	1.04382	1.04382	1	1	
0.338554	-nan	1.04302	1.67156	1	1	1	1	1	1	1.985	1.04302	1.04302	1	1	
0.342169	-nan	1.0422	1.67796	1	1	1	1	1	1	1.98411	1.0422	1.0422	1	1	
0.345783	-nan	1.04137	1.6843	1	1	1	1	1	1	1.98315	1.04137	1.04137	1	1	
0.349398	-nan	1.04052	1.69058	1	1	1	1	1	1	1.98212	1.04052	1.04052	1	1	
0.353012	-nan	1.03966	1.69679	1	1	1	1	1	1	1.98102	1.03966	1.03966	1	1	
0.356627	-nan	1.03878	1.70295	1	1	1	1	1	1	1.97986	1.03878	1.03878	1	1	
0.360241	-nan	1.03788	1.70904	1	1	1	1	1	1	1.97863	1.03788	1.03788	1	1	
0.363855	-nan	1.03697	1.71507	1	1	1	1	1	1	1.97735	1.03697	1.03697	1	1	
0.36747	-nan	1.03605	1.72104	1	1	1	1	1	1	1.97601	1.03605	1.03605	1	1	
0.371084	-nan	1.03511	1.72695	1	1	1	1	1	1	1.97462	1.03511	1.03511	1	1	
0.374699	-nan	1.03416	1.7328	1	1	1	1	1	1	1.97319	1.03416	1.03416	1	1	
0.378313	-nan	1.03319	1.73859	1	1	1	1	1	1	1.9717	1.03319	1.03319	1	1	
0.381928	-nan	1.03221	1.74432	1	1	1	1	1	1	1.97018	1.03221	1.03221	1	1	
0.385542	-nan	1.03122	1.74998	1	1	1	1	1	1	1.96861	1.03122	1.03122	1	1	
0.389157	-nan	1.03022	1.75559	1	1	1	1	1	1	1.96701	1.03022	1.03022	1	1	
0.392771	-nan	1.0292	1.76113	1	1	1	1	1	1	1.96537	1.0292	1.0292	1	1	
0.396386	-nan	1.02817	1.76662	1	1	1	1	1	1	1.96369	1.02817	1.02817	1	1	
0.4	-nan	1.02713	1.77204	1	1	1	1	1	1	1.96199	1.02713	1.02713	1	1	
0.403614	-nan	1.02607	1.77741	1	1	1	1	1	1	1.96025	1.02607	1.02607	1	1	
0.407229	-nan	1.02501	1.78272	1	1	1	1	1	1	1.95848	1.02501	1.02501	1	1	
0.410843	-nan	1.02393	1.78796	1	1	1	1	1	1	1.95669	1.02393	1.02393	1	1	
0.414458	-nan	1.02284	1.79315	1	1	1	1	1	1	1.95487	1.02284	1.02284	1	1	
0.418072	-nan	1.02174	1.79828	1	1	1	1	1	1	1.95302	1.02174	1.02174	1	1	
0.421687	-nan	1.02063	1.80335	1	1	1	1	1	1	1.95115	1.02063	1.02063	1	1	
0.425301	-nan	1.01951	1.80837	1	1	1	1	1	1	1.94927	1.01951	1.01951	1	1	
0.428916	-nan	1.01838	1.81332	1	1	1	1	1	1	1.94736	1.01838	1.01838	1	1	
0.43253	-nan	1.01723	1.81822	1	1	1	1	1	1	1.94543	1.01723	1.01723	1	1	
0.436145	-nan	1.01608	1.82306	1	1	1	1	1	1	1.94348	1.01608	1.01608	1	1	
0.439759	-nan	1.01492	1.82785	1	1	1	1	1	1	1.94152	1.01492	1.01492	1	1	
0.443373	-nan	1.01374	1.83257	1	1	1	1	1	1	1.93954	1.01374	1.01374	1	1	
0.446988	-nan	1.01256	1.83725	1	1	1	1	1	1	1.93755	1.01256	1.01256	1	1	
0.450602	-nan	1.01137	1.84186	1	1	1	1	1	1	1.93555	1.01137	1.01137	1	1	
0.454217	-nan	1.01017	1.84642	1	1	1	1	1	1	1.93353	1.01017	1.01017	1	1	
0.457831	-nan	1.00896	1.85093	1	1	1	1	1	1	1.9315	1.00896	1.00896	1	1	
0.461446	-nan	1.00774	1.85538	1	1	1	1	1	1	1.92945	1.00774	1.00774	1	1	
0.46506	-nan	1.00651	1.85978	1	1	1	1	1	1	1.9274	1.00651	1.00651	1	1	
0.468675	-nan	1.00527	1.86413	1	1	1	1	1	1	1.92534	1.00527	1.00527	1	1	
0.472289	-nan	1.00402	1.86842	1	1	1	1	1	1	1.92327	1.00402	1.00402	1	1	
0.475904	-nan	1.00277	1.87266	1	1	1	1	1	1	1.92119	1.00277	1.00277	1	1	
0.479518	-nan	1.0015	1.87685	1	1	1	1	1	1	1.91911	1.0015	1.0015	1	1	
0.483133	-nan	1.00023	1.88098	1	1	1	1	1	1	1.91701	1.00023	1.00023	1	1	
0.486747	-nan	0.99895	1.88506	1	1	1	1	1	1	1.91492	0.99895	0.99895	1	1	
0.490361	-nan	0.997662	1.8891	1	1	1	1	1	1	1.91281	0.997662	0.997662	1	1	
0.493976	-nan	0.996365	1.89308	1	1	1	1	1	1	1.9107	0.996365	0.996365	1	1	
0.49759	-nan	0.995061	1.89701	1	1	1	1	1	1	1.90859	0.995061	0.995061	1	1	
0.501205	-nan	0.993749	1.90089	1	1	1	1	1	1	1.90647	0.993749	0.993749	1	1	
0.504819	-nan	0.99243	1.90473	1	1	1	1	1	1	1.90435	0.99243	0.99243	1	1	
0.508434	-nan	0.991103	1.90851	1	1	1	1	1	1	1.90222	0.991103	0.991103	1	1	
0.512048	-nan	0.989768	1.91225	1	1	1	1	1	1	1.90009	0.989768	0.989768	1	1	
0.515663	-nan	0.988427	1.91594	1	1	1	1	1	1	1.89796	0.988427	0.988427	1	1	
0.519277	-nan	0.987078	1.91958	1	1	1	1	1	1	1.89583	0.987078	0.987078	1	1	
0.522892	-nan	0.985722	1.92318	1	1	1	1	1	1	1.8937	0.985722	0.985722	1	1	
0.526506	-nan	0.984359	1.92672	1	1	1	1	1	1	1.89157	0.984359	0.984359	1	1	
0.53012	-nan	0.982989	1.93023	1	1	1	1	1	1	1.88943	0.982989	0.982989	1	1	
0.533735	-nan	0.981613	1.93368	1	1	1	1	1	1	1.8873	0.981613	0.981613	1	1	
0.537349	-nan	0.980229	1.9371	1	1	1	1	1	1	1.88516	0.980229	0.980229	1	1	
0.540964	-nan	0.978839	1.94047	1	1	1	1	1	1	1.88303	0.978839	0.978839	1	1	
0.544578	-nan	0.977443	1.94379	1	1	1	1	1	1	1.88089	0.977443	0.977443	1	1	
0.548193	-nan	0.97604	1.94707	1	1	1	1	1	1	1.87876	0.97604	0.97604	1	1	
0.551807	-nan	0.974631	1.95031	1	1	1	1	1	1	1.87663	0.974631	0.974631	1	1	
0.555422	-nan	0.973216	1.9535	1	1	1	1	1	1	1.8745	0.973216	0.973216	1	1	
0.559036	-nan	0.971795	1.95666	1	1	1	1	1	1	1.87237	0.971795	0.971795	1	1	
0.562651	-nan	0.970367	1.95977	1	1	1	1	1	1	1.87024	0.970367	0.970367	1	1	
0.566265	-nan	0.968934	1.96284	1	1	1	1	1	1	1.86812	0.968934	0.968934	1	1	
0.56988	-nan	0.967495	1.96587	1	1	1	1	1	1	1.86599	0.967495	0.967495	1	1	
0.573494	-nan	0.966049	1.96886	1	1	1	1	1	1	1.86387	0.966049	0.966049	1	1	
0.577108	-nan	0.964599	1.97181	1	1	1	1	1	1	1.86176	0.964599	0.964599	1	1	
0.580723	-nan	0.963142	1.97472	1	1	1	1	1	1	1.85964	0.963142	0.963142	1	1	
0.584337	-nan	0.96168	1.97759	1	1	1	1	1	1	1.85753	0.96168	0.96168	1	1	
0.587952	-nan	0.960212	1.98043	1	1	1	1	1	1	1.85543	0.960212	0.960212	1	1	
0.591566	-nan	0.95874	1.98322	1	1	1	1	1	1	1.85333	0.95874	0.95874	1	1	
0.595181	-nan	0.957261	1.98598	1	1	1	1	1	1	1.85123	0.957261	0.957261	1	1	
0.598795	-nan	0.955778	1.98871	1	1	1	1	1	1	1.84913	0.955778	0.955778	1	1	
0.60241	-nan	0.954289	1.99139	1	1	1	1	1	1	1.84704	0.954289	0.954289	1	1	
0.606024	-nan	0.952795	1.99404	1	1	1	1	1	1	1.84496	0.952795	0.952795	1	1	
0.609639	-nan	0.951296	1.99666	1	1	1	1	1	1	1.84287	0.951296	0.951296	1	1	
0.613253	-nan	0.949792	1.99923	1	1	1	1	1	1	1.8408	0.949792	0.949792	1	1	
0.616867	-nan	0.948283	2.00178	1	1	1	1	1	1	1.83873	0.948283	0.948283	1	1	
0.620482	-nan	0.94677	2.00429	1	1	1	1	1	1	1.83666	0.94677	0.94677	1	1	
0.624096	-nan	0.945251	2.00677	1	1	1	1	1	1	1.8346	0.945251	0.945251	1	1	
0.627711	-nan	0.943728	2.00921	1	1	1	1	1	1	1.83254	0.943728	0.943728	1	1	
0.631325	-nan	0.9422	2.01162	1	1	1	1	1	1	1.83049	0.9422	0.9422	1	1	
0.63494	-nan	0.940668	2.014	1	1	1	1	1	1	1.82844	0.940668	0.940668	1	1	
0.638554	-nan	0.939131	2.01634	1	1	1	1	1	1	1.8264	0.939131	0.939131	1	1	
0.642169	-nan	0.93759	2.01866	1	1	1	1	1	1	1.82437	0.93759	0.93759	1	1	
0.645783	-nan	0.936044	2.02094	1	1	1	1	1	1	1.82234	0.936044	0.936044	1	1	
0.649398	-nan	0.934494	2.02319	1	1	1	1	1	1	1.82032	0.934494	0.934494	1	1	
0.653012	-nan	0.93294	2.02541	1	1	1	1	1	1	1.8183	0.93294	0.93294	1	1	
0.656627	-nan	0.931381	2.0276	1	1	1	1	1	1	1.81629	0.931381	0.931381	1	1	
0.660241	-nan	0.929818	2.02977	1	1	1	1	1	1	1.81429	0.929818	0.929818	1	1	
0.663855	-nan	0.928252	2.0319	1	1	1	1	1	1	1.81229	0.928252	0.928252	1	1	
0.66747	-nan	0.926681	2.034	1	1	1	1	1	1	1.8103	0.926681	0.926681	1	1	
0.671084	-nan	0.925106	2.03608	1	1	1	1	1	1	1.80831	0.925106	0.925106	1	1	
0.674699	-nan	0.923528	2.03812	1	1	1	1	1	1	1.80634	0.923528	0.923528	1	1	
0.678313	-nan	0.921945	2.04014	1	1	1	1	1	1	1.80436	0.921945	0.921945	1	1	
0.681928	-nan	0.920359	2.04214	1	1	1	1	1	1	1.8024	0.920359	0.920359	1	1	
0.685542	-nan	0.918769	2.0441	1	1	1	1	1	1	1.80044	0.918769	0.918769	1	1	
0.689157	-nan	0.917175	2.04604	1	1	1	1	1	1	1.79849	0.917175	0.917175	1	1	
0.692771	-nan	0.915578	2.04795	1	1	1	1	1	1	1.79654	0.915578	0.915578	1	1	
0.696386	-nan	0.913977	2.04984	1	1	1	1	1	1	1.7946	0.913977	0.913977	1	1	
0.7	-nan	0.912373	2.0517	1	1	1	1	1	1	1.79267	0.912373	0.912373	1	1	
0.703614	-nan	0.910765	2.05353	1	1	1	1	1	1	1.79075	0.910765	0.910765	1	1	
0.707229	-nan	0.909154	2.05534	1	1	1	1	1	1	1.78883	0.909154	0.909154	1	1	
0.710843	-nan	0.907539	2.05713	1	1	1	1	1	1	1.78692	0.907539	0.907539	1	1	
0.714458	-nan	0.905921	2.05889	1	1	1	1	1	1	1.78502	0.905921	0.905921	1	1	
0.718072	-nan	0.9043	2.06063	1	1	1	1	1	1	1.78312	0.9043	0.9043	1	1	
0.721687	-nan	0.902676	2.06235	1	1	1	1	1	1	1.78124	0.902676	0.902676	1	1	
0.725301	-nan	0.901048	2.06404	1	1	1	1	1	1	1.77936	0.901048	0.901048	1	1	
0.728916	-nan	0.899418	2.06571	1	1	1	1	1	1	1.77748	0.899418	0.899418	1	1	
0.73253	-nan	0.897784	2.06735	1	1	1	1	1	1	1.77562	0.897784	0.897784	1	1	
0.736145	-nan	0.896147	2.06898	1	1	1	1	1	1	1.77376	0.896147	0.896147	1	1	
0.739759	-nan	0.894508	2.07058	1	1	1	1	1	1	1.77191	0.894508	0.894508	1	1	
0.743373	-nan	0.892866	2.07216	1	1	1	1	1	1	1.77006	0.892866	0.892866	1	1	
0.746988	-nan	0.89122	2.07372	1	1	1	1	1	1	1.76823	0.89122	0.89122	1	1	
0.750602	-nan	0.889572	2.07526	1	1	1	1	1	1	1.7664	0.889572	0.889572	1	1	
0.754217	-nan	0.887922	2.07678	1	1	1	1	1	1	1.76457	0.887922	0.887922	1	1	
0.757831	-nan	0.886268	2.07827	1	1	1	1	1	1	1.76276	0.886268	0.886268	1	1	
0.761446	-nan	0.884612	2.07975	1	1	1	1	1	1	1.76095	0.884612	0.884612	1	1	
0.76506	-nan	0.882953	2.08121	1	1	1	1	1	1	1.75916	0.882953	0.882953	1	1	
0.768675	-nan	0.881292	2.08264	1	1	1	1	1	1	1.75737	0.881292	0.881292	1	1	
0.772289	-nan	0.879628	2.08406	1	1	1	1	1	1	1.75558	0.879628	0.879628	1	1	
0.775904	-nan	0.877962	2.08546	1	1	1	1	1	1	1.75381	0.877962	0.877962	1	1	
0.779518	-nan	0.876293	2.08684	1	1	1	1	1	1	1.75204	0.876293	0.876293	1	1	
0.783133	-nan	0.874622	2.0882	1	1	1	1	1	1	1.75028	0.874622	0.874622	1	1	
0.786747	-nan	0.872949	2.08955	1	1	1	1	1	1	1.74852	0.872949	0.872949	1	1	
0.790361	-nan	0.871273	2.09087	1	1	1	1	1	1	1.74678	0.871273	0.871273	1	1	
0.793976	-nan	0.869596	2.09218	1	1	1	1	1	1	1.74504	0.869596	0.869596	1	1	
0.79759	-nan	0.867916	2.09347	1	1	1	1	1	1	1.74331	0.867916	0.867916	1	1	
0.801205	-nan	0.866234	2.09475	1	1	1	1	1	1	1.74159	0.866234	0.866234	1	1	
0.804819	-nan	0.864549	2.096	1	1	1	1	1	1	1.73988	0.864549	0.864549	1	1	
0.808434	-nan	0.862863	2.09724	1	1	1	1	1	1	1.73817	0.862863	0.862863	1	1	
0.812048	-nan	0.861175	2.09847	1	1	1	1	1	1	1.73647	0.861175	0.861175	1	1	
0.815663	-nan	0.859485	2.09967	1	1	1	1	1	1	1.73478	0.859485	0.859485	1	1	
0.819277	-nan	0.857793	2.10086	1	1	1	1	1	1	1.7331	0.857793	0.857793	1	1	
0.822892	-nan	0.856099	2.10204	1	1	1	1	1	1	1.73142	0.856099	0.856099	1	1	
0.826506	-nan	0.854403	2.1032	1	1	1	1	1	1	1.72975	0.854403	0.854403	1	1	
0.83012	-nan	0.852705	2.10434	1	1	1	1	1	1	1.72809	0.852705	0.852705	1	1	
0.833735	-nan	0.851006	2.10547	1	1	1	1	1	1	1.72644	0.851006	0.851006	1	1	
0.837349	-nan	0.849305	2.10659	1	1	1	1	1	1	1.7248	0.849305	0.849305	1	1	
0.840964	-nan	0.847602	2.10769	1	1	1	1	1	1	1.72316	0.847602	0.847602	1	1	
0.844578	-nan	0.845898	2.10877	1	1	1	1	1	1	1.72153	0.845898	0.845898	1	1	
0.848193	-nan	0.844192	2.10984	1	1	1	1	1	1	1.71991	0.844192	0.844192	1	1	
0.851807	-nan	0.842485	2.1109	1	1	1	1	1	1	1.71829	0.842485	0.842485	1	1	
0.855422	-nan	0.840776	2.11194	1	1	1	1	1	1	1.71669	0.840776	0.840776	1	1	
0.859036	-nan	0.839065	2.11297	1	1	1	1	1	1	1.71509	0.839065	0.839065	1	1	
0.862651	-nan	0.837354	2.11398	1	1	1	1	1	1	1.7135	0.837354	0.837354	1	1	
0.866265	-nan	0.83564	2.11499	1	1	1	1	1	1	1.71191	0.83564	0.83564	1	1	
0.86988	-nan	0.833926	2.11598	1	1	1	1	1	1	1.71034	0.833926	0.833926	1	1	
0.873494	-nan	0.83221	2.11695	1	1	1	1	1	1	1.70877	0.83221	0.83221	1	1	
0.877108	-nan	0.830493	2.11791	1	1	1	1	1	1	1.70721	0.830493	0.830493	1	1	
0.880723	-nan	0.828775	2.11886	1	1	1	1	1	1	1.70565	0.828775	0.828775	1	1	
0.884337	-nan	0.827056	2.1198	1	1	1	1	1	1	1.70411	0.827056	0.827056	1	1	
0.887952	-nan	0.825335	2.12073	1	1	1	1	1	1	1.70257	0.825335	0.825335	1	1	
0.891566	-nan	0.823614	2.12164	1	1	1	1	1	1	1.70104	0.823614	0.823614	1	1	
0.895181	-nan	0.821891	2.12254	1	1	1	1	1	1	1.69951	0.821891	0.821891	1	1	
0.898795	-nan	0.820168	2.12343	1	1	1	1	1	1	1.698	0.820168	0.820168	1	1	
0.90241	-nan	0.818443	2.12431	1	1	1	1	1	1	1.69649	0.818443	0.818443	1	1	
0.906024	-nan	0.816718	2.12518	1	1	1	1	1	1	1.69499	0.816718	0.816718	1	1	
0.909639	-nan	0.814992	2.12604	1	1	1	1	1	1	1.6935	0.814992	0.814992	1	1	
0.913253	-nan	0.813264	2.12688	1	1	1	1	1	1	1.69201	0.813264	0.813264	1	1	
0.916867	-nan	0.811536	2.12771	1	1	1	1	1	1	1.69053	0.811536	0.811536	1	1	
0.920482	-nan	0.809808	2.12854	1	1	1	1	1	1	1.68906	0.809808	0.809808	1	1	
0.924096	-nan	0.808078	2.12935	1	1	1	1	1	1	1.6876	0.808078	0.808078	1	1	
0.927711	-nan	0.806348	2.13015	1	1	1	1	1	1	1.68614	0.806348	0.806348	1	1	
0.931325	-nan	0.804617	2.13094	1	1	1	1	1	1	1.68469	0.804617	0.804617	1	1	
0.93494	-nan	0.802886	2.13172	1	1	1	1	1	1	1.68325	0.802886	0.802886	1	1	
0.938554	-nan	0.801154	2.13249	1	1	1	1	1	1	1.68181	0.801154	0.801154	1	1	
0.942169	-nan	0.799421	2.13326	1	1	1	1	1	1	1.68038	0.799421	0.799421	1	1	
0.945783	-nan	0.797688	2.13401	1	1	1	1	1	1	1.67896	0.797688	0.797688	1	1	
0.949398	-nan	0.795955	2.13475	1	1	1	1	1	1	1.67755	0.795955	0.795955	1	1	
0.953012	-nan	0.794221	2.13548	1	1	1	1	1	1	1.67614	0.794221	0.794221	1	1	
0.956627	-nan	0.792486	2.1362	1	1	1	1	1	1	1.67474	0.792486	0.792486	1	1	
0.960241	-nan	0.790752	2.13692	1	1	1	1	1	1	1.67335	0.790752	0.790752	1	1	
0.963855	-nan	0.789017	2.13762	1	1	1	1	1	1	1.67196	0.789017	0.789017	1	1	
0.96747	-nan	0.787281	2.13832	1	1	1	1	1	1	1.67059	0.787281	0.787281	1	1	
0.971084	-nan	0.785546	2.139	1	1	1	1	1	1	1.66922	0.785546	0.785546	1	1	
0.974699	-nan	0.78381	2.13968	1	1	1	1	1	1	1.66785	0.78381	0.78381	1	1	
0.978313	-nan	0.782074	2.14035	1	1	1	1	1	1	1.66649	0.782074	0.782074	1	1	
0.981928	-nan	0.780338	2.14101	1	1	1	1	1	1	1.66514	0.780338	0.780338	1	1	
0.985542	-nan	0.778602	2.14166	1	1	1	1	1	1	1.6638	0.778602	0.778602	1	1	
0.989157	-nan	0.776865	2.14231	1	1	1	1	1	1	1.66246	0.776865	0.776865	1	1	
0.992771	-nan	0.775129	2.14294	1	1	1	1	1	1	1.66113	0.775129	0.775129	1	1	
0.996386	-nan	0.773393	2.14357	1	1	1	1	1	1	1.65981	0.773393	0.773393	1	1	
1	-nan	-nan	-nan	-nan	-nan	-nan	-nan	-nan	-nan	-nan	-nan	-nan	-nan	-nan	
