1e-05	-nan	0.605435	0.10697	1	1	1	1	1	1	0.195413	0.605435	0.605435	1	1	
1.03753e-05	-nan	0.605498	0.106985	1	1	1	1	1	1	0.195415	0.605498	0.605498	1	1	
1.07647e-05	-nan	0.605562	0.107002	1	1	1	1	1	1	0.195416	0.605562	0.605562	1	1	
1.11686e-05	-nan	0.605627	0.107019	1	1	1	1	1	1	0.195418	0.605627	0.605627	1	1	
1.15878e-05	-nan	0.605693	0.107038	1	1	1	1	1	1	0.19542	0.605693	0.605693	1	1	
1.20226e-05	-nan	0.605761	0.107059	1	1	1	1	1	1	0.195422	0.605761	0.605761	1	1	
1.24738e-05	-nan	0.605829	0.10708	1	1	1	1	1	1	0.195424	0.605829	0.605829	1	1	
1.2942e-05	-nan	0.605898	0.107103	1	1	1	1	1	1	0.195426	0.605898	0.605898	1	1	
1.34276e-05	-nan	0.605969	0.107127	1	1	1	1	1	1	0.195428	0.605969	0.605969	1	1	
1.39316e-05	-nan	0.606041	0.107153	1	1	1	1	1	1	0.19543	0.606041	0.606041	1	1	
1.44544e-05	-nan	0.606114	0.10718	1	1	1	1	1	1	0.195432	0.606114	0.606114	1	1	
1.49968e-05	-nan	0.606188	0.107209	1	1	1	1	1	1	0.195435	0.606188	0.606188	1	1	
1.55597e-05	-nan	0.606264	0.107239	1	1	1	1	1	1	0.195437	0.606264	0.606264	1	1	
1.61436e-05	-nan	0.606341	0.107271	1	1	1	1	1	1	0.195439	0.606341	0.606341	1	1	
1.67494e-05	-nan	0.606419	0.107304	1	1	1	1	1	1	0.195441	0.606419	0.606419	1	1	
1.7378e-05	-nan	0.606498	0.107339	1	1	1	1	1	1	0.195444	0.606498	0.606498	1	1	
1.80302e-05	-nan	0.606579	0.107376	1	1	1	1	1	1	0.195446	0.606579	0.606579	1	1	
1.87068e-05	-nan	0.606661	0.107414	1	1	1	1	1	1	0.195449	0.606661	0.606661	1	1	
1.94089e-05	-nan	0.606745	0.107454	1	1	1	1	1	1	0.195452	0.606745	0.606745	1	1	
2.01372e-05	-nan	0.606829	0.107496	1	1	1	1	1	1	0.195454	0.606829	0.606829	1	1	
2.0893e-05	-nan	0.606916	0.10754	1	1	1	1	1	1	0.195457	0.606916	0.606916	1	1	
2.1677e-05	-nan	0.607004	0.107586	1	1	1	1	1	1	0.19546	0.607004	0.607004	1	1	
2.24905e-05	-nan	0.607093	0.107634	1	1	1	1	1	1	0.195463	0.607093	0.607093	1	1	
2.33346e-05	-nan	0.607184	0.107684	1	1	1	1	1	1	0.195466	0.607184	0.607184	1	1	
2.42103e-05	-nan	0.607277	0.107736	1	1	1	1	1	1	0.195469	0.607277	0.607277	1	1	
2.51189e-05	-nan	0.607371	0.107791	1	1	1	1	1	1	0.195472	0.607371	0.607371	1	1	
2.60615e-05	-nan	0.607467	0.107847	1	1	1	1	1	1	0.195475	0.607467	0.607467	1	1	
2.70396e-05	-nan	0.607564	0.107906	1	1	1	1	1	1	0.195478	0.607564	0.607564	1	1	
2.80543e-05	-nan	0.607663	0.107967	1	1	1	1	1	1	0.195482	0.607663	0.607663	1	1	
2.91072e-05	-nan	0.607764	0.10803	1	1	1	1	1	1	0.195485	0.607764	0.607764	1	1	
3.01995e-05	-nan	0.607867	0.108096	1	1	1	1	1	1	0.195489	0.607867	0.607867	1	1	
3.13329e-05	-nan	0.607971	0.108165	1	1	1	1	1	1	0.195493	0.607971	0.607971	1	1	
3.25087e-05	-nan	0.608077	0.108236	1	1	1	1	1	1	0.195496	0.608077	0.608077	1	1	
3.37287e-05	-nan	0.608185	0.108309	1	1	1	1	1	1	0.1955	0.608185	0.608185	1	1	
3.49945e-05	-nan	0.608295	0.108386	1	1	1	1	1	1	0.195504	0.608295	0.608295	1	1	
3.63078e-05	-nan	0.608407	0.108465	1	1	1	1	1	1	0.195509	0.608407	0.608407	1	1	
3.76704e-05	-nan	0.608521	0.108547	1	1	1	1	1	1	0.195513	0.608521	0.608521	1	1	
3.90841e-05	-nan	0.608637	0.108632	1	1	1	1	1	1	0.195517	0.608637	0.608637	1	1	
4.05509e-05	-nan	0.608755	0.10872	1	1	1	1	1	1	0.195522	0.608755	0.608755	1	1	
4.20727e-05	-nan	0.608876	0.108811	1	1	1	1	1	1	0.195527	0.608876	0.608876	1	1	
4.36516e-05	-nan	0.608998	0.108905	1	1	1	1	1	1	0.195531	0.608998	0.608998	1	1	
4.52898e-05	-nan	0.609122	0.109003	1	1	1	1	1	1	0.195536	0.609122	0.609122	1	1	
4.69894e-05	-nan	0.609249	0.109104	1	1	1	1	1	1	0.195541	0.609249	0.609249	1	1	
4.87528e-05	-nan	0.609378	0.109208	1	1	1	1	1	1	0.195547	0.609378	0.609378	1	1	
5.05825e-05	-nan	0.60951	0.109316	1	1	1	1	1	1	0.195552	0.60951	0.60951	1	1	
5.24807e-05	-nan	0.609644	0.109427	1	1	1	1	1	1	0.195558	0.609644	0.609644	1	1	
5.44503e-05	-nan	0.60978	0.109542	1	1	1	1	1	1	0.195564	0.60978	0.60978	1	1	
5.64937e-05	-nan	0.609919	0.109661	1	1	1	1	1	1	0.19557	0.609919	0.609919	1	1	
5.86138e-05	-nan	0.61006	0.109783	1	1	1	1	1	1	0.195576	0.61006	0.61006	1	1	
6.08135e-05	-nan	0.610204	0.10991	1	1	1	1	1	1	0.195582	0.610204	0.610204	1	1	
6.30957e-05	-nan	0.610351	0.110041	1	1	1	1	1	1	0.195589	0.610351	0.610351	1	1	
6.54636e-05	-nan	0.6105	0.110176	1	1	1	1	1	1	0.195596	0.6105	0.6105	1	1	
6.79204e-05	-nan	0.610653	0.110315	1	1	1	1	1	1	0.195603	0.610653	0.610653	1	1	
7.04693e-05	-nan	0.610808	0.110459	1	1	1	1	1	1	0.19561	0.610808	0.610808	1	1	
7.31139e-05	-nan	0.610966	0.110607	1	1	1	1	1	1	0.195617	0.610966	0.610966	1	1	
7.58578e-05	-nan	0.611127	0.110759	1	1	1	1	1	1	0.195625	0.611127	0.611127	1	1	
7.87046e-05	-nan	0.611291	0.110917	1	1	1	1	1	1	0.195633	0.611291	0.611291	1	1	
8.16582e-05	-nan	0.611458	0.111079	1	1	1	1	1	1	0.195641	0.611458	0.611458	1	1	
8.47227e-05	-nan	0.611628	0.111246	1	1	1	1	1	1	0.19565	0.611628	0.611628	1	1	
8.79023e-05	-nan	0.611802	0.111419	1	1	1	1	1	1	0.195659	0.611802	0.611802	1	1	
9.12011e-05	-nan	0.611979	0.111596	1	1	1	1	1	1	0.195668	0.611979	0.611979	1	1	
9.46237e-05	-nan	0.612159	0.111779	1	1	1	1	1	1	0.195677	0.612159	0.612159	1	1	
9.81748e-05	-nan	0.612343	0.111967	1	1	1	1	1	1	0.195687	0.612343	0.612343	1	1	
0.000101859	-nan	0.61253	0.112161	1	1	1	1	1	1	0.195697	0.61253	0.61253	1	1	
0.000105682	-nan	0.612721	0.112361	1	1	1	1	1	1	0.195708	0.612721	0.612721	1	1	
0.000109648	-nan	0.612916	0.112567	1	1	1	1	1	1	0.195719	0.612916	0.612916	1	1	
0.000113763	-nan	0.613115	0.112779	1	1	1	1	1	1	0.19573	0.613115	0.613115	1	1	
0.000118032	-nan	0.613318	0.112997	1	1	1	1	1	1	0.195742	0.613318	0.613318	1	1	
0.000122462	-nan	0.613524	0.113221	1	1	1	1	1	1	0.195754	0.613524	0.613524	1	1	
0.000127057	-nan	0.613735	0.113452	1	1	1	1	1	1	0.195766	0.613735	0.613735	1	1	
0.000131826	-nan	0.61395	0.11369	1	1	1	1	1	1	0.195779	0.61395	0.61395	1	1	
0.000136773	-nan	0.614169	0.113934	1	1	1	1	1	1	0.195793	0.614169	0.614169	1	1	
0.000141906	-nan	0.614393	0.114185	1	1	1	1	1	1	0.195806	0.614393	0.614393	1	1	
0.000147231	-nan	0.614621	0.114444	1	1	1	1	1	1	0.195821	0.614621	0.614621	1	1	
0.000152757	-nan	0.614854	0.11471	1	1	1	1	1	1	0.195836	0.614854	0.614854	1	1	
0.000158489	-nan	0.615092	0.114984	1	1	1	1	1	1	0.195851	0.615092	0.615092	1	1	
0.000164437	-nan	0.615334	0.115265	1	1	1	1	1	1	0.195867	0.615334	0.615334	1	1	
0.000170608	-nan	0.615582	0.115555	1	1	1	1	1	1	0.195884	0.615582	0.615582	1	1	
0.000177011	-nan	0.615835	0.115852	1	1	1	1	1	1	0.195901	0.615835	0.615835	1	1	
0.000183654	-nan	0.616093	0.116158	1	1	1	1	1	1	0.195919	0.616093	0.616093	1	1	
0.000190546	-nan	0.616356	0.116472	1	1	1	1	1	1	0.195938	0.616356	0.616356	1	1	
0.000197697	-nan	0.616625	0.116796	1	1	1	1	1	1	0.195957	0.616625	0.616625	1	1	
0.000205116	-nan	0.6169	0.117128	1	1	1	1	1	1	0.195977	0.6169	0.6169	1	1	
0.000212814	-nan	0.61718	0.117469	1	1	1	1	1	1	0.195997	0.61718	0.61718	1	1	
0.0002208	-nan	0.617466	0.11782	1	1	1	1	1	1	0.196019	0.617466	0.617466	1	1	
0.000229087	-nan	0.617759	0.118181	1	1	1	1	1	1	0.196041	0.617759	0.617759	1	1	
0.000237684	-nan	0.618058	0.118551	1	1	1	1	1	1	0.196064	0.618058	0.618058	1	1	
0.000246604	-nan	0.618363	0.118932	1	1	1	1	1	1	0.196088	0.618363	0.618363	1	1	
0.000255859	-nan	0.618675	0.119323	1	1	1	1	1	1	0.196113	0.618675	0.618675	1	1	
0.000265461	-nan	0.618994	0.119725	1	1	1	1	1	1	0.196139	0.618994	0.618994	1	1	
0.000275423	-nan	0.619319	0.120138	1	1	1	1	1	1	0.196166	0.619319	0.619319	1	1	
0.000285759	-nan	0.619652	0.120562	1	1	1	1	1	1	0.196193	0.619652	0.619652	1	1	
0.000296483	-nan	0.619992	0.120998	1	1	1	1	1	1	0.196222	0.619992	0.619992	1	1	
0.00030761	-nan	0.62034	0.121445	1	1	1	1	1	1	0.196252	0.62034	0.62034	1	1	
0.000319154	-nan	0.620696	0.121905	1	1	1	1	1	1	0.196283	0.620696	0.620696	1	1	
0.000331131	-nan	0.621059	0.122377	1	1	1	1	1	1	0.196316	0.621059	0.621059	1	1	
0.000343558	-nan	0.621431	0.122861	1	1	1	1	1	1	0.196349	0.621431	0.621431	1	1	
0.000356451	-nan	0.621811	0.123359	1	1	1	1	1	1	0.196384	0.621811	0.621811	1	1	
0.000369828	-nan	0.6222	0.12387	1	1	1	1	1	1	0.19642	0.6222	0.6222	1	1	
0.000383707	-nan	0.622597	0.124395	1	1	1	1	1	1	0.196458	0.622597	0.622597	1	1	
0.000398107	-nan	0.623004	0.124934	1	1	1	1	1	1	0.196497	0.623004	0.623004	1	1	
0.000413048	-nan	0.62342	0.125487	1	1	1	1	1	1	0.196537	0.62342	0.62342	1	1	
0.000428549	-nan	0.623846	0.126055	1	1	1	1	1	1	0.19658	0.623846	0.623846	1	1	
0.000444631	-nan	0.624282	0.126639	1	1	1	1	1	1	0.196623	0.624282	0.624282	1	1	
0.000461318	-nan	0.624727	0.127237	1	1	1	1	1	1	0.196669	0.624727	0.624727	1	1	
0.00047863	-nan	0.625184	0.127852	1	1	1	1	1	1	0.196716	0.625184	0.625184	1	1	
0.000496592	-nan	0.625651	0.128483	1	1	1	1	1	1	0.196765	0.625651	0.625651	1	1	
0.000515229	-nan	0.626129	0.129131	1	1	1	1	1	1	0.196816	0.626129	0.626129	1	1	
0.000534564	-nan	0.626618	0.129796	1	1	1	1	1	1	0.196869	0.626618	0.626618	1	1	
0.000554626	-nan	0.627119	0.130479	1	1	1	1	1	1	0.196924	0.627119	0.627119	1	1	
0.00057544	-nan	0.627632	0.131179	1	1	1	1	1	1	0.196982	0.627632	0.627632	1	1	
0.000597035	-nan	0.628158	0.131898	1	1	1	1	1	1	0.197041	0.628158	0.628158	1	1	
0.000619441	-nan	0.628696	0.132637	1	1	1	1	1	1	0.197103	0.628696	0.628696	1	1	
0.000642688	-nan	0.629247	0.133394	1	1	1	1	1	1	0.197168	0.629247	0.629247	1	1	
0.000666807	-nan	0.629812	0.134172	1	1	1	1	1	1	0.197235	0.629812	0.629812	1	1	
0.000691831	-nan	0.630391	0.13497	1	1	1	1	1	1	0.197304	0.630391	0.630391	1	1	
0.000717794	-nan	0.630983	0.135789	1	1	1	1	1	1	0.197376	0.630983	0.630983	1	1	
0.000744732	-nan	0.631591	0.136629	1	1	1	1	1	1	0.197452	0.631591	0.631591	1	1	
0.000772681	-nan	0.632213	0.137492	1	1	1	1	1	1	0.19753	0.632213	0.632213	1	1	
0.000801678	-nan	0.632851	0.138377	1	1	1	1	1	1	0.197611	0.632851	0.632851	1	1	
0.000831764	-nan	0.633505	0.139285	1	1	1	1	1	1	0.197696	0.633505	0.633505	1	1	
0.000862979	-nan	0.634175	0.140217	1	1	1	1	1	1	0.197784	0.634175	0.634175	1	1	
0.000895365	-nan	0.634862	0.141174	1	1	1	1	1	1	0.197875	0.634862	0.634862	1	1	
0.000928966	-nan	0.635566	0.142155	1	1	1	1	1	1	0.19797	0.635566	0.635566	1	1	
0.000963829	-nan	0.636288	0.143162	1	1	1	1	1	1	0.198069	0.636288	0.636288	1	1	
0.001	-nan	0.637028	0.144196	1	1	1	1	1	1	0.198172	0.637028	0.637028	1	1	
0.00103753	-nan	0.637787	0.145256	1	1	1	1	1	1	0.198279	0.637787	0.637787	1	1	
0.00107647	-nan	0.638566	0.146344	1	1	1	1	1	1	0.19839	0.638566	0.638566	1	1	
0.00111686	-nan	0.639364	0.14746	1	1	1	1	1	1	0.198506	0.639364	0.639364	1	1	
0.00115878	-nan	0.640183	0.148606	1	1	1	1	1	1	0.198626	0.640183	0.640183	1	1	
0.00120226	-nan	0.641023	0.149781	1	1	1	1	1	1	0.198752	0.641023	0.641023	1	1	
0.00124738	-nan	0.641885	0.150987	1	1	1	1	1	1	0.198882	0.641885	0.641885	1	1	
0.0012942	-nan	0.642768	0.152224	1	1	1	1	1	1	0.199018	0.642768	0.642768	1	1	
0.00134276	-nan	0.643675	0.153494	1	1	1	1	1	1	0.199159	0.643675	0.643675	1	1	
0.00139316	-nan	0.644605	0.154796	1	1	1	1	1	1	0.199305	0.644605	0.644605	1	1	
0.00144544	-nan	0.64556	0.156132	1	1	1	1	1	1	0.199458	0.64556	0.64556	1	1	
0.00149968	-nan	0.646539	0.157503	1	1	1	1	1	1	0.199617	0.646539	0.646539	1	1	
0.00155597	-nan	0.647544	0.15891	1	1	1	1	1	1	0.199782	0.647544	0.647544	1	1	
0.00161436	-nan	0.648575	0.160353	1	1	1	1	1	1	0.199954	0.648575	0.648575	1	1	
0.00167494	-nan	0.649633	0.161834	1	1	1	1	1	1	0.200133	0.649633	0.649633	1	1	
0.0017378	-nan	0.650719	0.163352	1	1	1	1	1	1	0.20032	0.650719	0.650719	1	1	
0.00180302	-nan	0.651833	0.164911	1	1	1	1	1	1	0.200513	0.651833	0.651833	1	1	
0.00187068	-nan	0.652976	0.166509	1	1	1	1	1	1	0.200715	0.652976	0.652976	1	1	
0.00194089	-nan	0.654149	0.168149	1	1	1	1	1	1	0.200925	0.654149	0.654149	1	1	
0.00201372	-nan	0.655353	0.169832	1	1	1	1	1	1	0.201144	0.655353	0.655353	1	1	
0.0020893	-nan	0.656589	0.171558	1	1	1	1	1	1	0.201371	0.656589	0.656589	1	1	
0.0021677	-nan	0.657857	0.173328	1	1	1	1	1	1	0.201608	0.657857	0.657857	1	1	
0.00224905	-nan	0.659158	0.175145	1	1	1	1	1	1	0.201854	0.659158	0.659158	1	1	
0.00233346	-nan	0.660493	0.177008	1	1	1	1	1	1	0.202111	0.660493	0.660493	1	1	
0.00242103	-nan	0.661864	0.17892	1	1	1	1	1	1	0.202378	0.661864	0.661864	1	1	
0.00251189	-nan	0.66327	0.18088	1	1	1	1	1	1	0.202656	0.66327	0.66327	1	1	
0.00260615	-nan	0.664713	0.182892	1	1	1	1	1	1	0.202945	0.664713	0.664713	1	1	
0.00270396	-nan	0.666193	0.184955	1	1	1	1	1	1	0.203247	0.666193	0.666193	1	1	
0.00280543	-nan	0.667712	0.187072	1	1	1	1	1	1	0.20356	0.667712	0.667712	1	1	
0.00291072	-nan	0.669271	0.189243	1	1	1	1	1	1	0.203887	0.669271	0.669271	1	1	
0.00301995	-nan	0.670869	0.19147	1	1	1	1	1	1	0.204227	0.670869	0.670869	1	1	
0.00313329	-nan	0.672509	0.193755	1	1	1	1	1	1	0.204581	0.672509	0.672509	1	1	
0.00325087	-nan	0.674192	0.196098	1	1	1	1	1	1	0.20495	0.674192	0.674192	1	1	
0.00337287	-nan	0.675917	0.198502	1	1	1	1	1	1	0.205334	0.675917	0.675917	1	1	
0.00349945	-nan	0.677687	0.200968	1	1	1	1	1	1	0.205734	0.677687	0.677687	1	1	
0.00363078	-nan	0.679501	0.203497	1	1	1	1	1	1	0.20615	0.679501	0.679501	1	1	
0.00376704	-nan	0.681362	0.20609	1	1	1	1	1	1	0.206583	0.681362	0.681362	1	1	
0.00390841	-nan	0.683269	0.208751	1	1	1	1	1	1	0.207035	0.683269	0.683269	1	1	
0.00405509	-nan	0.685224	0.21148	1	1	1	1	1	1	0.207505	0.685224	0.685224	1	1	
0.00420727	-nan	0.687229	0.214278	1	1	1	1	1	1	0.207995	0.687229	0.687229	1	1	
0.00436516	-nan	0.689282	0.217149	1	1	1	1	1	1	0.208505	0.689282	0.689282	1	1	
0.00452898	-nan	0.691387	0.220093	1	1	1	1	1	1	0.209037	0.691387	0.691387	1	1	
0.00469894	-nan	0.693543	0.223112	1	1	1	1	1	1	0.209591	0.693543	0.693543	1	1	
0.00487528	-nan	0.695751	0.226209	1	1	1	1	1	1	0.210167	0.695751	0.695751	1	1	
0.00505825	-nan	0.698013	0.229385	1	1	1	1	1	1	0.210768	0.698013	0.698013	1	1	
0.00524807	-nan	0.700328	0.232642	1	1	1	1	1	1	0.211394	0.700328	0.700328	1	1	
0.00544503	-nan	0.702698	0.235982	1	1	1	1	1	1	0.212047	0.702698	0.702698	1	1	
0.00564937	-nan	0.705124	0.239407	1	1	1	1	1	1	0.212726	0.705124	0.705124	1	1	
0.00586138	-nan	0.707607	0.242919	1	1	1	1	1	1	0.213434	0.707607	0.707607	1	1	
0.00608135	-nan	0.710146	0.246521	1	1	1	1	1	1	0.214172	0.710146	0.710146	1	1	
0.00630957	-nan	0.712744	0.250215	1	1	1	1	1	1	0.214941	0.712744	0.712744	1	1	
0.00654636	-nan	0.715399	0.254002	1	1	1	1	1	1	0.215743	0.715399	0.715399	1	1	
0.00679204	-nan	0.718113	0.257886	1	1	1	1	1	1	0.216578	0.718113	0.718113	1	1	
0.00704693	-nan	0.720887	0.261868	1	1	1	1	1	1	0.217448	0.720887	0.720887	1	1	
0.00731139	-nan	0.723721	0.26595	1	1	1	1	1	1	0.218356	0.723721	0.723721	1	1	
0.00758578	-nan	0.726615	0.270137	1	1	1	1	1	1	0.219302	0.726615	0.726615	1	1	
0.00787046	-nan	0.72957	0.274429	1	1	1	1	1	1	0.220288	0.72957	0.72957	1	1	
0.00816582	-nan	0.732586	0.278829	1	1	1	1	1	1	0.221316	0.732586	0.732586	1	1	
0.00847227	-nan	0.735663	0.28334	1	1	1	1	1	1	0.222387	0.735663	0.735663	1	1	
0.00879023	-nan	0.738801	0.287965	1	1	1	1	1	1	0.223505	0.738801	0.738801	1	1	
0.00912011	-nan	0.742	0.292707	1	1	1	1	1	1	0.22467	0.742	0.742	1	1	
0.00946237	-nan	0.74526	0.297567	1	1	1	1	1	1	0.225885	0.74526	0.74526	1	1	
0.00981748	-nan	0.748582	0.302549	1	1	1	1	1	1	0.227152	0.748582	0.748582	1	1	
0.0101859	-nan	0.751965	0.307657	1	1	1	1	1	1	0.228473	0.751965	0.751965	1	1	
0.0105682	-nan	0.755408	0.312892	1	1	1	1	1	1	0.229852	0.755408	0.755408	1	1	
0.0109648	-nan	0.758911	0.318258	1	1	1	1	1	1	0.231289	0.758911	0.758911	1	1	
0.0113763	-nan	0.762474	0.323758	1	1	1	1	1	1	0.232789	0.762474	0.762474	1	1	
0.0118032	-nan	0.766095	0.329395	1	1	1	1	1	1	0.234353	0.766095	0.766095	1	1	
0.0122462	-nan	0.769775	0.335172	1	1	1	1	1	1	0.235985	0.769775	0.769775	1	1	
0.0127057	-nan	0.773512	0.341093	1	1	1	1	1	1	0.237688	0.773512	0.773512	1	1	
0.0131826	-nan	0.777306	0.34716	1	1	1	1	1	1	0.239465	0.777306	0.777306	1	1	
0.0136773	-nan	0.781155	0.353378	1	1	1	1	1	1	0.241319	0.781155	0.781155	1	1	
0.0141906	-nan	0.785058	0.35975	1	1	1	1	1	1	0.243254	0.785058	0.785058	1	1	
0.0147231	-nan	0.789013	0.366279	1	1	1	1	1	1	0.245273	0.789013	0.789013	1	1	
0.0152757	-nan	0.79302	0.372969	1	1	1	1	1	1	0.247381	0.79302	0.79302	1	1	
0.0158489	-nan	0.797076	0.379824	1	1	1	1	1	1	0.249581	0.797076	0.797076	1	1	
0.0164437	-nan	0.801181	0.386847	1	1	1	1	1	1	0.251877	0.801181	0.801181	1	1	
0.0170608	-nan	0.805331	0.394043	1	1	1	1	1	1	0.254275	0.805331	0.805331	1	1	
0.0177011	-nan	0.809525	0.401414	1	1	1	1	1	1	0.256778	0.809525	0.809525	1	1	
0.0183654	-nan	0.813762	0.408966	1	1	1	1	1	1	0.259391	0.813762	0.813762	1	1	
0.0190546	-nan	0.818038	0.416702	1	1	1	1	1	1	0.26212	0.818038	0.818038	1	1	
0.0197697	-nan	0.822352	0.424626	1	1	1	1	1	1	0.26497	0.822352	0.822352	1	1	
0.0205116	-nan	0.826701	0.432743	1	1	1	1	1	1	0.267946	0.826701	0.826701	1	1	
0.0212814	-nan	0.831082	0.441057	1	1	1	1	1	1	0.271055	0.831082	0.831082	1	1	
0.02208	-nan	0.835494	0.449572	1	1	1	1	1	1	0.274301	0.835494	0.835494	1	1	
0.0229087	-nan	0.839932	0.458293	1	1	1	1	1	1	0.277692	0.839932	0.839932	1	1	
0.0237684	-nan	0.844395	0.467224	1	1	1	1	1	1	0.281234	0.844395	0.844395	1	1	
0.0246604	-nan	0.848878	0.47637	1	1	1	1	1	1	0.284935	0.848878	0.848878	1	1	
0.0255859	-nan	0.853381	0.485736	1	1	1	1	1	1	0.2888	0.853381	0.853381	1	1	
0.0265461	-nan	0.857898	0.495326	1	1	1	1	1	1	0.292839	0.857898	0.857898	1	1	
0.0275423	-nan	0.862427	0.505146	1	1	1	1	1	1	0.297058	0.862427	0.862427	1	1	
0.0285759	-nan	0.866965	0.515199	1	1	1	1	1	1	0.301466	0.866965	0.866965	1	1	
0.0296483	-nan	0.871508	0.525492	1	1	1	1	1	1	0.306072	0.871508	0.871508	1	1	
0.030761	-nan	0.876052	0.536029	1	1	1	1	1	1	0.310884	0.876052	0.876052	1	1	
0.0319154	-nan	0.880596	0.546816	1	1	1	1	1	1	0.315912	0.880596	0.880596	1	1	
0.0331131	-nan	0.885134	0.557858	1	1	1	1	1	1	0.321165	0.885134	0.885134	1	1	
0.0343558	-nan	0.889664	0.56916	1	1	1	1	1	1	0.326654	0.889664	0.889664	1	1	
0.0356451	-nan	0.894182	0.580728	1	1	1	1	1	1	0.332389	0.894182	0.894182	1	1	
0.0369828	-nan	0.898684	0.592567	1	1	1	1	1	1	0.33838	0.898684	0.898684	1	1	
0.0383707	-nan	0.903167	0.604682	1	1	1	1	1	1	0.34464	0.903167	0.903167	1	1	
0.0398107	-nan	0.907627	0.61708	1	1	1	1	1	1	0.351178	0.907627	0.907627	1	1	
0.0413048	-nan	0.912061	0.629766	1	1	1	1	1	1	0.358008	0.912061	0.912061	1	1	
0.0428549	-nan	0.916465	0.642746	1	1	1	1	1	1	0.365142	0.916465	0.916465	1	1	
0.0444631	-nan	0.920836	0.656026	1	1	1	1	1	1	0.372592	0.920836	0.920836	1	1	
0.0461318	-nan	0.925169	0.669611	1	1	1	1	1	1	0.380372	0.925169	0.925169	1	1	
0.047863	-nan	0.929463	0.683508	1	1	1	1	1	1	0.388494	0.929463	0.929463	1	1	
0.0496592	-nan	0.933713	0.697722	1	1	1	1	1	1	0.396973	0.933713	0.933713	1	1	
0.0515229	-nan	0.937915	0.712259	1	1	1	1	1	1	0.405822	0.937915	0.937915	1	1	
0.0534564	-nan	0.942068	0.727126	1	1	1	1	1	1	0.415056	0.942068	0.942068	1	1	
0.0554626	-nan	0.946166	0.742328	1	1	1	1	1	1	0.424689	0.946166	0.946166	1	1	
0.057544	-nan	0.950208	0.757872	1	1	1	1	1	1	0.434735	0.950208	0.950208	1	1	
0.0597035	-nan	0.954189	0.773763	1	1	1	1	1	1	0.44521	0.954189	0.954189	1	1	
0.0619441	-nan	0.958107	0.790008	1	1	1	1	1	1	0.456128	0.958107	0.958107	1	1	
0.0642688	-nan	0.961959	0.806612	1	1	1	1	1	1	0.467504	0.961959	0.961959	1	1	
0.0666807	-nan	0.965742	0.823581	1	1	1	1	1	1	0.479352	0.965742	0.965742	1	1	
0.0691831	-nan	0.969453	0.840922	1	1	1	1	1	1	0.491687	0.969453	0.969453	1	1	
0.0717794	-nan	0.973089	0.858639	1	1	1	1	1	1	0.504524	0.973089	0.973089	1	1	
0.0744732	-nan	0.976647	0.876739	1	1	1	1	1	1	0.517876	0.976647	0.976647	1	1	
0.0772681	-nan	0.980126	0.895227	1	1	1	1	1	1	0.531757	0.980126	0.980126	1	1	
0.0801678	-nan	0.983521	0.914109	1	1	1	1	1	1	0.54618	0.983521	0.983521	1	1	
0.0831764	-nan	0.986831	0.93339	1	1	1	1	1	1	0.561156	0.986831	0.986831	1	1	
0.0862979	-nan	0.990053	0.953074	1	1	1	1	1	1	0.576698	0.990053	0.990053	1	1	
0.0895365	-nan	0.993185	0.973167	1	1	1	1	1	1	0.592816	0.993185	0.993185	1	1	
0.0928966	-nan	0.996224	0.993674	1	1	1	1	1	1	0.609519	0.996224	0.996224	1	1	
0.0963829	-nan	0.999168	1.0146	1	1	1	1	1	1	0.626814	0.999168	0.999168	1	1	
0.1	-nan	1.00202	1.03594	1	1	1	1	1	1	0.64471	1.00202	1.00202	1	1	
0.103614	-nan	1.00467	1.05692	1	1	1	1	1	1	0.662529	1.00467	1.00467	1	1	
0.107229	-nan	1.00714	1.07755	1	1	1	1	1	1	0.680274	1.00714	1.00714	1	1	
0.110843	-nan	1.00944	1.09786	1	1	1	1	1	1	0.697932	1.00944	1.00944	1	1	
0.114458	-nan	1.01159	1.11785	1	1	1	1	1	1	0.715493	1.01159	1.01159	1	1	
0.118072	-nan	1.01359	1.13753	1	1	1	1	1	1	0.732948	1.01359	1.01359	1	1	
0.121687	-nan	1.01546	1.15691	1	1	1	1	1	1	0.750287	1.01546	1.01546	1	1	
0.125301	-nan	1.0172	1.17601	1	1	1	1	1	1	0.767501	1.0172	1.0172	1	1	
0.128916	-nan	1.01883	1.19483	1	1	1	1	1	1	0.784584	1.01883	1.01883	1	1	
0.13253	-nan	1.02035	1.21338	1	1	1	1	1	1	0.801528	1.02035	1.02035	1	1	
0.136145	-nan	1.02176	1.23167	1	1	1	1	1	1	0.818327	1.02176	1.02176	1	1	
0.139759	-nan	1.02308	1.24971	1	1	1	1	1	1	0.834974	1.02308	1.02308	1	1	
0.143373	-nan	1.0243	1.26749	1	1	1	1	1	1	0.851464	1.0243	1.0243	1	1	
0.146988	-nan	1.02544	1.28504	1	1	1	1	1	1	0.867793	1.02544	1.02544	1	1	
0.150602	-nan	1.0265	1.30235	1	1	1	1	1	1	0.883956	1.0265	1.0265	1	1	
0.154217	-nan	1.02748	1.31943	1	1	1	1	1	1	0.899949	1.02748	1.02748	1	1	
0.157831	-nan	1.02839	1.33629	1	1	1	1	1	1	0.915768	1.02839	1.02839	1	1	
0.161446	-nan	1.02923	1.35293	1	1	1	1	1	1	0.931411	1.02923	1.02923	1	1	
0.16506	-nan	1.03001	1.36936	1	1	1	1	1	1	0.946874	1.03001	1.03001	1	1	
0.168675	-nan	1.03073	1.38558	1	1	1	1	1	1	0.962156	1.03073	1.03073	1	1	
0.172289	-nan	1.03138	1.4016	1	1	1	1	1	1	0.977254	1.03138	1.03138	1	1	
0.175904	-nan	1.03198	1.41742	1	1	1	1	1	1	0.992167	1.03198	1.03198	1	1	
0.179518	-nan	1.03253	1.43304	1	1	1	1	1	1	1.00689	1.03253	1.03253	1	1	
0.183133	-nan	1.03303	1.44847	1	1	1	1	1	1	1.02143	1.03303	1.03303	1	1	
0.186747	-nan	1.03348	1.46372	1	1	1	1	1	1	1.03578	1.03348	1.03348	1	1	
0.190361	-nan	1.03388	1.47878	1	1	1	1	1	1	1.04994	1.03388	1.03388	1	1	
0.193976	-nan	1.03424	1.49366	1	1	1	1	1	1	1.06391	1.03424	1.03424	1	1	
0.19759	-nan	1.03456	1.50837	1	1	1	1	1	1	1.07769	1.03456	1.03456	1	1	
0.201205	-nan	1.03484	1.52291	1	1	1	1	1	1	1.09128	1.03484	1.03484	1	1	
0.204819	-nan	1.03508	1.53727	1	1	1	1	1	1	1.10468	1.03508	1.03508	1	1	
0.208434	-nan	1.03528	1.55147	1	1	1	1	1	1	1.11789	1.03528	1.03528	1	1	
0.212048	-nan	1.03545	1.5655	1	1	1	1	1	1	1.13091	1.03545	1.03545	1	1	
0.215663	-nan	1.03559	1.57938	1	1	1	1	1	1	1.14374	1.03559	1.03559	1	1	
0.219277	-nan	1.03569	1.5931	1	1	1	1	1	1	1.15639	1.03569	1.03569	1	1	
0.222892	-nan	1.03576	1.60666	1	1	1	1	1	1	1.16884	1.03576	1.03576	1	1	
0.226506	-nan	1.0358	1.62007	1	1	1	1	1	1	1.18112	1.0358	1.0358	1	1	
0.23012	-nan	1.03581	1.63333	1	1	1	1	1	1	1.19321	1.03581	1.03581	1	1	
0.233735	-nan	1.0358	1.64644	1	1	1	1	1	1	1.20511	1.0358	1.0358	1	1	
0.237349	-nan	1.03575	1.65941	1	1	1	1	1	1	1.21683	1.03575	1.03575	1	1	
0.240964	-nan	1.03569	1.67224	1	1	1	1	1	1	1.22838	1.03569	1.03569	1	1	
0.244578	-nan	1.03559	1.68493	1	1	1	1	1	1	1.23974	1.03559	1.03559	1	1	
0.248193	-nan	1.03548	1.69747	1	1	1	1	1	1	1.25093	1.03548	1.03548	1	1	
0.251807	-nan	1.03534	1.70989	1	1	1	1	1	1	1.26194	1.03534	1.03534	1	1	
0.255422	-nan	1.03518	1.72216	1	1	1	1	1	1	1.27277	1.03518	1.03518	1	1	
0.259036	-nan	1.035	1.73431	1	1	1	1	1	1	1.28343	1.035	1.035	1	1	
0.262651	-nan	1.03479	1.74633	1	1	1	1	1	1	1.29393	1.03479	1.03479	1	1	
0.266265	-nan	1.03457	1.75822	1	1	1	1	1	1	1.30425	1.03457	1.03457	1	1	
0.26988	-nan	1.03433	1.76998	1	1	1	1	1	1	1.3144	1.03433	1.03433	1	1	
0.273494	-nan	1.03406	1.78162	1	1	1	1	1	1	1.32439	1.03406	1.03406	1	1	
0.277108	-nan	1.03378	1.79314	1	1	1	1	1	1	1.33422	1.03378	1.03378	1	1	
0.280723	-nan	1.03349	1.80454	1	1	1	1	1	1	1.34388	1.03349	1.03349	1	1	
0.284337	-nan	1.03317	1.81582	1	1	1	1	1	1	1.35339	1.03317	1.03317	1	1	
0.287952	-nan	1.03284	1.82698	1	1	1	1	1	1	1.36273	1.03284	1.03284	1	1	
0.291566	-nan	1.0325	1.83802	1	1	1	1	1	1	1.37193	1.0325	1.0325	1	1	
0.295181	-nan	1.03214	1.84896	1	1	1	1	1	1	1.38096	1.03214	1.03214	1	1	
0.298795	-nan	1.03176	1.85978	1	1	1	1	1	1	1.38985	1.03176	1.03176	1	1	
0.30241	-nan	1.03137	1.87049	1	1	1	1	1	1	1.39858	1.03137	1.03137	1	1	
0.306024	-nan	1.03096	1.88109	1	1	1	1	1	1	1.40717	1.03096	1.03096	1	1	
0.309639	-nan	1.03055	1.89158	1	1	1	1	1	1	1.41561	1.03055	1.03055	1	1	
0.313253	-nan	1.03011	1.90197	1	1	1	1	1	1	1.4239	1.03011	1.03011	1	1	
0.316867	-nan	1.02967	1.91225	1	1	1	1	1	1	1.43206	1.02967	1.02967	1	1	
0.320482	-nan	1.02921	1.92243	1	1	1	1	1	1	1.44007	1.02921	1.02921	1	1	
0.324096	-nan	1.02874	1.9325	1	1	1	1	1	1	1.44794	1.02874	1.02874	1	1	
0.327711	-nan	1.02826	1.94248	1	1	1	1	1	1	1.45568	1.02826	1.02826	1	1	
0.331325	-nan	1.02777	1.95235	1	1	1	1	1	1	1.46328	1.02777	1.02777	1	1	
0.33494	-nan	1.02727	1.96213	1	1	1	1	1	1	1.47075	1.02727	1.02727	1	1	
0.338554	-nan	1.02676	1.97181	1	1	1	1	1	1	1.47809	1.02676	1.02676	1	1	
0.342169	-nan	1.02624	1.98139	1	1	1	1	1	1	1.48531	1.02624	1.02624	1	1	
0.345783	-nan	1.0257	1.99088	1	1	1	1	1	1	1.49239	1.0257	1.0257	1	1	
0.349398	-nan	1.02516	2.00028	1	1	1	1	1	1	1.49935	1.02516	1.02516	1	1	
0.353012	-nan	1.02461	2.00959	1	1	1	1	1	1	1.50619	1.02461	1.02461	1	1	
0.356627	-nan	1.02405	2.0188	1	1	1	1	1	1	1.5129	1.02405	1.02405	1	1	
0.360241	-nan	1.02348	2.02792	1	1	1	1	1	1	1.5195	1.02348	1.02348	1	1	
0.363855	-nan	1.0229	2.03696	1	1	1	1	1	1	1.52597	1.0229	1.0229	1	1	
0.36747	-nan	1.02232	2.0459	1	1	1	1	1	1	1.53234	1.02232	1.02232	1	1	
0.371084	-nan	1.02173	2.05476	1	1	1	1	1	1	1.53858	1.02173	1.02173	1	1	
0.374699	-nan	1.02112	2.06354	1	1	1	1	1	1	1.54472	1.02112	1.02112	1	1	
0.378313	-nan	1.02052	2.07223	1	1	1	1	1	1	1.55075	1.02052	1.02052	1	1	
0.381928	-nan	1.0199	2.08083	1	1	1	1	1	1	1.55666	1.0199	1.0199	1	1	
0.385542	-nan	1.01928	2.08936	1	1	1	1	1	1	1.56247	1.01928	1.01928	1	1	
0.389157	-nan	1.01865	2.0978	1	1	1	1	1	1	1.56818	1.01865	1.01865	1	1	
0.392771	-nan	1.01802	2.10616	1	1	1	1	1	1	1.57378	1.01802	1.01802	1	1	
0.396386	-nan	1.01738	2.11444	1	1	1	1	1	1	1.57927	1.01738	1.01738	1	1	
0.4	-nan	1.01673	2.12265	1	1	1	1	1	1	1.58467	1.01673	1.01673	1	1	
0.403614	-nan	1.01608	2.13077	1	1	1	1	1	1	1.58997	1.01608	1.01608	1	1	
0.407229	-nan	1.01542	2.13882	1	1	1	1	1	1	1.59518	1.01542	1.01542	1	1	
0.410843	-nan	1.01476	2.14679	1	1	1	1	1	1	1.60028	1.01476	1.01476	1	1	
0.414458	-nan	1.0141	2.15469	1	1	1	1	1	1	1.60529	1.0141	1.0141	1	1	
0.418072	-nan	1.01342	2.16251	1	1	1	1	1	1	1.61022	1.01342	1.01342	1	1	
0.421687	-nan	1.01275	2.17026	1	1	1	1	1	1	1.61505	1.01275	1.01275	1	1	
0.425301	-nan	1.01207	2.17793	1	1	1	1	1	1	1.61979	1.01207	1.01207	1	1	
0.428916	-nan	1.01139	2.18554	1	1	1	1	1	1	1.62444	1.01139	1.01139	1	1	
0.43253	-nan	1.0107	2.19307	1	1	1	1	1	1	1.62901	1.0107	1.0107	1	1	
0.436145	-nan	1.01001	2.20053	1	1	1	1	1	1	1.63349	1.01001	1.01001	1	1	
0.439759	-nan	1.00932	2.20793	1	1	1	1	1	1	1.63789	1.00932	1.00932	1	1	
0.443373	-nan	1.00862	2.21525	1	1	1	1	1	1	1.6422	1.00862	1.00862	1	1	
0.446988	-nan	1.00792	2.22251	1	1	1	1	1	1	1.64644	1.00792	1.00792	1	1	
0.450602	-nan	1.00722	2.2297	1	1	1	1	1	1	1.65059	1.00722	1.00722	1	1	
0.454217	-nan	1.00652	2.23682	1	1	1	1	1	1	1.65467	1.00652	1.00652	1	1	
0.457831	-nan	1.00581	2.24387	1	1	1	1	1	1	1.65868	1.00581	1.00581	1	1	
0.461446	-nan	1.00511	2.25087	1	1	1	1	1	1	1.6626	1.00511	1.00511	1	1	
0.46506	-nan	1.0044	2.25779	1	1	1	1	1	1	1.66646	1.0044	1.0044	1	1	
0.468675	-nan	1.00369	2.26466	1	1	1	1	1	1	1.67024	1.00369	1.00369	1	1	
0.472289	-nan	1.00298	2.27146	1	1	1	1	1	1	1.67395	1.00298	1.00298	1	1	
0.475904	-nan	1.00226	2.2782	1	1	1	1	1	1	1.67759	1.00226	1.00226	1	1	
0.479518	-nan	1.00155	2.28488	1	1	1	1	1	1	1.68116	1.00155	1.00155	1	1	
0.483133	-nan	1.00084	2.29149	1	1	1	1	1	1	1.68467	1.00084	1.00084	1	1	
0.486747	-nan	1.00012	2.29805	1	1	1	1	1	1	1.6881	1.00012	1.00012	1	1	
0.490361	-nan	0.999407	2.30454	1	1	1	1	1	1	1.69148	0.999407	0.999407	1	1	
0.493976	-nan	0.998692	2.31098	1	1	1	1	1	1	1.69479	0.998692	0.998692	1	1	
0.49759	-nan	0.997978	2.31736	1	1	1	1	1	1	1.69803	0.997978	0.997978	1	1	
0.501205	-nan	0.997263	2.32368	1	1	1	1	1	1	1.70122	0.997263	0.997263	1	1	
0.504819	-nan	0.996549	2.32995	1	1	1	1	1	1	1.70434	0.996549	0.996549	1	1	
0.508434	-nan	0.995836	2.33615	1	1	1	1	1	1	1.70741	0.995836	0.995836	1	1	
0.512048	-nan	0.995123	2.34231	1	1	1	1	1	1	1.71041	0.995123	0.995123	1	1	
0.515663	-nan	0.994411	2.3484	1	1	1	1	1	1	1.71336	0.994411	0.994411	1	1	
0.519277	-nan	0.993701	2.35444	1	1	1	1	1	1	1.71626	0.993701	0.993701	1	1	
0.522892	-nan	0.992991	2.36043	1	1	1	1	1	1	1.7191	0.992991	0.992991	1	1	
0.526506	-nan	0.992282	2.36637	1	1	1	1	1	1	1.72188	0.992282	0.992282	1	1	
0.53012	-nan	0.991575	2.37225	1	1	1	1	1	1	1.72462	0.991575	0.991575	1	1	
0.533735	-nan	0.990869	2.37807	1	1	1	1	1	1	1.7273	0.990869	0.990869	1	1	
0.537349	-nan	0.990164	2.38385	1	1	1	1	1	1	1.72993	0.990164	0.990164	1	1	
0.540964	-nan	0.989461	2.38958	1	1	1	1	1	1	1.73251	0.989461	0.989461	1	1	
0.544578	-nan	0.98876	2.39525	1	1	1	1	1	1	1.73504	0.98876	0.98876	1	1	
0.548193	-nan	0.98806	2.40087	1	1	1	1	1	1	1.73752	0.98806	0.98806	1	1	
0.551807	-nan	0.987362	2.40645	1	1	1	1	1	1	1.73995	0.987362	0.987362	1	1	
0.555422	-nan	0.986665	2.41197	1	1	1	1	1	1	1.74234	0.986665	0.986665	1	1	
0.559036	-nan	0.98597	2.41744	1	1	1	1	1	1	1.74469	0.98597	0.98597	1	1	
0.562651	-nan	0.985276	2.42287	1	1	1	1	1	1	1.74699	0.985276	0.985276	1	1	
0.566265	-nan	0.984584	2.42825	1	1	1	1	1	1	1.74924	0.984584	0.984584	1	1	
0.56988	-nan	0.983893	2.43358	1	1	1	1	1	1	1.75146	0.983893	0.983893	1	1	
0.573494	-nan	0.983204	2.43887	1	1	1	1	1	1	1.75363	0.983204	0.983204	1	1	
0.577108	-nan	0.982516	2.4441	1	1	1	1	1	1	1.75576	0.982516	0.982516	1	1	
0.580723	-nan	0.981829	2.4493	1	1	1	1	1	1	1.75785	0.981829	0.981829	1	1	
0.584337	-nan	0.981142	2.45444	1	1	1	1	1	1	1.7599	0.981142	0.981142	1	1	
0.587952	-nan	0.980457	2.45954	1	1	1	1	1	1	1.76191	0.980457	0.980457	1	1	
0.591566	-nan	0.979772	2.4646	1	1	1	1	1	1	1.76389	0.979772	0.979772	1	1	
0.595181	-nan	0.979088	2.46961	1	1	1	1	1	1	1.76583	0.979088	0.979088	1	1	
0.598795	-nan	0.978403	2.47458	1	1	1	1	1	1	1.76773	0.978403	0.978403	1	1	
0.60241	-nan	0.977719	2.47951	1	1	1	1	1	1	1.76959	0.977719	0.977719	1	1	
0.606024	-nan	0.977034	2.48439	1	1	1	1	1	1	1.77142	0.977034	0.977034	1	1	
0.609639	-nan	0.976349	2.48923	1	1	1	1	1	1	1.77322	0.976349	0.976349	1	1	
0.613253	-nan	0.975662	2.49403	1	1	1	1	1	1	1.77498	0.975662	0.975662	1	1	
0.616867	-nan	0.974975	2.49878	1	1	1	1	1	1	1.77671	0.974975	0.974975	1	1	
0.620482	-nan	0.974285	2.5035	1	1	1	1	1	1	1.77841	0.974285	0.974285	1	1	
0.624096	-nan	0.973594	2.50817	1	1	1	1	1	1	1.78008	0.973594	0.973594	1	1	
0.627711	-nan	0.9729	2.51281	1	1	1	1	1	1	1.78172	0.9729	0.9729	1	1	
0.631325	-nan	0.972203	2.5174	1	1	1	1	1	1	1.78332	0.972203	0.972203	1	1	
0.63494	-nan	0.971503	2.52195	1	1	1	1	1	1	1.7849	0.971503	0.971503	1	1	
0.638554	-nan	0.9708	2.52647	1	1	1	1	1	1	1.78645	0.9708	0.9708	1	1	
0.642169	-nan	0.970092	2.53094	1	1	1	1	1	1	1.78797	0.970092	0.970092	1	1	
0.645783	-nan	0.96938	2.53538	1	1	1	1	1	1	1.78946	0.96938	0.96938	1	1	
0.649398	-nan	0.968662	2.53978	1	1	1	1	1	1	1.79092	0.968662	0.968662	1	1	
0.653012	-nan	0.967939	2.54414	1	1	1	1	1	1	1.79236	0.967939	0.967939	1	1	
0.656627	-nan	0.96721	2.54847	1	1	1	1	1	1	1.79378	0.96721	0.96721	1	1	
0.660241	-nan	0.966475	2.55275	1	1	1	1	1	1	1.79516	0.966475	0.966475	1	1	
0.663855	-nan	0.965732	2.557	1	1	1	1	1	1	1.79653	0.965732	0.965732	1	1	
0.66747	-nan	0.964982	2.56122	1	1	1	1	1	1	1.79787	0.964982	0.964982	1	1	
0.671084	-nan	0.964224	2.5654	1	1	1	1	1	1	1.79918	0.964224	0.964224	1	1	
0.674699	-nan	0.963457	2.56954	1	1	1	1	1	1	1.80047	0.963457	0.963457	1	1	
0.678313	-nan	0.962681	2.57365	1	1	1	1	1	1	1.80174	0.962681	0.962681	1	1	
0.681928	-nan	0.961896	2.57772	1	1	1	1	1	1	1.80299	0.961896	0.961896	1	1	
0.685542	-nan	0.961101	2.58176	1	1	1	1	1	1	1.80421	0.961101	0.961101	1	1	
0.689157	-nan	0.960296	2.58576	1	1	1	1	1	1	1.80542	0.960296	0.960296	1	1	
0.692771	-nan	0.95948	2.58973	1	1	1	1	1	1	1.8066	0.95948	0.95948	1	1	
0.696386	-nan	0.958652	2.59366	1	1	1	1	1	1	1.80776	0.958652	0.958652	1	1	
0.7	-nan	0.957813	2.59757	1	1	1	1	1	1	1.80891	0.957813	0.957813	1	1	
0.703614	-nan	0.956962	2.60143	1	1	1	1	1	1	1.81003	0.956962	0.956962	1	1	
0.707229	-nan	0.956099	2.60527	1	1	1	1	1	1	1.81113	0.956099	0.956099	1	1	
0.710843	-nan	0.955223	2.60908	1	1	1	1	1	1	1.81222	0.955223	0.955223	1	1	
0.714458	-nan	0.954334	2.61285	1	1	1	1	1	1	1.81329	0.954334	0.954334	1	1	
0.718072	-nan	0.953432	2.61659	1	1	1	1	1	1	1.81434	0.953432	0.953432	1	1	
0.721687	-nan	0.952517	2.6203	1	1	1	1	1	1	1.81537	0.952517	0.952517	1	1	
0.725301	-nan	0.951588	2.62397	1	1	1	1	1	1	1.81639	0.951588	0.951588	1	1	
0.728916	-nan	0.950646	2.62762	1	1	1	1	1	1	1.81739	0.950646	0.950646	1	1	
0.73253	-nan	0.949689	2.63124	1	1	1	1	1	1	1.81837	0.949689	0.949689	1	1	
0.736145	-nan	0.948719	2.63482	1	1	1	1	1	1	1.81934	0.948719	0.948719	1	1	
0.739759	-nan	0.947734	2.63838	1	1	1	1	1	1	1.82029	0.947734	0.947734	1	1	
0.743373	-nan	0.946736	2.6419	1	1	1	1	1	1	1.82123	0.946736	0.946736	1	1	
0.746988	-nan	0.945724	2.6454	1	1	1	1	1	1	1.82215	0.945724	0.945724	1	1	
0.750602	-nan	0.944698	2.64887	1	1	1	1	1	1	1.82306	0.944698	0.944698	1	1	
0.754217	-nan	0.943658	2.65231	1	1	1	1	1	1	1.82396	0.943658	0.943658	1	1	
0.757831	-nan	0.942605	2.65572	1	1	1	1	1	1	1.82484	0.942605	0.942605	1	1	
0.761446	-nan	0.941539	2.6591	1	1	1	1	1	1	1.82571	0.941539	0.941539	1	1	
0.76506	-nan	0.940459	2.66245	1	1	1	1	1	1	1.82656	0.940459	0.940459	1	1	
0.768675	-nan	0.939366	2.66578	1	1	1	1	1	1	1.8274	0.939366	0.939366	1	1	
0.772289	-nan	0.938261	2.66907	1	1	1	1	1	1	1.82823	0.938261	0.938261	1	1	
0.775904	-nan	0.937144	2.67234	1	1	1	1	1	1	1.82905	0.937144	0.937144	1	1	
0.779518	-nan	0.936015	2.67559	1	1	1	1	1	1	1.82986	0.936015	0.936015	1	1	
0.783133	-nan	0.934874	2.6788	1	1	1	1	1	1	1.83065	0.934874	0.934874	1	1	
0.786747	-nan	0.933722	2.68199	1	1	1	1	1	1	1.83143	0.933722	0.933722	1	1	
0.790361	-nan	0.93256	2.68515	1	1	1	1	1	1	1.8322	0.93256	0.93256	1	1	
0.793976	-nan	0.931387	2.68829	1	1	1	1	1	1	1.83297	0.931387	0.931387	1	1	
0.79759	-nan	0.930205	2.6914	1	1	1	1	1	1	1.83372	0.930205	0.930205	1	1	
0.801205	-nan	0.929014	2.69449	1	1	1	1	1	1	1.83446	0.929014	0.929014	1	1	
0.804819	-nan	0.927814	2.69755	1	1	1	1	1	1	1.83519	0.927814	0.927814	1	1	
0.808434	-nan	0.926607	2.70058	1	1	1	1	1	1	1.83591	0.926607	0.926607	1	1	
0.812048	-nan	0.925391	2.70359	1	1	1	1	1	1	1.83662	0.925391	0.925391	1	1	
0.815663	-nan	0.924169	2.70658	1	1	1	1	1	1	1.83732	0.924169	0.924169	1	1	
0.819277	-nan	0.922941	2.70954	1	1	1	1	1	1	1.83801	0.922941	0.922941	1	1	
0.822892	-nan	0.921707	2.71247	1	1	1	1	1	1	1.8387	0.921707	0.921707	1	1	
0.826506	-nan	0.920467	2.71538	1	1	1	1	1	1	1.83937	0.920467	0.920467	1	1	
0.83012	-nan	0.919223	2.71827	1	1	1	1	1	1	1.84004	0.919223	0.919223	1	1	
0.833735	-nan	0.917975	2.72114	1	1	1	1	1	1	1.8407	0.917975	0.917975	1	1	
0.837349	-nan	0.916724	2.72398	1	1	1	1	1	1	1.84135	0.916724	0.916724	1	1	
0.840964	-nan	0.91547	2.72679	1	1	1	1	1	1	1.842	0.91547	0.91547	1	1	
0.844578	-nan	0.914214	2.72959	1	1	1	1	1	1	1.84263	0.914214	0.914214	1	1	
0.848193	-nan	0.912956	2.73236	1	1	1	1	1	1	1.84326	0.912956	0.912956	1	1	
0.851807	-nan	0.911697	2.73511	1	1	1	1	1	1	1.84388	0.911697	0.911697	1	1	
0.855422	-nan	0.910438	2.73784	1	1	1	1	1	1	1.8445	0.910438	0.910438	1	1	
0.859036	-nan	0.909178	2.74054	1	1	1	1	1	1	1.84511	0.909178	0.909178	1	1	
0.862651	-nan	0.90792	2.74322	1	1	1	1	1	1	1.84571	0.90792	0.90792	1	1	
0.866265	-nan	0.906662	2.74588	1	1	1	1	1	1	1.8463	0.906662	0.906662	1	1	
0.86988	-nan	0.905406	2.74852	1	1	1	1	1	1	1.84689	0.905406	0.905406	1	1	
0.873494	-nan	0.904151	2.75114	1	1	1	1	1	1	1.84747	0.904151	0.904151	1	1	
0.877108	-nan	0.9029	2.75374	1	1	1	1	1	1	1.84805	0.9029	0.9029	1	1	
0.880723	-nan	0.901651	2.75631	1	1	1	1	1	1	1.84862	0.901651	0.901651	1	1	
0.884337	-nan	0.900406	2.75887	1	1	1	1	1	1	1.84918	0.900406	0.900406	1	1	
0.887952	-nan	0.899164	2.7614	1	1	1	1	1	1	1.84974	0.899164	0.899164	1	1	
0.891566	-nan	0.897927	2.76391	1	1	1	1	1	1	1.8503	0.897927	0.897927	1	1	
0.895181	-nan	0.896694	2.76641	1	1	1	1	1	1	1.85085	0.896694	0.896694	1	1	
0.898795	-nan	0.895467	2.76888	1	1	1	1	1	1	1.85139	0.895467	0.895467	1	1	
0.90241	-nan	0.894244	2.77133	1	1	1	1	1	1	1.85193	0.894244	0.894244	1	1	
0.906024	-nan	0.893027	2.77377	1	1	1	1	1	1	1.85246	0.893027	0.893027	1	1	
0.909639	-nan	0.891816	2.77618	1	1	1	1	1	1	1.85299	0.891816	0.891816	1	1	
0.913253	-nan	0.890611	2.77857	1	1	1	1	1	1	1.85351	0.890611	0.890611	1	1	
0.916867	-nan	0.889413	2.78095	1	1	1	1	1	1	1.85403	0.889413	0.889413	1	1	
0.920482	-nan	0.888221	2.7833	1	1	1	1	1	1	1.85455	0.888221	0.888221	1	1	
0.924096	-nan	0.887036	2.78564	1	1	1	1	1	1	1.85506	0.887036	0.887036	1	1	
0.927711	-nan	0.885858	2.78796	1	1	1	1	1	1	1.85557	0.885858	0.885858	1	1	
0.931325	-nan	0.884687	2.79026	1	1	1	1	1	1	1.85607	0.884687	0.884687	1	1	
0.93494	-nan	0.883524	2.79254	1	1	1	1	1	1	1.85657	0.883524	0.883524	1	1	
0.938554	-nan	0.882369	2.7948	1	1	1	1	1	1	1.85707	0.882369	0.882369	1	1	
0.942169	-nan	0.881221	2.79705	1	1	1	1	1	1	1.85756	0.881221	0.881221	1	1	
0.945783	-nan	0.880081	2.79927	1	1	1	1	1	1	1.85805	0.880081	0.880081	1	1	
0.949398	-nan	0.878949	2.80148	1	1	1	1	1	1	1.85853	0.878949	0.878949	1	1	
0.953012	-nan	0.877825	2.80367	1	1	1	1	1	1	1.85901	0.877825	0.877825	1	1	
0.956627	-nan	0.876709	2.80585	1	1	1	1	1	1	1.85949	0.876709	0.876709	1	1	
0.960241	-nan	0.875602	2.808	1	1	1	1	1	1	1.85997	0.875602	0.875602	1	1	
0.963855	-nan	0.874503	2.81014	1	1	1	1	1	1	1.86044	0.874503	0.874503	1	1	
0.96747	-nan	0.873412	2.81226	1	1	1	1	1	1	1.86091	0.873412	0.873412	1	1	
0.971084	-nan	0.872329	2.81437	1	1	1	1	1	1	1.86137	0.872329	0.872329	1	1	
0.974699	-nan	0.871255	2.81646	1	1	1	1	1	1	1.86183	0.871255	0.871255	1	1	
0.978313	-nan	0.870189	2.81853	1	1	1	1	1	1	1.86229	0.870189	0.870189	1	1	
0.981928	-nan	0.869132	2.82058	1	1	1	1	1	1	1.86275	0.869132	0.869132	1	1	
0.985542	-nan	0.868083	2.82262	1	1	1	1	1	1	1.8632	0.868083	0.868083	1	1	
0.989157	-nan	0.867042	2.82465	1	1	1	1	1	1	1.86366	0.867042	0.867042	1	1	
0.992771	-nan	0.86601	2.82665	1	1	1	1	1	1	1.8641	0.86601	0.86601	1	1	
0.996386	-nan	0.864986	2.82864	1	1	1	1	1	1	1.86455	0.864986	0.864986	1	1	
1	-nan	-nan	-nan	-nan	-nan	-nan	-nan	-nan	-nan	-nan	-nan	-nan	-nan	-nan	
