1e-05	-nan	0.55814	0.498976	1	1	1	1	1	1	1.04705	0.55814	0.55814	1	1	
1.03753e-05	-nan	0.558327	0.498977	1	1	1	1	1	1	1.0471	0.558327	0.558327	1	1	
1.07647e-05	-nan	0.558516	0.498977	1	1	1	1	1	1	1.04714	0.558516	0.558516	1	1	
1.11686e-05	-nan	0.558708	0.498978	1	1	1	1	1	1	1.04718	0.558708	0.558708	1	1	
1.15878e-05	-nan	0.558903	0.498978	1	1	1	1	1	1	1.04723	0.558903	0.558903	1	1	
1.20226e-05	-nan	0.559101	0.498979	1	1	1	1	1	1	1.04728	0.559101	0.559101	1	1	
1.24738e-05	-nan	0.559302	0.498979	1	1	1	1	1	1	1.04732	0.559302	0.559302	1	1	
1.2942e-05	-nan	0.559506	0.49898	1	1	1	1	1	1	1.04737	0.559506	0.559506	1	1	
1.34276e-05	-nan	0.559712	0.49898	1	1	1	1	1	1	1.04742	0.559712	0.559712	1	1	
1.39316e-05	-nan	0.559922	0.498981	1	1	1	1	1	1	1.04747	0.559922	0.559922	1	1	
1.44544e-05	-nan	0.560135	0.498981	1	1	1	1	1	1	1.04752	0.560135	0.560135	1	1	
1.49968e-05	-nan	0.560351	0.498982	1	1	1	1	1	1	1.04758	0.560351	0.560351	1	1	
1.55597e-05	-nan	0.560571	0.498983	1	1	1	1	1	1	1.04763	0.560571	0.560571	1	1	
1.61436e-05	-nan	0.560793	0.498983	1	1	1	1	1	1	1.04768	0.560793	0.560793	1	1	
1.67494e-05	-nan	0.561019	0.498984	1	1	1	1	1	1	1.04774	0.561019	0.561019	1	1	
1.7378e-05	-nan	0.561249	0.498985	1	1	1	1	1	1	1.0478	0.561249	0.561249	1	1	
1.80302e-05	-nan	0.561481	0.498986	1	1	1	1	1	1	1.04785	0.561481	0.561481	1	1	
1.87068e-05	-nan	0.561717	0.498986	1	1	1	1	1	1	1.04791	0.561717	0.561717	1	1	
1.94089e-05	-nan	0.561957	0.498987	1	1	1	1	1	1	1.04797	0.561957	0.561957	1	1	
2.01372e-05	-nan	0.5622	0.498988	1	1	1	1	1	1	1.04803	0.5622	0.5622	1	1	
2.0893e-05	-nan	0.562447	0.498989	1	1	1	1	1	1	1.0481	0.562447	0.562447	1	1	
2.1677e-05	-nan	0.562698	0.49899	1	1	1	1	1	1	1.04816	0.562698	0.562698	1	1	
2.24905e-05	-nan	0.562952	0.49899	1	1	1	1	1	1	1.04822	0.562952	0.562952	1	1	
2.33346e-05	-nan	0.56321	0.498991	1	1	1	1	1	1	1.04829	0.56321	0.56321	1	1	
2.42103e-05	-nan	0.563472	0.498992	1	1	1	1	1	1	1.04836	0.563472	0.563472	1	1	
2.51189e-05	-nan	0.563738	0.498993	1	1	1	1	1	1	1.04843	0.563738	0.563738	1	1	
2.60615e-05	-nan	0.564008	0.498994	1	1	1	1	1	1	1.0485	0.564008	0.564008	1	1	
2.70396e-05	-nan	0.564281	0.498995	1	1	1	1	1	1	1.04857	0.564281	0.564281	1	1	
2.80543e-05	-nan	0.564559	0.498996	1	1	1	1	1	1	1.04864	0.564559	0.564559	1	1	
2.91072e-05	-nan	0.564841	0.498997	1	1	1	1	1	1	1.04872	0.564841	0.564841	1	1	
3.01995e-05	-nan	0.565127	0.498999	1	1	1	1	1	1	1.04879	0.565127	0.565127	1	1	
3.13329e-05	-nan	0.565418	0.499	1	1	1	1	1	1	1.04887	0.565418	0.565418	1	1	
3.25087e-05	-nan	0.565713	0.499001	1	1	1	1	1	1	1.04895	0.565713	0.565713	1	1	
3.37287e-05	-nan	0.566012	0.499002	1	1	1	1	1	1	1.04903	0.566012	0.566012	1	1	
3.49945e-05	-nan	0.566316	0.499004	1	1	1	1	1	1	1.04911	0.566316	0.566316	1	1	
3.63078e-05	-nan	0.566624	0.499005	1	1	1	1	1	1	1.0492	0.566624	0.566624	1	1	
3.76704e-05	-nan	0.566937	0.499006	1	1	1	1	1	1	1.04928	0.566937	0.566937	1	1	
3.90841e-05	-nan	0.567255	0.499008	1	1	1	1	1	1	1.04937	0.567255	0.567255	1	1	
4.05509e-05	-nan	0.567577	0.499009	1	1	1	1	1	1	1.04946	0.567577	0.567577	1	1	
4.20727e-05	-nan	0.567904	0.499011	1	1	1	1	1	1	1.04955	0.567904	0.567904	1	1	
4.36516e-05	-nan	0.568236	0.499012	1	1	1	1	1	1	1.04965	0.568236	0.568236	1	1	
4.52898e-05	-nan	0.568573	0.499014	1	1	1	1	1	1	1.04974	0.568573	0.568573	1	1	
4.69894e-05	-nan	0.568915	0.499015	1	1	1	1	1	1	1.04984	0.568915	0.568915	1	1	
4.87528e-05	-nan	0.569263	0.499017	1	1	1	1	1	1	1.04994	0.569263	0.569263	1	1	
5.05825e-05	-nan	0.569615	0.499019	1	1	1	1	1	1	1.05004	0.569615	0.569615	1	1	
5.24807e-05	-nan	0.569973	0.499021	1	1	1	1	1	1	1.05014	0.569973	0.569973	1	1	
5.44503e-05	-nan	0.570336	0.499023	1	1	1	1	1	1	1.05025	0.570336	0.570336	1	1	
5.64937e-05	-nan	0.570704	0.499024	1	1	1	1	1	1	1.05035	0.570704	0.570704	1	1	
5.86138e-05	-nan	0.571079	0.499026	1	1	1	1	1	1	1.05046	0.571079	0.571079	1	1	
6.08135e-05	-nan	0.571458	0.499028	1	1	1	1	1	1	1.05057	0.571458	0.571458	1	1	
6.30957e-05	-nan	0.571844	0.499031	1	1	1	1	1	1	1.05069	0.571844	0.571844	1	1	
6.54636e-05	-nan	0.572235	0.499033	1	1	1	1	1	1	1.0508	0.572235	0.572235	1	1	
6.79204e-05	-nan	0.572632	0.499035	1	1	1	1	1	1	1.05092	0.572632	0.572632	1	1	
7.04693e-05	-nan	0.573035	0.499037	1	1	1	1	1	1	1.05104	0.573035	0.573035	1	1	
7.31139e-05	-nan	0.573445	0.49904	1	1	1	1	1	1	1.05117	0.573445	0.573445	1	1	
7.58578e-05	-nan	0.57386	0.499042	1	1	1	1	1	1	1.05129	0.57386	0.57386	1	1	
7.87046e-05	-nan	0.574282	0.499045	1	1	1	1	1	1	1.05142	0.574282	0.574282	1	1	
8.16582e-05	-nan	0.57471	0.499047	1	1	1	1	1	1	1.05155	0.57471	0.57471	1	1	
8.47227e-05	-nan	0.575144	0.49905	1	1	1	1	1	1	1.05168	0.575144	0.575144	1	1	
8.79023e-05	-nan	0.575585	0.499053	1	1	1	1	1	1	1.05182	0.575585	0.575585	1	1	
9.12011e-05	-nan	0.576033	0.499056	1	1	1	1	1	1	1.05196	0.576033	0.576033	1	1	
9.46237e-05	-nan	0.576487	0.499059	1	1	1	1	1	1	1.0521	0.576487	0.576487	1	1	
9.81748e-05	-nan	0.576949	0.499062	1	1	1	1	1	1	1.05225	0.576949	0.576949	1	1	
0.000101859	-nan	0.577417	0.499065	1	1	1	1	1	1	1.0524	0.577417	0.577417	1	1	
0.000105682	-nan	0.577893	0.499068	1	1	1	1	1	1	1.05255	0.577893	0.577893	1	1	
0.000109648	-nan	0.578375	0.499072	1	1	1	1	1	1	1.0527	0.578375	0.578375	1	1	
0.000113763	-nan	0.578865	0.499075	1	1	1	1	1	1	1.05286	0.578865	0.578865	1	1	
0.000118032	-nan	0.579362	0.499079	1	1	1	1	1	1	1.05302	0.579362	0.579362	1	1	
0.000122462	-nan	0.579867	0.499083	1	1	1	1	1	1	1.05318	0.579867	0.579867	1	1	
0.000127057	-nan	0.58038	0.499086	1	1	1	1	1	1	1.05335	0.58038	0.58038	1	1	
0.000131826	-nan	0.5809	0.49909	1	1	1	1	1	1	1.05352	0.5809	0.5809	1	1	
0.000136773	-nan	0.581429	0.499095	1	1	1	1	1	1	1.0537	0.581429	0.581429	1	1	
0.000141906	-nan	0.581965	0.499099	1	1	1	1	1	1	1.05387	0.581965	0.581965	1	1	
0.000147231	-nan	0.582509	0.499103	1	1	1	1	1	1	1.05406	0.582509	0.582509	1	1	
0.000152757	-nan	0.583062	0.499108	1	1	1	1	1	1	1.05424	0.583062	0.583062	1	1	
0.000158489	-nan	0.583623	0.499112	1	1	1	1	1	1	1.05443	0.583623	0.583623	1	1	
0.000164437	-nan	0.584193	0.499117	1	1	1	1	1	1	1.05462	0.584193	0.584193	1	1	
0.000170608	-nan	0.584771	0.499122	1	1	1	1	1	1	1.05482	0.584771	0.584771	1	1	
0.000177011	-nan	0.585358	0.499127	1	1	1	1	1	1	1.05502	0.585358	0.585358	1	1	
0.000183654	-nan	0.585954	0.499132	1	1	1	1	1	1	1.05523	0.585954	0.585954	1	1	
0.000190546	-nan	0.586559	0.499138	1	1	1	1	1	1	1.05544	0.586559	0.586559	1	1	
0.000197697	-nan	0.587174	0.499144	1	1	1	1	1	1	1.05565	0.587174	0.587174	1	1	
0.000205116	-nan	0.587798	0.499149	1	1	1	1	1	1	1.05587	0.587798	0.587798	1	1	
0.000212814	-nan	0.588431	0.499155	1	1	1	1	1	1	1.05609	0.588431	0.588431	1	1	
0.0002208	-nan	0.589074	0.499162	1	1	1	1	1	1	1.05632	0.589074	0.589074	1	1	
0.000229087	-nan	0.589726	0.499168	1	1	1	1	1	1	1.05656	0.589726	0.589726	1	1	
0.000237684	-nan	0.590389	0.499175	1	1	1	1	1	1	1.05679	0.590389	0.590389	1	1	
0.000246604	-nan	0.591062	0.499181	1	1	1	1	1	1	1.05704	0.591062	0.591062	1	1	
0.000255859	-nan	0.591745	0.499189	1	1	1	1	1	1	1.05729	0.591745	0.591745	1	1	
0.000265461	-nan	0.592439	0.499196	1	1	1	1	1	1	1.05754	0.592439	0.592439	1	1	
0.000275423	-nan	0.593143	0.499203	1	1	1	1	1	1	1.0578	0.593143	0.593143	1	1	
0.000285759	-nan	0.593858	0.499211	1	1	1	1	1	1	1.05806	0.593858	0.593858	1	1	
0.000296483	-nan	0.594584	0.499219	1	1	1	1	1	1	1.05833	0.594584	0.594584	1	1	
0.00030761	-nan	0.595321	0.499227	1	1	1	1	1	1	1.05861	0.595321	0.595321	1	1	
0.000319154	-nan	0.59607	0.499236	1	1	1	1	1	1	1.05889	0.59607	0.59607	1	1	
0.000331131	-nan	0.59683	0.499245	1	1	1	1	1	1	1.05918	0.59683	0.59683	1	1	
0.000343558	-nan	0.597601	0.499254	1	1	1	1	1	1	1.05947	0.597601	0.597601	1	1	
0.000356451	-nan	0.598384	0.499263	1	1	1	1	1	1	1.05977	0.598384	0.598384	1	1	
0.000369828	-nan	0.59918	0.499273	1	1	1	1	1	1	1.06008	0.59918	0.59918	1	1	
0.000383707	-nan	0.599988	0.499283	1	1	1	1	1	1	1.06039	0.599988	0.599988	1	1	
0.000398107	-nan	0.600808	0.499294	1	1	1	1	1	1	1.06071	0.600808	0.600808	1	1	
0.000413048	-nan	0.60164	0.499304	1	1	1	1	1	1	1.06104	0.60164	0.60164	1	1	
0.000428549	-nan	0.602486	0.499316	1	1	1	1	1	1	1.06137	0.602486	0.602486	1	1	
0.000444631	-nan	0.603344	0.499327	1	1	1	1	1	1	1.06172	0.603344	0.603344	1	1	
0.000461318	-nan	0.604216	0.499339	1	1	1	1	1	1	1.06206	0.604216	0.604216	1	1	
0.00047863	-nan	0.605101	0.499351	1	1	1	1	1	1	1.06242	0.605101	0.605101	1	1	
0.000496592	-nan	0.606	0.499364	1	1	1	1	1	1	1.06278	0.606	0.606	1	1	
0.000515229	-nan	0.606912	0.499377	1	1	1	1	1	1	1.06316	0.606912	0.606912	1	1	
0.000534564	-nan	0.607839	0.49939	1	1	1	1	1	1	1.06354	0.607839	0.607839	1	1	
0.000554626	-nan	0.60878	0.499404	1	1	1	1	1	1	1.06393	0.60878	0.60878	1	1	
0.00057544	-nan	0.609735	0.499419	1	1	1	1	1	1	1.06432	0.609735	0.609735	1	1	
0.000597035	-nan	0.610705	0.499434	1	1	1	1	1	1	1.06473	0.610705	0.610705	1	1	
0.000619441	-nan	0.61169	0.499449	1	1	1	1	1	1	1.06515	0.61169	0.61169	1	1	
0.000642688	-nan	0.61269	0.499465	1	1	1	1	1	1	1.06557	0.61269	0.61269	1	1	
0.000666807	-nan	0.613706	0.499482	1	1	1	1	1	1	1.066	0.613706	0.613706	1	1	
0.000691831	-nan	0.614738	0.499499	1	1	1	1	1	1	1.06645	0.614738	0.614738	1	1	
0.000717794	-nan	0.615785	0.499517	1	1	1	1	1	1	1.0669	0.615785	0.615785	1	1	
0.000744732	-nan	0.616848	0.499535	1	1	1	1	1	1	1.06736	0.616848	0.616848	1	1	
0.000772681	-nan	0.617928	0.499554	1	1	1	1	1	1	1.06784	0.617928	0.617928	1	1	
0.000801678	-nan	0.619025	0.499573	1	1	1	1	1	1	1.06832	0.619025	0.619025	1	1	
0.000831764	-nan	0.620138	0.499594	1	1	1	1	1	1	1.06882	0.620138	0.620138	1	1	
0.000862979	-nan	0.621269	0.499614	1	1	1	1	1	1	1.06933	0.621269	0.621269	1	1	
0.000895365	-nan	0.622417	0.499636	1	1	1	1	1	1	1.06984	0.622417	0.622417	1	1	
0.000928966	-nan	0.623583	0.499658	1	1	1	1	1	1	1.07038	0.623583	0.623583	1	1	
0.000963829	-nan	0.624767	0.499682	1	1	1	1	1	1	1.07092	0.624767	0.624767	1	1	
0.001	-nan	0.625969	0.499706	1	1	1	1	1	1	1.07147	0.625969	0.625969	1	1	
0.00103753	-nan	0.62719	0.49973	1	1	1	1	1	1	1.07204	0.62719	0.62719	1	1	
0.00107647	-nan	0.62843	0.499756	1	1	1	1	1	1	1.07262	0.62843	0.62843	1	1	
0.00111686	-nan	0.629689	0.499782	1	1	1	1	1	1	1.07321	0.629689	0.629689	1	1	
0.00115878	-nan	0.630967	0.49981	1	1	1	1	1	1	1.07382	0.630967	0.630967	1	1	
0.00120226	-nan	0.632265	0.499838	1	1	1	1	1	1	1.07444	0.632265	0.632265	1	1	
0.00124738	-nan	0.633583	0.499868	1	1	1	1	1	1	1.07508	0.633583	0.633583	1	1	
0.0012942	-nan	0.634921	0.499898	1	1	1	1	1	1	1.07573	0.634921	0.634921	1	1	
0.00134276	-nan	0.636281	0.49993	1	1	1	1	1	1	1.0764	0.636281	0.636281	1	1	
0.00139316	-nan	0.637661	0.499962	1	1	1	1	1	1	1.07708	0.637661	0.637661	1	1	
0.00144544	-nan	0.639062	0.499996	1	1	1	1	1	1	1.07778	0.639062	0.639062	1	1	
0.00149968	-nan	0.640485	0.500031	1	1	1	1	1	1	1.0785	0.640485	0.640485	1	1	
0.00155597	-nan	0.64193	0.500068	1	1	1	1	1	1	1.07923	0.64193	0.64193	1	1	
0.00161436	-nan	0.643397	0.500105	1	1	1	1	1	1	1.07998	0.643397	0.643397	1	1	
0.00167494	-nan	0.644887	0.500144	1	1	1	1	1	1	1.08074	0.644887	0.644887	1	1	
0.0017378	-nan	0.6464	0.500185	1	1	1	1	1	1	1.08153	0.6464	0.6464	1	1	
0.00180302	-nan	0.647936	0.500226	1	1	1	1	1	1	1.08233	0.647936	0.647936	1	1	
0.00187068	-nan	0.649496	0.50027	1	1	1	1	1	1	1.08316	0.649496	0.649496	1	1	
0.00194089	-nan	0.651079	0.500315	1	1	1	1	1	1	1.084	0.651079	0.651079	1	1	
0.00201372	-nan	0.652687	0.500361	1	1	1	1	1	1	1.08487	0.652687	0.652687	1	1	
0.0020893	-nan	0.65432	0.50041	1	1	1	1	1	1	1.08575	0.65432	0.65432	1	1	
0.0021677	-nan	0.655978	0.50046	1	1	1	1	1	1	1.08666	0.655978	0.655978	1	1	
0.00224905	-nan	0.657662	0.500512	1	1	1	1	1	1	1.08759	0.657662	0.657662	1	1	
0.00233346	-nan	0.659371	0.500566	1	1	1	1	1	1	1.08855	0.659371	0.659371	1	1	
0.00242103	-nan	0.661106	0.500621	1	1	1	1	1	1	1.08952	0.661106	0.661106	1	1	
0.00251189	-nan	0.662868	0.500679	1	1	1	1	1	1	1.09052	0.662868	0.662868	1	1	
0.00260615	-nan	0.664657	0.50074	1	1	1	1	1	1	1.09155	0.664657	0.664657	1	1	
0.00270396	-nan	0.666473	0.500802	1	1	1	1	1	1	1.0926	0.666473	0.666473	1	1	
0.00280543	-nan	0.668317	0.500867	1	1	1	1	1	1	1.09368	0.668317	0.668317	1	1	
0.00291072	-nan	0.670189	0.500935	1	1	1	1	1	1	1.09479	0.670189	0.670189	1	1	
0.00301995	-nan	0.672089	0.501005	1	1	1	1	1	1	1.09592	0.672089	0.672089	1	1	
0.00313329	-nan	0.674019	0.501077	1	1	1	1	1	1	1.09709	0.674019	0.674019	1	1	
0.00325087	-nan	0.675977	0.501153	1	1	1	1	1	1	1.09828	0.675977	0.675977	1	1	
0.00337287	-nan	0.677966	0.501231	1	1	1	1	1	1	1.09951	0.677966	0.677966	1	1	
0.00349945	-nan	0.679984	0.501313	1	1	1	1	1	1	1.10076	0.679984	0.679984	1	1	
0.00363078	-nan	0.682033	0.501398	1	1	1	1	1	1	1.10205	0.682033	0.682033	1	1	
0.00376704	-nan	0.684113	0.501486	1	1	1	1	1	1	1.10338	0.684113	0.684113	1	1	
0.00390841	-nan	0.686225	0.501578	1	1	1	1	1	1	1.10473	0.686225	0.686225	1	1	
0.00405509	-nan	0.688368	0.501673	1	1	1	1	1	1	1.10613	0.688368	0.688368	1	1	
0.00420727	-nan	0.690543	0.501773	1	1	1	1	1	1	1.10756	0.690543	0.690543	1	1	
0.00436516	-nan	0.692751	0.501876	1	1	1	1	1	1	1.10903	0.692751	0.692751	1	1	
0.00452898	-nan	0.694991	0.501984	1	1	1	1	1	1	1.11054	0.694991	0.694991	1	1	
0.00469894	-nan	0.697266	0.502096	1	1	1	1	1	1	1.11209	0.697266	0.697266	1	1	
0.00487528	-nan	0.699574	0.502213	1	1	1	1	1	1	1.11368	0.699574	0.699574	1	1	
0.00505825	-nan	0.701916	0.502335	1	1	1	1	1	1	1.11531	0.701916	0.701916	1	1	
0.00524807	-nan	0.704293	0.502461	1	1	1	1	1	1	1.11699	0.704293	0.704293	1	1	
0.00544503	-nan	0.706705	0.502594	1	1	1	1	1	1	1.11872	0.706705	0.706705	1	1	
0.00564937	-nan	0.709153	0.502732	1	1	1	1	1	1	1.12049	0.709153	0.709153	1	1	
0.00586138	-nan	0.711636	0.502876	1	1	1	1	1	1	1.12232	0.711636	0.711636	1	1	
0.00608135	-nan	0.714156	0.503026	1	1	1	1	1	1	1.12419	0.714156	0.714156	1	1	
0.00630957	-nan	0.716713	0.503183	1	1	1	1	1	1	1.12612	0.716713	0.716713	1	1	
0.00654636	-nan	0.719306	0.503348	1	1	1	1	1	1	1.1281	0.719306	0.719306	1	1	
0.00679204	-nan	0.721938	0.503519	1	1	1	1	1	1	1.13014	0.721938	0.721938	1	1	
0.00704693	-nan	0.724607	0.503698	1	1	1	1	1	1	1.13224	0.724607	0.724607	1	1	
0.00731139	-nan	0.727315	0.503886	1	1	1	1	1	1	1.13439	0.727315	0.727315	1	1	
0.00758578	-nan	0.730061	0.504082	1	1	1	1	1	1	1.13661	0.730061	0.730061	1	1	
0.00787046	-nan	0.732846	0.504287	1	1	1	1	1	1	1.1389	0.732846	0.732846	1	1	
0.00816582	-nan	0.735671	0.504502	1	1	1	1	1	1	1.14125	0.735671	0.735671	1	1	
0.00847227	-nan	0.738536	0.504728	1	1	1	1	1	1	1.14367	0.738536	0.738536	1	1	
0.00879023	-nan	0.741441	0.504964	1	1	1	1	1	1	1.14616	0.741441	0.741441	1	1	
0.00912011	-nan	0.744387	0.505212	1	1	1	1	1	1	1.14872	0.744387	0.744387	1	1	
0.00946237	-nan	0.747374	0.505471	1	1	1	1	1	1	1.15136	0.747374	0.747374	1	1	
0.00981748	-nan	0.750401	0.505744	1	1	1	1	1	1	1.15408	0.750401	0.750401	1	1	
0.0101859	-nan	0.753471	0.506031	1	1	1	1	1	1	1.15689	0.753471	0.753471	1	1	
0.0105682	-nan	0.756582	0.506333	1	1	1	1	1	1	1.15977	0.756582	0.756582	1	1	
0.0109648	-nan	0.759736	0.50665	1	1	1	1	1	1	1.16275	0.759736	0.759736	1	1	
0.0113763	-nan	0.762932	0.506984	1	1	1	1	1	1	1.16582	0.762932	0.762932	1	1	
0.0118032	-nan	0.76617	0.507335	1	1	1	1	1	1	1.16898	0.76617	0.76617	1	1	
0.0122462	-nan	0.769452	0.507706	1	1	1	1	1	1	1.17224	0.769452	0.769452	1	1	
0.0127057	-nan	0.772776	0.508096	1	1	1	1	1	1	1.1756	0.772776	0.772776	1	1	
0.0131826	-nan	0.776145	0.508509	1	1	1	1	1	1	1.17906	0.776145	0.776145	1	1	
0.0136773	-nan	0.779556	0.508944	1	1	1	1	1	1	1.18263	0.779556	0.779556	1	1	
0.0141906	-nan	0.783012	0.509405	1	1	1	1	1	1	1.18632	0.783012	0.783012	1	1	
0.0147231	-nan	0.786511	0.509892	1	1	1	1	1	1	1.19012	0.786511	0.786511	1	1	
0.0152757	-nan	0.790054	0.510408	1	1	1	1	1	1	1.19405	0.790054	0.790054	1	1	
0.0158489	-nan	0.793641	0.510954	1	1	1	1	1	1	1.1981	0.793641	0.793641	1	1	
0.0164437	-nan	0.797272	0.511534	1	1	1	1	1	1	1.20227	0.797272	0.797272	1	1	
0.0170608	-nan	0.800947	0.51215	1	1	1	1	1	1	1.20659	0.800947	0.800947	1	1	
0.0177011	-nan	0.804666	0.512804	1	1	1	1	1	1	1.21104	0.804666	0.804666	1	1	
0.0183654	-nan	0.808429	0.513501	1	1	1	1	1	1	1.21564	0.808429	0.808429	1	1	
0.0190546	-nan	0.812236	0.514242	1	1	1	1	1	1	1.22039	0.812236	0.812236	1	1	
0.0197697	-nan	0.816087	0.515033	1	1	1	1	1	1	1.22529	0.816087	0.816087	1	1	
0.0205116	-nan	0.819981	0.515877	1	1	1	1	1	1	1.23035	0.819981	0.819981	1	1	
0.0212814	-nan	0.823918	0.516779	1	1	1	1	1	1	1.23558	0.823918	0.823918	1	1	
0.02208	-nan	0.827899	0.517744	1	1	1	1	1	1	1.24099	0.827899	0.827899	1	1	
0.0229087	-nan	0.831921	0.518778	1	1	1	1	1	1	1.24657	0.831921	0.831921	1	1	
0.0237684	-nan	0.835987	0.519887	1	1	1	1	1	1	1.25233	0.835987	0.835987	1	1	
0.0246604	-nan	0.840093	0.521079	1	1	1	1	1	1	1.25829	0.840093	0.840093	1	1	
0.0255859	-nan	0.844241	0.522361	1	1	1	1	1	1	1.26445	0.844241	0.844241	1	1	
0.0265461	-nan	0.84843	0.523742	1	1	1	1	1	1	1.27081	0.84843	0.84843	1	1	
0.0275423	-nan	0.852658	0.525232	1	1	1	1	1	1	1.27738	0.852658	0.852658	1	1	
0.0285759	-nan	0.856926	0.526843	1	1	1	1	1	1	1.28417	0.856926	0.856926	1	1	
0.0296483	-nan	0.861232	0.528587	1	1	1	1	1	1	1.29119	0.861232	0.861232	1	1	
0.030761	-nan	0.865576	0.530478	1	1	1	1	1	1	1.29845	0.865576	0.865576	1	1	
0.0319154	-nan	0.869955	0.532532	1	1	1	1	1	1	1.30594	0.869955	0.869955	1	1	
0.0331131	-nan	0.874371	0.534768	1	1	1	1	1	1	1.31369	0.874371	0.874371	1	1	
0.0343558	-nan	0.87882	0.537206	1	1	1	1	1	1	1.32169	0.87882	0.87882	1	1	
0.0356451	-nan	0.883303	0.539869	1	1	1	1	1	1	1.32996	0.883303	0.883303	1	1	
0.0369828	-nan	0.887816	0.542785	1	1	1	1	1	1	1.3385	0.887816	0.887816	1	1	
0.0383707	-nan	0.89236	0.545983	1	1	1	1	1	1	1.34732	0.89236	0.89236	1	1	
0.0398107	-nan	0.896933	0.5495	1	1	1	1	1	1	1.35644	0.896933	0.896933	1	1	
0.0413048	-nan	0.901531	0.553374	1	1	1	1	1	1	1.36585	0.901531	0.901531	1	1	
0.0428549	-nan	0.906155	0.557652	1	1	1	1	1	1	1.37557	0.906155	0.906155	1	1	
0.0444631	-nan	0.910802	0.562388	1	1	1	1	1	1	1.3856	0.910802	0.910802	1	1	
0.0461318	-nan	0.915469	0.567641	1	1	1	1	1	1	1.39596	0.915469	0.915469	1	1	
0.047863	-nan	0.920154	0.573484	1	1	1	1	1	1	1.40664	0.920154	0.920154	1	1	
0.0496592	-nan	0.924855	0.579997	1	1	1	1	1	1	1.41767	0.924855	0.924855	1	1	
0.0515229	-nan	0.92957	0.587276	1	1	1	1	1	1	1.42904	0.92957	0.92957	1	1	
0.0534564	-nan	0.934295	0.59543	1	1	1	1	1	1	1.44076	0.934295	0.934295	1	1	
0.0554626	-nan	0.939028	0.604588	1	1	1	1	1	1	1.45284	0.939028	0.939028	1	1	
0.057544	-nan	0.943765	0.614895	1	1	1	1	1	1	1.46529	0.943765	0.943765	1	1	
0.0597035	-nan	0.948504	0.626524	1	1	1	1	1	1	1.47811	0.948504	0.948504	1	1	
0.0619441	-nan	0.95324	0.639673	1	1	1	1	1	1	1.49131	0.95324	0.95324	1	1	
0.0642688	-nan	0.95797	0.654569	1	1	1	1	1	1	1.50489	0.95797	0.95797	1	1	
0.0666807	-nan	0.962691	0.671474	1	1	1	1	1	1	1.51886	0.962691	0.962691	1	1	
0.0691831	-nan	0.967398	0.690686	1	1	1	1	1	1	1.53321	0.967398	0.967398	1	1	
0.0717794	-nan	0.972087	0.712543	1	1	1	1	1	1	1.54796	0.972087	0.972087	1	1	
0.0744732	-nan	0.976754	0.737419	1	1	1	1	1	1	1.5631	0.976754	0.976754	1	1	
0.0772681	-nan	0.981393	0.765728	1	1	1	1	1	1	1.57863	0.981393	0.981393	1	1	
0.0801678	-nan	0.986	0.797909	1	1	1	1	1	1	1.59456	0.986	0.986	1	1	
0.0831764	-nan	0.990571	0.834418	1	1	1	1	1	1	1.61088	0.990571	0.990571	1	1	
0.0862979	-nan	0.995098	0.875702	1	1	1	1	1	1	1.62758	0.995098	0.995098	1	1	
0.0895365	-nan	0.999578	0.922166	1	1	1	1	1	1	1.64467	0.999578	0.999578	1	1	
0.0928966	-nan	1.004	0.974124	1	1	1	1	1	1	1.66214	1.004	1.004	1	1	
0.0963829	-nan	1.00837	1.03174	1	1	1	1	1	1	1.67998	1.00837	1.00837	1	1	
0.1	-nan	1.01267	1.09497	1	1	1	1	1	1	1.69817	1.01267	1.01267	1	1	
0.103614	-nan	1.01674	1.16089	1	1	1	1	1	1	1.71604	1.01674	1.01674	1	1	
0.107229	-nan	1.02061	1.22861	1	1	1	1	1	1	1.7336	1.02061	1.02061	1	1	
0.110843	-nan	1.02428	1.29707	1	1	1	1	1	1	1.75084	1.02428	1.02428	1	1	
0.114458	-nan	1.02776	1.36515	1	1	1	1	1	1	1.76777	1.02776	1.02776	1	1	
0.118072	-nan	1.03106	1.43173	1	1	1	1	1	1	1.78438	1.03106	1.03106	1	1	
0.121687	-nan	1.03419	1.49577	1	1	1	1	1	1	1.80069	1.03419	1.03419	1	1	
0.125301	-nan	1.03716	1.55636	1	1	1	1	1	1	1.81669	1.03716	1.03716	1	1	
0.128916	-nan	1.03997	1.61276	1	1	1	1	1	1	1.83238	1.03997	1.03997	1	1	
0.13253	-nan	1.04263	1.66439	1	1	1	1	1	1	1.84777	1.04263	1.04263	1	1	
0.136145	-nan	1.04516	1.71091	1	1	1	1	1	1	1.86286	1.04516	1.04516	1	1	
0.139759	-nan	1.04755	1.75211	1	1	1	1	1	1	1.87766	1.04755	1.04755	1	1	
0.143373	-nan	1.04981	1.78796	1	1	1	1	1	1	1.89216	1.04981	1.04981	1	1	
0.146988	-nan	1.05195	1.81855	1	1	1	1	1	1	1.90638	1.05195	1.05195	1	1	
0.150602	-nan	1.05397	1.84405	1	1	1	1	1	1	1.92031	1.05397	1.05397	1	1	
0.154217	-nan	1.05588	1.86473	1	1	1	1	1	1	1.93395	1.05588	1.05588	1	1	
0.157831	-nan	1.05768	1.88088	1	1	1	1	1	1	1.94733	1.05768	1.05768	1	1	
0.161446	-nan	1.05937	1.89283	1	1	1	1	1	1	1.96042	1.05937	1.05937	1	1	
0.16506	-nan	1.06097	1.9009	1	1	1	1	1	1	1.97326	1.06097	1.06097	1	1	
0.168675	-nan	1.06247	1.90543	1	1	1	1	1	1	1.98582	1.06247	1.06247	1	1	
0.172289	-nan	1.06388	1.90675	1	1	1	1	1	1	1.99813	1.06388	1.06388	1	1	
0.175904	-nan	1.0652	1.90518	1	1	1	1	1	1	2.01018	1.0652	1.0652	1	1	
0.179518	-nan	1.06643	1.90102	1	1	1	1	1	1	2.02198	1.06643	1.06643	1	1	
0.183133	-nan	1.06758	1.89456	1	1	1	1	1	1	2.03354	1.06758	1.06758	1	1	
0.186747	-nan	1.06866	1.8861	1	1	1	1	1	1	2.04485	1.06866	1.06866	1	1	
0.190361	-nan	1.06966	1.87589	1	1	1	1	1	1	2.05593	1.06966	1.06966	1	1	
0.193976	-nan	1.07059	1.86419	1	1	1	1	1	1	2.06678	1.07059	1.07059	1	1	
0.19759	-nan	1.07144	1.85125	1	1	1	1	1	1	2.0774	1.07144	1.07144	1	1	
0.201205	-nan	1.07223	1.8373	1	1	1	1	1	1	2.08779	1.07223	1.07223	1	1	
0.204819	-nan	1.07296	1.82256	1	1	1	1	1	1	2.09796	1.07296	1.07296	1	1	
0.208434	-nan	1.07362	1.80723	1	1	1	1	1	1	2.10792	1.07362	1.07362	1	1	
0.212048	-nan	1.07423	1.7915	1	1	1	1	1	1	2.11767	1.07423	1.07423	1	1	
0.215663	-nan	1.07477	1.77554	1	1	1	1	1	1	2.12722	1.07477	1.07477	1	1	
0.219277	-nan	1.07526	1.75952	1	1	1	1	1	1	2.13656	1.07526	1.07526	1	1	
0.222892	-nan	1.0757	1.74356	1	1	1	1	1	1	2.14571	1.0757	1.0757	1	1	
0.226506	-nan	1.07609	1.72779	1	1	1	1	1	1	2.15466	1.07609	1.07609	1	1	
0.23012	-nan	1.07642	1.71232	1	1	1	1	1	1	2.16342	1.07642	1.07642	1	1	
0.233735	-nan	1.07671	1.69723	1	1	1	1	1	1	2.17199	1.07671	1.07671	1	1	
0.237349	-nan	1.07695	1.68259	1	1	1	1	1	1	2.18039	1.07695	1.07695	1	1	
0.240964	-nan	1.07715	1.66846	1	1	1	1	1	1	2.1886	1.07715	1.07715	1	1	
0.244578	-nan	1.07731	1.65488	1	1	1	1	1	1	2.19665	1.07731	1.07731	1	1	
0.248193	-nan	1.07742	1.64188	1	1	1	1	1	1	2.20452	1.07742	1.07742	1	1	
0.251807	-nan	1.0775	1.62948	1	1	1	1	1	1	2.21222	1.0775	1.0775	1	1	
0.255422	-nan	1.07754	1.61769	1	1	1	1	1	1	2.21977	1.07754	1.07754	1	1	
0.259036	-nan	1.07754	1.60651	1	1	1	1	1	1	2.22715	1.07754	1.07754	1	1	
0.262651	-nan	1.07751	1.59594	1	1	1	1	1	1	2.23437	1.07751	1.07751	1	1	
0.266265	-nan	1.07744	1.58595	1	1	1	1	1	1	2.24145	1.07744	1.07744	1	1	
0.26988	-nan	1.07734	1.57654	1	1	1	1	1	1	2.24837	1.07734	1.07734	1	1	
0.273494	-nan	1.07721	1.56769	1	1	1	1	1	1	2.25515	1.07721	1.07721	1	1	
0.277108	-nan	1.07705	1.55938	1	1	1	1	1	1	2.26178	1.07705	1.07705	1	1	
0.280723	-nan	1.07686	1.55158	1	1	1	1	1	1	2.26828	1.07686	1.07686	1	1	
0.284337	-nan	1.07664	1.54426	1	1	1	1	1	1	2.27464	1.07664	1.07664	1	1	
0.287952	-nan	1.07639	1.53741	1	1	1	1	1	1	2.28086	1.07639	1.07639	1	1	
0.291566	-nan	1.07612	1.531	1	1	1	1	1	1	2.28695	1.07612	1.07612	1	1	
0.295181	-nan	1.07583	1.525	1	1	1	1	1	1	2.29291	1.07583	1.07583	1	1	
0.298795	-nan	1.07551	1.51938	1	1	1	1	1	1	2.29875	1.07551	1.07551	1	1	
0.30241	-nan	1.07516	1.51413	1	1	1	1	1	1	2.30447	1.07516	1.07516	1	1	
0.306024	-nan	1.0748	1.50922	1	1	1	1	1	1	2.31006	1.0748	1.0748	1	1	
0.309639	-nan	1.07441	1.50463	1	1	1	1	1	1	2.31554	1.07441	1.07441	1	1	
0.313253	-nan	1.07401	1.50034	1	1	1	1	1	1	2.3209	1.07401	1.07401	1	1	
0.316867	-nan	1.07358	1.49632	1	1	1	1	1	1	2.32615	1.07358	1.07358	1	1	
0.320482	-nan	1.07314	1.49256	1	1	1	1	1	1	2.33129	1.07314	1.07314	1	1	
0.324096	-nan	1.07268	1.48905	1	1	1	1	1	1	2.33632	1.07268	1.07268	1	1	
0.327711	-nan	1.0722	1.48576	1	1	1	1	1	1	2.34125	1.0722	1.0722	1	1	
0.331325	-nan	1.0717	1.48268	1	1	1	1	1	1	2.34607	1.0717	1.0717	1	1	
0.33494	-nan	1.07119	1.47979	1	1	1	1	1	1	2.35079	1.07119	1.07119	1	1	
0.338554	-nan	1.07066	1.47708	1	1	1	1	1	1	2.35542	1.07066	1.07066	1	1	
0.342169	-nan	1.07012	1.47455	1	1	1	1	1	1	2.35994	1.07012	1.07012	1	1	
0.345783	-nan	1.06957	1.47217	1	1	1	1	1	1	2.36437	1.06957	1.06957	1	1	
0.349398	-nan	1.069	1.46994	1	1	1	1	1	1	2.36871	1.069	1.069	1	1	
0.353012	-nan	1.06842	1.46784	1	1	1	1	1	1	2.37296	1.06842	1.06842	1	1	
0.356627	-nan	1.06783	1.46587	1	1	1	1	1	1	2.37712	1.06783	1.06783	1	1	
0.360241	-nan	1.06723	1.46401	1	1	1	1	1	1	2.38119	1.06723	1.06723	1	1	
0.363855	-nan	1.06661	1.46227	1	1	1	1	1	1	2.38518	1.06661	1.06661	1	1	
0.36747	-nan	1.06599	1.46063	1	1	1	1	1	1	2.38908	1.06599	1.06599	1	1	
0.371084	-nan	1.06535	1.45908	1	1	1	1	1	1	2.3929	1.06535	1.06535	1	1	
0.374699	-nan	1.06471	1.45763	1	1	1	1	1	1	2.39665	1.06471	1.06471	1	1	
0.378313	-nan	1.06406	1.45625	1	1	1	1	1	1	2.40031	1.06406	1.06406	1	1	
0.381928	-nan	1.0634	1.45496	1	1	1	1	1	1	2.4039	1.0634	1.0634	1	1	
0.385542	-nan	1.06273	1.45373	1	1	1	1	1	1	2.40741	1.06273	1.06273	1	1	
0.389157	-nan	1.06205	1.45258	1	1	1	1	1	1	2.41085	1.06205	1.06205	1	1	
0.392771	-nan	1.06137	1.45148	1	1	1	1	1	1	2.41422	1.06137	1.06137	1	1	
0.396386	-nan	1.06067	1.45045	1	1	1	1	1	1	2.41751	1.06067	1.06067	1	1	
0.4	-nan	1.05998	1.44947	1	1	1	1	1	1	2.42074	1.05998	1.05998	1	1	
0.403614	-nan	1.05927	1.44854	1	1	1	1	1	1	2.4239	1.05927	1.05927	1	1	
0.407229	-nan	1.05857	1.44767	1	1	1	1	1	1	2.42699	1.05857	1.05857	1	1	
0.410843	-nan	1.05785	1.44683	1	1	1	1	1	1	2.43002	1.05785	1.05785	1	1	
0.414458	-nan	1.05713	1.44604	1	1	1	1	1	1	2.43299	1.05713	1.05713	1	1	
0.418072	-nan	1.05641	1.44529	1	1	1	1	1	1	2.43589	1.05641	1.05641	1	1	
0.421687	-nan	1.05568	1.44458	1	1	1	1	1	1	2.43873	1.05568	1.05568	1	1	
0.425301	-nan	1.05495	1.4439	1	1	1	1	1	1	2.44152	1.05495	1.05495	1	1	
0.428916	-nan	1.05421	1.44326	1	1	1	1	1	1	2.44424	1.05421	1.05421	1	1	
0.43253	-nan	1.05347	1.44265	1	1	1	1	1	1	2.44691	1.05347	1.05347	1	1	
0.436145	-nan	1.05273	1.44206	1	1	1	1	1	1	2.44952	1.05273	1.05273	1	1	
0.439759	-nan	1.05198	1.44151	1	1	1	1	1	1	2.45208	1.05198	1.05198	1	1	
0.443373	-nan	1.05124	1.44098	1	1	1	1	1	1	2.45458	1.05124	1.05124	1	1	
0.446988	-nan	1.05049	1.44047	1	1	1	1	1	1	2.45703	1.05049	1.05049	1	1	
0.450602	-nan	1.04973	1.43999	1	1	1	1	1	1	2.45943	1.04973	1.04973	1	1	
0.454217	-nan	1.04898	1.43953	1	1	1	1	1	1	2.46178	1.04898	1.04898	1	1	
0.457831	-nan	1.04822	1.43909	1	1	1	1	1	1	2.46407	1.04822	1.04822	1	1	
0.461446	-nan	1.04747	1.43867	1	1	1	1	1	1	2.46632	1.04747	1.04747	1	1	
0.46506	-nan	1.04671	1.43827	1	1	1	1	1	1	2.46852	1.04671	1.04671	1	1	
0.468675	-nan	1.04595	1.43789	1	1	1	1	1	1	2.47068	1.04595	1.04595	1	1	
0.472289	-nan	1.04519	1.43752	1	1	1	1	1	1	2.47279	1.04519	1.04519	1	1	
0.475904	-nan	1.04442	1.43717	1	1	1	1	1	1	2.47485	1.04442	1.04442	1	1	
0.479518	-nan	1.04366	1.43684	1	1	1	1	1	1	2.47687	1.04366	1.04366	1	1	
0.483133	-nan	1.0429	1.43651	1	1	1	1	1	1	2.47885	1.0429	1.0429	1	1	
0.486747	-nan	1.04214	1.4362	1	1	1	1	1	1	2.48079	1.04214	1.04214	1	1	
0.490361	-nan	1.04138	1.43591	1	1	1	1	1	1	2.48268	1.04138	1.04138	1	1	
0.493976	-nan	1.04062	1.43562	1	1	1	1	1	1	2.48453	1.04062	1.04062	1	1	
0.49759	-nan	1.03985	1.43535	1	1	1	1	1	1	2.48635	1.03985	1.03985	1	1	
0.501205	-nan	1.03909	1.43509	1	1	1	1	1	1	2.48812	1.03909	1.03909	1	1	
0.504819	-nan	1.03833	1.43484	1	1	1	1	1	1	2.48986	1.03833	1.03833	1	1	
0.508434	-nan	1.03757	1.4346	1	1	1	1	1	1	2.49156	1.03757	1.03757	1	1	
0.512048	-nan	1.03682	1.43437	1	1	1	1	1	1	2.49322	1.03682	1.03682	1	1	
0.515663	-nan	1.03606	1.43414	1	1	1	1	1	1	2.49485	1.03606	1.03606	1	1	
0.519277	-nan	1.0353	1.43393	1	1	1	1	1	1	2.49644	1.0353	1.0353	1	1	
0.522892	-nan	1.03455	1.43372	1	1	1	1	1	1	2.49799	1.03455	1.03455	1	1	
0.526506	-nan	1.03379	1.43352	1	1	1	1	1	1	2.49952	1.03379	1.03379	1	1	
0.53012	-nan	1.03304	1.43333	1	1	1	1	1	1	2.501	1.03304	1.03304	1	1	
0.533735	-nan	1.03229	1.43315	1	1	1	1	1	1	2.50246	1.03229	1.03229	1	1	
0.537349	-nan	1.03154	1.43297	1	1	1	1	1	1	2.50389	1.03154	1.03154	1	1	
0.540964	-nan	1.0308	1.4328	1	1	1	1	1	1	2.50528	1.0308	1.0308	1	1	
0.544578	-nan	1.03005	1.43263	1	1	1	1	1	1	2.50664	1.03005	1.03005	1	1	
0.548193	-nan	1.02931	1.43247	1	1	1	1	1	1	2.50797	1.02931	1.02931	1	1	
0.551807	-nan	1.02857	1.43232	1	1	1	1	1	1	2.50928	1.02857	1.02857	1	1	
0.555422	-nan	1.02783	1.43217	1	1	1	1	1	1	2.51055	1.02783	1.02783	1	1	
0.559036	-nan	1.0271	1.43203	1	1	1	1	1	1	2.5118	1.0271	1.0271	1	1	
0.562651	-nan	1.02636	1.43189	1	1	1	1	1	1	2.51301	1.02636	1.02636	1	1	
0.566265	-nan	1.02563	1.43176	1	1	1	1	1	1	2.51421	1.02563	1.02563	1	1	
0.56988	-nan	1.0249	1.43163	1	1	1	1	1	1	2.51537	1.0249	1.0249	1	1	
0.573494	-nan	1.02418	1.4315	1	1	1	1	1	1	2.51651	1.02418	1.02418	1	1	
0.577108	-nan	1.02345	1.43138	1	1	1	1	1	1	2.51762	1.02345	1.02345	1	1	
0.580723	-nan	1.02273	1.43127	1	1	1	1	1	1	2.5187	1.02273	1.02273	1	1	
0.584337	-nan	1.02202	1.43115	1	1	1	1	1	1	2.51977	1.02202	1.02202	1	1	
0.587952	-nan	1.0213	1.43104	1	1	1	1	1	1	2.5208	1.0213	1.0213	1	1	
0.591566	-nan	1.02059	1.43094	1	1	1	1	1	1	2.52182	1.02059	1.02059	1	1	
0.595181	-nan	1.01988	1.43084	1	1	1	1	1	1	2.52281	1.01988	1.01988	1	1	
0.598795	-nan	1.01918	1.43074	1	1	1	1	1	1	2.52378	1.01918	1.01918	1	1	
0.60241	-nan	1.01847	1.43064	1	1	1	1	1	1	2.52472	1.01847	1.01847	1	1	
0.606024	-nan	1.01777	1.43055	1	1	1	1	1	1	2.52565	1.01777	1.01777	1	1	
0.609639	-nan	1.01708	1.43046	1	1	1	1	1	1	2.52655	1.01708	1.01708	1	1	
0.613253	-nan	1.01638	1.43037	1	1	1	1	1	1	2.52743	1.01638	1.01638	1	1	
0.616867	-nan	1.01569	1.43029	1	1	1	1	1	1	2.52829	1.01569	1.01569	1	1	
0.620482	-nan	1.01501	1.43021	1	1	1	1	1	1	2.52913	1.01501	1.01501	1	1	
0.624096	-nan	1.01432	1.43013	1	1	1	1	1	1	2.52995	1.01432	1.01432	1	1	
0.627711	-nan	1.01364	1.43005	1	1	1	1	1	1	2.53075	1.01364	1.01364	1	1	
0.631325	-nan	1.01297	1.42997	1	1	1	1	1	1	2.53153	1.01297	1.01297	1	1	
0.63494	-nan	1.01229	1.4299	1	1	1	1	1	1	2.53229	1.01229	1.01229	1	1	
0.638554	-nan	1.01162	1.42983	1	1	1	1	1	1	2.53304	1.01162	1.01162	1	1	
0.642169	-nan	1.01096	1.42976	1	1	1	1	1	1	2.53376	1.01096	1.01096	1	1	
0.645783	-nan	1.01029	1.4297	1	1	1	1	1	1	2.53447	1.01029	1.01029	1	1	
0.649398	-nan	1.00963	1.42963	1	1	1	1	1	1	2.53516	1.00963	1.00963	1	1	
0.653012	-nan	1.00898	1.42957	1	1	1	1	1	1	2.53584	1.00898	1.00898	1	1	
0.656627	-nan	1.00833	1.42951	1	1	1	1	1	1	2.53649	1.00833	1.00833	1	1	
0.660241	-nan	1.00768	1.42945	1	1	1	1	1	1	2.53714	1.00768	1.00768	1	1	
0.663855	-nan	1.00703	1.42939	1	1	1	1	1	1	2.53776	1.00703	1.00703	1	1	
0.66747	-nan	1.00639	1.42934	1	1	1	1	1	1	2.53837	1.00639	1.00639	1	1	
0.671084	-nan	1.00575	1.42928	1	1	1	1	1	1	2.53896	1.00575	1.00575	1	1	
0.674699	-nan	1.00512	1.42923	1	1	1	1	1	1	2.53954	1.00512	1.00512	1	1	
0.678313	-nan	1.00449	1.42918	1	1	1	1	1	1	2.54011	1.00449	1.00449	1	1	
0.681928	-nan	1.00386	1.42913	1	1	1	1	1	1	2.54066	1.00386	1.00386	1	1	
0.685542	-nan	1.00324	1.42908	1	1	1	1	1	1	2.54119	1.00324	1.00324	1	1	
0.689157	-nan	1.00262	1.42903	1	1	1	1	1	1	2.54172	1.00262	1.00262	1	1	
0.692771	-nan	1.002	1.42899	1	1	1	1	1	1	2.54222	1.002	1.002	1	1	
0.696386	-nan	1.00139	1.42894	1	1	1	1	1	1	2.54272	1.00139	1.00139	1	1	
0.7	-nan	1.00078	1.4289	1	1	1	1	1	1	2.5432	1.00078	1.00078	1	1	
0.703614	-nan	1.00017	1.42885	1	1	1	1	1	1	2.54367	1.00017	1.00017	1	1	
0.707229	-nan	0.999573	1.42881	1	1	1	1	1	1	2.54413	0.999573	0.999573	1	1	
0.710843	-nan	0.998976	1.42877	1	1	1	1	1	1	2.54457	0.998976	0.998976	1	1	
0.714458	-nan	0.998382	1.42873	1	1	1	1	1	1	2.545	0.998382	0.998382	1	1	
0.718072	-nan	0.997791	1.4287	1	1	1	1	1	1	2.54542	0.997791	0.997791	1	1	
0.721687	-nan	0.997205	1.42866	1	1	1	1	1	1	2.54583	0.997205	0.997205	1	1	
0.725301	-nan	0.996622	1.42862	1	1	1	1	1	1	2.54623	0.996622	0.996622	1	1	
0.728916	-nan	0.996043	1.42859	1	1	1	1	1	1	2.54662	0.996043	0.996043	1	1	
0.73253	-nan	0.995468	1.42855	1	1	1	1	1	1	2.54699	0.995468	0.995468	1	1	
0.736145	-nan	0.994896	1.42852	1	1	1	1	1	1	2.54736	0.994896	0.994896	1	1	
0.739759	-nan	0.994328	1.42849	1	1	1	1	1	1	2.54771	0.994328	0.994328	1	1	
0.743373	-nan	0.993764	1.42845	1	1	1	1	1	1	2.54806	0.993764	0.993764	1	1	
0.746988	-nan	0.993203	1.42842	1	1	1	1	1	1	2.54839	0.993203	0.993203	1	1	
0.750602	-nan	0.992646	1.42839	1	1	1	1	1	1	2.54872	0.992646	0.992646	1	1	
0.754217	-nan	0.992093	1.42836	1	1	1	1	1	1	2.54903	0.992093	0.992093	1	1	
0.757831	-nan	0.991544	1.42833	1	1	1	1	1	1	2.54934	0.991544	0.991544	1	1	
0.761446	-nan	0.990998	1.42831	1	1	1	1	1	1	2.54963	0.990998	0.990998	1	1	
0.76506	-nan	0.990455	1.42828	1	1	1	1	1	1	2.54992	0.990455	0.990455	1	1	
0.768675	-nan	0.989917	1.42825	1	1	1	1	1	1	2.5502	0.989917	0.989917	1	1	
0.772289	-nan	0.989382	1.42822	1	1	1	1	1	1	2.55047	0.989382	0.989382	1	1	
0.775904	-nan	0.988851	1.4282	1	1	1	1	1	1	2.55073	0.988851	0.988851	1	1	
0.779518	-nan	0.988323	1.42817	1	1	1	1	1	1	2.55099	0.988323	0.988323	1	1	
0.783133	-nan	0.987799	1.42815	1	1	1	1	1	1	2.55123	0.987799	0.987799	1	1	
0.786747	-nan	0.987279	1.42813	1	1	1	1	1	1	2.55147	0.987279	0.987279	1	1	
0.790361	-nan	0.986762	1.4281	1	1	1	1	1	1	2.5517	0.986762	0.986762	1	1	
0.793976	-nan	0.986249	1.42808	1	1	1	1	1	1	2.55192	0.986249	0.986249	1	1	
0.79759	-nan	0.985739	1.42806	1	1	1	1	1	1	2.55214	0.985739	0.985739	1	1	
0.801205	-nan	0.985233	1.42804	1	1	1	1	1	1	2.55234	0.985233	0.985233	1	1	
0.804819	-nan	0.984731	1.42801	1	1	1	1	1	1	2.55255	0.984731	0.984731	1	1	
0.808434	-nan	0.984232	1.42799	1	1	1	1	1	1	2.55274	0.984232	0.984232	1	1	
0.812048	-nan	0.983737	1.42797	1	1	1	1	1	1	2.55293	0.983737	0.983737	1	1	
0.815663	-nan	0.983245	1.42795	1	1	1	1	1	1	2.55311	0.983245	0.983245	1	1	
0.819277	-nan	0.982757	1.42793	1	1	1	1	1	1	2.55328	0.982757	0.982757	1	1	
0.822892	-nan	0.982272	1.42792	1	1	1	1	1	1	2.55345	0.982272	0.982272	1	1	
0.826506	-nan	0.981791	1.4279	1	1	1	1	1	1	2.55361	0.981791	0.981791	1	1	
0.83012	-nan	0.981313	1.42788	1	1	1	1	1	1	2.55377	0.981313	0.981313	1	1	
0.833735	-nan	0.980838	1.42786	1	1	1	1	1	1	2.55392	0.980838	0.980838	1	1	
0.837349	-nan	0.980367	1.42784	1	1	1	1	1	1	2.55406	0.980367	0.980367	1	1	
0.840964	-nan	0.9799	1.42783	1	1	1	1	1	1	2.5542	0.9799	0.9799	1	1	
0.844578	-nan	0.979436	1.42781	1	1	1	1	1	1	2.55433	0.979436	0.979436	1	1	
0.848193	-nan	0.978975	1.4278	1	1	1	1	1	1	2.55446	0.978975	0.978975	1	1	
0.851807	-nan	0.978518	1.42778	1	1	1	1	1	1	2.55458	0.978518	0.978518	1	1	
0.855422	-nan	0.978064	1.42776	1	1	1	1	1	1	2.5547	0.978064	0.978064	1	1	
0.859036	-nan	0.977613	1.42775	1	1	1	1	1	1	2.55481	0.977613	0.977613	1	1	
0.862651	-nan	0.977166	1.42773	1	1	1	1	1	1	2.55492	0.977166	0.977166	1	1	
0.866265	-nan	0.976722	1.42772	1	1	1	1	1	1	2.55503	0.976722	0.976722	1	1	
0.86988	-nan	0.976281	1.42771	1	1	1	1	1	1	2.55512	0.976281	0.976281	1	1	
0.873494	-nan	0.975844	1.42769	1	1	1	1	1	1	2.55522	0.975844	0.975844	1	1	
0.877108	-nan	0.97541	1.42768	1	1	1	1	1	1	2.55531	0.97541	0.97541	1	1	
0.880723	-nan	0.974979	1.42766	1	1	1	1	1	1	2.55539	0.974979	0.974979	1	1	
0.884337	-nan	0.974551	1.42765	1	1	1	1	1	1	2.55547	0.974551	0.974551	1	1	
0.887952	-nan	0.974127	1.42764	1	1	1	1	1	1	2.55555	0.974127	0.974127	1	1	
0.891566	-nan	0.973706	1.42763	1	1	1	1	1	1	2.55563	0.973706	0.973706	1	1	
0.895181	-nan	0.973288	1.42761	1	1	1	1	1	1	2.55569	0.973288	0.973288	1	1	
0.898795	-nan	0.972873	1.4276	1	1	1	1	1	1	2.55576	0.972873	0.972873	1	1	
0.90241	-nan	0.972462	1.42759	1	1	1	1	1	1	2.55582	0.972462	0.972462	1	1	
0.906024	-nan	0.972053	1.42758	1	1	1	1	1	1	2.55588	0.972053	0.972053	1	1	
0.909639	-nan	0.971648	1.42757	1	1	1	1	1	1	2.55594	0.971648	0.971648	1	1	
0.913253	-nan	0.971246	1.42756	1	1	1	1	1	1	2.55599	0.971246	0.971246	1	1	
0.916867	-nan	0.970847	1.42755	1	1	1	1	1	1	2.55604	0.970847	0.970847	1	1	
0.920482	-nan	0.970451	1.42754	1	1	1	1	1	1	2.55608	0.970451	0.970451	1	1	
0.924096	-nan	0.970058	1.42753	1	1	1	1	1	1	2.55612	0.970058	0.970058	1	1	
0.927711	-nan	0.969668	1.42752	1	1	1	1	1	1	2.55616	0.969668	0.969668	1	1	
0.931325	-nan	0.969281	1.42751	1	1	1	1	1	1	2.5562	0.969281	0.969281	1	1	
0.93494	-nan	0.968897	1.4275	1	1	1	1	1	1	2.55623	0.968897	0.968897	1	1	
0.938554	-nan	0.968516	1.42749	1	1	1	1	1	1	2.55627	0.968516	0.968516	1	1	
0.942169	-nan	0.968138	1.42748	1	1	1	1	1	1	2.55629	0.968138	0.968138	1	1	
0.945783	-nan	0.967763	1.42747	1	1	1	1	1	1	2.55632	0.967763	0.967763	1	1	
0.949398	-nan	0.967391	1.42746	1	1	1	1	1	1	2.55634	0.967391	0.967391	1	1	
0.953012	-nan	0.967022	1.42745	1	1	1	1	1	1	2.55636	0.967022	0.967022	1	1	
0.956627	-nan	0.966656	1.42744	1	1	1	1	1	1	2.55638	0.966656	0.966656	1	1	
0.960241	-nan	0.966293	1.42743	1	1	1	1	1	1	2.5564	0.966293	0.966293	1	1	
0.963855	-nan	0.965933	1.42742	1	1	1	1	1	1	2.55641	0.965933	0.965933	1	1	
0.96747	-nan	0.965575	1.42742	1	1	1	1	1	1	2.55642	0.965575	0.965575	1	1	
0.971084	-nan	0.96522	1.42741	1	1	1	1	1	1	2.55643	0.96522	0.96522	1	1	
0.974699	-nan	0.964869	1.4274	1	1	1	1	1	1	2.55644	0.964869	0.964869	1	1	
0.978313	-nan	0.964519	1.42739	1	1	1	1	1	1	2.55645	0.964519	0.964519	1	1	
0.981928	-nan	0.964173	1.42739	1	1	1	1	1	1	2.55645	0.964173	0.964173	1	1	
0.985542	-nan	0.96383	1.42738	1	1	1	1	1	1	2.55646	0.96383	0.96383	1	1	
0.989157	-nan	0.963489	1.42737	1	1	1	1	1	1	2.55646	0.963489	0.963489	1	1	
0.992771	-nan	0.963151	1.42736	1	1	1	1	1	1	2.55646	0.963151	0.963151	1	1	
0.996386	-nan	0.962816	1.42736	1	1	1	1	1	1	2.55645	0.962816	0.962816	1	1	
1	-nan	-nan	-nan	-nan	-nan	-nan	-nan	-nan	-nan	-nan	-nan	-nan	-nan	-nan	
