1e-05	-nan	0.59724	0.254864	1	1	1	1	1	1	5.18118	0.59724	0.59724	1	1	
1.03753e-05	-nan	0.597403	0.254876	1	1	1	1	1	1	5.18101	0.597403	0.597403	1	1	
1.07647e-05	-nan	0.597568	0.254887	1	1	1	1	1	1	5.18084	0.597568	0.597568	1	1	
1.11686e-05	-nan	0.597737	0.254899	1	1	1	1	1	1	5.18067	0.597737	0.597737	1	1	
1.15878e-05	-nan	0.597907	0.254911	1	1	1	1	1	1	5.18049	0.597907	0.597907	1	1	
1.20226e-05	-nan	0.59808	0.254924	1	1	1	1	1	1	5.18031	0.59808	0.59808	1	1	
1.24738e-05	-nan	0.598256	0.254937	1	1	1	1	1	1	5.18014	0.598256	0.598256	1	1	
1.2942e-05	-nan	0.598435	0.25495	1	1	1	1	1	1	5.17996	0.598435	0.598435	1	1	
1.34276e-05	-nan	0.598616	0.254964	1	1	1	1	1	1	5.17977	0.598616	0.598616	1	1	
1.39316e-05	-nan	0.5988	0.254977	1	1	1	1	1	1	5.17959	0.5988	0.5988	1	1	
1.44544e-05	-nan	0.598986	0.254992	1	1	1	1	1	1	5.17941	0.598986	0.598986	1	1	
1.49968e-05	-nan	0.599176	0.255006	1	1	1	1	1	1	5.17922	0.599176	0.599176	1	1	
1.55597e-05	-nan	0.599368	0.255021	1	1	1	1	1	1	5.17903	0.599368	0.599368	1	1	
1.61436e-05	-nan	0.599564	0.255037	1	1	1	1	1	1	5.17884	0.599564	0.599564	1	1	
1.67494e-05	-nan	0.599762	0.255052	1	1	1	1	1	1	5.17865	0.599762	0.599762	1	1	
1.7378e-05	-nan	0.599963	0.255068	1	1	1	1	1	1	5.17846	0.599963	0.599963	1	1	
1.80302e-05	-nan	0.600168	0.255085	1	1	1	1	1	1	5.17827	0.600168	0.600168	1	1	
1.87068e-05	-nan	0.600375	0.255102	1	1	1	1	1	1	5.17807	0.600375	0.600375	1	1	
1.94089e-05	-nan	0.600586	0.255119	1	1	1	1	1	1	5.17787	0.600586	0.600586	1	1	
2.01372e-05	-nan	0.6008	0.255137	1	1	1	1	1	1	5.17767	0.6008	0.6008	1	1	
2.0893e-05	-nan	0.601017	0.255155	1	1	1	1	1	1	5.17747	0.601017	0.601017	1	1	
2.1677e-05	-nan	0.601238	0.255174	1	1	1	1	1	1	5.17727	0.601238	0.601238	1	1	
2.24905e-05	-nan	0.601462	0.255193	1	1	1	1	1	1	5.17707	0.601462	0.601462	1	1	
2.33346e-05	-nan	0.601689	0.255213	1	1	1	1	1	1	5.17686	0.601689	0.601689	1	1	
2.42103e-05	-nan	0.60192	0.255233	1	1	1	1	1	1	5.17665	0.60192	0.60192	1	1	
2.51189e-05	-nan	0.602154	0.255254	1	1	1	1	1	1	5.17644	0.602154	0.602154	1	1	
2.60615e-05	-nan	0.602393	0.255275	1	1	1	1	1	1	5.17623	0.602393	0.602393	1	1	
2.70396e-05	-nan	0.602634	0.255297	1	1	1	1	1	1	5.17602	0.602634	0.602634	1	1	
2.80543e-05	-nan	0.60288	0.25532	1	1	1	1	1	1	5.1758	0.60288	0.60288	1	1	
2.91072e-05	-nan	0.603129	0.255342	1	1	1	1	1	1	5.17559	0.603129	0.603129	1	1	
3.01995e-05	-nan	0.603382	0.255366	1	1	1	1	1	1	5.17537	0.603382	0.603382	1	1	
3.13329e-05	-nan	0.603639	0.25539	1	1	1	1	1	1	5.17515	0.603639	0.603639	1	1	
3.25087e-05	-nan	0.6039	0.255415	1	1	1	1	1	1	5.17493	0.6039	0.6039	1	1	
3.37287e-05	-nan	0.604165	0.25544	1	1	1	1	1	1	5.1747	0.604165	0.604165	1	1	
3.49945e-05	-nan	0.604434	0.255466	1	1	1	1	1	1	5.17448	0.604434	0.604434	1	1	
3.63078e-05	-nan	0.604708	0.255493	1	1	1	1	1	1	5.17425	0.604708	0.604708	1	1	
3.76704e-05	-nan	0.604985	0.25552	1	1	1	1	1	1	5.17402	0.604985	0.604985	1	1	
3.90841e-05	-nan	0.605267	0.255548	1	1	1	1	1	1	5.17379	0.605267	0.605267	1	1	
4.05509e-05	-nan	0.605553	0.255577	1	1	1	1	1	1	5.17356	0.605553	0.605553	1	1	
4.20727e-05	-nan	0.605844	0.255607	1	1	1	1	1	1	5.17332	0.605844	0.605844	1	1	
4.36516e-05	-nan	0.606139	0.255637	1	1	1	1	1	1	5.17308	0.606139	0.606139	1	1	
4.52898e-05	-nan	0.606439	0.255668	1	1	1	1	1	1	5.17284	0.606439	0.606439	1	1	
4.69894e-05	-nan	0.606744	0.2557	1	1	1	1	1	1	5.1726	0.606744	0.606744	1	1	
4.87528e-05	-nan	0.607053	0.255732	1	1	1	1	1	1	5.17236	0.607053	0.607053	1	1	
5.05825e-05	-nan	0.607367	0.255766	1	1	1	1	1	1	5.17211	0.607367	0.607367	1	1	
5.24807e-05	-nan	0.607686	0.2558	1	1	1	1	1	1	5.17186	0.607686	0.607686	1	1	
5.44503e-05	-nan	0.60801	0.255835	1	1	1	1	1	1	5.17161	0.60801	0.60801	1	1	
5.64937e-05	-nan	0.608339	0.255871	1	1	1	1	1	1	5.17136	0.608339	0.608339	1	1	
5.86138e-05	-nan	0.608674	0.255908	1	1	1	1	1	1	5.17111	0.608674	0.608674	1	1	
6.08135e-05	-nan	0.609013	0.255946	1	1	1	1	1	1	5.17085	0.609013	0.609013	1	1	
6.30957e-05	-nan	0.609358	0.255985	1	1	1	1	1	1	5.17059	0.609358	0.609358	1	1	
6.54636e-05	-nan	0.609708	0.256025	1	1	1	1	1	1	5.17033	0.609708	0.609708	1	1	
6.79204e-05	-nan	0.610064	0.256066	1	1	1	1	1	1	5.17007	0.610064	0.610064	1	1	
7.04693e-05	-nan	0.610426	0.256108	1	1	1	1	1	1	5.1698	0.610426	0.610426	1	1	
7.31139e-05	-nan	0.610793	0.256152	1	1	1	1	1	1	5.16954	0.610793	0.610793	1	1	
7.58578e-05	-nan	0.611166	0.256196	1	1	1	1	1	1	5.16927	0.611166	0.611166	1	1	
7.87046e-05	-nan	0.611544	0.256241	1	1	1	1	1	1	5.169	0.611544	0.611544	1	1	
8.16582e-05	-nan	0.611929	0.256288	1	1	1	1	1	1	5.16872	0.611929	0.611929	1	1	
8.47227e-05	-nan	0.61232	0.256335	1	1	1	1	1	1	5.16844	0.61232	0.61232	1	1	
8.79023e-05	-nan	0.612717	0.256384	1	1	1	1	1	1	5.16817	0.612717	0.612717	1	1	
9.12011e-05	-nan	0.61312	0.256435	1	1	1	1	1	1	5.16788	0.61312	0.61312	1	1	
9.46237e-05	-nan	0.61353	0.256486	1	1	1	1	1	1	5.1676	0.61353	0.61353	1	1	
9.81748e-05	-nan	0.613946	0.256539	1	1	1	1	1	1	5.16731	0.613946	0.613946	1	1	
0.000101859	-nan	0.614369	0.256593	1	1	1	1	1	1	5.16703	0.614369	0.614369	1	1	
0.000105682	-nan	0.614798	0.256649	1	1	1	1	1	1	5.16674	0.614798	0.614798	1	1	
0.000109648	-nan	0.615234	0.256706	1	1	1	1	1	1	5.16644	0.615234	0.615234	1	1	
0.000113763	-nan	0.615678	0.256764	1	1	1	1	1	1	5.16615	0.615678	0.615678	1	1	
0.000118032	-nan	0.616128	0.256824	1	1	1	1	1	1	5.16585	0.616128	0.616128	1	1	
0.000122462	-nan	0.616585	0.256886	1	1	1	1	1	1	5.16555	0.616585	0.616585	1	1	
0.000127057	-nan	0.61705	0.256949	1	1	1	1	1	1	5.16524	0.61705	0.61705	1	1	
0.000131826	-nan	0.617522	0.257014	1	1	1	1	1	1	5.16494	0.617522	0.617522	1	1	
0.000136773	-nan	0.618002	0.25708	1	1	1	1	1	1	5.16463	0.618002	0.618002	1	1	
0.000141906	-nan	0.618489	0.257148	1	1	1	1	1	1	5.16432	0.618489	0.618489	1	1	
0.000147231	-nan	0.618984	0.257218	1	1	1	1	1	1	5.164	0.618984	0.618984	1	1	
0.000152757	-nan	0.619487	0.25729	1	1	1	1	1	1	5.16369	0.619487	0.619487	1	1	
0.000158489	-nan	0.619998	0.257364	1	1	1	1	1	1	5.16337	0.619998	0.619998	1	1	
0.000164437	-nan	0.620517	0.257439	1	1	1	1	1	1	5.16304	0.620517	0.620517	1	1	
0.000170608	-nan	0.621045	0.257517	1	1	1	1	1	1	5.16272	0.621045	0.621045	1	1	
0.000177011	-nan	0.621581	0.257596	1	1	1	1	1	1	5.16239	0.621581	0.621581	1	1	
0.000183654	-nan	0.622125	0.257678	1	1	1	1	1	1	5.16206	0.622125	0.622125	1	1	
0.000190546	-nan	0.622679	0.257762	1	1	1	1	1	1	5.16173	0.622679	0.622679	1	1	
0.000197697	-nan	0.623241	0.257847	1	1	1	1	1	1	5.16139	0.623241	0.623241	1	1	
0.000205116	-nan	0.623812	0.257936	1	1	1	1	1	1	5.16105	0.623812	0.623812	1	1	
0.000212814	-nan	0.624393	0.258026	1	1	1	1	1	1	5.16071	0.624393	0.624393	1	1	
0.0002208	-nan	0.624982	0.258119	1	1	1	1	1	1	5.16036	0.624982	0.624982	1	1	
0.000229087	-nan	0.625582	0.258214	1	1	1	1	1	1	5.16002	0.625582	0.625582	1	1	
0.000237684	-nan	0.62619	0.258312	1	1	1	1	1	1	5.15967	0.62619	0.62619	1	1	
0.000246604	-nan	0.626809	0.258412	1	1	1	1	1	1	5.15931	0.626809	0.626809	1	1	
0.000255859	-nan	0.627438	0.258515	1	1	1	1	1	1	5.15895	0.627438	0.627438	1	1	
0.000265461	-nan	0.628077	0.25862	1	1	1	1	1	1	5.15859	0.628077	0.628077	1	1	
0.000275423	-nan	0.628726	0.258728	1	1	1	1	1	1	5.15823	0.628726	0.628726	1	1	
0.000285759	-nan	0.629385	0.258839	1	1	1	1	1	1	5.15786	0.629385	0.629385	1	1	
0.000296483	-nan	0.630056	0.258953	1	1	1	1	1	1	5.15749	0.630056	0.630056	1	1	
0.00030761	-nan	0.630737	0.25907	1	1	1	1	1	1	5.15712	0.630737	0.630737	1	1	
0.000319154	-nan	0.631429	0.25919	1	1	1	1	1	1	5.15674	0.631429	0.631429	1	1	
0.000331131	-nan	0.632132	0.259314	1	1	1	1	1	1	5.15636	0.632132	0.632132	1	1	
0.000343558	-nan	0.632847	0.25944	1	1	1	1	1	1	5.15598	0.632847	0.632847	1	1	
0.000356451	-nan	0.633573	0.25957	1	1	1	1	1	1	5.1556	0.633573	0.633573	1	1	
0.000369828	-nan	0.634311	0.259703	1	1	1	1	1	1	5.15521	0.634311	0.634311	1	1	
0.000383707	-nan	0.635061	0.25984	1	1	1	1	1	1	5.15481	0.635061	0.635061	1	1	
0.000398107	-nan	0.635823	0.25998	1	1	1	1	1	1	5.15442	0.635823	0.635823	1	1	
0.000413048	-nan	0.636598	0.260124	1	1	1	1	1	1	5.15402	0.636598	0.636598	1	1	
0.000428549	-nan	0.637385	0.260272	1	1	1	1	1	1	5.15361	0.637385	0.637385	1	1	
0.000444631	-nan	0.638185	0.260424	1	1	1	1	1	1	5.15321	0.638185	0.638185	1	1	
0.000461318	-nan	0.638998	0.260579	1	1	1	1	1	1	5.15279	0.638998	0.638998	1	1	
0.00047863	-nan	0.639824	0.260739	1	1	1	1	1	1	5.15238	0.639824	0.639824	1	1	
0.000496592	-nan	0.640664	0.260903	1	1	1	1	1	1	5.15196	0.640664	0.640664	1	1	
0.000515229	-nan	0.641517	0.261072	1	1	1	1	1	1	5.15154	0.641517	0.641517	1	1	
0.000534564	-nan	0.642384	0.261245	1	1	1	1	1	1	5.15111	0.642384	0.642384	1	1	
0.000554626	-nan	0.643266	0.261422	1	1	1	1	1	1	5.15068	0.643266	0.643266	1	1	
0.00057544	-nan	0.644161	0.261605	1	1	1	1	1	1	5.15025	0.644161	0.644161	1	1	
0.000597035	-nan	0.645072	0.261792	1	1	1	1	1	1	5.14981	0.645072	0.645072	1	1	
0.000619441	-nan	0.645997	0.261984	1	1	1	1	1	1	5.14937	0.645997	0.645997	1	1	
0.000642688	-nan	0.646937	0.262181	1	1	1	1	1	1	5.14893	0.646937	0.646937	1	1	
0.000666807	-nan	0.647893	0.262384	1	1	1	1	1	1	5.14848	0.647893	0.647893	1	1	
0.000691831	-nan	0.648864	0.262592	1	1	1	1	1	1	5.14803	0.648864	0.648864	1	1	
0.000717794	-nan	0.649852	0.262805	1	1	1	1	1	1	5.14757	0.649852	0.649852	1	1	
0.000744732	-nan	0.650855	0.263024	1	1	1	1	1	1	5.14711	0.650855	0.650855	1	1	
0.000772681	-nan	0.651875	0.26325	1	1	1	1	1	1	5.14664	0.651875	0.651875	1	1	
0.000801678	-nan	0.652911	0.263481	1	1	1	1	1	1	5.14617	0.652911	0.652911	1	1	
0.000831764	-nan	0.653964	0.263718	1	1	1	1	1	1	5.1457	0.653964	0.653964	1	1	
0.000862979	-nan	0.655035	0.263962	1	1	1	1	1	1	5.14522	0.655035	0.655035	1	1	
0.000895365	-nan	0.656123	0.264213	1	1	1	1	1	1	5.14473	0.656123	0.656123	1	1	
0.000928966	-nan	0.657229	0.26447	1	1	1	1	1	1	5.14425	0.657229	0.657229	1	1	
0.000963829	-nan	0.658353	0.264734	1	1	1	1	1	1	5.14375	0.658353	0.658353	1	1	
0.001	-nan	0.659496	0.265006	1	1	1	1	1	1	5.14326	0.659496	0.659496	1	1	
0.00103753	-nan	0.660657	0.265285	1	1	1	1	1	1	5.14276	0.660657	0.660657	1	1	
0.00107647	-nan	0.661838	0.265571	1	1	1	1	1	1	5.14225	0.661838	0.661838	1	1	
0.00111686	-nan	0.663037	0.265865	1	1	1	1	1	1	5.14174	0.663037	0.663037	1	1	
0.00115878	-nan	0.664257	0.266168	1	1	1	1	1	1	5.14122	0.664257	0.664257	1	1	
0.00120226	-nan	0.665496	0.266478	1	1	1	1	1	1	5.1407	0.665496	0.665496	1	1	
0.00124738	-nan	0.666756	0.266798	1	1	1	1	1	1	5.14018	0.666756	0.666756	1	1	
0.0012942	-nan	0.668036	0.267126	1	1	1	1	1	1	5.13965	0.668036	0.668036	1	1	
0.00134276	-nan	0.669338	0.267463	1	1	1	1	1	1	5.13911	0.669338	0.669338	1	1	
0.00139316	-nan	0.67066	0.267809	1	1	1	1	1	1	5.13857	0.67066	0.67066	1	1	
0.00144544	-nan	0.672005	0.268165	1	1	1	1	1	1	5.13802	0.672005	0.672005	1	1	
0.00149968	-nan	0.673372	0.268531	1	1	1	1	1	1	5.13747	0.673372	0.673372	1	1	
0.00155597	-nan	0.674761	0.268907	1	1	1	1	1	1	5.13691	0.674761	0.674761	1	1	
0.00161436	-nan	0.676173	0.269294	1	1	1	1	1	1	5.13635	0.676173	0.676173	1	1	
0.00167494	-nan	0.677608	0.269691	1	1	1	1	1	1	5.13578	0.677608	0.677608	1	1	
0.0017378	-nan	0.679066	0.2701	1	1	1	1	1	1	5.13521	0.679066	0.679066	1	1	
0.00180302	-nan	0.680549	0.27052	1	1	1	1	1	1	5.13463	0.680549	0.680549	1	1	
0.00187068	-nan	0.682056	0.270952	1	1	1	1	1	1	5.13404	0.682056	0.682056	1	1	
0.00194089	-nan	0.683587	0.271396	1	1	1	1	1	1	5.13345	0.683587	0.683587	1	1	
0.00201372	-nan	0.685144	0.271853	1	1	1	1	1	1	5.13286	0.685144	0.685144	1	1	
0.0020893	-nan	0.686727	0.272323	1	1	1	1	1	1	5.13225	0.686727	0.686727	1	1	
0.0021677	-nan	0.688335	0.272806	1	1	1	1	1	1	5.13164	0.688335	0.688335	1	1	
0.00224905	-nan	0.68997	0.273303	1	1	1	1	1	1	5.13103	0.68997	0.68997	1	1	
0.00233346	-nan	0.691631	0.273815	1	1	1	1	1	1	5.13041	0.691631	0.691631	1	1	
0.00242103	-nan	0.69332	0.274341	1	1	1	1	1	1	5.12978	0.69332	0.69332	1	1	
0.00251189	-nan	0.695036	0.274882	1	1	1	1	1	1	5.12914	0.695036	0.695036	1	1	
0.00260615	-nan	0.696781	0.275439	1	1	1	1	1	1	5.1285	0.696781	0.696781	1	1	
0.00270396	-nan	0.698554	0.276013	1	1	1	1	1	1	5.12785	0.698554	0.698554	1	1	
0.00280543	-nan	0.700356	0.276603	1	1	1	1	1	1	5.1272	0.700356	0.700356	1	1	
0.00291072	-nan	0.702188	0.27721	1	1	1	1	1	1	5.12654	0.702188	0.702188	1	1	
0.00301995	-nan	0.704049	0.277836	1	1	1	1	1	1	5.12587	0.704049	0.704049	1	1	
0.00313329	-nan	0.705941	0.27848	1	1	1	1	1	1	5.12519	0.705941	0.705941	1	1	
0.00325087	-nan	0.707864	0.279143	1	1	1	1	1	1	5.12451	0.707864	0.707864	1	1	
0.00337287	-nan	0.709819	0.279826	1	1	1	1	1	1	5.12381	0.709819	0.709819	1	1	
0.00349945	-nan	0.711805	0.280529	1	1	1	1	1	1	5.12312	0.711805	0.711805	1	1	
0.00363078	-nan	0.713823	0.281254	1	1	1	1	1	1	5.12241	0.713823	0.713823	1	1	
0.00376704	-nan	0.715875	0.282	1	1	1	1	1	1	5.12169	0.715875	0.715875	1	1	
0.00390841	-nan	0.71796	0.28277	1	1	1	1	1	1	5.12097	0.71796	0.71796	1	1	
0.00405509	-nan	0.720078	0.283563	1	1	1	1	1	1	5.12024	0.720078	0.720078	1	1	
0.00420727	-nan	0.722232	0.28438	1	1	1	1	1	1	5.1195	0.722232	0.722232	1	1	
0.00436516	-nan	0.72442	0.285223	1	1	1	1	1	1	5.11875	0.72442	0.72442	1	1	
0.00452898	-nan	0.726643	0.286091	1	1	1	1	1	1	5.11799	0.726643	0.726643	1	1	
0.00469894	-nan	0.728903	0.286987	1	1	1	1	1	1	5.11723	0.728903	0.728903	1	1	
0.00487528	-nan	0.731198	0.287912	1	1	1	1	1	1	5.11645	0.731198	0.731198	1	1	
0.00505825	-nan	0.733532	0.288865	1	1	1	1	1	1	5.11567	0.733532	0.733532	1	1	
0.00524807	-nan	0.735902	0.289849	1	1	1	1	1	1	5.11487	0.735902	0.735902	1	1	
0.00544503	-nan	0.738311	0.290864	1	1	1	1	1	1	5.11407	0.738311	0.738311	1	1	
0.00564937	-nan	0.740758	0.291912	1	1	1	1	1	1	5.11325	0.740758	0.740758	1	1	
0.00586138	-nan	0.743245	0.292995	1	1	1	1	1	1	5.11243	0.743245	0.743245	1	1	
0.00608135	-nan	0.745772	0.294112	1	1	1	1	1	1	5.1116	0.745772	0.745772	1	1	
0.00630957	-nan	0.748339	0.295267	1	1	1	1	1	1	5.11075	0.748339	0.748339	1	1	
0.00654636	-nan	0.750946	0.29646	1	1	1	1	1	1	5.1099	0.750946	0.750946	1	1	
0.00679204	-nan	0.753596	0.297693	1	1	1	1	1	1	5.10903	0.753596	0.753596	1	1	
0.00704693	-nan	0.756287	0.298967	1	1	1	1	1	1	5.10815	0.756287	0.756287	1	1	
0.00731139	-nan	0.759021	0.300285	1	1	1	1	1	1	5.10726	0.759021	0.759021	1	1	
0.00758578	-nan	0.761798	0.301648	1	1	1	1	1	1	5.10636	0.761798	0.761798	1	1	
0.00787046	-nan	0.764619	0.303058	1	1	1	1	1	1	5.10544	0.764619	0.764619	1	1	
0.00816582	-nan	0.767485	0.304517	1	1	1	1	1	1	5.10452	0.767485	0.767485	1	1	
0.00847227	-nan	0.770395	0.306028	1	1	1	1	1	1	5.10358	0.770395	0.770395	1	1	
0.00879023	-nan	0.77335	0.307592	1	1	1	1	1	1	5.10262	0.77335	0.77335	1	1	
0.00912011	-nan	0.776352	0.309213	1	1	1	1	1	1	5.10166	0.776352	0.776352	1	1	
0.00946237	-nan	0.7794	0.310892	1	1	1	1	1	1	5.10067	0.7794	0.7794	1	1	
0.00981748	-nan	0.782496	0.312633	1	1	1	1	1	1	5.09968	0.782496	0.782496	1	1	
0.0101859	-nan	0.785639	0.314438	1	1	1	1	1	1	5.09867	0.785639	0.785639	1	1	
0.0105682	-nan	0.78883	0.31631	1	1	1	1	1	1	5.09764	0.78883	0.78883	1	1	
0.0109648	-nan	0.79207	0.318254	1	1	1	1	1	1	5.0966	0.79207	0.79207	1	1	
0.0113763	-nan	0.79536	0.320271	1	1	1	1	1	1	5.09555	0.79536	0.79536	1	1	
0.0118032	-nan	0.798699	0.322367	1	1	1	1	1	1	5.09447	0.798699	0.798699	1	1	
0.0122462	-nan	0.802088	0.324545	1	1	1	1	1	1	5.09338	0.802088	0.802088	1	1	
0.0127057	-nan	0.805529	0.326809	1	1	1	1	1	1	5.09227	0.805529	0.805529	1	1	
0.0131826	-nan	0.80902	0.329163	1	1	1	1	1	1	5.09115	0.80902	0.80902	1	1	
0.0136773	-nan	0.812564	0.331613	1	1	1	1	1	1	5.09	0.812564	0.812564	1	1	
0.0141906	-nan	0.816159	0.334164	1	1	1	1	1	1	5.08884	0.816159	0.816159	1	1	
0.0147231	-nan	0.819808	0.336822	1	1	1	1	1	1	5.08765	0.819808	0.819808	1	1	
0.0152757	-nan	0.823509	0.339591	1	1	1	1	1	1	5.08645	0.823509	0.823509	1	1	
0.0158489	-nan	0.827264	0.34248	1	1	1	1	1	1	5.08522	0.827264	0.827264	1	1	
0.0164437	-nan	0.831073	0.345493	1	1	1	1	1	1	5.08397	0.831073	0.831073	1	1	
0.0170608	-nan	0.834936	0.34864	1	1	1	1	1	1	5.0827	0.834936	0.834936	1	1	
0.0177011	-nan	0.838853	0.351928	1	1	1	1	1	1	5.0814	0.838853	0.838853	1	1	
0.0183654	-nan	0.842826	0.355364	1	1	1	1	1	1	5.08008	0.842826	0.842826	1	1	
0.0190546	-nan	0.846853	0.35896	1	1	1	1	1	1	5.07873	0.846853	0.846853	1	1	
0.0197697	-nan	0.850936	0.362724	1	1	1	1	1	1	5.07736	0.850936	0.850936	1	1	
0.0205116	-nan	0.855075	0.366667	1	1	1	1	1	1	5.07596	0.855075	0.855075	1	1	
0.0212814	-nan	0.859269	0.370801	1	1	1	1	1	1	5.07453	0.859269	0.859269	1	1	
0.02208	-nan	0.863518	0.375139	1	1	1	1	1	1	5.07307	0.863518	0.863518	1	1	
0.0229087	-nan	0.867824	0.379694	1	1	1	1	1	1	5.07158	0.867824	0.867824	1	1	
0.0237684	-nan	0.872186	0.384481	1	1	1	1	1	1	5.07006	0.872186	0.872186	1	1	
0.0246604	-nan	0.876603	0.389516	1	1	1	1	1	1	5.0685	0.876603	0.876603	1	1	
0.0255859	-nan	0.881076	0.394816	1	1	1	1	1	1	5.06691	0.881076	0.881076	1	1	
0.0265461	-nan	0.885605	0.400401	1	1	1	1	1	1	5.06528	0.885605	0.885605	1	1	
0.0275423	-nan	0.890189	0.406291	1	1	1	1	1	1	5.06361	0.890189	0.890189	1	1	
0.0285759	-nan	0.894829	0.412508	1	1	1	1	1	1	5.0619	0.894829	0.894829	1	1	
0.0296483	-nan	0.899523	0.419078	1	1	1	1	1	1	5.06015	0.899523	0.899523	1	1	
0.030761	-nan	0.904271	0.426027	1	1	1	1	1	1	5.05836	0.904271	0.904271	1	1	
0.0319154	-nan	0.909073	0.433384	1	1	1	1	1	1	5.05651	0.909073	0.909073	1	1	
0.0331131	-nan	0.913929	0.441181	1	1	1	1	1	1	5.05462	0.913929	0.913929	1	1	
0.0343558	-nan	0.918836	0.449453	1	1	1	1	1	1	5.05268	0.918836	0.918836	1	1	
0.0356451	-nan	0.923796	0.458239	1	1	1	1	1	1	5.05068	0.923796	0.923796	1	1	
0.0369828	-nan	0.928806	0.467579	1	1	1	1	1	1	5.04863	0.928806	0.928806	1	1	
0.0383707	-nan	0.933866	0.47752	1	1	1	1	1	1	5.04652	0.933866	0.933866	1	1	
0.0398107	-nan	0.938975	0.48811	1	1	1	1	1	1	5.04434	0.938975	0.938975	1	1	
0.0413048	-nan	0.944132	0.499405	1	1	1	1	1	1	5.0421	0.944132	0.944132	1	1	
0.0428549	-nan	0.949334	0.511464	1	1	1	1	1	1	5.03978	0.949334	0.949334	1	1	
0.0444631	-nan	0.954581	0.52435	1	1	1	1	1	1	5.0374	0.954581	0.954581	1	1	
0.0461318	-nan	0.959871	0.538135	1	1	1	1	1	1	5.03493	0.959871	0.959871	1	1	
0.047863	-nan	0.965202	0.552893	1	1	1	1	1	1	5.03238	0.965202	0.965202	1	1	
0.0496592	-nan	0.970572	0.568706	1	1	1	1	1	1	5.02973	0.970572	0.970572	1	1	
0.0515229	-nan	0.975979	0.585664	1	1	1	1	1	1	5.027	0.975979	0.975979	1	1	
0.0534564	-nan	0.981421	0.603861	1	1	1	1	1	1	5.02416	0.981421	0.981421	1	1	
0.0554626	-nan	0.986895	0.623396	1	1	1	1	1	1	5.02122	0.986895	0.986895	1	1	
0.057544	-nan	0.992399	0.644377	1	1	1	1	1	1	5.01816	0.992399	0.992399	1	1	
0.0597035	-nan	0.997929	0.666913	1	1	1	1	1	1	5.01498	0.997929	0.997929	1	1	
0.0619441	-nan	1.00348	0.69112	1	1	1	1	1	1	5.01167	1.00348	1.00348	1	1	
0.0642688	-nan	1.00906	0.717114	1	1	1	1	1	1	5.00822	1.00906	1.00906	1	1	
0.0666807	-nan	1.01465	0.745008	1	1	1	1	1	1	5.00462	1.01465	1.01465	1	1	
0.0691831	-nan	1.02025	0.774914	1	1	1	1	1	1	5.00086	1.02025	1.02025	1	1	
0.0717794	-nan	1.02586	0.806932	1	1	1	1	1	1	4.99693	1.02586	1.02586	1	1	
0.0744732	-nan	1.03148	0.841146	1	1	1	1	1	1	4.99281	1.03148	1.03148	1	1	
0.0772681	-nan	1.0371	0.877621	1	1	1	1	1	1	4.98849	1.0371	1.0371	1	1	
0.0801678	-nan	1.04271	0.916387	1	1	1	1	1	1	4.98396	1.04271	1.04271	1	1	
0.0831764	-nan	1.04831	0.957433	1	1	1	1	1	1	4.97919	1.04831	1.04831	1	1	
0.0862979	-nan	1.0539	1.0007	1	1	1	1	1	1	4.97417	1.0539	1.0539	1	1	
0.0895365	-nan	1.05947	1.04605	1	1	1	1	1	1	4.96888	1.05947	1.05947	1	1	
0.0928966	-nan	1.065	1.09327	1	1	1	1	1	1	4.96329	1.065	1.065	1	1	
0.0963829	-nan	1.07051	1.14208	1	1	1	1	1	1	4.95738	1.07051	1.07051	1	1	
0.1	-nan	1.07597	1.19208	1	1	1	1	1	1	4.95111	1.07597	1.07597	1	1	
0.103614	-nan	1.08119	1.24091	1	1	1	1	1	1	4.94471	1.08119	1.08119	1	1	
0.107229	-nan	1.08619	1.28817	1	1	1	1	1	1	4.93817	1.08619	1.08619	1	1	
0.110843	-nan	1.09097	1.33343	1	1	1	1	1	1	4.93147	1.09097	1.09097	1	1	
0.114458	-nan	1.09554	1.37628	1	1	1	1	1	1	4.9246	1.09554	1.09554	1	1	
0.118072	-nan	1.09991	1.4164	1	1	1	1	1	1	4.91756	1.09991	1.09991	1	1	
0.121687	-nan	1.10409	1.4535	1	1	1	1	1	1	4.91034	1.10409	1.10409	1	1	
0.125301	-nan	1.10809	1.48737	1	1	1	1	1	1	4.90294	1.10809	1.10809	1	1	
0.128916	-nan	1.11192	1.51787	1	1	1	1	1	1	4.89534	1.11192	1.11192	1	1	
0.13253	-nan	1.11558	1.54493	1	1	1	1	1	1	4.88753	1.11558	1.11558	1	1	
0.136145	-nan	1.11908	1.56852	1	1	1	1	1	1	4.8795	1.11908	1.11908	1	1	
0.139759	-nan	1.12242	1.5887	1	1	1	1	1	1	4.87126	1.12242	1.12242	1	1	
0.143373	-nan	1.12562	1.60555	1	1	1	1	1	1	4.86278	1.12562	1.12562	1	1	
0.146988	-nan	1.12867	1.61923	1	1	1	1	1	1	4.85407	1.12867	1.12867	1	1	
0.150602	-nan	1.13159	1.62991	1	1	1	1	1	1	4.8451	1.13159	1.13159	1	1	
0.154217	-nan	1.13437	1.63779	1	1	1	1	1	1	4.83588	1.13437	1.13437	1	1	
0.157831	-nan	1.13702	1.64308	1	1	1	1	1	1	4.82639	1.13702	1.13702	1	1	
0.161446	-nan	1.13954	1.64602	1	1	1	1	1	1	4.81663	1.13954	1.13954	1	1	
0.16506	-nan	1.14195	1.64684	1	1	1	1	1	1	4.80658	1.14195	1.14195	1	1	
0.168675	-nan	1.14424	1.64577	1	1	1	1	1	1	4.79624	1.14424	1.14424	1	1	
0.172289	-nan	1.14641	1.64304	1	1	1	1	1	1	4.78559	1.14641	1.14641	1	1	
0.175904	-nan	1.14848	1.63885	1	1	1	1	1	1	4.77464	1.14848	1.14848	1	1	
0.179518	-nan	1.15044	1.63341	1	1	1	1	1	1	4.76336	1.15044	1.15044	1	1	
0.183133	-nan	1.15229	1.62691	1	1	1	1	1	1	4.75176	1.15229	1.15229	1	1	
0.186747	-nan	1.15405	1.61953	1	1	1	1	1	1	4.73982	1.15405	1.15405	1	1	
0.190361	-nan	1.15571	1.61142	1	1	1	1	1	1	4.72753	1.15571	1.15571	1	1	
0.193976	-nan	1.15727	1.60271	1	1	1	1	1	1	4.71489	1.15727	1.15727	1	1	
0.19759	-nan	1.15875	1.59355	1	1	1	1	1	1	4.7019	1.15875	1.15875	1	1	
0.201205	-nan	1.16013	1.58405	1	1	1	1	1	1	4.68853	1.16013	1.16013	1	1	
0.204819	-nan	1.16143	1.57429	1	1	1	1	1	1	4.6748	1.16143	1.16143	1	1	
0.208434	-nan	1.16265	1.56438	1	1	1	1	1	1	4.66068	1.16265	1.16265	1	1	
0.212048	-nan	1.16378	1.55438	1	1	1	1	1	1	4.64619	1.16378	1.16378	1	1	
0.215663	-nan	1.16483	1.54436	1	1	1	1	1	1	4.63131	1.16483	1.16483	1	1	
0.219277	-nan	1.16581	1.53437	1	1	1	1	1	1	4.61604	1.16581	1.16581	1	1	
0.222892	-nan	1.16671	1.52447	1	1	1	1	1	1	4.60038	1.16671	1.16671	1	1	
0.226506	-nan	1.16753	1.51469	1	1	1	1	1	1	4.58433	1.16753	1.16753	1	1	
0.23012	-nan	1.16829	1.50506	1	1	1	1	1	1	4.56788	1.16829	1.16829	1	1	
0.233735	-nan	1.16897	1.49561	1	1	1	1	1	1	4.55105	1.16897	1.16897	1	1	
0.237349	-nan	1.16959	1.48636	1	1	1	1	1	1	4.53383	1.16959	1.16959	1	1	
0.240964	-nan	1.17014	1.47733	1	1	1	1	1	1	4.51623	1.17014	1.17014	1	1	
0.244578	-nan	1.17063	1.46853	1	1	1	1	1	1	4.49826	1.17063	1.17063	1	1	
0.248193	-nan	1.17105	1.45998	1	1	1	1	1	1	4.47992	1.17105	1.17105	1	1	
0.251807	-nan	1.17142	1.45166	1	1	1	1	1	1	4.46122	1.17142	1.17142	1	1	
0.255422	-nan	1.17172	1.4436	1	1	1	1	1	1	4.44217	1.17172	1.17172	1	1	
0.259036	-nan	1.17196	1.4358	1	1	1	1	1	1	4.42278	1.17196	1.17196	1	1	
0.262651	-nan	1.17215	1.42824	1	1	1	1	1	1	4.40308	1.17215	1.17215	1	1	
0.266265	-nan	1.17228	1.42094	1	1	1	1	1	1	4.38307	1.17228	1.17228	1	1	
0.26988	-nan	1.17236	1.41389	1	1	1	1	1	1	4.36278	1.17236	1.17236	1	1	
0.273494	-nan	1.17238	1.40708	1	1	1	1	1	1	4.34221	1.17238	1.17238	1	1	
0.277108	-nan	1.17235	1.40052	1	1	1	1	1	1	4.3214	1.17235	1.17235	1	1	
0.280723	-nan	1.17227	1.3942	1	1	1	1	1	1	4.30037	1.17227	1.17227	1	1	
0.284337	-nan	1.17215	1.38811	1	1	1	1	1	1	4.27913	1.17215	1.17215	1	1	
0.287952	-nan	1.17197	1.38225	1	1	1	1	1	1	4.25772	1.17197	1.17197	1	1	
0.291566	-nan	1.17175	1.37661	1	1	1	1	1	1	4.23615	1.17175	1.17175	1	1	
0.295181	-nan	1.17148	1.37119	1	1	1	1	1	1	4.21446	1.17148	1.17148	1	1	
0.298795	-nan	1.17116	1.36597	1	1	1	1	1	1	4.19266	1.17116	1.17116	1	1	
0.30241	-nan	1.1708	1.36096	1	1	1	1	1	1	4.1708	1.1708	1.1708	1	1	
0.306024	-nan	1.1704	1.35614	1	1	1	1	1	1	4.14889	1.1704	1.1704	1	1	
0.309639	-nan	1.16995	1.35152	1	1	1	1	1	1	4.12696	1.16995	1.16995	1	1	
0.313253	-nan	1.16947	1.34708	1	1	1	1	1	1	4.10505	1.16947	1.16947	1	1	
0.316867	-nan	1.16894	1.34282	1	1	1	1	1	1	4.08317	1.16894	1.16894	1	1	
0.320482	-nan	1.16838	1.33872	1	1	1	1	1	1	4.06135	1.16838	1.16838	1	1	
0.324096	-nan	1.16777	1.3348	1	1	1	1	1	1	4.03963	1.16777	1.16777	1	1	
0.327711	-nan	1.16713	1.33104	1	1	1	1	1	1	4.01802	1.16713	1.16713	1	1	
0.331325	-nan	1.16645	1.32742	1	1	1	1	1	1	3.99655	1.16645	1.16645	1	1	
0.33494	-nan	1.16574	1.32396	1	1	1	1	1	1	3.97524	1.16574	1.16574	1	1	
0.338554	-nan	1.16499	1.32064	1	1	1	1	1	1	3.95411	1.16499	1.16499	1	1	
0.342169	-nan	1.1642	1.31746	1	1	1	1	1	1	3.93318	1.1642	1.1642	1	1	
0.345783	-nan	1.16338	1.31442	1	1	1	1	1	1	3.91247	1.16338	1.16338	1	1	
0.349398	-nan	1.16253	1.3115	1	1	1	1	1	1	3.892	1.16253	1.16253	1	1	
0.353012	-nan	1.16165	1.3087	1	1	1	1	1	1	3.87178	1.16165	1.16165	1	1	
0.356627	-nan	1.16074	1.30603	1	1	1	1	1	1	3.85183	1.16074	1.16074	1	1	
0.360241	-nan	1.15979	1.30346	1	1	1	1	1	1	3.83215	1.15979	1.15979	1	1	
0.363855	-nan	1.15881	1.30101	1	1	1	1	1	1	3.81276	1.15881	1.15881	1	1	
0.36747	-nan	1.15781	1.29867	1	1	1	1	1	1	3.79366	1.15781	1.15781	1	1	
0.371084	-nan	1.15677	1.29642	1	1	1	1	1	1	3.77487	1.15677	1.15677	1	1	
0.374699	-nan	1.15571	1.29427	1	1	1	1	1	1	3.75639	1.15571	1.15571	1	1	
0.378313	-nan	1.15462	1.29222	1	1	1	1	1	1	3.73821	1.15462	1.15462	1	1	
0.381928	-nan	1.1535	1.29026	1	1	1	1	1	1	3.72036	1.1535	1.1535	1	1	
0.385542	-nan	1.15236	1.28839	1	1	1	1	1	1	3.70281	1.15236	1.15236	1	1	
0.389157	-nan	1.15119	1.2866	1	1	1	1	1	1	3.68558	1.15119	1.15119	1	1	
0.392771	-nan	1.14999	1.28489	1	1	1	1	1	1	3.66867	1.14999	1.14999	1	1	
0.396386	-nan	1.14877	1.28326	1	1	1	1	1	1	3.65207	1.14877	1.14877	1	1	
0.4	-nan	1.14753	1.2817	1	1	1	1	1	1	3.63578	1.14753	1.14753	1	1	
0.403614	-nan	1.14626	1.28022	1	1	1	1	1	1	3.61979	1.14626	1.14626	1	1	
0.407229	-nan	1.14497	1.2788	1	1	1	1	1	1	3.6041	1.14497	1.14497	1	1	
0.410843	-nan	1.14365	1.27745	1	1	1	1	1	1	3.58871	1.14365	1.14365	1	1	
0.414458	-nan	1.14232	1.27616	1	1	1	1	1	1	3.57361	1.14232	1.14232	1	1	
0.418072	-nan	1.14096	1.27494	1	1	1	1	1	1	3.5588	1.14096	1.14096	1	1	
0.421687	-nan	1.13958	1.27378	1	1	1	1	1	1	3.54426	1.13958	1.13958	1	1	
0.425301	-nan	1.13818	1.27267	1	1	1	1	1	1	3.52999	1.13818	1.13818	1	1	
0.428916	-nan	1.13676	1.27161	1	1	1	1	1	1	3.51598	1.13676	1.13676	1	1	
0.43253	-nan	1.13532	1.27061	1	1	1	1	1	1	3.50223	1.13532	1.13532	1	1	
0.436145	-nan	1.13386	1.26966	1	1	1	1	1	1	3.48873	1.13386	1.13386	1	1	
0.439759	-nan	1.13238	1.26876	1	1	1	1	1	1	3.47547	1.13238	1.13238	1	1	
0.443373	-nan	1.13088	1.26791	1	1	1	1	1	1	3.46245	1.13088	1.13088	1	1	
0.446988	-nan	1.12937	1.26709	1	1	1	1	1	1	3.44965	1.12937	1.12937	1	1	
0.450602	-nan	1.12783	1.26633	1	1	1	1	1	1	3.43707	1.12783	1.12783	1	1	
0.454217	-nan	1.12628	1.2656	1	1	1	1	1	1	3.4247	1.12628	1.12628	1	1	
0.457831	-nan	1.12472	1.26492	1	1	1	1	1	1	3.41253	1.12472	1.12472	1	1	
0.461446	-nan	1.12313	1.26427	1	1	1	1	1	1	3.40057	1.12313	1.12313	1	1	
0.46506	-nan	1.12153	1.26366	1	1	1	1	1	1	3.38879	1.12153	1.12153	1	1	
0.468675	-nan	1.11992	1.26308	1	1	1	1	1	1	3.3772	1.11992	1.11992	1	1	
0.472289	-nan	1.11828	1.26254	1	1	1	1	1	1	3.36578	1.11828	1.11828	1	1	
0.475904	-nan	1.11664	1.26203	1	1	1	1	1	1	3.35454	1.11664	1.11664	1	1	
0.479518	-nan	1.11498	1.26155	1	1	1	1	1	1	3.34346	1.11498	1.11498	1	1	
0.483133	-nan	1.1133	1.2611	1	1	1	1	1	1	3.33254	1.1133	1.1133	1	1	
0.486747	-nan	1.11161	1.26068	1	1	1	1	1	1	3.32177	1.11161	1.11161	1	1	
0.490361	-nan	1.10991	1.26029	1	1	1	1	1	1	3.31116	1.10991	1.10991	1	1	
0.493976	-nan	1.10819	1.25993	1	1	1	1	1	1	3.30068	1.10819	1.10819	1	1	
0.49759	-nan	1.10646	1.25959	1	1	1	1	1	1	3.29035	1.10646	1.10646	1	1	
0.501205	-nan	1.10472	1.25927	1	1	1	1	1	1	3.28015	1.10472	1.10472	1	1	
0.504819	-nan	1.10296	1.25898	1	1	1	1	1	1	3.27007	1.10296	1.10296	1	1	
0.508434	-nan	1.1012	1.25871	1	1	1	1	1	1	3.26012	1.1012	1.1012	1	1	
0.512048	-nan	1.09942	1.25847	1	1	1	1	1	1	3.2503	1.09942	1.09942	1	1	
0.515663	-nan	1.09763	1.25824	1	1	1	1	1	1	3.24059	1.09763	1.09763	1	1	
0.519277	-nan	1.09582	1.25803	1	1	1	1	1	1	3.23099	1.09582	1.09582	1	1	
0.522892	-nan	1.09401	1.25785	1	1	1	1	1	1	3.2215	1.09401	1.09401	1	1	
0.526506	-nan	1.09219	1.25768	1	1	1	1	1	1	3.21212	1.09219	1.09219	1	1	
0.53012	-nan	1.09035	1.25753	1	1	1	1	1	1	3.20285	1.09035	1.09035	1	1	
0.533735	-nan	1.08851	1.25739	1	1	1	1	1	1	3.19367	1.08851	1.08851	1	1	
0.537349	-nan	1.08666	1.25727	1	1	1	1	1	1	3.1846	1.08666	1.08666	1	1	
0.540964	-nan	1.08479	1.25717	1	1	1	1	1	1	3.17561	1.08479	1.08479	1	1	
0.544578	-nan	1.08292	1.25708	1	1	1	1	1	1	3.16672	1.08292	1.08292	1	1	
0.548193	-nan	1.08104	1.25701	1	1	1	1	1	1	3.15793	1.08104	1.08104	1	1	
0.551807	-nan	1.07915	1.25695	1	1	1	1	1	1	3.14922	1.07915	1.07915	1	1	
0.555422	-nan	1.07725	1.2569	1	1	1	1	1	1	3.14059	1.07725	1.07725	1	1	
0.559036	-nan	1.07534	1.25686	1	1	1	1	1	1	3.13205	1.07534	1.07534	1	1	
0.562651	-nan	1.07343	1.25684	1	1	1	1	1	1	3.1236	1.07343	1.07343	1	1	
0.566265	-nan	1.07151	1.25683	1	1	1	1	1	1	3.11522	1.07151	1.07151	1	1	
0.56988	-nan	1.06958	1.25682	1	1	1	1	1	1	3.10693	1.06958	1.06958	1	1	
0.573494	-nan	1.06764	1.25683	1	1	1	1	1	1	3.09871	1.06764	1.06764	1	1	
0.577108	-nan	1.06569	1.25685	1	1	1	1	1	1	3.09057	1.06569	1.06569	1	1	
0.580723	-nan	1.06374	1.25688	1	1	1	1	1	1	3.0825	1.06374	1.06374	1	1	
0.584337	-nan	1.06178	1.25692	1	1	1	1	1	1	3.07451	1.06178	1.06178	1	1	
0.587952	-nan	1.05982	1.25696	1	1	1	1	1	1	3.06659	1.05982	1.05982	1	1	
0.591566	-nan	1.05785	1.25702	1	1	1	1	1	1	3.05875	1.05785	1.05785	1	1	
0.595181	-nan	1.05587	1.25708	1	1	1	1	1	1	3.05097	1.05587	1.05587	1	1	
0.598795	-nan	1.05389	1.25715	1	1	1	1	1	1	3.04326	1.05389	1.05389	1	1	
0.60241	-nan	1.0519	1.25722	1	1	1	1	1	1	3.03563	1.0519	1.0519	1	1	
0.606024	-nan	1.0499	1.25731	1	1	1	1	1	1	3.02806	1.0499	1.0499	1	1	
0.609639	-nan	1.0479	1.2574	1	1	1	1	1	1	3.02055	1.0479	1.0479	1	1	
0.613253	-nan	1.0459	1.25749	1	1	1	1	1	1	3.01312	1.0459	1.0459	1	1	
0.616867	-nan	1.04389	1.25759	1	1	1	1	1	1	3.00575	1.04389	1.04389	1	1	
0.620482	-nan	1.04187	1.2577	1	1	1	1	1	1	2.99844	1.04187	1.04187	1	1	
0.624096	-nan	1.03986	1.25781	1	1	1	1	1	1	2.9912	1.03986	1.03986	1	1	
0.627711	-nan	1.03783	1.25793	1	1	1	1	1	1	2.98402	1.03783	1.03783	1	1	
0.631325	-nan	1.03581	1.25805	1	1	1	1	1	1	2.97691	1.03581	1.03581	1	1	
0.63494	-nan	1.03378	1.25818	1	1	1	1	1	1	2.96986	1.03378	1.03378	1	1	
0.638554	-nan	1.03174	1.25831	1	1	1	1	1	1	2.96287	1.03174	1.03174	1	1	
0.642169	-nan	1.0297	1.25844	1	1	1	1	1	1	2.95594	1.0297	1.0297	1	1	
0.645783	-nan	1.02766	1.25858	1	1	1	1	1	1	2.94908	1.02766	1.02766	1	1	
0.649398	-nan	1.02562	1.25872	1	1	1	1	1	1	2.94227	1.02562	1.02562	1	1	
0.653012	-nan	1.02357	1.25887	1	1	1	1	1	1	2.93552	1.02357	1.02357	1	1	
0.656627	-nan	1.02152	1.25902	1	1	1	1	1	1	2.92884	1.02152	1.02152	1	1	
0.660241	-nan	1.01946	1.25917	1	1	1	1	1	1	2.92221	1.01946	1.01946	1	1	
0.663855	-nan	1.0174	1.25932	1	1	1	1	1	1	2.91564	1.0174	1.0174	1	1	
0.66747	-nan	1.01535	1.25948	1	1	1	1	1	1	2.90913	1.01535	1.01535	1	1	
0.671084	-nan	1.01328	1.25964	1	1	1	1	1	1	2.90268	1.01328	1.01328	1	1	
0.674699	-nan	1.01122	1.2598	1	1	1	1	1	1	2.89629	1.01122	1.01122	1	1	
0.678313	-nan	1.00915	1.25997	1	1	1	1	1	1	2.88995	1.00915	1.00915	1	1	
0.681928	-nan	1.00709	1.26013	1	1	1	1	1	1	2.88367	1.00709	1.00709	1	1	
0.685542	-nan	1.00502	1.2603	1	1	1	1	1	1	2.87745	1.00502	1.00502	1	1	
0.689157	-nan	1.00295	1.26047	1	1	1	1	1	1	2.87128	1.00295	1.00295	1	1	
0.692771	-nan	1.00087	1.26064	1	1	1	1	1	1	2.86517	1.00087	1.00087	1	1	
0.696386	-nan	0.9988	1.26081	1	1	1	1	1	1	2.85912	0.9988	0.9988	1	1	
0.7	-nan	0.996725	1.26099	1	1	1	1	1	1	2.85312	0.996725	0.996725	1	1	
0.703614	-nan	0.994649	1.26116	1	1	1	1	1	1	2.84718	0.994649	0.994649	1	1	
0.707229	-nan	0.992572	1.26134	1	1	1	1	1	1	2.84129	0.992572	0.992572	1	1	
0.710843	-nan	0.990494	1.26152	1	1	1	1	1	1	2.83545	0.990494	0.990494	1	1	
0.714458	-nan	0.988415	1.26169	1	1	1	1	1	1	2.82967	0.988415	0.988415	1	1	
0.718072	-nan	0.986336	1.26187	1	1	1	1	1	1	2.82394	0.986336	0.986336	1	1	
0.721687	-nan	0.984256	1.26205	1	1	1	1	1	1	2.81827	0.984256	0.984256	1	1	
0.725301	-nan	0.982176	1.26223	1	1	1	1	1	1	2.81264	0.982176	0.982176	1	1	
0.728916	-nan	0.980096	1.26241	1	1	1	1	1	1	2.80708	0.980096	0.980096	1	1	
0.73253	-nan	0.978016	1.2626	1	1	1	1	1	1	2.80156	0.978016	0.978016	1	1	
0.736145	-nan	0.975935	1.26278	1	1	1	1	1	1	2.79609	0.975935	0.975935	1	1	
0.739759	-nan	0.973855	1.26296	1	1	1	1	1	1	2.79068	0.973855	0.973855	1	1	
0.743373	-nan	0.971775	1.26314	1	1	1	1	1	1	2.78532	0.971775	0.971775	1	1	
0.746988	-nan	0.969695	1.26333	1	1	1	1	1	1	2.78001	0.969695	0.969695	1	1	
0.750602	-nan	0.967616	1.26351	1	1	1	1	1	1	2.77475	0.967616	0.967616	1	1	
0.754217	-nan	0.965537	1.26369	1	1	1	1	1	1	2.76954	0.965537	0.965537	1	1	
0.757831	-nan	0.963459	1.26388	1	1	1	1	1	1	2.76438	0.963459	0.963459	1	1	
0.761446	-nan	0.961382	1.26406	1	1	1	1	1	1	2.75927	0.961382	0.961382	1	1	
0.76506	-nan	0.959305	1.26424	1	1	1	1	1	1	2.75421	0.959305	0.959305	1	1	
0.768675	-nan	0.95723	1.26443	1	1	1	1	1	1	2.7492	0.95723	0.95723	1	1	
0.772289	-nan	0.955155	1.26461	1	1	1	1	1	1	2.74423	0.955155	0.955155	1	1	
0.775904	-nan	0.953082	1.26479	1	1	1	1	1	1	2.73932	0.953082	0.953082	1	1	
0.779518	-nan	0.95101	1.26498	1	1	1	1	1	1	2.73445	0.95101	0.95101	1	1	
0.783133	-nan	0.948939	1.26516	1	1	1	1	1	1	2.72963	0.948939	0.948939	1	1	
0.786747	-nan	0.94687	1.26534	1	1	1	1	1	1	2.72486	0.94687	0.94687	1	1	
0.790361	-nan	0.944802	1.26552	1	1	1	1	1	1	2.72014	0.944802	0.944802	1	1	
0.793976	-nan	0.942736	1.26571	1	1	1	1	1	1	2.71546	0.942736	0.942736	1	1	
0.79759	-nan	0.940672	1.26589	1	1	1	1	1	1	2.71083	0.940672	0.940672	1	1	
0.801205	-nan	0.938609	1.26607	1	1	1	1	1	1	2.70624	0.938609	0.938609	1	1	
0.804819	-nan	0.936548	1.26625	1	1	1	1	1	1	2.7017	0.936548	0.936548	1	1	
0.808434	-nan	0.934489	1.26643	1	1	1	1	1	1	2.6972	0.934489	0.934489	1	1	
0.812048	-nan	0.932432	1.26661	1	1	1	1	1	1	2.69275	0.932432	0.932432	1	1	
0.815663	-nan	0.930377	1.26679	1	1	1	1	1	1	2.68835	0.930377	0.930377	1	1	
0.819277	-nan	0.928325	1.26697	1	1	1	1	1	1	2.68398	0.928325	0.928325	1	1	
0.822892	-nan	0.926274	1.26714	1	1	1	1	1	1	2.67966	0.926274	0.926274	1	1	
0.826506	-nan	0.924226	1.26732	1	1	1	1	1	1	2.67539	0.924226	0.924226	1	1	
0.83012	-nan	0.922181	1.2675	1	1	1	1	1	1	2.67116	0.922181	0.922181	1	1	
0.833735	-nan	0.920138	1.26768	1	1	1	1	1	1	2.66697	0.920138	0.920138	1	1	
0.837349	-nan	0.918097	1.26785	1	1	1	1	1	1	2.66282	0.918097	0.918097	1	1	
0.840964	-nan	0.916059	1.26803	1	1	1	1	1	1	2.65871	0.916059	0.916059	1	1	
0.844578	-nan	0.914024	1.2682	1	1	1	1	1	1	2.65465	0.914024	0.914024	1	1	
0.848193	-nan	0.911992	1.26838	1	1	1	1	1	1	2.65063	0.911992	0.911992	1	1	
0.851807	-nan	0.909962	1.26855	1	1	1	1	1	1	2.64665	0.909962	0.909962	1	1	
0.855422	-nan	0.907935	1.26872	1	1	1	1	1	1	2.64271	0.907935	0.907935	1	1	
0.859036	-nan	0.905911	1.26889	1	1	1	1	1	1	2.6388	0.905911	0.905911	1	1	
0.862651	-nan	0.903891	1.26906	1	1	1	1	1	1	2.63494	0.903891	0.903891	1	1	
0.866265	-nan	0.901873	1.26924	1	1	1	1	1	1	2.63112	0.901873	0.901873	1	1	
0.86988	-nan	0.899859	1.26941	1	1	1	1	1	1	2.62734	0.899859	0.899859	1	1	
0.873494	-nan	0.897847	1.26958	1	1	1	1	1	1	2.6236	0.897847	0.897847	1	1	
0.877108	-nan	0.895839	1.26974	1	1	1	1	1	1	2.61989	0.895839	0.895839	1	1	
0.880723	-nan	0.893835	1.26991	1	1	1	1	1	1	2.61622	0.893835	0.893835	1	1	
0.884337	-nan	0.891833	1.27008	1	1	1	1	1	1	2.61259	0.891833	0.891833	1	1	
0.887952	-nan	0.889835	1.27025	1	1	1	1	1	1	2.609	0.889835	0.889835	1	1	
0.891566	-nan	0.887841	1.27041	1	1	1	1	1	1	2.60545	0.887841	0.887841	1	1	
0.895181	-nan	0.88585	1.27058	1	1	1	1	1	1	2.60193	0.88585	0.88585	1	1	
0.898795	-nan	0.883863	1.27074	1	1	1	1	1	1	2.59844	0.883863	0.883863	1	1	
0.90241	-nan	0.88188	1.27091	1	1	1	1	1	1	2.595	0.88188	0.88188	1	1	
0.906024	-nan	0.8799	1.27107	1	1	1	1	1	1	2.59159	0.8799	0.8799	1	1	
0.909639	-nan	0.877924	1.27123	1	1	1	1	1	1	2.58821	0.877924	0.877924	1	1	
0.913253	-nan	0.875952	1.2714	1	1	1	1	1	1	2.58487	0.875952	0.875952	1	1	
0.916867	-nan	0.873983	1.27156	1	1	1	1	1	1	2.58156	0.873983	0.873983	1	1	
0.920482	-nan	0.872019	1.27172	1	1	1	1	1	1	2.57829	0.872019	0.872019	1	1	
0.924096	-nan	0.870058	1.27188	1	1	1	1	1	1	2.57505	0.870058	0.870058	1	1	
0.927711	-nan	0.868102	1.27204	1	1	1	1	1	1	2.57185	0.868102	0.868102	1	1	
0.931325	-nan	0.866149	1.2722	1	1	1	1	1	1	2.56868	0.866149	0.866149	1	1	
0.93494	-nan	0.864201	1.27236	1	1	1	1	1	1	2.56554	0.864201	0.864201	1	1	
0.938554	-nan	0.862257	1.27251	1	1	1	1	1	1	2.56243	0.862257	0.862257	1	1	
0.942169	-nan	0.860316	1.27267	1	1	1	1	1	1	2.55936	0.860316	0.860316	1	1	
0.945783	-nan	0.858381	1.27283	1	1	1	1	1	1	2.55632	0.858381	0.858381	1	1	
0.949398	-nan	0.856449	1.27299	1	1	1	1	1	1	2.55331	0.856449	0.856449	1	1	
0.953012	-nan	0.854522	1.27314	1	1	1	1	1	1	2.55033	0.854522	0.854522	1	1	
0.956627	-nan	0.852599	1.2733	1	1	1	1	1	1	2.54738	0.852599	0.852599	1	1	
0.960241	-nan	0.85068	1.27345	1	1	1	1	1	1	2.54446	0.85068	0.85068	1	1	
0.963855	-nan	0.848766	1.27361	1	1	1	1	1	1	2.54158	0.848766	0.848766	1	1	
0.96747	-nan	0.846856	1.27376	1	1	1	1	1	1	2.53872	0.846856	0.846856	1	1	
0.971084	-nan	0.844951	1.27391	1	1	1	1	1	1	2.53589	0.844951	0.844951	1	1	
0.974699	-nan	0.84305	1.27406	1	1	1	1	1	1	2.5331	0.84305	0.84305	1	1	
0.978313	-nan	0.841154	1.27422	1	1	1	1	1	1	2.53033	0.841154	0.841154	1	1	
0.981928	-nan	0.839262	1.27437	1	1	1	1	1	1	2.52759	0.839262	0.839262	1	1	
0.985542	-nan	0.837375	1.27452	1	1	1	1	1	1	2.52488	0.837375	0.837375	1	1	
0.989157	-nan	0.835493	1.27467	1	1	1	1	1	1	2.52219	0.835493	0.835493	1	1	
0.992771	-nan	0.833615	1.27482	1	1	1	1	1	1	2.51954	0.833615	0.833615	1	1	
0.996386	-nan	0.831742	1.27497	1	1	1	1	1	1	2.51691	0.831742	0.831742	1	1	
1	-nan	-nan	-nan	-nan	-nan	-nan	-nan	-nan	-nan	-nan	-nan	-nan	-nan	-nan	
