1e-05	-nan	0.682383	0.236439	1	1	1	1	1	1	1.92894	0.682383	0.682383	1	1	
1.03753e-05	-nan	0.682181	0.236611	1	1	1	1	1	1	1.92891	0.682181	0.682181	1	1	
1.07647e-05	-nan	0.681975	0.236786	1	1	1	1	1	1	1.92888	0.681975	0.681975	1	1	
1.11686e-05	-nan	0.681765	0.236963	1	1	1	1	1	1	1.92884	0.681765	0.681765	1	1	
1.15878e-05	-nan	0.681551	0.237142	1	1	1	1	1	1	1.92881	0.681551	0.681551	1	1	
1.20226e-05	-nan	0.681332	0.237324	1	1	1	1	1	1	1.92878	0.681332	0.681332	1	1	
1.24738e-05	-nan	0.68111	0.237508	1	1	1	1	1	1	1.92874	0.68111	0.68111	1	1	
1.2942e-05	-nan	0.680883	0.237695	1	1	1	1	1	1	1.92871	0.680883	0.680883	1	1	
1.34276e-05	-nan	0.680651	0.237884	1	1	1	1	1	1	1.92867	0.680651	0.680651	1	1	
1.39316e-05	-nan	0.680416	0.238076	1	1	1	1	1	1	1.92864	0.680416	0.680416	1	1	
1.44544e-05	-nan	0.680175	0.23827	1	1	1	1	1	1	1.9286	0.680175	0.680175	1	1	
1.49968e-05	-nan	0.679931	0.238467	1	1	1	1	1	1	1.92856	0.679931	0.679931	1	1	
1.55597e-05	-nan	0.679682	0.238666	1	1	1	1	1	1	1.92852	0.679682	0.679682	1	1	
1.61436e-05	-nan	0.679428	0.238868	1	1	1	1	1	1	1.92848	0.679428	0.679428	1	1	
1.67494e-05	-nan	0.67917	0.239073	1	1	1	1	1	1	1.92844	0.67917	0.67917	1	1	
1.7378e-05	-nan	0.678907	0.23928	1	1	1	1	1	1	1.9284	0.678907	0.678907	1	1	
1.80302e-05	-nan	0.678639	0.239491	1	1	1	1	1	1	1.92836	0.678639	0.678639	1	1	
1.87068e-05	-nan	0.678367	0.239704	1	1	1	1	1	1	1.92831	0.678367	0.678367	1	1	
1.94089e-05	-nan	0.67809	0.23992	1	1	1	1	1	1	1.92827	0.67809	0.67809	1	1	
2.01372e-05	-nan	0.677808	0.240139	1	1	1	1	1	1	1.92822	0.677808	0.677808	1	1	
2.0893e-05	-nan	0.677521	0.24036	1	1	1	1	1	1	1.92818	0.677521	0.677521	1	1	
2.1677e-05	-nan	0.67723	0.240585	1	1	1	1	1	1	1.92813	0.67723	0.67723	1	1	
2.24905e-05	-nan	0.676933	0.240813	1	1	1	1	1	1	1.92808	0.676933	0.676933	1	1	
2.33346e-05	-nan	0.676632	0.241044	1	1	1	1	1	1	1.92803	0.676632	0.676632	1	1	
2.42103e-05	-nan	0.676326	0.241278	1	1	1	1	1	1	1.92798	0.676326	0.676326	1	1	
2.51189e-05	-nan	0.676015	0.241515	1	1	1	1	1	1	1.92793	0.676015	0.676015	1	1	
2.60615e-05	-nan	0.675699	0.241755	1	1	1	1	1	1	1.92788	0.675699	0.675699	1	1	
2.70396e-05	-nan	0.675378	0.241999	1	1	1	1	1	1	1.92782	0.675378	0.675378	1	1	
2.80543e-05	-nan	0.675052	0.242246	1	1	1	1	1	1	1.92777	0.675052	0.675052	1	1	
2.91072e-05	-nan	0.674721	0.242496	1	1	1	1	1	1	1.92771	0.674721	0.674721	1	1	
3.01995e-05	-nan	0.674385	0.24275	1	1	1	1	1	1	1.92765	0.674385	0.674385	1	1	
3.13329e-05	-nan	0.674044	0.243007	1	1	1	1	1	1	1.92759	0.674044	0.674044	1	1	
3.25087e-05	-nan	0.673698	0.243268	1	1	1	1	1	1	1.92753	0.673698	0.673698	1	1	
3.37287e-05	-nan	0.673347	0.243532	1	1	1	1	1	1	1.92747	0.673347	0.673347	1	1	
3.49945e-05	-nan	0.672991	0.2438	1	1	1	1	1	1	1.9274	0.672991	0.672991	1	1	
3.63078e-05	-nan	0.67263	0.244071	1	1	1	1	1	1	1.92734	0.67263	0.67263	1	1	
3.76704e-05	-nan	0.672264	0.244346	1	1	1	1	1	1	1.92727	0.672264	0.672264	1	1	
3.90841e-05	-nan	0.671893	0.244625	1	1	1	1	1	1	1.9272	0.671893	0.671893	1	1	
4.05509e-05	-nan	0.671517	0.244908	1	1	1	1	1	1	1.92713	0.671517	0.671517	1	1	
4.20727e-05	-nan	0.671137	0.245195	1	1	1	1	1	1	1.92706	0.671137	0.671137	1	1	
4.36516e-05	-nan	0.670751	0.245485	1	1	1	1	1	1	1.92698	0.670751	0.670751	1	1	
4.52898e-05	-nan	0.670361	0.24578	1	1	1	1	1	1	1.92691	0.670361	0.670361	1	1	
4.69894e-05	-nan	0.669966	0.246079	1	1	1	1	1	1	1.92683	0.669966	0.669966	1	1	
4.87528e-05	-nan	0.669566	0.246381	1	1	1	1	1	1	1.92675	0.669566	0.669566	1	1	
5.05825e-05	-nan	0.669161	0.246688	1	1	1	1	1	1	1.92667	0.669161	0.669161	1	1	
5.24807e-05	-nan	0.668752	0.247	1	1	1	1	1	1	1.92658	0.668752	0.668752	1	1	
5.44503e-05	-nan	0.668338	0.247315	1	1	1	1	1	1	1.9265	0.668338	0.668338	1	1	
5.64937e-05	-nan	0.667919	0.247635	1	1	1	1	1	1	1.92641	0.667919	0.667919	1	1	
5.86138e-05	-nan	0.667497	0.247959	1	1	1	1	1	1	1.92632	0.667497	0.667497	1	1	
6.08135e-05	-nan	0.667069	0.248288	1	1	1	1	1	1	1.92622	0.667069	0.667069	1	1	
6.30957e-05	-nan	0.666638	0.248622	1	1	1	1	1	1	1.92613	0.666638	0.666638	1	1	
6.54636e-05	-nan	0.666202	0.24896	1	1	1	1	1	1	1.92603	0.666202	0.666202	1	1	
6.79204e-05	-nan	0.665762	0.249303	1	1	1	1	1	1	1.92593	0.665762	0.665762	1	1	
7.04693e-05	-nan	0.665318	0.24965	1	1	1	1	1	1	1.92582	0.665318	0.665318	1	1	
7.31139e-05	-nan	0.66487	0.250003	1	1	1	1	1	1	1.92572	0.66487	0.66487	1	1	
7.58578e-05	-nan	0.664418	0.25036	1	1	1	1	1	1	1.92561	0.664418	0.664418	1	1	
7.87046e-05	-nan	0.663963	0.250723	1	1	1	1	1	1	1.92549	0.663963	0.663963	1	1	
8.16582e-05	-nan	0.663504	0.25109	1	1	1	1	1	1	1.92538	0.663504	0.663504	1	1	
8.47227e-05	-nan	0.663042	0.251463	1	1	1	1	1	1	1.92526	0.663042	0.663042	1	1	
8.79023e-05	-nan	0.662576	0.251841	1	1	1	1	1	1	1.92514	0.662576	0.662576	1	1	
9.12011e-05	-nan	0.662108	0.252224	1	1	1	1	1	1	1.92501	0.662108	0.662108	1	1	
9.46237e-05	-nan	0.661636	0.252613	1	1	1	1	1	1	1.92488	0.661636	0.661636	1	1	
9.81748e-05	-nan	0.661162	0.253008	1	1	1	1	1	1	1.92475	0.661162	0.661162	1	1	
0.000101859	-nan	0.660685	0.253408	1	1	1	1	1	1	1.92462	0.660685	0.660685	1	1	
0.000105682	-nan	0.660205	0.253813	1	1	1	1	1	1	1.92447	0.660205	0.660205	1	1	
0.000109648	-nan	0.659723	0.254225	1	1	1	1	1	1	1.92433	0.659723	0.659723	1	1	
0.000113763	-nan	0.65924	0.254642	1	1	1	1	1	1	1.92418	0.65924	0.65924	1	1	
0.000118032	-nan	0.658754	0.255065	1	1	1	1	1	1	1.92403	0.658754	0.658754	1	1	
0.000122462	-nan	0.658267	0.255495	1	1	1	1	1	1	1.92387	0.658267	0.658267	1	1	
0.000127057	-nan	0.657778	0.25593	1	1	1	1	1	1	1.92371	0.657778	0.657778	1	1	
0.000131826	-nan	0.657288	0.256372	1	1	1	1	1	1	1.92355	0.657288	0.657288	1	1	
0.000136773	-nan	0.656798	0.25682	1	1	1	1	1	1	1.92338	0.656798	0.656798	1	1	
0.000141906	-nan	0.656306	0.257275	1	1	1	1	1	1	1.9232	0.656306	0.656306	1	1	
0.000147231	-nan	0.655814	0.257736	1	1	1	1	1	1	1.92302	0.655814	0.655814	1	1	
0.000152757	-nan	0.655323	0.258204	1	1	1	1	1	1	1.92283	0.655323	0.655323	1	1	
0.000158489	-nan	0.654831	0.258679	1	1	1	1	1	1	1.92264	0.654831	0.654831	1	1	
0.000164437	-nan	0.65434	0.25916	1	1	1	1	1	1	1.92244	0.65434	0.65434	1	1	
0.000170608	-nan	0.653849	0.259649	1	1	1	1	1	1	1.92224	0.653849	0.653849	1	1	
0.000177011	-nan	0.653359	0.260145	1	1	1	1	1	1	1.92203	0.653359	0.653359	1	1	
0.000183654	-nan	0.652871	0.260648	1	1	1	1	1	1	1.92181	0.652871	0.652871	1	1	
0.000190546	-nan	0.652385	0.261158	1	1	1	1	1	1	1.92159	0.652385	0.652385	1	1	
0.000197697	-nan	0.651901	0.261676	1	1	1	1	1	1	1.92136	0.651901	0.651901	1	1	
0.000205116	-nan	0.651419	0.262202	1	1	1	1	1	1	1.92113	0.651419	0.651419	1	1	
0.000212814	-nan	0.650939	0.262735	1	1	1	1	1	1	1.92088	0.650939	0.650939	1	1	
0.0002208	-nan	0.650463	0.263277	1	1	1	1	1	1	1.92063	0.650463	0.650463	1	1	
0.000229087	-nan	0.649991	0.263826	1	1	1	1	1	1	1.92038	0.649991	0.649991	1	1	
0.000237684	-nan	0.649522	0.264384	1	1	1	1	1	1	1.92011	0.649522	0.649522	1	1	
0.000246604	-nan	0.649058	0.264949	1	1	1	1	1	1	1.91984	0.649058	0.649058	1	1	
0.000255859	-nan	0.648598	0.265524	1	1	1	1	1	1	1.91955	0.648598	0.648598	1	1	
0.000265461	-nan	0.648143	0.266107	1	1	1	1	1	1	1.91926	0.648143	0.648143	1	1	
0.000275423	-nan	0.647694	0.266699	1	1	1	1	1	1	1.91896	0.647694	0.647694	1	1	
0.000285759	-nan	0.647251	0.267299	1	1	1	1	1	1	1.91865	0.647251	0.647251	1	1	
0.000296483	-nan	0.646815	0.267909	1	1	1	1	1	1	1.91833	0.646815	0.646815	1	1	
0.00030761	-nan	0.646385	0.268528	1	1	1	1	1	1	1.918	0.646385	0.646385	1	1	
0.000319154	-nan	0.645963	0.269156	1	1	1	1	1	1	1.91766	0.645963	0.645963	1	1	
0.000331131	-nan	0.645548	0.269794	1	1	1	1	1	1	1.91731	0.645548	0.645548	1	1	
0.000343558	-nan	0.645142	0.270442	1	1	1	1	1	1	1.91695	0.645142	0.645142	1	1	
0.000356451	-nan	0.644745	0.2711	1	1	1	1	1	1	1.91657	0.644745	0.644745	1	1	
0.000369828	-nan	0.644357	0.271767	1	1	1	1	1	1	1.91619	0.644357	0.644357	1	1	
0.000383707	-nan	0.643979	0.272445	1	1	1	1	1	1	1.91579	0.643979	0.643979	1	1	
0.000398107	-nan	0.643612	0.273134	1	1	1	1	1	1	1.91538	0.643612	0.643612	1	1	
0.000413048	-nan	0.643255	0.273833	1	1	1	1	1	1	1.91496	0.643255	0.643255	1	1	
0.000428549	-nan	0.64291	0.274543	1	1	1	1	1	1	1.91452	0.64291	0.64291	1	1	
0.000444631	-nan	0.642577	0.275265	1	1	1	1	1	1	1.91407	0.642577	0.642577	1	1	
0.000461318	-nan	0.642256	0.275997	1	1	1	1	1	1	1.9136	0.642256	0.642256	1	1	
0.00047863	-nan	0.641949	0.276741	1	1	1	1	1	1	1.91312	0.641949	0.641949	1	1	
0.000496592	-nan	0.641656	0.277497	1	1	1	1	1	1	1.91262	0.641656	0.641656	1	1	
0.000515229	-nan	0.641376	0.278265	1	1	1	1	1	1	1.91211	0.641376	0.641376	1	1	
0.000534564	-nan	0.641112	0.279044	1	1	1	1	1	1	1.91158	0.641112	0.641112	1	1	
0.000554626	-nan	0.640864	0.279837	1	1	1	1	1	1	1.91103	0.640864	0.640864	1	1	
0.00057544	-nan	0.640631	0.280642	1	1	1	1	1	1	1.91047	0.640631	0.640631	1	1	
0.000597035	-nan	0.640416	0.28146	1	1	1	1	1	1	1.90988	0.640416	0.640416	1	1	
0.000619441	-nan	0.640217	0.282291	1	1	1	1	1	1	1.90928	0.640217	0.640217	1	1	
0.000642688	-nan	0.640037	0.283135	1	1	1	1	1	1	1.90866	0.640037	0.640037	1	1	
0.000666807	-nan	0.639876	0.283993	1	1	1	1	1	1	1.90801	0.639876	0.639876	1	1	
0.000691831	-nan	0.639734	0.284866	1	1	1	1	1	1	1.90735	0.639734	0.639734	1	1	
0.000717794	-nan	0.639613	0.285752	1	1	1	1	1	1	1.90666	0.639613	0.639613	1	1	
0.000744732	-nan	0.639512	0.286653	1	1	1	1	1	1	1.90595	0.639512	0.639512	1	1	
0.000772681	-nan	0.639433	0.287569	1	1	1	1	1	1	1.90522	0.639433	0.639433	1	1	
0.000801678	-nan	0.639375	0.2885	1	1	1	1	1	1	1.90446	0.639375	0.639375	1	1	
0.000831764	-nan	0.639341	0.289447	1	1	1	1	1	1	1.90367	0.639341	0.639341	1	1	
0.000862979	-nan	0.639331	0.290409	1	1	1	1	1	1	1.90286	0.639331	0.639331	1	1	
0.000895365	-nan	0.639344	0.291388	1	1	1	1	1	1	1.90202	0.639344	0.639344	1	1	
0.000928966	-nan	0.639383	0.292383	1	1	1	1	1	1	1.90116	0.639383	0.639383	1	1	
0.000963829	-nan	0.639448	0.293395	1	1	1	1	1	1	1.90026	0.639448	0.639448	1	1	
0.001	-nan	0.63954	0.294424	1	1	1	1	1	1	1.89934	0.63954	0.63954	1	1	
0.00103753	-nan	0.639659	0.29547	1	1	1	1	1	1	1.89838	0.639659	0.639659	1	1	
0.00107647	-nan	0.639806	0.296535	1	1	1	1	1	1	1.89739	0.639806	0.639806	1	1	
0.00111686	-nan	0.639982	0.297618	1	1	1	1	1	1	1.89637	0.639982	0.639982	1	1	
0.00115878	-nan	0.640188	0.29872	1	1	1	1	1	1	1.89531	0.640188	0.640188	1	1	
0.00120226	-nan	0.640425	0.299841	1	1	1	1	1	1	1.89421	0.640425	0.640425	1	1	
0.00124738	-nan	0.640693	0.300982	1	1	1	1	1	1	1.89308	0.640693	0.640693	1	1	
0.0012942	-nan	0.640993	0.302142	1	1	1	1	1	1	1.89191	0.640993	0.640993	1	1	
0.00134276	-nan	0.641327	0.303324	1	1	1	1	1	1	1.8907	0.641327	0.641327	1	1	
0.00139316	-nan	0.641695	0.304526	1	1	1	1	1	1	1.88945	0.641695	0.641695	1	1	
0.00144544	-nan	0.642098	0.30575	1	1	1	1	1	1	1.88815	0.642098	0.642098	1	1	
0.00149968	-nan	0.642537	0.306996	1	1	1	1	1	1	1.88682	0.642537	0.642537	1	1	
0.00155597	-nan	0.643013	0.308265	1	1	1	1	1	1	1.88543	0.643013	0.643013	1	1	
0.00161436	-nan	0.643526	0.309556	1	1	1	1	1	1	1.884	0.643526	0.643526	1	1	
0.00167494	-nan	0.644079	0.310872	1	1	1	1	1	1	1.88252	0.644079	0.644079	1	1	
0.0017378	-nan	0.644671	0.312211	1	1	1	1	1	1	1.88099	0.644671	0.644671	1	1	
0.00180302	-nan	0.645303	0.313576	1	1	1	1	1	1	1.8794	0.645303	0.645303	1	1	
0.00187068	-nan	0.645978	0.314965	1	1	1	1	1	1	1.87776	0.645978	0.645978	1	1	
0.00194089	-nan	0.646695	0.316381	1	1	1	1	1	1	1.87607	0.646695	0.646695	1	1	
0.00201372	-nan	0.647456	0.317824	1	1	1	1	1	1	1.87431	0.647456	0.647456	1	1	
0.0020893	-nan	0.648262	0.319294	1	1	1	1	1	1	1.8725	0.648262	0.648262	1	1	
0.0021677	-nan	0.649113	0.320793	1	1	1	1	1	1	1.87063	0.649113	0.649113	1	1	
0.00224905	-nan	0.650012	0.32232	1	1	1	1	1	1	1.86869	0.650012	0.650012	1	1	
0.00233346	-nan	0.650959	0.323877	1	1	1	1	1	1	1.86668	0.650959	0.650959	1	1	
0.00242103	-nan	0.651955	0.325464	1	1	1	1	1	1	1.86461	0.651955	0.651955	1	1	
0.00251189	-nan	0.653001	0.327082	1	1	1	1	1	1	1.86246	0.653001	0.653001	1	1	
0.00260615	-nan	0.654099	0.328733	1	1	1	1	1	1	1.86024	0.654099	0.654099	1	1	
0.00270396	-nan	0.65525	0.330416	1	1	1	1	1	1	1.85795	0.65525	0.65525	1	1	
0.00280543	-nan	0.656455	0.332133	1	1	1	1	1	1	1.85558	0.656455	0.656455	1	1	
0.00291072	-nan	0.657715	0.333885	1	1	1	1	1	1	1.85313	0.657715	0.657715	1	1	
0.00301995	-nan	0.659031	0.335673	1	1	1	1	1	1	1.85059	0.659031	0.659031	1	1	
0.00313329	-nan	0.660405	0.337498	1	1	1	1	1	1	1.84797	0.660405	0.660405	1	1	
0.00325087	-nan	0.661838	0.33936	1	1	1	1	1	1	1.84526	0.661838	0.661838	1	1	
0.00337287	-nan	0.663331	0.341261	1	1	1	1	1	1	1.84246	0.663331	0.663331	1	1	
0.00349945	-nan	0.664885	0.343202	1	1	1	1	1	1	1.83957	0.664885	0.664885	1	1	
0.00363078	-nan	0.666502	0.345184	1	1	1	1	1	1	1.83658	0.666502	0.666502	1	1	
0.00376704	-nan	0.668183	0.347208	1	1	1	1	1	1	1.83349	0.668183	0.668183	1	1	
0.00390841	-nan	0.669929	0.349276	1	1	1	1	1	1	1.8303	0.669929	0.669929	1	1	
0.00405509	-nan	0.671742	0.351389	1	1	1	1	1	1	1.827	0.671742	0.671742	1	1	
0.00420727	-nan	0.673623	0.353548	1	1	1	1	1	1	1.8236	0.673623	0.673623	1	1	
0.00436516	-nan	0.675573	0.355755	1	1	1	1	1	1	1.82008	0.675573	0.675573	1	1	
0.00452898	-nan	0.677593	0.35801	1	1	1	1	1	1	1.81645	0.677593	0.677593	1	1	
0.00469894	-nan	0.679685	0.360316	1	1	1	1	1	1	1.8127	0.679685	0.679685	1	1	
0.00487528	-nan	0.681849	0.362674	1	1	1	1	1	1	1.80883	0.681849	0.681849	1	1	
0.00505825	-nan	0.684088	0.365086	1	1	1	1	1	1	1.80484	0.684088	0.684088	1	1	
0.00524807	-nan	0.686402	0.367554	1	1	1	1	1	1	1.80073	0.686402	0.686402	1	1	
0.00544503	-nan	0.688793	0.370078	1	1	1	1	1	1	1.79648	0.688793	0.688793	1	1	
0.00564937	-nan	0.691261	0.372662	1	1	1	1	1	1	1.7921	0.691261	0.691261	1	1	
0.00586138	-nan	0.693808	0.375306	1	1	1	1	1	1	1.78759	0.693808	0.693808	1	1	
0.00608135	-nan	0.696435	0.378013	1	1	1	1	1	1	1.78293	0.696435	0.696435	1	1	
0.00630957	-nan	0.699142	0.380786	1	1	1	1	1	1	1.77814	0.699142	0.699142	1	1	
0.00654636	-nan	0.701931	0.383625	1	1	1	1	1	1	1.7732	0.701931	0.701931	1	1	
0.00679204	-nan	0.704802	0.386533	1	1	1	1	1	1	1.76812	0.704802	0.704802	1	1	
0.00704693	-nan	0.707757	0.389513	1	1	1	1	1	1	1.76289	0.707757	0.707757	1	1	
0.00731139	-nan	0.710795	0.392567	1	1	1	1	1	1	1.75751	0.710795	0.710795	1	1	
0.00758578	-nan	0.713918	0.395698	1	1	1	1	1	1	1.75197	0.713918	0.713918	1	1	
0.00787046	-nan	0.717126	0.398907	1	1	1	1	1	1	1.74628	0.717126	0.717126	1	1	
0.00816582	-nan	0.72042	0.402198	1	1	1	1	1	1	1.74043	0.72042	0.72042	1	1	
0.00847227	-nan	0.723799	0.405574	1	1	1	1	1	1	1.73442	0.723799	0.723799	1	1	
0.00879023	-nan	0.727264	0.409038	1	1	1	1	1	1	1.72825	0.727264	0.727264	1	1	
0.00912011	-nan	0.730814	0.412591	1	1	1	1	1	1	1.72192	0.730814	0.730814	1	1	
0.00946237	-nan	0.734451	0.416239	1	1	1	1	1	1	1.71543	0.734451	0.734451	1	1	
0.00981748	-nan	0.738172	0.419983	1	1	1	1	1	1	1.70877	0.738172	0.738172	1	1	
0.0101859	-nan	0.741979	0.423828	1	1	1	1	1	1	1.70195	0.741979	0.741979	1	1	
0.0105682	-nan	0.74587	0.427777	1	1	1	1	1	1	1.69497	0.74587	0.74587	1	1	
0.0109648	-nan	0.749845	0.431833	1	1	1	1	1	1	1.68783	0.749845	0.749845	1	1	
0.0113763	-nan	0.753903	0.436001	1	1	1	1	1	1	1.68053	0.753903	0.753903	1	1	
0.0118032	-nan	0.758042	0.440285	1	1	1	1	1	1	1.67306	0.758042	0.758042	1	1	
0.0122462	-nan	0.762261	0.444688	1	1	1	1	1	1	1.66544	0.762261	0.762261	1	1	
0.0127057	-nan	0.76656	0.449214	1	1	1	1	1	1	1.65767	0.76656	0.76656	1	1	
0.0131826	-nan	0.770935	0.45387	1	1	1	1	1	1	1.64974	0.770935	0.770935	1	1	
0.0136773	-nan	0.775385	0.458658	1	1	1	1	1	1	1.64167	0.775385	0.775385	1	1	
0.0141906	-nan	0.779909	0.463585	1	1	1	1	1	1	1.63345	0.779909	0.779909	1	1	
0.0147231	-nan	0.784503	0.468654	1	1	1	1	1	1	1.62509	0.784503	0.784503	1	1	
0.0152757	-nan	0.789166	0.473872	1	1	1	1	1	1	1.6166	0.789166	0.789166	1	1	
0.0158489	-nan	0.793894	0.479243	1	1	1	1	1	1	1.60798	0.793894	0.793894	1	1	
0.0164437	-nan	0.798685	0.484773	1	1	1	1	1	1	1.59924	0.798685	0.798685	1	1	
0.0170608	-nan	0.803535	0.490468	1	1	1	1	1	1	1.59039	0.803535	0.803535	1	1	
0.0177011	-nan	0.808442	0.496334	1	1	1	1	1	1	1.58143	0.808442	0.808442	1	1	
0.0183654	-nan	0.813401	0.502377	1	1	1	1	1	1	1.57237	0.813401	0.813401	1	1	
0.0190546	-nan	0.818409	0.508604	1	1	1	1	1	1	1.56323	0.818409	0.818409	1	1	
0.0197697	-nan	0.823463	0.515022	1	1	1	1	1	1	1.55401	0.823463	0.823463	1	1	
0.0205116	-nan	0.828557	0.521636	1	1	1	1	1	1	1.54473	0.828557	0.828557	1	1	
0.0212814	-nan	0.833688	0.528455	1	1	1	1	1	1	1.53538	0.833688	0.833688	1	1	
0.02208	-nan	0.838851	0.535485	1	1	1	1	1	1	1.526	0.838851	0.838851	1	1	
0.0229087	-nan	0.844043	0.542735	1	1	1	1	1	1	1.51658	0.844043	0.844043	1	1	
0.0237684	-nan	0.849258	0.550212	1	1	1	1	1	1	1.50714	0.849258	0.849258	1	1	
0.0246604	-nan	0.854491	0.557924	1	1	1	1	1	1	1.49769	0.854491	0.854491	1	1	
0.0255859	-nan	0.859738	0.565879	1	1	1	1	1	1	1.48825	0.859738	0.859738	1	1	
0.0265461	-nan	0.864993	0.574085	1	1	1	1	1	1	1.47882	0.864993	0.864993	1	1	
0.0275423	-nan	0.870253	0.582552	1	1	1	1	1	1	1.46943	0.870253	0.870253	1	1	
0.0285759	-nan	0.87551	0.591289	1	1	1	1	1	1	1.46009	0.87551	0.87551	1	1	
0.0296483	-nan	0.880762	0.600304	1	1	1	1	1	1	1.4508	0.880762	0.880762	1	1	
0.030761	-nan	0.886001	0.609607	1	1	1	1	1	1	1.44158	0.886001	0.886001	1	1	
0.0319154	-nan	0.891224	0.619206	1	1	1	1	1	1	1.43245	0.891224	0.891224	1	1	
0.0331131	-nan	0.896424	0.629113	1	1	1	1	1	1	1.42341	0.896424	0.896424	1	1	
0.0343558	-nan	0.901597	0.639336	1	1	1	1	1	1	1.41449	0.901597	0.901597	1	1	
0.0356451	-nan	0.906738	0.649886	1	1	1	1	1	1	1.40569	0.906738	0.906738	1	1	
0.0369828	-nan	0.911841	0.660772	1	1	1	1	1	1	1.39702	0.911841	0.911841	1	1	
0.0383707	-nan	0.916901	0.672005	1	1	1	1	1	1	1.38849	0.916901	0.916901	1	1	
0.0398107	-nan	0.921914	0.683594	1	1	1	1	1	1	1.38012	0.921914	0.921914	1	1	
0.0413048	-nan	0.926874	0.695551	1	1	1	1	1	1	1.37191	0.926874	0.926874	1	1	
0.0428549	-nan	0.931776	0.707885	1	1	1	1	1	1	1.36387	0.931776	0.931776	1	1	
0.0444631	-nan	0.936617	0.720605	1	1	1	1	1	1	1.35601	0.936617	0.936617	1	1	
0.0461318	-nan	0.94139	0.733723	1	1	1	1	1	1	1.34834	0.94139	0.94139	1	1	
0.047863	-nan	0.946093	0.747248	1	1	1	1	1	1	1.34087	0.946093	0.946093	1	1	
0.0496592	-nan	0.950719	0.76119	1	1	1	1	1	1	1.33359	0.950719	0.950719	1	1	
0.0515229	-nan	0.955266	0.775558	1	1	1	1	1	1	1.32651	0.955266	0.955266	1	1	
0.0534564	-nan	0.959728	0.790362	1	1	1	1	1	1	1.31965	0.959728	0.959728	1	1	
0.0554626	-nan	0.964102	0.805609	1	1	1	1	1	1	1.31299	0.964102	0.964102	1	1	
0.057544	-nan	0.968384	0.821309	1	1	1	1	1	1	1.30654	0.968384	0.968384	1	1	
0.0597035	-nan	0.972571	0.837469	1	1	1	1	1	1	1.3003	0.972571	0.972571	1	1	
0.0619441	-nan	0.976658	0.854097	1	1	1	1	1	1	1.29428	0.976658	0.976658	1	1	
0.0642688	-nan	0.980642	0.871198	1	1	1	1	1	1	1.28847	0.980642	0.980642	1	1	
0.0666807	-nan	0.98452	0.88878	1	1	1	1	1	1	1.28287	0.98452	0.98452	1	1	
0.0691831	-nan	0.988288	0.906845	1	1	1	1	1	1	1.27748	0.988288	0.988288	1	1	
0.0717794	-nan	0.991945	0.9254	1	1	1	1	1	1	1.2723	0.991945	0.991945	1	1	
0.0744732	-nan	0.995486	0.944447	1	1	1	1	1	1	1.26732	0.995486	0.995486	1	1	
0.0772681	-nan	0.998909	0.963987	1	1	1	1	1	1	1.26255	0.998909	0.998909	1	1	
0.0801678	-nan	1.00221	0.984021	1	1	1	1	1	1	1.25797	1.00221	1.00221	1	1	
0.0831764	-nan	1.00539	1.00455	1	1	1	1	1	1	1.25358	1.00539	1.00539	1	1	
0.0862979	-nan	1.00845	1.02557	1	1	1	1	1	1	1.24939	1.00845	1.00845	1	1	
0.0895365	-nan	1.01137	1.04708	1	1	1	1	1	1	1.24537	1.01137	1.01137	1	1	
0.0928966	-nan	1.01417	1.06907	1	1	1	1	1	1	1.24154	1.01417	1.01417	1	1	
0.0963829	-nan	1.01683	1.09153	1	1	1	1	1	1	1.23788	1.01683	1.01683	1	1	
0.1	-nan	1.01936	1.11447	1	1	1	1	1	1	1.23439	1.01936	1.01936	1	1	
0.103614	-nan	1.02167	1.137	1	1	1	1	1	1	1.23119	1.02167	1.02167	1	1	
0.107229	-nan	1.02378	1.15916	1	1	1	1	1	1	1.22823	1.02378	1.02378	1	1	
0.110843	-nan	1.02571	1.18094	1	1	1	1	1	1	1.2255	1.02571	1.02571	1	1	
0.114458	-nan	1.02746	1.20233	1	1	1	1	1	1	1.22297	1.02746	1.02746	1	1	
0.118072	-nan	1.02906	1.22336	1	1	1	1	1	1	1.22063	1.02906	1.02906	1	1	
0.121687	-nan	1.03051	1.24401	1	1	1	1	1	1	1.21846	1.03051	1.03051	1	1	
0.125301	-nan	1.03183	1.26429	1	1	1	1	1	1	1.21643	1.03183	1.03183	1	1	
0.128916	-nan	1.03302	1.28421	1	1	1	1	1	1	1.21455	1.03302	1.03302	1	1	
0.13253	-nan	1.0341	1.30376	1	1	1	1	1	1	1.2128	1.0341	1.0341	1	1	
0.136145	-nan	1.03507	1.32295	1	1	1	1	1	1	1.21116	1.03507	1.03507	1	1	
0.139759	-nan	1.03593	1.34179	1	1	1	1	1	1	1.20963	1.03593	1.03593	1	1	
0.143373	-nan	1.0367	1.36027	1	1	1	1	1	1	1.20821	1.0367	1.0367	1	1	
0.146988	-nan	1.03739	1.37841	1	1	1	1	1	1	1.20687	1.03739	1.03739	1	1	
0.150602	-nan	1.03799	1.3962	1	1	1	1	1	1	1.20562	1.03799	1.03799	1	1	
0.154217	-nan	1.03851	1.41365	1	1	1	1	1	1	1.20446	1.03851	1.03851	1	1	
0.157831	-nan	1.03896	1.43076	1	1	1	1	1	1	1.20336	1.03896	1.03896	1	1	
0.161446	-nan	1.03933	1.44754	1	1	1	1	1	1	1.20234	1.03933	1.03933	1	1	
0.16506	-nan	1.03965	1.46399	1	1	1	1	1	1	1.20139	1.03965	1.03965	1	1	
0.168675	-nan	1.0399	1.48012	1	1	1	1	1	1	1.2005	1.0399	1.0399	1	1	
0.172289	-nan	1.0401	1.49593	1	1	1	1	1	1	1.19967	1.0401	1.0401	1	1	
0.175904	-nan	1.04024	1.51143	1	1	1	1	1	1	1.19889	1.04024	1.04024	1	1	
0.179518	-nan	1.04033	1.52661	1	1	1	1	1	1	1.19818	1.04033	1.04033	1	1	
0.183133	-nan	1.04038	1.54149	1	1	1	1	1	1	1.19751	1.04038	1.04038	1	1	
0.186747	-nan	1.04037	1.55607	1	1	1	1	1	1	1.19689	1.04037	1.04037	1	1	
0.190361	-nan	1.04033	1.57035	1	1	1	1	1	1	1.19632	1.04033	1.04033	1	1	
0.193976	-nan	1.04024	1.58434	1	1	1	1	1	1	1.1958	1.04024	1.04024	1	1	
0.19759	-nan	1.04011	1.59804	1	1	1	1	1	1	1.19533	1.04011	1.04011	1	1	
0.201205	-nan	1.03995	1.61145	1	1	1	1	1	1	1.1949	1.03995	1.03995	1	1	
0.204819	-nan	1.03975	1.62458	1	1	1	1	1	1	1.19451	1.03975	1.03975	1	1	
0.208434	-nan	1.03952	1.63744	1	1	1	1	1	1	1.19417	1.03952	1.03952	1	1	
0.212048	-nan	1.03925	1.65002	1	1	1	1	1	1	1.19387	1.03925	1.03925	1	1	
0.215663	-nan	1.03896	1.66234	1	1	1	1	1	1	1.19361	1.03896	1.03896	1	1	
0.219277	-nan	1.03864	1.67439	1	1	1	1	1	1	1.1934	1.03864	1.03864	1	1	
0.222892	-nan	1.03829	1.68618	1	1	1	1	1	1	1.19322	1.03829	1.03829	1	1	
0.226506	-nan	1.03791	1.69772	1	1	1	1	1	1	1.19309	1.03791	1.03791	1	1	
0.23012	-nan	1.03751	1.709	1	1	1	1	1	1	1.19301	1.03751	1.03751	1	1	
0.233735	-nan	1.03708	1.72003	1	1	1	1	1	1	1.19296	1.03708	1.03708	1	1	
0.237349	-nan	1.03663	1.73082	1	1	1	1	1	1	1.19296	1.03663	1.03663	1	1	
0.240964	-nan	1.03616	1.74136	1	1	1	1	1	1	1.193	1.03616	1.03616	1	1	
0.244578	-nan	1.03567	1.75166	1	1	1	1	1	1	1.19309	1.03567	1.03567	1	1	
0.248193	-nan	1.03515	1.76173	1	1	1	1	1	1	1.19323	1.03515	1.03515	1	1	
0.251807	-nan	1.03462	1.77157	1	1	1	1	1	1	1.19341	1.03462	1.03462	1	1	
0.255422	-nan	1.03407	1.78117	1	1	1	1	1	1	1.19364	1.03407	1.03407	1	1	
0.259036	-nan	1.0335	1.79056	1	1	1	1	1	1	1.19392	1.0335	1.0335	1	1	
0.262651	-nan	1.03292	1.79971	1	1	1	1	1	1	1.19426	1.03292	1.03292	1	1	
0.266265	-nan	1.03232	1.80865	1	1	1	1	1	1	1.19464	1.03232	1.03232	1	1	
0.26988	-nan	1.0317	1.81737	1	1	1	1	1	1	1.19508	1.0317	1.0317	1	1	
0.273494	-nan	1.03107	1.82588	1	1	1	1	1	1	1.19559	1.03107	1.03107	1	1	
0.277108	-nan	1.03042	1.83417	1	1	1	1	1	1	1.19615	1.03042	1.03042	1	1	
0.280723	-nan	1.02976	1.84226	1	1	1	1	1	1	1.19677	1.02976	1.02976	1	1	
0.284337	-nan	1.02908	1.85014	1	1	1	1	1	1	1.19746	1.02908	1.02908	1	1	
0.287952	-nan	1.0284	1.85782	1	1	1	1	1	1	1.19821	1.0284	1.0284	1	1	
0.291566	-nan	1.0277	1.86529	1	1	1	1	1	1	1.19904	1.0277	1.0277	1	1	
0.295181	-nan	1.02698	1.87257	1	1	1	1	1	1	1.19994	1.02698	1.02698	1	1	
0.298795	-nan	1.02626	1.87965	1	1	1	1	1	1	1.20092	1.02626	1.02626	1	1	
0.30241	-nan	1.02552	1.88653	1	1	1	1	1	1	1.20198	1.02552	1.02552	1	1	
0.306024	-nan	1.02478	1.89323	1	1	1	1	1	1	1.20312	1.02478	1.02478	1	1	
0.309639	-nan	1.02402	1.89973	1	1	1	1	1	1	1.20435	1.02402	1.02402	1	1	
0.313253	-nan	1.02325	1.90605	1	1	1	1	1	1	1.20568	1.02325	1.02325	1	1	
0.316867	-nan	1.02247	1.91218	1	1	1	1	1	1	1.2071	1.02247	1.02247	1	1	
0.320482	-nan	1.02169	1.91813	1	1	1	1	1	1	1.20863	1.02169	1.02169	1	1	
0.324096	-nan	1.02089	1.92389	1	1	1	1	1	1	1.21027	1.02089	1.02089	1	1	
0.327711	-nan	1.02008	1.92948	1	1	1	1	1	1	1.21202	1.02008	1.02008	1	1	
0.331325	-nan	1.01927	1.93489	1	1	1	1	1	1	1.21389	1.01927	1.01927	1	1	
0.33494	-nan	1.01844	1.94012	1	1	1	1	1	1	1.21588	1.01844	1.01844	1	1	
0.338554	-nan	1.01761	1.94518	1	1	1	1	1	1	1.218	1.01761	1.01761	1	1	
0.342169	-nan	1.01677	1.95007	1	1	1	1	1	1	1.22026	1.01677	1.01677	1	1	
0.345783	-nan	1.01593	1.95478	1	1	1	1	1	1	1.22267	1.01593	1.01593	1	1	
0.349398	-nan	1.01507	1.95932	1	1	1	1	1	1	1.22522	1.01507	1.01507	1	1	
0.353012	-nan	1.01421	1.9637	1	1	1	1	1	1	1.22794	1.01421	1.01421	1	1	
0.356627	-nan	1.01334	1.96791	1	1	1	1	1	1	1.23082	1.01334	1.01334	1	1	
0.360241	-nan	1.01246	1.97196	1	1	1	1	1	1	1.23387	1.01246	1.01246	1	1	
0.363855	-nan	1.01158	1.97584	1	1	1	1	1	1	1.2371	1.01158	1.01158	1	1	
0.36747	-nan	1.01068	1.97955	1	1	1	1	1	1	1.24051	1.01068	1.01068	1	1	
0.371084	-nan	1.00979	1.98311	1	1	1	1	1	1	1.24413	1.00979	1.00979	1	1	
0.374699	-nan	1.00888	1.98651	1	1	1	1	1	1	1.24794	1.00888	1.00888	1	1	
0.378313	-nan	1.00797	1.98974	1	1	1	1	1	1	1.25197	1.00797	1.00797	1	1	
0.381928	-nan	1.00706	1.99282	1	1	1	1	1	1	1.25622	1.00706	1.00706	1	1	
0.385542	-nan	1.00613	1.99575	1	1	1	1	1	1	1.26069	1.00613	1.00613	1	1	
0.389157	-nan	1.00521	1.99852	1	1	1	1	1	1	1.26539	1.00521	1.00521	1	1	
0.392771	-nan	1.00427	2.00113	1	1	1	1	1	1	1.27034	1.00427	1.00427	1	1	
0.396386	-nan	1.00333	2.00359	1	1	1	1	1	1	1.27553	1.00333	1.00333	1	1	
0.4	-nan	1.00239	2.00589	1	1	1	1	1	1	1.28098	1.00239	1.00239	1	1	
0.403614	-nan	1.00144	2.00805	1	1	1	1	1	1	1.28669	1.00144	1.00144	1	1	
0.407229	-nan	1.00048	2.01005	1	1	1	1	1	1	1.29267	1.00048	1.00048	1	1	
0.410843	-nan	0.999519	2.01191	1	1	1	1	1	1	1.29891	0.999519	0.999519	1	1	
0.414458	-nan	0.998553	2.01362	1	1	1	1	1	1	1.30543	0.998553	0.998553	1	1	
0.418072	-nan	0.997582	2.01517	1	1	1	1	1	1	1.31223	0.997582	0.997582	1	1	
0.421687	-nan	0.996606	2.01658	1	1	1	1	1	1	1.3193	0.996606	0.996606	1	1	
0.425301	-nan	0.995626	2.01785	1	1	1	1	1	1	1.32666	0.995626	0.995626	1	1	
0.428916	-nan	0.99464	2.01896	1	1	1	1	1	1	1.3343	0.99464	0.99464	1	1	
0.43253	-nan	0.99365	2.01994	1	1	1	1	1	1	1.34222	0.99365	0.99365	1	1	
0.436145	-nan	0.992655	2.02076	1	1	1	1	1	1	1.35042	0.992655	0.992655	1	1	
0.439759	-nan	0.991656	2.02145	1	1	1	1	1	1	1.35889	0.991656	0.991656	1	1	
0.443373	-nan	0.990653	2.02199	1	1	1	1	1	1	1.36764	0.990653	0.990653	1	1	
0.446988	-nan	0.989645	2.02238	1	1	1	1	1	1	1.37664	0.989645	0.989645	1	1	
0.450602	-nan	0.988633	2.02264	1	1	1	1	1	1	1.38591	0.988633	0.988633	1	1	
0.454217	-nan	0.987617	2.02275	1	1	1	1	1	1	1.39542	0.987617	0.987617	1	1	
0.457831	-nan	0.986597	2.02272	1	1	1	1	1	1	1.40518	0.986597	0.986597	1	1	
0.461446	-nan	0.985573	2.02255	1	1	1	1	1	1	1.41516	0.985573	0.985573	1	1	
0.46506	-nan	0.984545	2.02225	1	1	1	1	1	1	1.42535	0.984545	0.984545	1	1	
0.468675	-nan	0.983513	2.0218	1	1	1	1	1	1	1.43575	0.983513	0.983513	1	1	
0.472289	-nan	0.982477	2.02121	1	1	1	1	1	1	1.44633	0.982477	0.982477	1	1	
0.475904	-nan	0.981438	2.02048	1	1	1	1	1	1	1.45708	0.981438	0.981438	1	1	
0.479518	-nan	0.980394	2.01962	1	1	1	1	1	1	1.46799	0.980394	0.980394	1	1	
0.483133	-nan	0.979348	2.01861	1	1	1	1	1	1	1.47904	0.979348	0.979348	1	1	
0.486747	-nan	0.978297	2.01747	1	1	1	1	1	1	1.49021	0.978297	0.978297	1	1	
0.490361	-nan	0.977243	2.0162	1	1	1	1	1	1	1.50147	0.977243	0.977243	1	1	
0.493976	-nan	0.976186	2.01478	1	1	1	1	1	1	1.51282	0.976186	0.976186	1	1	
0.49759	-nan	0.975125	2.01323	1	1	1	1	1	1	1.52424	0.975125	0.975125	1	1	
0.501205	-nan	0.974061	2.01155	1	1	1	1	1	1	1.5357	0.974061	0.974061	1	1	
0.504819	-nan	0.972993	2.00972	1	1	1	1	1	1	1.54718	0.972993	0.972993	1	1	
0.508434	-nan	0.971923	2.00777	1	1	1	1	1	1	1.55868	0.971923	0.971923	1	1	
0.512048	-nan	0.970849	2.00567	1	1	1	1	1	1	1.57016	0.970849	0.970849	1	1	
0.515663	-nan	0.969772	2.00345	1	1	1	1	1	1	1.58161	0.969772	0.969772	1	1	
0.519277	-nan	0.968691	2.00108	1	1	1	1	1	1	1.59301	0.968691	0.968691	1	1	
0.522892	-nan	0.967608	1.99859	1	1	1	1	1	1	1.60435	0.967608	0.967608	1	1	
0.526506	-nan	0.966522	1.99596	1	1	1	1	1	1	1.61562	0.966522	0.966522	1	1	
0.53012	-nan	0.965433	1.9932	1	1	1	1	1	1	1.62678	0.965433	0.965433	1	1	
0.533735	-nan	0.964341	1.9903	1	1	1	1	1	1	1.63784	0.964341	0.964341	1	1	
0.537349	-nan	0.963246	1.98727	1	1	1	1	1	1	1.64878	0.963246	0.963246	1	1	
0.540964	-nan	0.962148	1.98411	1	1	1	1	1	1	1.65957	0.962148	0.962148	1	1	
0.544578	-nan	0.961048	1.98082	1	1	1	1	1	1	1.67023	0.961048	0.961048	1	1	
0.548193	-nan	0.959945	1.97739	1	1	1	1	1	1	1.68072	0.959945	0.959945	1	1	
0.551807	-nan	0.958839	1.97384	1	1	1	1	1	1	1.69105	0.958839	0.958839	1	1	
0.555422	-nan	0.957731	1.97015	1	1	1	1	1	1	1.7012	0.957731	0.957731	1	1	
0.559036	-nan	0.95662	1.96633	1	1	1	1	1	1	1.71116	0.95662	0.95662	1	1	
0.562651	-nan	0.955506	1.96238	1	1	1	1	1	1	1.72093	0.955506	0.955506	1	1	
0.566265	-nan	0.95439	1.9583	1	1	1	1	1	1	1.73051	0.95439	0.95439	1	1	
0.56988	-nan	0.953272	1.95409	1	1	1	1	1	1	1.73989	0.953272	0.953272	1	1	
0.573494	-nan	0.952151	1.94975	1	1	1	1	1	1	1.74905	0.952151	0.952151	1	1	
0.577108	-nan	0.951028	1.94528	1	1	1	1	1	1	1.75801	0.951028	0.951028	1	1	
0.580723	-nan	0.949902	1.94069	1	1	1	1	1	1	1.76676	0.949902	0.949902	1	1	
0.584337	-nan	0.948774	1.93596	1	1	1	1	1	1	1.77529	0.948774	0.948774	1	1	
0.587952	-nan	0.947644	1.93111	1	1	1	1	1	1	1.78361	0.947644	0.947644	1	1	
0.591566	-nan	0.946512	1.92613	1	1	1	1	1	1	1.79172	0.946512	0.946512	1	1	
0.595181	-nan	0.945378	1.92102	1	1	1	1	1	1	1.7996	0.945378	0.945378	1	1	
0.598795	-nan	0.944242	1.91579	1	1	1	1	1	1	1.80728	0.944242	0.944242	1	1	
0.60241	-nan	0.943103	1.91043	1	1	1	1	1	1	1.81474	0.943103	0.943103	1	1	
0.606024	-nan	0.941963	1.90494	1	1	1	1	1	1	1.82198	0.941963	0.941963	1	1	
0.609639	-nan	0.94082	1.89933	1	1	1	1	1	1	1.82902	0.94082	0.94082	1	1	
0.613253	-nan	0.939676	1.89359	1	1	1	1	1	1	1.83585	0.939676	0.939676	1	1	
0.616867	-nan	0.938529	1.88773	1	1	1	1	1	1	1.84248	0.938529	0.938529	1	1	
0.620482	-nan	0.937381	1.88174	1	1	1	1	1	1	1.8489	0.937381	0.937381	1	1	
0.624096	-nan	0.936231	1.87563	1	1	1	1	1	1	1.85512	0.936231	0.936231	1	1	
0.627711	-nan	0.93508	1.8694	1	1	1	1	1	1	1.86115	0.93508	0.93508	1	1	
0.631325	-nan	0.933926	1.86305	1	1	1	1	1	1	1.86699	0.933926	0.933926	1	1	
0.63494	-nan	0.932771	1.85657	1	1	1	1	1	1	1.87264	0.932771	0.932771	1	1	
0.638554	-nan	0.931615	1.84998	1	1	1	1	1	1	1.87811	0.931615	0.931615	1	1	
0.642169	-nan	0.930456	1.84326	1	1	1	1	1	1	1.8834	0.930456	0.930456	1	1	
0.645783	-nan	0.929296	1.83642	1	1	1	1	1	1	1.88851	0.929296	0.929296	1	1	
0.649398	-nan	0.928135	1.82947	1	1	1	1	1	1	1.89346	0.928135	0.928135	1	1	
0.653012	-nan	0.926972	1.8224	1	1	1	1	1	1	1.89823	0.926972	0.926972	1	1	
0.656627	-nan	0.925808	1.81521	1	1	1	1	1	1	1.90285	0.925808	0.925808	1	1	
0.660241	-nan	0.924642	1.8079	1	1	1	1	1	1	1.9073	0.924642	0.924642	1	1	
0.663855	-nan	0.923475	1.80048	1	1	1	1	1	1	1.9116	0.923475	0.923475	1	1	
0.66747	-nan	0.922307	1.79294	1	1	1	1	1	1	1.91576	0.922307	0.922307	1	1	
0.671084	-nan	0.921137	1.78529	1	1	1	1	1	1	1.91976	0.921137	0.921137	1	1	
0.674699	-nan	0.919966	1.77753	1	1	1	1	1	1	1.92363	0.919966	0.919966	1	1	
0.678313	-nan	0.918794	1.76965	1	1	1	1	1	1	1.92736	0.918794	0.918794	1	1	
0.681928	-nan	0.917621	1.76166	1	1	1	1	1	1	1.93096	0.917621	0.917621	1	1	
0.685542	-nan	0.916447	1.75357	1	1	1	1	1	1	1.93443	0.916447	0.916447	1	1	
0.689157	-nan	0.915271	1.74536	1	1	1	1	1	1	1.93777	0.915271	0.915271	1	1	
0.692771	-nan	0.914095	1.73704	1	1	1	1	1	1	1.941	0.914095	0.914095	1	1	
0.696386	-nan	0.912917	1.72862	1	1	1	1	1	1	1.94411	0.912917	0.912917	1	1	
0.7	-nan	0.911739	1.72009	1	1	1	1	1	1	1.9471	0.911739	0.911739	1	1	
0.703614	-nan	0.91056	1.71146	1	1	1	1	1	1	1.94999	0.91056	0.91056	1	1	
0.707229	-nan	0.90938	1.70273	1	1	1	1	1	1	1.95277	0.90938	0.90938	1	1	
0.710843	-nan	0.908199	1.69389	1	1	1	1	1	1	1.95545	0.908199	0.908199	1	1	
0.714458	-nan	0.907017	1.68495	1	1	1	1	1	1	1.95803	0.907017	0.907017	1	1	
0.718072	-nan	0.905834	1.67591	1	1	1	1	1	1	1.96052	0.905834	0.905834	1	1	
0.721687	-nan	0.904651	1.66677	1	1	1	1	1	1	1.96291	0.904651	0.904651	1	1	
0.725301	-nan	0.903467	1.65754	1	1	1	1	1	1	1.96522	0.903467	0.903467	1	1	
0.728916	-nan	0.902283	1.64821	1	1	1	1	1	1	1.96744	0.902283	0.902283	1	1	
0.73253	-nan	0.901098	1.63879	1	1	1	1	1	1	1.96958	0.901098	0.901098	1	1	
0.736145	-nan	0.899912	1.62927	1	1	1	1	1	1	1.97164	0.899912	0.899912	1	1	
0.739759	-nan	0.898726	1.61966	1	1	1	1	1	1	1.97362	0.898726	0.898726	1	1	
0.743373	-nan	0.89754	1.60997	1	1	1	1	1	1	1.97552	0.89754	0.89754	1	1	
0.746988	-nan	0.896353	1.60018	1	1	1	1	1	1	1.97736	0.896353	0.896353	1	1	
0.750602	-nan	0.895165	1.59031	1	1	1	1	1	1	1.97913	0.895165	0.895165	1	1	
0.754217	-nan	0.893977	1.58035	1	1	1	1	1	1	1.98083	0.893977	0.893977	1	1	
0.757831	-nan	0.892789	1.57032	1	1	1	1	1	1	1.98246	0.892789	0.892789	1	1	
0.761446	-nan	0.891601	1.5602	1	1	1	1	1	1	1.98404	0.891601	0.891601	1	1	
0.76506	-nan	0.890412	1.55	1	1	1	1	1	1	1.98556	0.890412	0.890412	1	1	
0.768675	-nan	0.889224	1.53972	1	1	1	1	1	1	1.98701	0.889224	0.889224	1	1	
0.772289	-nan	0.888035	1.52937	1	1	1	1	1	1	1.98842	0.888035	0.888035	1	1	
0.775904	-nan	0.886846	1.51894	1	1	1	1	1	1	1.98977	0.886846	0.886846	1	1	
0.779518	-nan	0.885656	1.50844	1	1	1	1	1	1	1.99107	0.885656	0.885656	1	1	
0.783133	-nan	0.884467	1.49787	1	1	1	1	1	1	1.99232	0.884467	0.884467	1	1	
0.786747	-nan	0.883278	1.48724	1	1	1	1	1	1	1.99352	0.883278	0.883278	1	1	
0.790361	-nan	0.882089	1.47653	1	1	1	1	1	1	1.99468	0.882089	0.882089	1	1	
0.793976	-nan	0.8809	1.46577	1	1	1	1	1	1	1.99579	0.8809	0.8809	1	1	
0.79759	-nan	0.879711	1.45494	1	1	1	1	1	1	1.99686	0.879711	0.879711	1	1	
0.801205	-nan	0.878522	1.44405	1	1	1	1	1	1	1.99789	0.878522	0.878522	1	1	
0.804819	-nan	0.877334	1.4331	1	1	1	1	1	1	1.99888	0.877334	0.877334	1	1	
0.808434	-nan	0.876145	1.4221	1	1	1	1	1	1	1.99984	0.876145	0.876145	1	1	
0.812048	-nan	0.874957	1.41105	1	1	1	1	1	1	2.00075	0.874957	0.874957	1	1	
0.815663	-nan	0.873769	1.39994	1	1	1	1	1	1	2.00163	0.873769	0.873769	1	1	
0.819277	-nan	0.872582	1.38878	1	1	1	1	1	1	2.00248	0.872582	0.872582	1	1	
0.822892	-nan	0.871395	1.37758	1	1	1	1	1	1	2.0033	0.871395	0.871395	1	1	
0.826506	-nan	0.870208	1.36634	1	1	1	1	1	1	2.00408	0.870208	0.870208	1	1	
0.83012	-nan	0.869021	1.35505	1	1	1	1	1	1	2.00484	0.869021	0.869021	1	1	
0.833735	-nan	0.867836	1.34372	1	1	1	1	1	1	2.00557	0.867836	0.867836	1	1	
0.837349	-nan	0.86665	1.33235	1	1	1	1	1	1	2.00626	0.86665	0.86665	1	1	
0.840964	-nan	0.865466	1.32095	1	1	1	1	1	1	2.00694	0.865466	0.865466	1	1	
0.844578	-nan	0.864282	1.30952	1	1	1	1	1	1	2.00758	0.864282	0.864282	1	1	
0.848193	-nan	0.863098	1.29806	1	1	1	1	1	1	2.0082	0.863098	0.863098	1	1	
0.851807	-nan	0.861915	1.28656	1	1	1	1	1	1	2.0088	0.861915	0.861915	1	1	
0.855422	-nan	0.860733	1.27505	1	1	1	1	1	1	2.00938	0.860733	0.860733	1	1	
0.859036	-nan	0.859551	1.26351	1	1	1	1	1	1	2.00993	0.859551	0.859551	1	1	
0.862651	-nan	0.858371	1.25195	1	1	1	1	1	1	2.01046	0.858371	0.858371	1	1	
0.866265	-nan	0.857191	1.24037	1	1	1	1	1	1	2.01098	0.857191	0.857191	1	1	
0.86988	-nan	0.856012	1.22878	1	1	1	1	1	1	2.01147	0.856012	0.856012	1	1	
0.873494	-nan	0.854834	1.21717	1	1	1	1	1	1	2.01194	0.854834	0.854834	1	1	
0.877108	-nan	0.853656	1.20556	1	1	1	1	1	1	2.0124	0.853656	0.853656	1	1	
0.880723	-nan	0.85248	1.19393	1	1	1	1	1	1	2.01284	0.85248	0.85248	1	1	
0.884337	-nan	0.851305	1.1823	1	1	1	1	1	1	2.01326	0.851305	0.851305	1	1	
0.887952	-nan	0.85013	1.17067	1	1	1	1	1	1	2.01366	0.85013	0.85013	1	1	
0.891566	-nan	0.848957	1.15903	1	1	1	1	1	1	2.01406	0.848957	0.848957	1	1	
0.895181	-nan	0.847785	1.1474	1	1	1	1	1	1	2.01443	0.847785	0.847785	1	1	
0.898795	-nan	0.846614	1.13577	1	1	1	1	1	1	2.01479	0.846614	0.846614	1	1	
0.90241	-nan	0.845443	1.12415	1	1	1	1	1	1	2.01514	0.845443	0.845443	1	1	
0.906024	-nan	0.844275	1.11254	1	1	1	1	1	1	2.01548	0.844275	0.844275	1	1	
0.909639	-nan	0.843107	1.10094	1	1	1	1	1	1	2.0158	0.843107	0.843107	1	1	
0.913253	-nan	0.84194	1.08936	1	1	1	1	1	1	2.01611	0.84194	0.84194	1	1	
0.916867	-nan	0.840775	1.07779	1	1	1	1	1	1	2.01641	0.840775	0.840775	1	1	
0.920482	-nan	0.839611	1.06624	1	1	1	1	1	1	2.0167	0.839611	0.839611	1	1	
0.924096	-nan	0.838449	1.05471	1	1	1	1	1	1	2.01697	0.838449	0.838449	1	1	
0.927711	-nan	0.837287	1.04321	1	1	1	1	1	1	2.01724	0.837287	0.837287	1	1	
0.931325	-nan	0.836128	1.03173	1	1	1	1	1	1	2.0175	0.836128	0.836128	1	1	
0.93494	-nan	0.834969	1.02028	1	1	1	1	1	1	2.01775	0.834969	0.834969	1	1	
0.938554	-nan	0.833812	1.00886	1	1	1	1	1	1	2.01798	0.833812	0.833812	1	1	
0.942169	-nan	0.832657	0.997476	1	1	1	1	1	1	2.01821	0.832657	0.832657	1	1	
0.945783	-nan	0.831503	0.986126	1	1	1	1	1	1	2.01843	0.831503	0.831503	1	1	
0.949398	-nan	0.83035	0.974813	1	1	1	1	1	1	2.01865	0.83035	0.83035	1	1	
0.953012	-nan	0.829199	0.963541	1	1	1	1	1	1	2.01885	0.829199	0.829199	1	1	
0.956627	-nan	0.82805	0.95231	1	1	1	1	1	1	2.01905	0.82805	0.82805	1	1	
0.960241	-nan	0.826902	0.941124	1	1	1	1	1	1	2.01924	0.826902	0.826902	1	1	
0.963855	-nan	0.825756	0.929984	1	1	1	1	1	1	2.01943	0.825756	0.825756	1	1	
0.96747	-nan	0.824612	0.918892	1	1	1	1	1	1	2.01961	0.824612	0.824612	1	1	
0.971084	-nan	0.823469	0.90785	1	1	1	1	1	1	2.01978	0.823469	0.823469	1	1	
0.974699	-nan	0.822328	0.896861	1	1	1	1	1	1	2.01995	0.822328	0.822328	1	1	
0.978313	-nan	0.821189	0.885926	1	1	1	1	1	1	2.02011	0.821189	0.821189	1	1	
0.981928	-nan	0.820051	0.875047	1	1	1	1	1	1	2.02026	0.820051	0.820051	1	1	
0.985542	-nan	0.818916	0.864226	1	1	1	1	1	1	2.02041	0.818916	0.818916	1	1	
0.989157	-nan	0.817782	0.853465	1	1	1	1	1	1	2.02055	0.817782	0.817782	1	1	
0.992771	-nan	0.81665	0.842766	1	1	1	1	1	1	2.02069	0.81665	0.81665	1	1	
0.996386	-nan	0.81552	0.83213	1	1	1	1	1	1	2.02083	0.81552	0.81552	1	1	
1	-nan	-nan	-nan	-nan	-nan	-nan	-nan	-nan	-nan	-nan	-nan	-nan	-nan	-nan	
