1e-05	-nan	0.544453	0.312049	1	1	1	1	1	1	0.679499	0.544453	0.544453	1	1	
1.03753e-05	-nan	0.544506	0.313009	1	1	1	1	1	1	0.678862	0.544506	0.544506	1	1	
1.07647e-05	-nan	0.54456	0.313973	1	1	1	1	1	1	0.678224	0.54456	0.54456	1	1	
1.11686e-05	-nan	0.544616	0.314942	1	1	1	1	1	1	0.677587	0.544616	0.544616	1	1	
1.15878e-05	-nan	0.544673	0.315916	1	1	1	1	1	1	0.676949	0.544673	0.544673	1	1	
1.20226e-05	-nan	0.544731	0.316896	1	1	1	1	1	1	0.676311	0.544731	0.544731	1	1	
1.24738e-05	-nan	0.544791	0.31788	1	1	1	1	1	1	0.675674	0.544791	0.544791	1	1	
1.2942e-05	-nan	0.544853	0.318869	1	1	1	1	1	1	0.675036	0.544853	0.544853	1	1	
1.34276e-05	-nan	0.544915	0.319863	1	1	1	1	1	1	0.674398	0.544915	0.544915	1	1	
1.39316e-05	-nan	0.54498	0.320862	1	1	1	1	1	1	0.67376	0.54498	0.54498	1	1	
1.44544e-05	-nan	0.545046	0.321866	1	1	1	1	1	1	0.673122	0.545046	0.545046	1	1	
1.49968e-05	-nan	0.545114	0.322875	1	1	1	1	1	1	0.672484	0.545114	0.545114	1	1	
1.55597e-05	-nan	0.545183	0.323889	1	1	1	1	1	1	0.671846	0.545183	0.545183	1	1	
1.61436e-05	-nan	0.545254	0.324909	1	1	1	1	1	1	0.671208	0.545254	0.545254	1	1	
1.67494e-05	-nan	0.545327	0.325933	1	1	1	1	1	1	0.670569	0.545327	0.545327	1	1	
1.7378e-05	-nan	0.545401	0.326963	1	1	1	1	1	1	0.669931	0.545401	0.545401	1	1	
1.80302e-05	-nan	0.545478	0.327997	1	1	1	1	1	1	0.669292	0.545478	0.545478	1	1	
1.87068e-05	-nan	0.545556	0.329037	1	1	1	1	1	1	0.668654	0.545556	0.545556	1	1	
1.94089e-05	-nan	0.545637	0.330082	1	1	1	1	1	1	0.668015	0.545637	0.545637	1	1	
2.01372e-05	-nan	0.545719	0.331132	1	1	1	1	1	1	0.667377	0.545719	0.545719	1	1	
2.0893e-05	-nan	0.545803	0.332187	1	1	1	1	1	1	0.666738	0.545803	0.545803	1	1	
2.1677e-05	-nan	0.54589	0.333248	1	1	1	1	1	1	0.666099	0.54589	0.54589	1	1	
2.24905e-05	-nan	0.545978	0.334313	1	1	1	1	1	1	0.66546	0.545978	0.545978	1	1	
2.33346e-05	-nan	0.546069	0.335384	1	1	1	1	1	1	0.664821	0.546069	0.546069	1	1	
2.42103e-05	-nan	0.546162	0.33646	1	1	1	1	1	1	0.664182	0.546162	0.546162	1	1	
2.51189e-05	-nan	0.546258	0.337541	1	1	1	1	1	1	0.663543	0.546258	0.546258	1	1	
2.60615e-05	-nan	0.546356	0.338628	1	1	1	1	1	1	0.662904	0.546356	0.546356	1	1	
2.70396e-05	-nan	0.546456	0.339719	1	1	1	1	1	1	0.662265	0.546456	0.546456	1	1	
2.80543e-05	-nan	0.546559	0.340816	1	1	1	1	1	1	0.661626	0.546559	0.546559	1	1	
2.91072e-05	-nan	0.546664	0.341919	1	1	1	1	1	1	0.660986	0.546664	0.546664	1	1	
3.01995e-05	-nan	0.546772	0.343026	1	1	1	1	1	1	0.660347	0.546772	0.546772	1	1	
3.13329e-05	-nan	0.546883	0.344139	1	1	1	1	1	1	0.659708	0.546883	0.546883	1	1	
3.25087e-05	-nan	0.546997	0.345257	1	1	1	1	1	1	0.659068	0.546997	0.546997	1	1	
3.37287e-05	-nan	0.547113	0.346381	1	1	1	1	1	1	0.658429	0.547113	0.547113	1	1	
3.49945e-05	-nan	0.547232	0.347509	1	1	1	1	1	1	0.657789	0.547232	0.547232	1	1	
3.63078e-05	-nan	0.547354	0.348643	1	1	1	1	1	1	0.657149	0.547354	0.547354	1	1	
3.76704e-05	-nan	0.54748	0.349783	1	1	1	1	1	1	0.656509	0.54748	0.54748	1	1	
3.90841e-05	-nan	0.547608	0.350928	1	1	1	1	1	1	0.65587	0.547608	0.547608	1	1	
4.05509e-05	-nan	0.54774	0.352078	1	1	1	1	1	1	0.65523	0.54774	0.54774	1	1	
4.20727e-05	-nan	0.547875	0.353233	1	1	1	1	1	1	0.65459	0.547875	0.547875	1	1	
4.36516e-05	-nan	0.548013	0.354394	1	1	1	1	1	1	0.65395	0.548013	0.548013	1	1	
4.52898e-05	-nan	0.548155	0.355561	1	1	1	1	1	1	0.65331	0.548155	0.548155	1	1	
4.69894e-05	-nan	0.548301	0.356733	1	1	1	1	1	1	0.65267	0.548301	0.548301	1	1	
4.87528e-05	-nan	0.54845	0.35791	1	1	1	1	1	1	0.652029	0.54845	0.54845	1	1	
5.05825e-05	-nan	0.548603	0.359092	1	1	1	1	1	1	0.651389	0.548603	0.548603	1	1	
5.24807e-05	-nan	0.548759	0.36028	1	1	1	1	1	1	0.650749	0.548759	0.548759	1	1	
5.44503e-05	-nan	0.54892	0.361474	1	1	1	1	1	1	0.650108	0.54892	0.54892	1	1	
5.64937e-05	-nan	0.549085	0.362673	1	1	1	1	1	1	0.649468	0.549085	0.549085	1	1	
5.86138e-05	-nan	0.549254	0.363877	1	1	1	1	1	1	0.648827	0.549254	0.549254	1	1	
6.08135e-05	-nan	0.549427	0.365087	1	1	1	1	1	1	0.648187	0.549427	0.549427	1	1	
6.30957e-05	-nan	0.549604	0.366302	1	1	1	1	1	1	0.647546	0.549604	0.549604	1	1	
6.54636e-05	-nan	0.549786	0.367523	1	1	1	1	1	1	0.646905	0.549786	0.549786	1	1	
6.79204e-05	-nan	0.549972	0.368749	1	1	1	1	1	1	0.646264	0.549972	0.549972	1	1	
7.04693e-05	-nan	0.550164	0.369981	1	1	1	1	1	1	0.645624	0.550164	0.550164	1	1	
7.31139e-05	-nan	0.55036	0.371218	1	1	1	1	1	1	0.644983	0.55036	0.55036	1	1	
7.58578e-05	-nan	0.550561	0.372461	1	1	1	1	1	1	0.644342	0.550561	0.550561	1	1	
7.87046e-05	-nan	0.550767	0.373709	1	1	1	1	1	1	0.6437	0.550767	0.550767	1	1	
8.16582e-05	-nan	0.550978	0.374963	1	1	1	1	1	1	0.643059	0.550978	0.550978	1	1	
8.47227e-05	-nan	0.551194	0.376222	1	1	1	1	1	1	0.642418	0.551194	0.551194	1	1	
8.79023e-05	-nan	0.551416	0.377487	1	1	1	1	1	1	0.641777	0.551416	0.551416	1	1	
9.12011e-05	-nan	0.551644	0.378758	1	1	1	1	1	1	0.641135	0.551644	0.551644	1	1	
9.46237e-05	-nan	0.551877	0.380033	1	1	1	1	1	1	0.640494	0.551877	0.551877	1	1	
9.81748e-05	-nan	0.552117	0.381315	1	1	1	1	1	1	0.639852	0.552117	0.552117	1	1	
0.000101859	-nan	0.552362	0.382602	1	1	1	1	1	1	0.63921	0.552362	0.552362	1	1	
0.000105682	-nan	0.552613	0.383895	1	1	1	1	1	1	0.638569	0.552613	0.552613	1	1	
0.000109648	-nan	0.552871	0.385193	1	1	1	1	1	1	0.637927	0.552871	0.552871	1	1	
0.000113763	-nan	0.553135	0.386497	1	1	1	1	1	1	0.637285	0.553135	0.553135	1	1	
0.000118032	-nan	0.553406	0.387806	1	1	1	1	1	1	0.636643	0.553406	0.553406	1	1	
0.000122462	-nan	0.553684	0.389121	1	1	1	1	1	1	0.636001	0.553684	0.553684	1	1	
0.000127057	-nan	0.553969	0.390441	1	1	1	1	1	1	0.635359	0.553969	0.553969	1	1	
0.000131826	-nan	0.554261	0.391768	1	1	1	1	1	1	0.634716	0.554261	0.554261	1	1	
0.000136773	-nan	0.55456	0.393099	1	1	1	1	1	1	0.634074	0.55456	0.55456	1	1	
0.000141906	-nan	0.554867	0.394437	1	1	1	1	1	1	0.633431	0.554867	0.554867	1	1	
0.000147231	-nan	0.555182	0.39578	1	1	1	1	1	1	0.632789	0.555182	0.555182	1	1	
0.000152757	-nan	0.555505	0.397128	1	1	1	1	1	1	0.632146	0.555505	0.555505	1	1	
0.000158489	-nan	0.555835	0.398483	1	1	1	1	1	1	0.631503	0.555835	0.555835	1	1	
0.000164437	-nan	0.556174	0.399843	1	1	1	1	1	1	0.630861	0.556174	0.556174	1	1	
0.000170608	-nan	0.556522	0.401208	1	1	1	1	1	1	0.630218	0.556522	0.556522	1	1	
0.000177011	-nan	0.556878	0.40258	1	1	1	1	1	1	0.629575	0.556878	0.556878	1	1	
0.000183654	-nan	0.557244	0.403956	1	1	1	1	1	1	0.628931	0.557244	0.557244	1	1	
0.000190546	-nan	0.557618	0.405339	1	1	1	1	1	1	0.628288	0.557618	0.557618	1	1	
0.000197697	-nan	0.558002	0.406727	1	1	1	1	1	1	0.627645	0.558002	0.558002	1	1	
0.000205116	-nan	0.558396	0.408121	1	1	1	1	1	1	0.627001	0.558396	0.558396	1	1	
0.000212814	-nan	0.558799	0.409521	1	1	1	1	1	1	0.626358	0.558799	0.558799	1	1	
0.0002208	-nan	0.559213	0.410927	1	1	1	1	1	1	0.625714	0.559213	0.559213	1	1	
0.000229087	-nan	0.559637	0.412338	1	1	1	1	1	1	0.62507	0.559637	0.559637	1	1	
0.000237684	-nan	0.560072	0.413755	1	1	1	1	1	1	0.624427	0.560072	0.560072	1	1	
0.000246604	-nan	0.560517	0.415177	1	1	1	1	1	1	0.623783	0.560517	0.560517	1	1	
0.000255859	-nan	0.560974	0.416606	1	1	1	1	1	1	0.623139	0.560974	0.560974	1	1	
0.000265461	-nan	0.561443	0.41804	1	1	1	1	1	1	0.622495	0.561443	0.561443	1	1	
0.000275423	-nan	0.561923	0.41948	1	1	1	1	1	1	0.62185	0.561923	0.561923	1	1	
0.000285759	-nan	0.562415	0.420926	1	1	1	1	1	1	0.621206	0.562415	0.562415	1	1	
0.000296483	-nan	0.562919	0.422377	1	1	1	1	1	1	0.620562	0.562919	0.562919	1	1	
0.00030761	-nan	0.563436	0.423835	1	1	1	1	1	1	0.619917	0.563436	0.563436	1	1	
0.000319154	-nan	0.563966	0.425298	1	1	1	1	1	1	0.619273	0.563966	0.563966	1	1	
0.000331131	-nan	0.564509	0.426767	1	1	1	1	1	1	0.618628	0.564509	0.564509	1	1	
0.000343558	-nan	0.565066	0.428243	1	1	1	1	1	1	0.617983	0.565066	0.565066	1	1	
0.000356451	-nan	0.565637	0.429724	1	1	1	1	1	1	0.617338	0.565637	0.565637	1	1	
0.000369828	-nan	0.566222	0.431211	1	1	1	1	1	1	0.616693	0.566222	0.566222	1	1	
0.000383707	-nan	0.566822	0.432704	1	1	1	1	1	1	0.616048	0.566822	0.566822	1	1	
0.000398107	-nan	0.567436	0.434203	1	1	1	1	1	1	0.615403	0.567436	0.567436	1	1	
0.000413048	-nan	0.568066	0.435708	1	1	1	1	1	1	0.614758	0.568066	0.568066	1	1	
0.000428549	-nan	0.568711	0.437219	1	1	1	1	1	1	0.614113	0.568711	0.568711	1	1	
0.000444631	-nan	0.569373	0.438736	1	1	1	1	1	1	0.613468	0.569373	0.569373	1	1	
0.000461318	-nan	0.570051	0.440259	1	1	1	1	1	1	0.612822	0.570051	0.570051	1	1	
0.00047863	-nan	0.570745	0.441788	1	1	1	1	1	1	0.612177	0.570745	0.570745	1	1	
0.000496592	-nan	0.571457	0.443324	1	1	1	1	1	1	0.611532	0.571457	0.571457	1	1	
0.000515229	-nan	0.572187	0.444866	1	1	1	1	1	1	0.610886	0.572187	0.572187	1	1	
0.000534564	-nan	0.572934	0.446414	1	1	1	1	1	1	0.610241	0.572934	0.572934	1	1	
0.000554626	-nan	0.5737	0.447968	1	1	1	1	1	1	0.609595	0.5737	0.5737	1	1	
0.00057544	-nan	0.574485	0.449529	1	1	1	1	1	1	0.60895	0.574485	0.574485	1	1	
0.000597035	-nan	0.575289	0.451097	1	1	1	1	1	1	0.608305	0.575289	0.575289	1	1	
0.000619441	-nan	0.576113	0.45267	1	1	1	1	1	1	0.607659	0.576113	0.576113	1	1	
0.000642688	-nan	0.576958	0.454251	1	1	1	1	1	1	0.607014	0.576958	0.576958	1	1	
0.000666807	-nan	0.577823	0.455838	1	1	1	1	1	1	0.606368	0.577823	0.577823	1	1	
0.000691831	-nan	0.578709	0.457431	1	1	1	1	1	1	0.605723	0.578709	0.578709	1	1	
0.000717794	-nan	0.579616	0.459031	1	1	1	1	1	1	0.605078	0.579616	0.579616	1	1	
0.000744732	-nan	0.580546	0.460638	1	1	1	1	1	1	0.604433	0.580546	0.580546	1	1	
0.000772681	-nan	0.581499	0.462252	1	1	1	1	1	1	0.603788	0.581499	0.581499	1	1	
0.000801678	-nan	0.582474	0.463873	1	1	1	1	1	1	0.603143	0.582474	0.582474	1	1	
0.000831764	-nan	0.583474	0.465501	1	1	1	1	1	1	0.602498	0.583474	0.583474	1	1	
0.000862979	-nan	0.584497	0.467137	1	1	1	1	1	1	0.601853	0.584497	0.584497	1	1	
0.000895365	-nan	0.585545	0.468779	1	1	1	1	1	1	0.601209	0.585545	0.585545	1	1	
0.000928966	-nan	0.586619	0.470429	1	1	1	1	1	1	0.600564	0.586619	0.586619	1	1	
0.000963829	-nan	0.587718	0.472086	1	1	1	1	1	1	0.59992	0.587718	0.587718	1	1	
0.001	-nan	0.588844	0.473751	1	1	1	1	1	1	0.599276	0.588844	0.588844	1	1	
0.00103753	-nan	0.589996	0.475424	1	1	1	1	1	1	0.598633	0.589996	0.589996	1	1	
0.00107647	-nan	0.591177	0.477104	1	1	1	1	1	1	0.597989	0.591177	0.591177	1	1	
0.00111686	-nan	0.592385	0.478792	1	1	1	1	1	1	0.597347	0.592385	0.592385	1	1	
0.00115878	-nan	0.593622	0.480489	1	1	1	1	1	1	0.596704	0.593622	0.593622	1	1	
0.00120226	-nan	0.594889	0.482194	1	1	1	1	1	1	0.596062	0.594889	0.594889	1	1	
0.00124738	-nan	0.596185	0.483907	1	1	1	1	1	1	0.59542	0.596185	0.596185	1	1	
0.0012942	-nan	0.597512	0.485629	1	1	1	1	1	1	0.594778	0.597512	0.597512	1	1	
0.00134276	-nan	0.59887	0.487359	1	1	1	1	1	1	0.594138	0.59887	0.59887	1	1	
0.00139316	-nan	0.60026	0.489099	1	1	1	1	1	1	0.593497	0.60026	0.60026	1	1	
0.00144544	-nan	0.601682	0.490848	1	1	1	1	1	1	0.592858	0.601682	0.601682	1	1	
0.00149968	-nan	0.603137	0.492606	1	1	1	1	1	1	0.592218	0.603137	0.603137	1	1	
0.00155597	-nan	0.604627	0.494373	1	1	1	1	1	1	0.59158	0.604627	0.604627	1	1	
0.00161436	-nan	0.60615	0.496151	1	1	1	1	1	1	0.590942	0.60615	0.60615	1	1	
0.00167494	-nan	0.607709	0.497939	1	1	1	1	1	1	0.590305	0.607709	0.607709	1	1	
0.0017378	-nan	0.609303	0.499737	1	1	1	1	1	1	0.589669	0.609303	0.609303	1	1	
0.00180302	-nan	0.610934	0.501546	1	1	1	1	1	1	0.589034	0.610934	0.610934	1	1	
0.00187068	-nan	0.612602	0.503365	1	1	1	1	1	1	0.588399	0.612602	0.612602	1	1	
0.00194089	-nan	0.614308	0.505196	1	1	1	1	1	1	0.587766	0.614308	0.614308	1	1	
0.00201372	-nan	0.616052	0.507038	1	1	1	1	1	1	0.587134	0.616052	0.616052	1	1	
0.0020893	-nan	0.617836	0.508893	1	1	1	1	1	1	0.586503	0.617836	0.617836	1	1	
0.0021677	-nan	0.619659	0.510759	1	1	1	1	1	1	0.585873	0.619659	0.619659	1	1	
0.00224905	-nan	0.621523	0.512638	1	1	1	1	1	1	0.585244	0.621523	0.621523	1	1	
0.00233346	-nan	0.623428	0.51453	1	1	1	1	1	1	0.584617	0.623428	0.623428	1	1	
0.00242103	-nan	0.625375	0.516436	1	1	1	1	1	1	0.583992	0.625375	0.625375	1	1	
0.00251189	-nan	0.627365	0.518355	1	1	1	1	1	1	0.583367	0.627365	0.627365	1	1	
0.00260615	-nan	0.629397	0.520289	1	1	1	1	1	1	0.582745	0.629397	0.629397	1	1	
0.00270396	-nan	0.631474	0.522237	1	1	1	1	1	1	0.582124	0.631474	0.631474	1	1	
0.00280543	-nan	0.633596	0.524201	1	1	1	1	1	1	0.581505	0.633596	0.633596	1	1	
0.00291072	-nan	0.635763	0.52618	1	1	1	1	1	1	0.580889	0.635763	0.635763	1	1	
0.00301995	-nan	0.637976	0.528176	1	1	1	1	1	1	0.580274	0.637976	0.637976	1	1	
0.00313329	-nan	0.640235	0.530188	1	1	1	1	1	1	0.579661	0.640235	0.640235	1	1	
0.00325087	-nan	0.642542	0.532219	1	1	1	1	1	1	0.579051	0.642542	0.642542	1	1	
0.00337287	-nan	0.644897	0.534267	1	1	1	1	1	1	0.578443	0.644897	0.644897	1	1	
0.00349945	-nan	0.6473	0.536334	1	1	1	1	1	1	0.577838	0.6473	0.6473	1	1	
0.00363078	-nan	0.649753	0.538421	1	1	1	1	1	1	0.577236	0.649753	0.649753	1	1	
0.00376704	-nan	0.652255	0.540528	1	1	1	1	1	1	0.576636	0.652255	0.652255	1	1	
0.00390841	-nan	0.654808	0.542655	1	1	1	1	1	1	0.57604	0.654808	0.654808	1	1	
0.00405509	-nan	0.657412	0.544805	1	1	1	1	1	1	0.575446	0.657412	0.657412	1	1	
0.00420727	-nan	0.660067	0.546977	1	1	1	1	1	1	0.574856	0.660067	0.660067	1	1	
0.00436516	-nan	0.662775	0.549173	1	1	1	1	1	1	0.57427	0.662775	0.662775	1	1	
0.00452898	-nan	0.665534	0.551394	1	1	1	1	1	1	0.573688	0.665534	0.665534	1	1	
0.00469894	-nan	0.668347	0.553639	1	1	1	1	1	1	0.573109	0.668347	0.668347	1	1	
0.00487528	-nan	0.671214	0.555911	1	1	1	1	1	1	0.572535	0.671214	0.671214	1	1	
0.00505825	-nan	0.674134	0.558211	1	1	1	1	1	1	0.571965	0.674134	0.674134	1	1	
0.00524807	-nan	0.677108	0.560539	1	1	1	1	1	1	0.5714	0.677108	0.677108	1	1	
0.00544503	-nan	0.680137	0.562897	1	1	1	1	1	1	0.570839	0.680137	0.680137	1	1	
0.00564937	-nan	0.683221	0.565286	1	1	1	1	1	1	0.570284	0.683221	0.683221	1	1	
0.00586138	-nan	0.686361	0.567707	1	1	1	1	1	1	0.569734	0.686361	0.686361	1	1	
0.00608135	-nan	0.689555	0.570162	1	1	1	1	1	1	0.56919	0.689555	0.689555	1	1	
0.00630957	-nan	0.692806	0.572651	1	1	1	1	1	1	0.568651	0.692806	0.692806	1	1	
0.00654636	-nan	0.696112	0.575177	1	1	1	1	1	1	0.568119	0.696112	0.696112	1	1	
0.00679204	-nan	0.699475	0.57774	1	1	1	1	1	1	0.567594	0.699475	0.699475	1	1	
0.00704693	-nan	0.702893	0.580343	1	1	1	1	1	1	0.567075	0.702893	0.702893	1	1	
0.00731139	-nan	0.706367	0.582987	1	1	1	1	1	1	0.566563	0.706367	0.706367	1	1	
0.00758578	-nan	0.709898	0.585674	1	1	1	1	1	1	0.566059	0.709898	0.709898	1	1	
0.00787046	-nan	0.713484	0.588405	1	1	1	1	1	1	0.565563	0.713484	0.713484	1	1	
0.00816582	-nan	0.717126	0.591183	1	1	1	1	1	1	0.565075	0.717126	0.717126	1	1	
0.00847227	-nan	0.720823	0.594009	1	1	1	1	1	1	0.564596	0.720823	0.720823	1	1	
0.00879023	-nan	0.724576	0.596886	1	1	1	1	1	1	0.564126	0.724576	0.724576	1	1	
0.00912011	-nan	0.728384	0.599815	1	1	1	1	1	1	0.563665	0.728384	0.728384	1	1	
0.00946237	-nan	0.732246	0.602798	1	1	1	1	1	1	0.563214	0.732246	0.732246	1	1	
0.00981748	-nan	0.736162	0.605839	1	1	1	1	1	1	0.562774	0.736162	0.736162	1	1	
0.0101859	-nan	0.740131	0.608939	1	1	1	1	1	1	0.562344	0.740131	0.740131	1	1	
0.0105682	-nan	0.744153	0.612101	1	1	1	1	1	1	0.561926	0.744153	0.744153	1	1	
0.0109648	-nan	0.748227	0.615327	1	1	1	1	1	1	0.56152	0.748227	0.748227	1	1	
0.0113763	-nan	0.752352	0.61862	1	1	1	1	1	1	0.561126	0.752352	0.752352	1	1	
0.0118032	-nan	0.756528	0.621984	1	1	1	1	1	1	0.560746	0.756528	0.756528	1	1	
0.0122462	-nan	0.760753	0.62542	1	1	1	1	1	1	0.560378	0.760753	0.760753	1	1	
0.0127057	-nan	0.765026	0.628932	1	1	1	1	1	1	0.560026	0.765026	0.765026	1	1	
0.0131826	-nan	0.769346	0.632523	1	1	1	1	1	1	0.559687	0.769346	0.769346	1	1	
0.0136773	-nan	0.773712	0.636197	1	1	1	1	1	1	0.559365	0.773712	0.773712	1	1	
0.0141906	-nan	0.778123	0.639956	1	1	1	1	1	1	0.559059	0.778123	0.778123	1	1	
0.0147231	-nan	0.782576	0.643805	1	1	1	1	1	1	0.558769	0.782576	0.782576	1	1	
0.0152757	-nan	0.787071	0.647747	1	1	1	1	1	1	0.558497	0.787071	0.787071	1	1	
0.0158489	-nan	0.791606	0.651785	1	1	1	1	1	1	0.558244	0.791606	0.791606	1	1	
0.0164437	-nan	0.796179	0.655924	1	1	1	1	1	1	0.558009	0.796179	0.796179	1	1	
0.0170608	-nan	0.800789	0.660168	1	1	1	1	1	1	0.557795	0.800789	0.800789	1	1	
0.0177011	-nan	0.805432	0.664522	1	1	1	1	1	1	0.557602	0.805432	0.805432	1	1	
0.0183654	-nan	0.810108	0.668989	1	1	1	1	1	1	0.55743	0.810108	0.810108	1	1	
0.0190546	-nan	0.814815	0.673574	1	1	1	1	1	1	0.557281	0.814815	0.814815	1	1	
0.0197697	-nan	0.819549	0.678282	1	1	1	1	1	1	0.557155	0.819549	0.819549	1	1	
0.0205116	-nan	0.824309	0.683117	1	1	1	1	1	1	0.557054	0.824309	0.824309	1	1	
0.0212814	-nan	0.829092	0.688086	1	1	1	1	1	1	0.556979	0.829092	0.829092	1	1	
0.02208	-nan	0.833896	0.693193	1	1	1	1	1	1	0.55693	0.833896	0.833896	1	1	
0.0229087	-nan	0.838718	0.698443	1	1	1	1	1	1	0.556909	0.838718	0.838718	1	1	
0.0237684	-nan	0.843555	0.703842	1	1	1	1	1	1	0.556917	0.843555	0.843555	1	1	
0.0246604	-nan	0.848404	0.709396	1	1	1	1	1	1	0.556955	0.848404	0.848404	1	1	
0.0255859	-nan	0.853264	0.715111	1	1	1	1	1	1	0.557024	0.853264	0.853264	1	1	
0.0265461	-nan	0.858129	0.720993	1	1	1	1	1	1	0.557125	0.858129	0.858129	1	1	
0.0275423	-nan	0.862998	0.727048	1	1	1	1	1	1	0.55726	0.862998	0.862998	1	1	
0.0285759	-nan	0.867867	0.733283	1	1	1	1	1	1	0.55743	0.867867	0.867867	1	1	
0.0296483	-nan	0.872733	0.739704	1	1	1	1	1	1	0.557636	0.872733	0.872733	1	1	
0.030761	-nan	0.877593	0.746318	1	1	1	1	1	1	0.55788	0.877593	0.877593	1	1	
0.0319154	-nan	0.882443	0.753133	1	1	1	1	1	1	0.558163	0.882443	0.882443	1	1	
0.0331131	-nan	0.887279	0.760154	1	1	1	1	1	1	0.558486	0.887279	0.887279	1	1	
0.0343558	-nan	0.892098	0.767391	1	1	1	1	1	1	0.558852	0.892098	0.892098	1	1	
0.0356451	-nan	0.896896	0.77485	1	1	1	1	1	1	0.559261	0.896896	0.896896	1	1	
0.0369828	-nan	0.90167	0.782539	1	1	1	1	1	1	0.559716	0.90167	0.90167	1	1	
0.0383707	-nan	0.906416	0.790465	1	1	1	1	1	1	0.560217	0.906416	0.906416	1	1	
0.0398107	-nan	0.911129	0.798637	1	1	1	1	1	1	0.560768	0.911129	0.911129	1	1	
0.0413048	-nan	0.915806	0.807063	1	1	1	1	1	1	0.561368	0.915806	0.915806	1	1	
0.0428549	-nan	0.920443	0.815751	1	1	1	1	1	1	0.56202	0.920443	0.920443	1	1	
0.0444631	-nan	0.925036	0.824709	1	1	1	1	1	1	0.562726	0.925036	0.925036	1	1	
0.0461318	-nan	0.92958	0.833945	1	1	1	1	1	1	0.563488	0.92958	0.92958	1	1	
0.047863	-nan	0.934072	0.843468	1	1	1	1	1	1	0.564307	0.934072	0.934072	1	1	
0.0496592	-nan	0.938508	0.853286	1	1	1	1	1	1	0.565186	0.938508	0.938508	1	1	
0.0515229	-nan	0.942882	0.863408	1	1	1	1	1	1	0.566127	0.942882	0.942882	1	1	
0.0534564	-nan	0.947192	0.873842	1	1	1	1	1	1	0.567131	0.947192	0.947192	1	1	
0.0554626	-nan	0.951433	0.884596	1	1	1	1	1	1	0.5682	0.951433	0.951433	1	1	
0.057544	-nan	0.9556	0.895679	1	1	1	1	1	1	0.569337	0.9556	0.9556	1	1	
0.0597035	-nan	0.959689	0.907098	1	1	1	1	1	1	0.570544	0.959689	0.959689	1	1	
0.0619441	-nan	0.963696	0.918861	1	1	1	1	1	1	0.571823	0.963696	0.963696	1	1	
0.0642688	-nan	0.967617	0.930977	1	1	1	1	1	1	0.573176	0.967617	0.967617	1	1	
0.0666807	-nan	0.971447	0.943452	1	1	1	1	1	1	0.574605	0.971447	0.971447	1	1	
0.0691831	-nan	0.975183	0.956293	1	1	1	1	1	1	0.576114	0.975183	0.975183	1	1	
0.0717794	-nan	0.978819	0.969507	1	1	1	1	1	1	0.577703	0.978819	0.978819	1	1	
0.0744732	-nan	0.982352	0.9831	1	1	1	1	1	1	0.579377	0.982352	0.982352	1	1	
0.0772681	-nan	0.985777	0.997078	1	1	1	1	1	1	0.581136	0.985777	0.985777	1	1	
0.0801678	-nan	0.98909	1.01145	1	1	1	1	1	1	0.582984	0.98909	0.98909	1	1	
0.0831764	-nan	0.992287	1.02621	1	1	1	1	1	1	0.584924	0.992287	0.992287	1	1	
0.0862979	-nan	0.995364	1.04136	1	1	1	1	1	1	0.586957	0.995364	0.995364	1	1	
0.0895365	-nan	0.998316	1.05692	1	1	1	1	1	1	0.589087	0.998316	0.998316	1	1	
0.0928966	-nan	1.00114	1.07288	1	1	1	1	1	1	0.591317	1.00114	1.00114	1	1	
0.0963829	-nan	1.00383	1.08924	1	1	1	1	1	1	0.59365	1.00383	1.00383	1	1	
0.1	-nan	1.00639	1.106	1	1	1	1	1	1	0.596088	1.00639	1.00639	1	1	
0.103614	-nan	1.00872	1.12253	1	1	1	1	1	1	0.598541	1.00872	1.00872	1	1	
0.107229	-nan	1.01084	1.13884	1	1	1	1	1	1	0.601009	1.01084	1.01084	1	1	
0.110843	-nan	1.01277	1.15494	1	1	1	1	1	1	0.603491	1.01277	1.01277	1	1	
0.114458	-nan	1.01452	1.17081	1	1	1	1	1	1	0.605985	1.01452	1.01452	1	1	
0.118072	-nan	1.01611	1.18647	1	1	1	1	1	1	0.60849	1.01611	1.01611	1	1	
0.121687	-nan	1.01754	1.2019	1	1	1	1	1	1	0.611005	1.01754	1.01754	1	1	
0.125301	-nan	1.01882	1.21711	1	1	1	1	1	1	0.61353	1.01882	1.01882	1	1	
0.128916	-nan	1.01998	1.23211	1	1	1	1	1	1	0.616064	1.01998	1.01998	1	1	
0.13253	-nan	1.021	1.24688	1	1	1	1	1	1	0.618607	1.021	1.021	1	1	
0.136145	-nan	1.02191	1.26143	1	1	1	1	1	1	0.621158	1.02191	1.02191	1	1	
0.139759	-nan	1.0227	1.27577	1	1	1	1	1	1	0.623717	1.0227	1.0227	1	1	
0.143373	-nan	1.02339	1.28988	1	1	1	1	1	1	0.626285	1.02339	1.02339	1	1	
0.146988	-nan	1.02398	1.30377	1	1	1	1	1	1	0.62886	1.02398	1.02398	1	1	
0.150602	-nan	1.02448	1.31745	1	1	1	1	1	1	0.631444	1.02448	1.02448	1	1	
0.154217	-nan	1.0249	1.33091	1	1	1	1	1	1	0.634035	1.0249	1.0249	1	1	
0.157831	-nan	1.02523	1.34416	1	1	1	1	1	1	0.636636	1.02523	1.02523	1	1	
0.161446	-nan	1.02548	1.35718	1	1	1	1	1	1	0.639244	1.02548	1.02548	1	1	
0.16506	-nan	1.02566	1.37	1	1	1	1	1	1	0.641862	1.02566	1.02566	1	1	
0.168675	-nan	1.02578	1.3826	1	1	1	1	1	1	0.64449	1.02578	1.02578	1	1	
0.172289	-nan	1.02582	1.39499	1	1	1	1	1	1	0.647127	1.02582	1.02582	1	1	
0.175904	-nan	1.02581	1.40717	1	1	1	1	1	1	0.649775	1.02581	1.02581	1	1	
0.179518	-nan	1.02574	1.41914	1	1	1	1	1	1	0.652433	1.02574	1.02574	1	1	
0.183133	-nan	1.02561	1.4309	1	1	1	1	1	1	0.655102	1.02561	1.02561	1	1	
0.186747	-nan	1.02543	1.44245	1	1	1	1	1	1	0.657784	1.02543	1.02543	1	1	
0.190361	-nan	1.0252	1.45381	1	1	1	1	1	1	0.660478	1.0252	1.0252	1	1	
0.193976	-nan	1.02493	1.46495	1	1	1	1	1	1	0.663185	1.02493	1.02493	1	1	
0.19759	-nan	1.02461	1.4759	1	1	1	1	1	1	0.665906	1.02461	1.02461	1	1	
0.201205	-nan	1.02425	1.48665	1	1	1	1	1	1	0.668641	1.02425	1.02425	1	1	
0.204819	-nan	1.02384	1.4972	1	1	1	1	1	1	0.671392	1.02384	1.02384	1	1	
0.208434	-nan	1.0234	1.50756	1	1	1	1	1	1	0.674158	1.0234	1.0234	1	1	
0.212048	-nan	1.02293	1.51772	1	1	1	1	1	1	0.676941	1.02293	1.02293	1	1	
0.215663	-nan	1.02242	1.52769	1	1	1	1	1	1	0.679741	1.02242	1.02242	1	1	
0.219277	-nan	1.02188	1.53748	1	1	1	1	1	1	0.68256	1.02188	1.02188	1	1	
0.222892	-nan	1.0213	1.54707	1	1	1	1	1	1	0.685397	1.0213	1.0213	1	1	
0.226506	-nan	1.0207	1.55648	1	1	1	1	1	1	0.688254	1.0207	1.0207	1	1	
0.23012	-nan	1.02007	1.5657	1	1	1	1	1	1	0.691132	1.02007	1.02007	1	1	
0.233735	-nan	1.01942	1.57474	1	1	1	1	1	1	0.694031	1.01942	1.01942	1	1	
0.237349	-nan	1.01874	1.58361	1	1	1	1	1	1	0.696952	1.01874	1.01874	1	1	
0.240964	-nan	1.01803	1.59229	1	1	1	1	1	1	0.699896	1.01803	1.01803	1	1	
0.244578	-nan	1.0173	1.6008	1	1	1	1	1	1	0.702864	1.0173	1.0173	1	1	
0.248193	-nan	1.01656	1.60914	1	1	1	1	1	1	0.705857	1.01656	1.01656	1	1	
0.251807	-nan	1.01579	1.6173	1	1	1	1	1	1	0.708875	1.01579	1.01579	1	1	
0.255422	-nan	1.015	1.6253	1	1	1	1	1	1	0.711919	1.015	1.015	1	1	
0.259036	-nan	1.01419	1.63313	1	1	1	1	1	1	0.71499	1.01419	1.01419	1	1	
0.262651	-nan	1.01337	1.64079	1	1	1	1	1	1	0.718089	1.01337	1.01337	1	1	
0.266265	-nan	1.01253	1.64829	1	1	1	1	1	1	0.721217	1.01253	1.01253	1	1	
0.26988	-nan	1.01167	1.65563	1	1	1	1	1	1	0.724375	1.01167	1.01167	1	1	
0.273494	-nan	1.0108	1.66281	1	1	1	1	1	1	0.727563	1.0108	1.0108	1	1	
0.277108	-nan	1.00991	1.66983	1	1	1	1	1	1	0.730782	1.00991	1.00991	1	1	
0.280723	-nan	1.00901	1.6767	1	1	1	1	1	1	0.734033	1.00901	1.00901	1	1	
0.284337	-nan	1.0081	1.68342	1	1	1	1	1	1	0.737316	1.0081	1.0081	1	1	
0.287952	-nan	1.00718	1.68999	1	1	1	1	1	1	0.740633	1.00718	1.00718	1	1	
0.291566	-nan	1.00624	1.6964	1	1	1	1	1	1	0.743985	1.00624	1.00624	1	1	
0.295181	-nan	1.0053	1.70267	1	1	1	1	1	1	0.747371	1.0053	1.0053	1	1	
0.298795	-nan	1.00434	1.7088	1	1	1	1	1	1	0.750793	1.00434	1.00434	1	1	
0.30241	-nan	1.00338	1.71478	1	1	1	1	1	1	0.754251	1.00338	1.00338	1	1	
0.306024	-nan	1.0024	1.72063	1	1	1	1	1	1	0.757746	1.0024	1.0024	1	1	
0.309639	-nan	1.00142	1.72633	1	1	1	1	1	1	0.761279	1.00142	1.00142	1	1	
0.313253	-nan	1.00043	1.7319	1	1	1	1	1	1	0.764851	1.00043	1.00043	1	1	
0.316867	-nan	0.999431	1.73733	1	1	1	1	1	1	0.768461	0.999431	0.999431	1	1	
0.320482	-nan	0.998425	1.74263	1	1	1	1	1	1	0.772111	0.998425	0.998425	1	1	
0.324096	-nan	0.997413	1.7478	1	1	1	1	1	1	0.775801	0.997413	0.997413	1	1	
0.327711	-nan	0.996395	1.75284	1	1	1	1	1	1	0.779532	0.996395	0.996395	1	1	
0.331325	-nan	0.99537	1.75775	1	1	1	1	1	1	0.783304	0.99537	0.99537	1	1	
0.33494	-nan	0.994341	1.76254	1	1	1	1	1	1	0.787117	0.994341	0.994341	1	1	
0.338554	-nan	0.993306	1.7672	1	1	1	1	1	1	0.790973	0.993306	0.993306	1	1	
0.342169	-nan	0.992266	1.77175	1	1	1	1	1	1	0.794871	0.992266	0.992266	1	1	
0.345783	-nan	0.991223	1.77617	1	1	1	1	1	1	0.798812	0.991223	0.991223	1	1	
0.349398	-nan	0.990175	1.78047	1	1	1	1	1	1	0.802797	0.990175	0.990175	1	1	
0.353012	-nan	0.989123	1.78466	1	1	1	1	1	1	0.806825	0.989123	0.989123	1	1	
0.356627	-nan	0.988068	1.78874	1	1	1	1	1	1	0.810897	0.988068	0.988068	1	1	
0.360241	-nan	0.98701	1.7927	1	1	1	1	1	1	0.815014	0.98701	0.98701	1	1	
0.363855	-nan	0.985949	1.79655	1	1	1	1	1	1	0.819174	0.985949	0.985949	1	1	
0.36747	-nan	0.984885	1.80029	1	1	1	1	1	1	0.82338	0.984885	0.984885	1	1	
0.371084	-nan	0.983819	1.80392	1	1	1	1	1	1	0.82763	0.983819	0.983819	1	1	
0.374699	-nan	0.982751	1.80745	1	1	1	1	1	1	0.831925	0.982751	0.982751	1	1	
0.378313	-nan	0.981681	1.81087	1	1	1	1	1	1	0.836265	0.981681	0.981681	1	1	
0.381928	-nan	0.98061	1.81419	1	1	1	1	1	1	0.84065	0.98061	0.98061	1	1	
0.385542	-nan	0.979537	1.81741	1	1	1	1	1	1	0.84508	0.979537	0.979537	1	1	
0.389157	-nan	0.978463	1.82053	1	1	1	1	1	1	0.849555	0.978463	0.978463	1	1	
0.392771	-nan	0.977388	1.82355	1	1	1	1	1	1	0.854074	0.977388	0.977388	1	1	
0.396386	-nan	0.976312	1.82647	1	1	1	1	1	1	0.858639	0.976312	0.976312	1	1	
0.4	-nan	0.975236	1.8293	1	1	1	1	1	1	0.863248	0.975236	0.975236	1	1	
0.403614	-nan	0.974159	1.83203	1	1	1	1	1	1	0.867901	0.974159	0.974159	1	1	
0.407229	-nan	0.973082	1.83468	1	1	1	1	1	1	0.872598	0.973082	0.973082	1	1	
0.410843	-nan	0.972005	1.83723	1	1	1	1	1	1	0.877339	0.972005	0.972005	1	1	
0.414458	-nan	0.970928	1.83969	1	1	1	1	1	1	0.882123	0.970928	0.970928	1	1	
0.418072	-nan	0.969852	1.84207	1	1	1	1	1	1	0.88695	0.969852	0.969852	1	1	
0.421687	-nan	0.968776	1.84436	1	1	1	1	1	1	0.891819	0.968776	0.968776	1	1	
0.425301	-nan	0.9677	1.84656	1	1	1	1	1	1	0.896731	0.9677	0.9677	1	1	
0.428916	-nan	0.966625	1.84869	1	1	1	1	1	1	0.901683	0.966625	0.966625	1	1	
0.43253	-nan	0.965551	1.85073	1	1	1	1	1	1	0.906677	0.965551	0.965551	1	1	
0.436145	-nan	0.964478	1.85268	1	1	1	1	1	1	0.911711	0.964478	0.964478	1	1	
0.439759	-nan	0.963407	1.85456	1	1	1	1	1	1	0.916785	0.963407	0.963407	1	1	
0.443373	-nan	0.962336	1.85636	1	1	1	1	1	1	0.921897	0.962336	0.962336	1	1	
0.446988	-nan	0.961267	1.85809	1	1	1	1	1	1	0.927048	0.961267	0.961267	1	1	
0.450602	-nan	0.960199	1.85974	1	1	1	1	1	1	0.932236	0.960199	0.960199	1	1	
0.454217	-nan	0.959133	1.86131	1	1	1	1	1	1	0.937461	0.959133	0.959133	1	1	
0.457831	-nan	0.958068	1.86281	1	1	1	1	1	1	0.942721	0.958068	0.958068	1	1	
0.461446	-nan	0.957006	1.86424	1	1	1	1	1	1	0.948016	0.957006	0.957006	1	1	
0.46506	-nan	0.955945	1.8656	1	1	1	1	1	1	0.953345	0.955945	0.955945	1	1	
0.468675	-nan	0.954886	1.86689	1	1	1	1	1	1	0.958707	0.954886	0.954886	1	1	
0.472289	-nan	0.953829	1.86811	1	1	1	1	1	1	0.9641	0.953829	0.953829	1	1	
0.475904	-nan	0.952775	1.86926	1	1	1	1	1	1	0.969525	0.952775	0.952775	1	1	
0.479518	-nan	0.951722	1.87035	1	1	1	1	1	1	0.974979	0.951722	0.951722	1	1	
0.483133	-nan	0.950672	1.87137	1	1	1	1	1	1	0.980462	0.950672	0.950672	1	1	
0.486747	-nan	0.949625	1.87233	1	1	1	1	1	1	0.985972	0.949625	0.949625	1	1	
0.490361	-nan	0.948579	1.87323	1	1	1	1	1	1	0.991509	0.948579	0.948579	1	1	
0.493976	-nan	0.947537	1.87406	1	1	1	1	1	1	0.99707	0.947537	0.947537	1	1	
0.49759	-nan	0.946497	1.87484	1	1	1	1	1	1	1.00266	0.946497	0.946497	1	1	
0.501205	-nan	0.945459	1.87555	1	1	1	1	1	1	1.00826	0.945459	0.945459	1	1	
0.504819	-nan	0.944425	1.87621	1	1	1	1	1	1	1.01389	0.944425	0.944425	1	1	
0.508434	-nan	0.943393	1.87681	1	1	1	1	1	1	1.01954	0.943393	0.943393	1	1	
0.512048	-nan	0.942364	1.87735	1	1	1	1	1	1	1.02521	0.942364	0.942364	1	1	
0.515663	-nan	0.941338	1.87784	1	1	1	1	1	1	1.0309	0.941338	0.941338	1	1	
0.519277	-nan	0.940315	1.87827	1	1	1	1	1	1	1.0366	0.940315	0.940315	1	1	
0.522892	-nan	0.939295	1.87865	1	1	1	1	1	1	1.04232	0.939295	0.939295	1	1	
0.526506	-nan	0.938278	1.87898	1	1	1	1	1	1	1.04805	0.938278	0.938278	1	1	
0.53012	-nan	0.937264	1.87925	1	1	1	1	1	1	1.05379	0.937264	0.937264	1	1	
0.533735	-nan	0.936254	1.87948	1	1	1	1	1	1	1.05955	0.936254	0.936254	1	1	
0.537349	-nan	0.935246	1.87965	1	1	1	1	1	1	1.06531	0.935246	0.935246	1	1	
0.540964	-nan	0.934242	1.87978	1	1	1	1	1	1	1.07108	0.934242	0.934242	1	1	
0.544578	-nan	0.933241	1.87986	1	1	1	1	1	1	1.07686	0.933241	0.933241	1	1	
0.548193	-nan	0.932244	1.87989	1	1	1	1	1	1	1.08264	0.932244	0.932244	1	1	
0.551807	-nan	0.93125	1.87987	1	1	1	1	1	1	1.08843	0.93125	0.93125	1	1	
0.555422	-nan	0.930259	1.87981	1	1	1	1	1	1	1.09422	0.930259	0.930259	1	1	
0.559036	-nan	0.929272	1.87971	1	1	1	1	1	1	1.10001	0.929272	0.929272	1	1	
0.562651	-nan	0.928288	1.87956	1	1	1	1	1	1	1.1058	0.928288	0.928288	1	1	
0.566265	-nan	0.927308	1.87937	1	1	1	1	1	1	1.11159	0.927308	0.927308	1	1	
0.56988	-nan	0.926331	1.87914	1	1	1	1	1	1	1.11737	0.926331	0.926331	1	1	
0.573494	-nan	0.925358	1.87886	1	1	1	1	1	1	1.12315	0.925358	0.925358	1	1	
0.577108	-nan	0.924388	1.87855	1	1	1	1	1	1	1.12893	0.924388	0.924388	1	1	
0.580723	-nan	0.923422	1.87819	1	1	1	1	1	1	1.1347	0.923422	0.923422	1	1	
0.584337	-nan	0.92246	1.8778	1	1	1	1	1	1	1.14046	0.92246	0.92246	1	1	
0.587952	-nan	0.921501	1.87737	1	1	1	1	1	1	1.14621	0.921501	0.921501	1	1	
0.591566	-nan	0.920547	1.8769	1	1	1	1	1	1	1.15195	0.920547	0.920547	1	1	
0.595181	-nan	0.919596	1.87639	1	1	1	1	1	1	1.15767	0.919596	0.919596	1	1	
0.598795	-nan	0.918648	1.87585	1	1	1	1	1	1	1.16339	0.918648	0.918648	1	1	
0.60241	-nan	0.917704	1.87527	1	1	1	1	1	1	1.16909	0.917704	0.917704	1	1	
0.606024	-nan	0.916765	1.87466	1	1	1	1	1	1	1.17477	0.916765	0.916765	1	1	
0.609639	-nan	0.915829	1.87402	1	1	1	1	1	1	1.18044	0.915829	0.915829	1	1	
0.613253	-nan	0.914896	1.87334	1	1	1	1	1	1	1.18609	0.914896	0.914896	1	1	
0.616867	-nan	0.913968	1.87263	1	1	1	1	1	1	1.19172	0.913968	0.913968	1	1	
0.620482	-nan	0.913043	1.87188	1	1	1	1	1	1	1.19732	0.913043	0.913043	1	1	
0.624096	-nan	0.912123	1.87111	1	1	1	1	1	1	1.20291	0.912123	0.912123	1	1	
0.627711	-nan	0.911206	1.8703	1	1	1	1	1	1	1.20848	0.911206	0.911206	1	1	
0.631325	-nan	0.910293	1.86947	1	1	1	1	1	1	1.21402	0.910293	0.910293	1	1	
0.63494	-nan	0.909384	1.8686	1	1	1	1	1	1	1.21954	0.909384	0.909384	1	1	
0.638554	-nan	0.908479	1.86771	1	1	1	1	1	1	1.22503	0.908479	0.908479	1	1	
0.642169	-nan	0.907578	1.86679	1	1	1	1	1	1	1.2305	0.907578	0.907578	1	1	
0.645783	-nan	0.906681	1.86584	1	1	1	1	1	1	1.23594	0.906681	0.906681	1	1	
0.649398	-nan	0.905787	1.86486	1	1	1	1	1	1	1.24135	0.905787	0.905787	1	1	
0.653012	-nan	0.904898	1.86386	1	1	1	1	1	1	1.24673	0.904898	0.904898	1	1	
0.656627	-nan	0.904012	1.86283	1	1	1	1	1	1	1.25208	0.904012	0.904012	1	1	
0.660241	-nan	0.903131	1.86178	1	1	1	1	1	1	1.25741	0.903131	0.903131	1	1	
0.663855	-nan	0.902253	1.8607	1	1	1	1	1	1	1.2627	0.902253	0.902253	1	1	
0.66747	-nan	0.90138	1.85959	1	1	1	1	1	1	1.26796	0.90138	0.90138	1	1	
0.671084	-nan	0.90051	1.85846	1	1	1	1	1	1	1.27318	0.90051	0.90051	1	1	
0.674699	-nan	0.899645	1.85731	1	1	1	1	1	1	1.27838	0.899645	0.899645	1	1	
0.678313	-nan	0.898783	1.85614	1	1	1	1	1	1	1.28354	0.898783	0.898783	1	1	
0.681928	-nan	0.897926	1.85494	1	1	1	1	1	1	1.28866	0.897926	0.897926	1	1	
0.685542	-nan	0.897072	1.85373	1	1	1	1	1	1	1.29376	0.897072	0.897072	1	1	
0.689157	-nan	0.896222	1.85249	1	1	1	1	1	1	1.29881	0.896222	0.896222	1	1	
0.692771	-nan	0.895377	1.85123	1	1	1	1	1	1	1.30383	0.895377	0.895377	1	1	
0.696386	-nan	0.894535	1.84995	1	1	1	1	1	1	1.30881	0.894535	0.894535	1	1	
0.7	-nan	0.893698	1.84865	1	1	1	1	1	1	1.31376	0.893698	0.893698	1	1	
0.703614	-nan	0.892864	1.84733	1	1	1	1	1	1	1.31867	0.892864	0.892864	1	1	
0.707229	-nan	0.892034	1.84599	1	1	1	1	1	1	1.32354	0.892034	0.892034	1	1	
0.710843	-nan	0.891209	1.84463	1	1	1	1	1	1	1.32837	0.891209	0.891209	1	1	
0.714458	-nan	0.890387	1.84326	1	1	1	1	1	1	1.33317	0.890387	0.890387	1	1	
0.718072	-nan	0.889569	1.84186	1	1	1	1	1	1	1.33793	0.889569	0.889569	1	1	
0.721687	-nan	0.888756	1.84045	1	1	1	1	1	1	1.34264	0.888756	0.888756	1	1	
0.725301	-nan	0.887946	1.83903	1	1	1	1	1	1	1.34732	0.887946	0.887946	1	1	
0.728916	-nan	0.88714	1.83758	1	1	1	1	1	1	1.35196	0.88714	0.88714	1	1	
0.73253	-nan	0.886339	1.83612	1	1	1	1	1	1	1.35656	0.886339	0.886339	1	1	
0.736145	-nan	0.885541	1.83465	1	1	1	1	1	1	1.36112	0.885541	0.885541	1	1	
0.739759	-nan	0.884747	1.83316	1	1	1	1	1	1	1.36564	0.884747	0.884747	1	1	
0.743373	-nan	0.883958	1.83165	1	1	1	1	1	1	1.37012	0.883958	0.883958	1	1	
0.746988	-nan	0.883172	1.83013	1	1	1	1	1	1	1.37456	0.883172	0.883172	1	1	
0.750602	-nan	0.88239	1.8286	1	1	1	1	1	1	1.37896	0.88239	0.88239	1	1	
0.754217	-nan	0.881612	1.82705	1	1	1	1	1	1	1.38332	0.881612	0.881612	1	1	
0.757831	-nan	0.880838	1.82549	1	1	1	1	1	1	1.38764	0.880838	0.880838	1	1	
0.761446	-nan	0.880068	1.82391	1	1	1	1	1	1	1.39192	0.880068	0.880068	1	1	
0.76506	-nan	0.879302	1.82232	1	1	1	1	1	1	1.39616	0.879302	0.879302	1	1	
0.768675	-nan	0.87854	1.82072	1	1	1	1	1	1	1.40036	0.87854	0.87854	1	1	
0.772289	-nan	0.877782	1.81911	1	1	1	1	1	1	1.40451	0.877782	0.877782	1	1	
0.775904	-nan	0.877028	1.81749	1	1	1	1	1	1	1.40863	0.877028	0.877028	1	1	
0.779518	-nan	0.876277	1.81585	1	1	1	1	1	1	1.41271	0.876277	0.876277	1	1	
0.783133	-nan	0.875531	1.81421	1	1	1	1	1	1	1.41675	0.875531	0.875531	1	1	
0.786747	-nan	0.874788	1.81255	1	1	1	1	1	1	1.42074	0.874788	0.874788	1	1	
0.790361	-nan	0.87405	1.81088	1	1	1	1	1	1	1.4247	0.87405	0.87405	1	1	
0.793976	-nan	0.873315	1.8092	1	1	1	1	1	1	1.42862	0.873315	0.873315	1	1	
0.79759	-nan	0.872584	1.80751	1	1	1	1	1	1	1.4325	0.872584	0.872584	1	1	
0.801205	-nan	0.871857	1.80582	1	1	1	1	1	1	1.43634	0.871857	0.871857	1	1	
0.804819	-nan	0.871134	1.80411	1	1	1	1	1	1	1.44013	0.871134	0.871134	1	1	
0.808434	-nan	0.870415	1.80239	1	1	1	1	1	1	1.44389	0.870415	0.870415	1	1	
0.812048	-nan	0.8697	1.80067	1	1	1	1	1	1	1.44762	0.8697	0.8697	1	1	
0.815663	-nan	0.868988	1.79893	1	1	1	1	1	1	1.4513	0.868988	0.868988	1	1	
0.819277	-nan	0.86828	1.79719	1	1	1	1	1	1	1.45494	0.86828	0.86828	1	1	
0.822892	-nan	0.867576	1.79544	1	1	1	1	1	1	1.45855	0.867576	0.867576	1	1	
0.826506	-nan	0.866876	1.79368	1	1	1	1	1	1	1.46211	0.866876	0.866876	1	1	
0.83012	-nan	0.86618	1.79192	1	1	1	1	1	1	1.46564	0.86618	0.86618	1	1	
0.833735	-nan	0.865488	1.79014	1	1	1	1	1	1	1.46914	0.865488	0.865488	1	1	
0.837349	-nan	0.864799	1.78836	1	1	1	1	1	1	1.47259	0.864799	0.864799	1	1	
0.840964	-nan	0.864114	1.78658	1	1	1	1	1	1	1.47601	0.864114	0.864114	1	1	
0.844578	-nan	0.863433	1.78478	1	1	1	1	1	1	1.47939	0.863433	0.863433	1	1	
0.848193	-nan	0.862755	1.78298	1	1	1	1	1	1	1.48273	0.862755	0.862755	1	1	
0.851807	-nan	0.862082	1.78118	1	1	1	1	1	1	1.48604	0.862082	0.862082	1	1	
0.855422	-nan	0.861412	1.77936	1	1	1	1	1	1	1.48931	0.861412	0.861412	1	1	
0.859036	-nan	0.860746	1.77755	1	1	1	1	1	1	1.49255	0.860746	0.860746	1	1	
0.862651	-nan	0.860083	1.77572	1	1	1	1	1	1	1.49575	0.860083	0.860083	1	1	
0.866265	-nan	0.859425	1.77389	1	1	1	1	1	1	1.49892	0.859425	0.859425	1	1	
0.86988	-nan	0.858769	1.77206	1	1	1	1	1	1	1.50205	0.858769	0.858769	1	1	
0.873494	-nan	0.858118	1.77022	1	1	1	1	1	1	1.50514	0.858118	0.858118	1	1	
0.877108	-nan	0.85747	1.76838	1	1	1	1	1	1	1.50821	0.85747	0.85747	1	1	
0.880723	-nan	0.856826	1.76653	1	1	1	1	1	1	1.51124	0.856826	0.856826	1	1	
0.884337	-nan	0.856186	1.76468	1	1	1	1	1	1	1.51423	0.856186	0.856186	1	1	
0.887952	-nan	0.855549	1.76282	1	1	1	1	1	1	1.51719	0.855549	0.855549	1	1	
0.891566	-nan	0.854916	1.76096	1	1	1	1	1	1	1.52012	0.854916	0.854916	1	1	
0.895181	-nan	0.854287	1.7591	1	1	1	1	1	1	1.52302	0.854287	0.854287	1	1	
0.898795	-nan	0.853661	1.75723	1	1	1	1	1	1	1.52588	0.853661	0.853661	1	1	
0.90241	-nan	0.853038	1.75536	1	1	1	1	1	1	1.52871	0.853038	0.853038	1	1	
0.906024	-nan	0.85242	1.75348	1	1	1	1	1	1	1.53151	0.85242	0.85242	1	1	
0.909639	-nan	0.851805	1.75161	1	1	1	1	1	1	1.53428	0.851805	0.851805	1	1	
0.913253	-nan	0.851193	1.74973	1	1	1	1	1	1	1.53702	0.851193	0.851193	1	1	
0.916867	-nan	0.850585	1.74784	1	1	1	1	1	1	1.53973	0.850585	0.850585	1	1	
0.920482	-nan	0.849981	1.74596	1	1	1	1	1	1	1.54241	0.849981	0.849981	1	1	
0.924096	-nan	0.84938	1.74407	1	1	1	1	1	1	1.54505	0.84938	0.84938	1	1	
0.927711	-nan	0.848782	1.74218	1	1	1	1	1	1	1.54767	0.848782	0.848782	1	1	
0.931325	-nan	0.848188	1.74028	1	1	1	1	1	1	1.55026	0.848188	0.848188	1	1	
0.93494	-nan	0.847598	1.73839	1	1	1	1	1	1	1.55282	0.847598	0.847598	1	1	
0.938554	-nan	0.847011	1.73649	1	1	1	1	1	1	1.55535	0.847011	0.847011	1	1	
0.942169	-nan	0.846427	1.73459	1	1	1	1	1	1	1.55786	0.846427	0.846427	1	1	
0.945783	-nan	0.845847	1.73269	1	1	1	1	1	1	1.56033	0.845847	0.845847	1	1	
0.949398	-nan	0.845271	1.73079	1	1	1	1	1	1	1.56278	0.845271	0.845271	1	1	
0.953012	-nan	0.844697	1.72889	1	1	1	1	1	1	1.5652	0.844697	0.844697	1	1	
0.956627	-nan	0.844128	1.72698	1	1	1	1	1	1	1.56759	0.844128	0.844128	1	1	
0.960241	-nan	0.843561	1.72507	1	1	1	1	1	1	1.56996	0.843561	0.843561	1	1	
0.963855	-nan	0.842998	1.72317	1	1	1	1	1	1	1.5723	0.842998	0.842998	1	1	
0.96747	-nan	0.842439	1.72126	1	1	1	1	1	1	1.57461	0.842439	0.842439	1	1	
0.971084	-nan	0.841883	1.71935	1	1	1	1	1	1	1.5769	0.841883	0.841883	1	1	
0.974699	-nan	0.84133	1.71744	1	1	1	1	1	1	1.57916	0.84133	0.84133	1	1	
0.978313	-nan	0.84078	1.71553	1	1	1	1	1	1	1.5814	0.84078	0.84078	1	1	
0.981928	-nan	0.840234	1.71362	1	1	1	1	1	1	1.58361	0.840234	0.840234	1	1	
0.985542	-nan	0.839691	1.71171	1	1	1	1	1	1	1.5858	0.839691	0.839691	1	1	
0.989157	-nan	0.839152	1.7098	1	1	1	1	1	1	1.58797	0.839152	0.839152	1	1	
0.992771	-nan	0.838616	1.70789	1	1	1	1	1	1	1.59011	0.838616	0.838616	1	1	
0.996386	-nan	0.838083	1.70598	1	1	1	1	1	1	1.59222	0.838083	0.838083	1	1	
1	-nan	-nan	-nan	-nan	-nan	-nan	-nan	-nan	-nan	-nan	-nan	-nan	-nan	-nan	
