1e-05	-nan	0.398456	0.32895	1	1	1	1	1	1	0.545923	0.398456	0.398456	1	1	
1.03753e-05	-nan	0.398668	0.32903	1	1	1	1	1	1	0.545959	0.398668	0.398668	1	1	
1.07647e-05	-nan	0.398883	0.329111	1	1	1	1	1	1	0.545996	0.398883	0.398883	1	1	
1.11686e-05	-nan	0.399103	0.329194	1	1	1	1	1	1	0.546033	0.399103	0.399103	1	1	
1.15878e-05	-nan	0.399327	0.329278	1	1	1	1	1	1	0.546072	0.399327	0.399327	1	1	
1.20226e-05	-nan	0.399554	0.329364	1	1	1	1	1	1	0.546111	0.399554	0.399554	1	1	
1.24738e-05	-nan	0.399786	0.329453	1	1	1	1	1	1	0.546151	0.399786	0.399786	1	1	
1.2942e-05	-nan	0.400022	0.329542	1	1	1	1	1	1	0.546192	0.400022	0.400022	1	1	
1.34276e-05	-nan	0.400262	0.329634	1	1	1	1	1	1	0.546235	0.400262	0.400262	1	1	
1.39316e-05	-nan	0.400507	0.329728	1	1	1	1	1	1	0.546278	0.400507	0.400507	1	1	
1.44544e-05	-nan	0.400756	0.329823	1	1	1	1	1	1	0.546322	0.400756	0.400756	1	1	
1.49968e-05	-nan	0.401009	0.329921	1	1	1	1	1	1	0.546367	0.401009	0.401009	1	1	
1.55597e-05	-nan	0.401267	0.330021	1	1	1	1	1	1	0.546413	0.401267	0.401267	1	1	
1.61436e-05	-nan	0.40153	0.330122	1	1	1	1	1	1	0.546461	0.40153	0.40153	1	1	
1.67494e-05	-nan	0.401798	0.330226	1	1	1	1	1	1	0.546509	0.401798	0.401798	1	1	
1.7378e-05	-nan	0.40207	0.330332	1	1	1	1	1	1	0.546559	0.40207	0.40207	1	1	
1.80302e-05	-nan	0.402348	0.33044	1	1	1	1	1	1	0.546609	0.402348	0.402348	1	1	
1.87068e-05	-nan	0.40263	0.33055	1	1	1	1	1	1	0.546661	0.40263	0.40263	1	1	
1.94089e-05	-nan	0.402917	0.330663	1	1	1	1	1	1	0.546714	0.402917	0.402917	1	1	
2.01372e-05	-nan	0.40321	0.330778	1	1	1	1	1	1	0.546769	0.40321	0.40321	1	1	
2.0893e-05	-nan	0.403508	0.330895	1	1	1	1	1	1	0.546824	0.403508	0.403508	1	1	
2.1677e-05	-nan	0.403812	0.331015	1	1	1	1	1	1	0.546881	0.403812	0.403812	1	1	
2.24905e-05	-nan	0.404121	0.331138	1	1	1	1	1	1	0.54694	0.404121	0.404121	1	1	
2.33346e-05	-nan	0.404435	0.331262	1	1	1	1	1	1	0.546999	0.404435	0.404435	1	1	
2.42103e-05	-nan	0.404755	0.33139	1	1	1	1	1	1	0.547061	0.404755	0.404755	1	1	
2.51189e-05	-nan	0.405081	0.33152	1	1	1	1	1	1	0.547123	0.405081	0.405081	1	1	
2.60615e-05	-nan	0.405413	0.331653	1	1	1	1	1	1	0.547187	0.405413	0.405413	1	1	
2.70396e-05	-nan	0.405751	0.331789	1	1	1	1	1	1	0.547253	0.405751	0.405751	1	1	
2.80543e-05	-nan	0.406095	0.331927	1	1	1	1	1	1	0.54732	0.406095	0.406095	1	1	
2.91072e-05	-nan	0.406446	0.332068	1	1	1	1	1	1	0.547388	0.406446	0.406446	1	1	
3.01995e-05	-nan	0.406803	0.332213	1	1	1	1	1	1	0.547459	0.406803	0.406803	1	1	
3.13329e-05	-nan	0.407166	0.33236	1	1	1	1	1	1	0.547531	0.407166	0.407166	1	1	
3.25087e-05	-nan	0.407536	0.332511	1	1	1	1	1	1	0.547604	0.407536	0.407536	1	1	
3.37287e-05	-nan	0.407912	0.332664	1	1	1	1	1	1	0.54768	0.407912	0.407912	1	1	
3.49945e-05	-nan	0.408296	0.332821	1	1	1	1	1	1	0.547757	0.408296	0.408296	1	1	
3.63078e-05	-nan	0.408686	0.332981	1	1	1	1	1	1	0.547836	0.408686	0.408686	1	1	
3.76704e-05	-nan	0.409083	0.333145	1	1	1	1	1	1	0.547917	0.409083	0.409083	1	1	
3.90841e-05	-nan	0.409488	0.333311	1	1	1	1	1	1	0.548	0.409488	0.409488	1	1	
4.05509e-05	-nan	0.4099	0.333482	1	1	1	1	1	1	0.548085	0.4099	0.4099	1	1	
4.20727e-05	-nan	0.41032	0.333656	1	1	1	1	1	1	0.548172	0.41032	0.41032	1	1	
4.36516e-05	-nan	0.410747	0.333834	1	1	1	1	1	1	0.54826	0.410747	0.410747	1	1	
4.52898e-05	-nan	0.411182	0.334015	1	1	1	1	1	1	0.548351	0.411182	0.411182	1	1	
4.69894e-05	-nan	0.411625	0.3342	1	1	1	1	1	1	0.548445	0.411625	0.411625	1	1	
4.87528e-05	-nan	0.412076	0.334389	1	1	1	1	1	1	0.54854	0.412076	0.412076	1	1	
5.05825e-05	-nan	0.412535	0.334582	1	1	1	1	1	1	0.548638	0.412535	0.412535	1	1	
5.24807e-05	-nan	0.413002	0.33478	1	1	1	1	1	1	0.548738	0.413002	0.413002	1	1	
5.44503e-05	-nan	0.413478	0.334981	1	1	1	1	1	1	0.54884	0.413478	0.413478	1	1	
5.64937e-05	-nan	0.413963	0.335187	1	1	1	1	1	1	0.548945	0.413963	0.413963	1	1	
5.86138e-05	-nan	0.414456	0.335397	1	1	1	1	1	1	0.549052	0.414456	0.414456	1	1	
6.08135e-05	-nan	0.414958	0.335611	1	1	1	1	1	1	0.549162	0.414958	0.414958	1	1	
6.30957e-05	-nan	0.41547	0.33583	1	1	1	1	1	1	0.549275	0.41547	0.41547	1	1	
6.54636e-05	-nan	0.415991	0.336054	1	1	1	1	1	1	0.54939	0.415991	0.415991	1	1	
6.79204e-05	-nan	0.416521	0.336282	1	1	1	1	1	1	0.549508	0.416521	0.416521	1	1	
7.04693e-05	-nan	0.417061	0.336515	1	1	1	1	1	1	0.549629	0.417061	0.417061	1	1	
7.31139e-05	-nan	0.417611	0.336753	1	1	1	1	1	1	0.549753	0.417611	0.417611	1	1	
7.58578e-05	-nan	0.418171	0.336997	1	1	1	1	1	1	0.54988	0.418171	0.418171	1	1	
7.87046e-05	-nan	0.418741	0.337245	1	1	1	1	1	1	0.550009	0.418741	0.418741	1	1	
8.16582e-05	-nan	0.419321	0.337499	1	1	1	1	1	1	0.550142	0.419321	0.419321	1	1	
8.47227e-05	-nan	0.419912	0.337758	1	1	1	1	1	1	0.550278	0.419912	0.419912	1	1	
8.79023e-05	-nan	0.420514	0.338022	1	1	1	1	1	1	0.550418	0.420514	0.420514	1	1	
9.12011e-05	-nan	0.421126	0.338292	1	1	1	1	1	1	0.55056	0.421126	0.421126	1	1	
9.46237e-05	-nan	0.42175	0.338569	1	1	1	1	1	1	0.550707	0.42175	0.42175	1	1	
9.81748e-05	-nan	0.422385	0.33885	1	1	1	1	1	1	0.550856	0.422385	0.422385	1	1	
0.000101859	-nan	0.423032	0.339138	1	1	1	1	1	1	0.55101	0.423032	0.423032	1	1	
0.000105682	-nan	0.42369	0.339432	1	1	1	1	1	1	0.551167	0.42369	0.42369	1	1	
0.000109648	-nan	0.424361	0.339733	1	1	1	1	1	1	0.551327	0.424361	0.424361	1	1	
0.000113763	-nan	0.425043	0.34004	1	1	1	1	1	1	0.551492	0.425043	0.425043	1	1	
0.000118032	-nan	0.425738	0.340353	1	1	1	1	1	1	0.551661	0.425738	0.425738	1	1	
0.000122462	-nan	0.426446	0.340673	1	1	1	1	1	1	0.551834	0.426446	0.426446	1	1	
0.000127057	-nan	0.427167	0.341	1	1	1	1	1	1	0.552011	0.427167	0.427167	1	1	
0.000131826	-nan	0.4279	0.341334	1	1	1	1	1	1	0.552192	0.4279	0.4279	1	1	
0.000136773	-nan	0.428647	0.341675	1	1	1	1	1	1	0.552378	0.428647	0.428647	1	1	
0.000141906	-nan	0.429408	0.342024	1	1	1	1	1	1	0.552568	0.429408	0.429408	1	1	
0.000147231	-nan	0.430183	0.34238	1	1	1	1	1	1	0.552763	0.430183	0.430183	1	1	
0.000152757	-nan	0.430971	0.342744	1	1	1	1	1	1	0.552962	0.430971	0.430971	1	1	
0.000158489	-nan	0.431774	0.343115	1	1	1	1	1	1	0.553167	0.431774	0.431774	1	1	
0.000164437	-nan	0.432591	0.343495	1	1	1	1	1	1	0.553376	0.432591	0.432591	1	1	
0.000170608	-nan	0.433424	0.343883	1	1	1	1	1	1	0.553591	0.433424	0.433424	1	1	
0.000177011	-nan	0.434271	0.344279	1	1	1	1	1	1	0.553811	0.434271	0.434271	1	1	
0.000183654	-nan	0.435134	0.344684	1	1	1	1	1	1	0.554036	0.435134	0.435134	1	1	
0.000190546	-nan	0.436012	0.345097	1	1	1	1	1	1	0.554267	0.436012	0.436012	1	1	
0.000197697	-nan	0.436907	0.34552	1	1	1	1	1	1	0.554503	0.436907	0.436907	1	1	
0.000205116	-nan	0.437818	0.345951	1	1	1	1	1	1	0.554745	0.437818	0.437818	1	1	
0.000212814	-nan	0.438745	0.346392	1	1	1	1	1	1	0.554994	0.438745	0.438745	1	1	
0.0002208	-nan	0.439689	0.346843	1	1	1	1	1	1	0.555248	0.439689	0.439689	1	1	
0.000229087	-nan	0.44065	0.347303	1	1	1	1	1	1	0.555508	0.44065	0.44065	1	1	
0.000237684	-nan	0.441629	0.347774	1	1	1	1	1	1	0.555775	0.441629	0.441629	1	1	
0.000246604	-nan	0.442625	0.348254	1	1	1	1	1	1	0.556049	0.442625	0.442625	1	1	
0.000255859	-nan	0.443639	0.348746	1	1	1	1	1	1	0.556329	0.443639	0.443639	1	1	
0.000265461	-nan	0.444672	0.349248	1	1	1	1	1	1	0.556616	0.444672	0.444672	1	1	
0.000275423	-nan	0.445724	0.34976	1	1	1	1	1	1	0.556911	0.445724	0.445724	1	1	
0.000285759	-nan	0.446794	0.350284	1	1	1	1	1	1	0.557212	0.446794	0.446794	1	1	
0.000296483	-nan	0.447884	0.35082	1	1	1	1	1	1	0.557521	0.447884	0.447884	1	1	
0.00030761	-nan	0.448993	0.351367	1	1	1	1	1	1	0.557838	0.448993	0.448993	1	1	
0.000319154	-nan	0.450123	0.351927	1	1	1	1	1	1	0.558163	0.450123	0.450123	1	1	
0.000331131	-nan	0.451273	0.352498	1	1	1	1	1	1	0.558495	0.451273	0.451273	1	1	
0.000343558	-nan	0.452444	0.353082	1	1	1	1	1	1	0.558836	0.452444	0.452444	1	1	
0.000356451	-nan	0.453636	0.353679	1	1	1	1	1	1	0.559186	0.453636	0.453636	1	1	
0.000369828	-nan	0.454849	0.354289	1	1	1	1	1	1	0.559544	0.454849	0.454849	1	1	
0.000383707	-nan	0.456085	0.354913	1	1	1	1	1	1	0.559911	0.456085	0.456085	1	1	
0.000398107	-nan	0.457342	0.35555	1	1	1	1	1	1	0.560288	0.457342	0.457342	1	1	
0.000413048	-nan	0.458622	0.356201	1	1	1	1	1	1	0.560674	0.458622	0.458622	1	1	
0.000428549	-nan	0.459926	0.356867	1	1	1	1	1	1	0.561069	0.459926	0.459926	1	1	
0.000444631	-nan	0.461252	0.357547	1	1	1	1	1	1	0.561474	0.461252	0.461252	1	1	
0.000461318	-nan	0.462603	0.358243	1	1	1	1	1	1	0.56189	0.462603	0.462603	1	1	
0.00047863	-nan	0.463978	0.358954	1	1	1	1	1	1	0.562316	0.463978	0.463978	1	1	
0.000496592	-nan	0.465377	0.359681	1	1	1	1	1	1	0.562753	0.465377	0.465377	1	1	
0.000515229	-nan	0.466801	0.360424	1	1	1	1	1	1	0.563201	0.466801	0.466801	1	1	
0.000534564	-nan	0.468251	0.361183	1	1	1	1	1	1	0.56366	0.468251	0.468251	1	1	
0.000554626	-nan	0.469727	0.361959	1	1	1	1	1	1	0.56413	0.469727	0.469727	1	1	
0.00057544	-nan	0.47123	0.362753	1	1	1	1	1	1	0.564613	0.47123	0.47123	1	1	
0.000597035	-nan	0.472759	0.363564	1	1	1	1	1	1	0.565108	0.472759	0.472759	1	1	
0.000619441	-nan	0.474315	0.364393	1	1	1	1	1	1	0.565615	0.474315	0.474315	1	1	
0.000642688	-nan	0.475899	0.365241	1	1	1	1	1	1	0.566136	0.475899	0.475899	1	1	
0.000666807	-nan	0.477511	0.366108	1	1	1	1	1	1	0.566669	0.477511	0.477511	1	1	
0.000691831	-nan	0.479152	0.366995	1	1	1	1	1	1	0.567216	0.479152	0.479152	1	1	
0.000717794	-nan	0.480822	0.367901	1	1	1	1	1	1	0.567778	0.480822	0.480822	1	1	
0.000744732	-nan	0.482522	0.368827	1	1	1	1	1	1	0.568353	0.482522	0.482522	1	1	
0.000772681	-nan	0.484252	0.369775	1	1	1	1	1	1	0.568943	0.484252	0.484252	1	1	
0.000801678	-nan	0.486012	0.370743	1	1	1	1	1	1	0.569549	0.486012	0.486012	1	1	
0.000831764	-nan	0.487803	0.371734	1	1	1	1	1	1	0.57017	0.487803	0.487803	1	1	
0.000862979	-nan	0.489626	0.372747	1	1	1	1	1	1	0.570806	0.489626	0.489626	1	1	
0.000895365	-nan	0.491481	0.373783	1	1	1	1	1	1	0.57146	0.491481	0.491481	1	1	
0.000928966	-nan	0.493369	0.374842	1	1	1	1	1	1	0.57213	0.493369	0.493369	1	1	
0.000963829	-nan	0.495289	0.375925	1	1	1	1	1	1	0.572817	0.495289	0.495289	1	1	
0.001	-nan	0.497244	0.377033	1	1	1	1	1	1	0.573522	0.497244	0.497244	1	1	
0.00103753	-nan	0.499232	0.378165	1	1	1	1	1	1	0.574246	0.499232	0.499232	1	1	
0.00107647	-nan	0.501255	0.379324	1	1	1	1	1	1	0.574988	0.501255	0.501255	1	1	
0.00111686	-nan	0.503313	0.380509	1	1	1	1	1	1	0.575749	0.503313	0.503313	1	1	
0.00115878	-nan	0.505407	0.381721	1	1	1	1	1	1	0.576531	0.505407	0.505407	1	1	
0.00120226	-nan	0.507538	0.38296	1	1	1	1	1	1	0.577332	0.507538	0.507538	1	1	
0.00124738	-nan	0.509705	0.384228	1	1	1	1	1	1	0.578155	0.509705	0.509705	1	1	
0.0012942	-nan	0.511909	0.385525	1	1	1	1	1	1	0.578999	0.511909	0.511909	1	1	
0.00134276	-nan	0.514151	0.386852	1	1	1	1	1	1	0.579865	0.514151	0.514151	1	1	
0.00139316	-nan	0.516432	0.388209	1	1	1	1	1	1	0.580754	0.516432	0.516432	1	1	
0.00144544	-nan	0.518752	0.389597	1	1	1	1	1	1	0.581666	0.518752	0.518752	1	1	
0.00149968	-nan	0.521112	0.391017	1	1	1	1	1	1	0.582602	0.521112	0.521112	1	1	
0.00155597	-nan	0.523511	0.392469	1	1	1	1	1	1	0.583563	0.523511	0.523511	1	1	
0.00161436	-nan	0.525952	0.393956	1	1	1	1	1	1	0.584549	0.525952	0.525952	1	1	
0.00167494	-nan	0.528433	0.395476	1	1	1	1	1	1	0.585561	0.528433	0.528433	1	1	
0.0017378	-nan	0.530957	0.397032	1	1	1	1	1	1	0.586601	0.530957	0.530957	1	1	
0.00180302	-nan	0.533523	0.398623	1	1	1	1	1	1	0.587667	0.533523	0.533523	1	1	
0.00187068	-nan	0.536131	0.400252	1	1	1	1	1	1	0.588762	0.536131	0.536131	1	1	
0.00194089	-nan	0.538784	0.401918	1	1	1	1	1	1	0.589886	0.538784	0.538784	1	1	
0.00201372	-nan	0.54148	0.403623	1	1	1	1	1	1	0.59104	0.54148	0.54148	1	1	
0.0020893	-nan	0.544221	0.405367	1	1	1	1	1	1	0.592225	0.544221	0.544221	1	1	
0.0021677	-nan	0.547008	0.407153	1	1	1	1	1	1	0.593442	0.547008	0.547008	1	1	
0.00224905	-nan	0.54984	0.40898	1	1	1	1	1	1	0.594691	0.54984	0.54984	1	1	
0.00233346	-nan	0.552718	0.410849	1	1	1	1	1	1	0.595974	0.552718	0.552718	1	1	
0.00242103	-nan	0.555643	0.412762	1	1	1	1	1	1	0.597291	0.555643	0.555643	1	1	
0.00251189	-nan	0.558616	0.414721	1	1	1	1	1	1	0.598644	0.558616	0.558616	1	1	
0.00260615	-nan	0.561637	0.416725	1	1	1	1	1	1	0.600034	0.561637	0.561637	1	1	
0.00270396	-nan	0.564706	0.418776	1	1	1	1	1	1	0.601461	0.564706	0.564706	1	1	
0.00280543	-nan	0.567824	0.420875	1	1	1	1	1	1	0.602926	0.567824	0.567824	1	1	
0.00291072	-nan	0.570991	0.423024	1	1	1	1	1	1	0.604432	0.570991	0.570991	1	1	
0.00301995	-nan	0.574209	0.425223	1	1	1	1	1	1	0.605978	0.574209	0.574209	1	1	
0.00313329	-nan	0.577477	0.427475	1	1	1	1	1	1	0.607566	0.577477	0.577477	1	1	
0.00325087	-nan	0.580796	0.429779	1	1	1	1	1	1	0.609198	0.580796	0.580796	1	1	
0.00337287	-nan	0.584167	0.432139	1	1	1	1	1	1	0.610875	0.584167	0.584167	1	1	
0.00349945	-nan	0.587589	0.434554	1	1	1	1	1	1	0.612597	0.587589	0.587589	1	1	
0.00363078	-nan	0.591064	0.437027	1	1	1	1	1	1	0.614367	0.591064	0.591064	1	1	
0.00376704	-nan	0.594591	0.439558	1	1	1	1	1	1	0.616185	0.594591	0.594591	1	1	
0.00390841	-nan	0.598172	0.44215	1	1	1	1	1	1	0.618053	0.598172	0.598172	1	1	
0.00405509	-nan	0.601807	0.444803	1	1	1	1	1	1	0.619973	0.601807	0.601807	1	1	
0.00420727	-nan	0.605495	0.44752	1	1	1	1	1	1	0.621946	0.605495	0.605495	1	1	
0.00436516	-nan	0.609237	0.450302	1	1	1	1	1	1	0.623974	0.609237	0.609237	1	1	
0.00452898	-nan	0.613035	0.453151	1	1	1	1	1	1	0.626058	0.613035	0.613035	1	1	
0.00469894	-nan	0.616887	0.456067	1	1	1	1	1	1	0.6282	0.616887	0.616887	1	1	
0.00487528	-nan	0.620794	0.459054	1	1	1	1	1	1	0.630402	0.620794	0.620794	1	1	
0.00505825	-nan	0.624757	0.462113	1	1	1	1	1	1	0.632665	0.624757	0.624757	1	1	
0.00524807	-nan	0.628776	0.465245	1	1	1	1	1	1	0.634991	0.628776	0.628776	1	1	
0.00544503	-nan	0.63285	0.468453	1	1	1	1	1	1	0.637383	0.63285	0.63285	1	1	
0.00564937	-nan	0.636981	0.471738	1	1	1	1	1	1	0.639841	0.636981	0.636981	1	1	
0.00586138	-nan	0.641167	0.475103	1	1	1	1	1	1	0.642369	0.641167	0.641167	1	1	
0.00608135	-nan	0.64541	0.478549	1	1	1	1	1	1	0.644968	0.64541	0.64541	1	1	
0.00630957	-nan	0.64971	0.482078	1	1	1	1	1	1	0.64764	0.64971	0.64971	1	1	
0.00654636	-nan	0.654066	0.485693	1	1	1	1	1	1	0.650388	0.654066	0.654066	1	1	
0.00679204	-nan	0.658478	0.489396	1	1	1	1	1	1	0.653213	0.658478	0.658478	1	1	
0.00704693	-nan	0.662946	0.493189	1	1	1	1	1	1	0.656119	0.662946	0.662946	1	1	
0.00731139	-nan	0.66747	0.497074	1	1	1	1	1	1	0.659107	0.66747	0.66747	1	1	
0.00758578	-nan	0.672051	0.501053	1	1	1	1	1	1	0.66218	0.672051	0.672051	1	1	
0.00787046	-nan	0.676687	0.50513	1	1	1	1	1	1	0.665341	0.676687	0.676687	1	1	
0.00816582	-nan	0.681379	0.509306	1	1	1	1	1	1	0.668591	0.681379	0.681379	1	1	
0.00847227	-nan	0.686126	0.513584	1	1	1	1	1	1	0.671935	0.686126	0.686126	1	1	
0.00879023	-nan	0.690928	0.517967	1	1	1	1	1	1	0.675374	0.690928	0.690928	1	1	
0.00912011	-nan	0.695784	0.522456	1	1	1	1	1	1	0.678912	0.695784	0.695784	1	1	
0.00946237	-nan	0.700694	0.527056	1	1	1	1	1	1	0.682551	0.700694	0.700694	1	1	
0.00981748	-nan	0.705658	0.531768	1	1	1	1	1	1	0.686295	0.705658	0.705658	1	1	
0.0101859	-nan	0.710675	0.536596	1	1	1	1	1	1	0.690146	0.710675	0.710675	1	1	
0.0105682	-nan	0.715743	0.541542	1	1	1	1	1	1	0.694109	0.715743	0.715743	1	1	
0.0109648	-nan	0.720863	0.546609	1	1	1	1	1	1	0.698185	0.720863	0.720863	1	1	
0.0113763	-nan	0.726034	0.5518	1	1	1	1	1	1	0.702379	0.726034	0.726034	1	1	
0.0118032	-nan	0.731254	0.557119	1	1	1	1	1	1	0.706694	0.731254	0.731254	1	1	
0.0122462	-nan	0.736523	0.562568	1	1	1	1	1	1	0.711134	0.736523	0.736523	1	1	
0.0127057	-nan	0.74184	0.568151	1	1	1	1	1	1	0.715701	0.74184	0.74184	1	1	
0.0131826	-nan	0.747203	0.57387	1	1	1	1	1	1	0.720401	0.747203	0.747203	1	1	
0.0136773	-nan	0.752611	0.57973	1	1	1	1	1	1	0.725237	0.752611	0.752611	1	1	
0.0141906	-nan	0.758064	0.585734	1	1	1	1	1	1	0.730213	0.758064	0.758064	1	1	
0.0147231	-nan	0.763559	0.591884	1	1	1	1	1	1	0.735333	0.763559	0.763559	1	1	
0.0152757	-nan	0.769096	0.598185	1	1	1	1	1	1	0.740601	0.769096	0.769096	1	1	
0.0158489	-nan	0.774672	0.60464	1	1	1	1	1	1	0.746022	0.774672	0.774672	1	1	
0.0164437	-nan	0.780286	0.611252	1	1	1	1	1	1	0.751599	0.780286	0.780286	1	1	
0.0170608	-nan	0.785936	0.618026	1	1	1	1	1	1	0.757337	0.785936	0.785936	1	1	
0.0177011	-nan	0.791621	0.624964	1	1	1	1	1	1	0.763241	0.791621	0.791621	1	1	
0.0183654	-nan	0.797338	0.632071	1	1	1	1	1	1	0.769316	0.797338	0.797338	1	1	
0.0190546	-nan	0.803086	0.639351	1	1	1	1	1	1	0.775565	0.803086	0.803086	1	1	
0.0197697	-nan	0.808862	0.646806	1	1	1	1	1	1	0.781995	0.808862	0.808862	1	1	
0.0205116	-nan	0.814664	0.654442	1	1	1	1	1	1	0.788609	0.814664	0.814664	1	1	
0.0212814	-nan	0.82049	0.662261	1	1	1	1	1	1	0.795413	0.82049	0.82049	1	1	
0.02208	-nan	0.826337	0.670268	1	1	1	1	1	1	0.802411	0.826337	0.826337	1	1	
0.0229087	-nan	0.832203	0.678466	1	1	1	1	1	1	0.80961	0.832203	0.832203	1	1	
0.0237684	-nan	0.838085	0.686859	1	1	1	1	1	1	0.817013	0.838085	0.838085	1	1	
0.0246604	-nan	0.84398	0.695451	1	1	1	1	1	1	0.824626	0.84398	0.84398	1	1	
0.0255859	-nan	0.849885	0.704245	1	1	1	1	1	1	0.832455	0.849885	0.849885	1	1	
0.0265461	-nan	0.855798	0.713246	1	1	1	1	1	1	0.840504	0.855798	0.855798	1	1	
0.0275423	-nan	0.861715	0.722457	1	1	1	1	1	1	0.848778	0.861715	0.861715	1	1	
0.0285759	-nan	0.867633	0.731881	1	1	1	1	1	1	0.857284	0.867633	0.867633	1	1	
0.0296483	-nan	0.873549	0.741522	1	1	1	1	1	1	0.866025	0.873549	0.873549	1	1	
0.030761	-nan	0.879459	0.751382	1	1	1	1	1	1	0.875008	0.879459	0.879459	1	1	
0.0319154	-nan	0.88536	0.761466	1	1	1	1	1	1	0.884236	0.88536	0.88536	1	1	
0.0331131	-nan	0.891248	0.771776	1	1	1	1	1	1	0.893716	0.891248	0.891248	1	1	
0.0343558	-nan	0.897119	0.782314	1	1	1	1	1	1	0.903452	0.897119	0.897119	1	1	
0.0356451	-nan	0.902969	0.793083	1	1	1	1	1	1	0.913449	0.902969	0.902969	1	1	
0.0369828	-nan	0.908795	0.804086	1	1	1	1	1	1	0.92371	0.908795	0.908795	1	1	
0.0383707	-nan	0.914592	0.815323	1	1	1	1	1	1	0.934241	0.914592	0.914592	1	1	
0.0398107	-nan	0.920356	0.826797	1	1	1	1	1	1	0.945046	0.920356	0.920356	1	1	
0.0413048	-nan	0.926083	0.838508	1	1	1	1	1	1	0.956127	0.926083	0.926083	1	1	
0.0428549	-nan	0.931768	0.850457	1	1	1	1	1	1	0.967489	0.931768	0.931768	1	1	
0.0444631	-nan	0.937407	0.862643	1	1	1	1	1	1	0.979134	0.937407	0.937407	1	1	
0.0461318	-nan	0.942994	0.875067	1	1	1	1	1	1	0.991065	0.942994	0.942994	1	1	
0.047863	-nan	0.948526	0.887726	1	1	1	1	1	1	1.00328	0.948526	0.948526	1	1	
0.0496592	-nan	0.953998	0.900618	1	1	1	1	1	1	1.01579	0.953998	0.953998	1	1	
0.0515229	-nan	0.959403	0.913742	1	1	1	1	1	1	1.02859	0.959403	0.959403	1	1	
0.0534564	-nan	0.964739	0.927092	1	1	1	1	1	1	1.04168	0.964739	0.964739	1	1	
0.0554626	-nan	0.969998	0.940663	1	1	1	1	1	1	1.05505	0.969998	0.969998	1	1	
0.057544	-nan	0.975177	0.954451	1	1	1	1	1	1	1.06871	0.975177	0.975177	1	1	
0.0597035	-nan	0.980269	0.968446	1	1	1	1	1	1	1.08266	0.980269	0.980269	1	1	
0.0619441	-nan	0.985269	0.982642	1	1	1	1	1	1	1.09689	0.985269	0.985269	1	1	
0.0642688	-nan	0.990172	0.997027	1	1	1	1	1	1	1.11139	0.990172	0.990172	1	1	
0.0666807	-nan	0.994972	1.01159	1	1	1	1	1	1	1.12615	0.994972	0.994972	1	1	
0.0691831	-nan	0.999664	1.02632	1	1	1	1	1	1	1.14118	0.999664	0.999664	1	1	
0.0717794	-nan	1.00424	1.04119	1	1	1	1	1	1	1.15645	1.00424	1.00424	1	1	
0.0744732	-nan	1.0087	1.0562	1	1	1	1	1	1	1.17196	1.0087	1.0087	1	1	
0.0772681	-nan	1.01303	1.07131	1	1	1	1	1	1	1.1877	1.01303	1.01303	1	1	
0.0801678	-nan	1.01723	1.08652	1	1	1	1	1	1	1.20363	1.01723	1.01723	1	1	
0.0831764	-nan	1.02129	1.10179	1	1	1	1	1	1	1.21975	1.02129	1.02129	1	1	
0.0862979	-nan	1.0252	1.11709	1	1	1	1	1	1	1.23604	1.0252	1.0252	1	1	
0.0895365	-nan	1.02897	1.1324	1	1	1	1	1	1	1.25246	1.02897	1.02897	1	1	
0.0928966	-nan	1.03258	1.14768	1	1	1	1	1	1	1.26898	1.03258	1.03258	1	1	
0.0963829	-nan	1.03602	1.16289	1	1	1	1	1	1	1.28558	1.03602	1.03602	1	1	
0.1	-nan	1.0393	1.178	1	1	1	1	1	1	1.30222	1.0393	1.0393	1	1	
0.103614	-nan	1.04229	1.19242	1	1	1	1	1	1	1.31824	1.04229	1.04229	1	1	
0.107229	-nan	1.04501	1.20617	1	1	1	1	1	1	1.33367	1.04501	1.04501	1	1	
0.110843	-nan	1.04749	1.21927	1	1	1	1	1	1	1.3485	1.04749	1.04749	1	1	
0.114458	-nan	1.04974	1.23172	1	1	1	1	1	1	1.36273	1.04974	1.04974	1	1	
0.118072	-nan	1.05178	1.24353	1	1	1	1	1	1	1.37636	1.05178	1.05178	1	1	
0.121687	-nan	1.05362	1.25472	1	1	1	1	1	1	1.38938	1.05362	1.05362	1	1	
0.125301	-nan	1.05526	1.2653	1	1	1	1	1	1	1.40181	1.05526	1.05526	1	1	
0.128916	-nan	1.05673	1.27527	1	1	1	1	1	1	1.41362	1.05673	1.05673	1	1	
0.13253	-nan	1.05803	1.28466	1	1	1	1	1	1	1.42483	1.05803	1.05803	1	1	
0.136145	-nan	1.05918	1.29347	1	1	1	1	1	1	1.43542	1.05918	1.05918	1	1	
0.139759	-nan	1.06017	1.30171	1	1	1	1	1	1	1.44541	1.06017	1.06017	1	1	
0.143373	-nan	1.06102	1.30939	1	1	1	1	1	1	1.45477	1.06102	1.06102	1	1	
0.146988	-nan	1.06174	1.31653	1	1	1	1	1	1	1.46351	1.06174	1.06174	1	1	
0.150602	-nan	1.06234	1.32315	1	1	1	1	1	1	1.47163	1.06234	1.06234	1	1	
0.154217	-nan	1.06282	1.32924	1	1	1	1	1	1	1.47911	1.06282	1.06282	1	1	
0.157831	-nan	1.06318	1.33484	1	1	1	1	1	1	1.48597	1.06318	1.06318	1	1	
0.161446	-nan	1.06343	1.33994	1	1	1	1	1	1	1.49219	1.06343	1.06343	1	1	
0.16506	-nan	1.06359	1.34457	1	1	1	1	1	1	1.49777	1.06359	1.06359	1	1	
0.168675	-nan	1.06364	1.34873	1	1	1	1	1	1	1.50271	1.06364	1.06364	1	1	
0.172289	-nan	1.06361	1.35245	1	1	1	1	1	1	1.50701	1.06361	1.06361	1	1	
0.175904	-nan	1.06348	1.35574	1	1	1	1	1	1	1.51066	1.06348	1.06348	1	1	
0.179518	-nan	1.06328	1.3586	1	1	1	1	1	1	1.51365	1.06328	1.06328	1	1	
0.183133	-nan	1.06299	1.36106	1	1	1	1	1	1	1.516	1.06299	1.06299	1	1	
0.186747	-nan	1.06263	1.36314	1	1	1	1	1	1	1.5177	1.06263	1.06263	1	1	
0.190361	-nan	1.06219	1.36484	1	1	1	1	1	1	1.51874	1.06219	1.06219	1	1	
0.193976	-nan	1.06169	1.36618	1	1	1	1	1	1	1.51912	1.06169	1.06169	1	1	
0.19759	-nan	1.06112	1.36717	1	1	1	1	1	1	1.51886	1.06112	1.06112	1	1	
0.201205	-nan	1.06048	1.36784	1	1	1	1	1	1	1.51794	1.06048	1.06048	1	1	
0.204819	-nan	1.05979	1.36819	1	1	1	1	1	1	1.51638	1.05979	1.05979	1	1	
0.208434	-nan	1.05904	1.36825	1	1	1	1	1	1	1.51417	1.05904	1.05904	1	1	
0.212048	-nan	1.05823	1.36802	1	1	1	1	1	1	1.51132	1.05823	1.05823	1	1	
0.215663	-nan	1.05737	1.36752	1	1	1	1	1	1	1.50784	1.05737	1.05737	1	1	
0.219277	-nan	1.05646	1.36676	1	1	1	1	1	1	1.50373	1.05646	1.05646	1	1	
0.222892	-nan	1.0555	1.36577	1	1	1	1	1	1	1.499	1.0555	1.0555	1	1	
0.226506	-nan	1.0545	1.36455	1	1	1	1	1	1	1.49366	1.0545	1.0545	1	1	
0.23012	-nan	1.05345	1.36311	1	1	1	1	1	1	1.48772	1.05345	1.05345	1	1	
0.233735	-nan	1.05235	1.36148	1	1	1	1	1	1	1.4812	1.05235	1.05235	1	1	
0.237349	-nan	1.05122	1.35966	1	1	1	1	1	1	1.47411	1.05122	1.05122	1	1	
0.240964	-nan	1.05005	1.35767	1	1	1	1	1	1	1.46646	1.05005	1.05005	1	1	
0.244578	-nan	1.04884	1.35553	1	1	1	1	1	1	1.45827	1.04884	1.04884	1	1	
0.248193	-nan	1.04759	1.35323	1	1	1	1	1	1	1.44956	1.04759	1.04759	1	1	
0.251807	-nan	1.04631	1.3508	1	1	1	1	1	1	1.44035	1.04631	1.04631	1	1	
0.255422	-nan	1.04499	1.34825	1	1	1	1	1	1	1.43066	1.04499	1.04499	1	1	
0.259036	-nan	1.04364	1.34558	1	1	1	1	1	1	1.42051	1.04364	1.04364	1	1	
0.262651	-nan	1.04226	1.34282	1	1	1	1	1	1	1.40994	1.04226	1.04226	1	1	
0.266265	-nan	1.04086	1.33997	1	1	1	1	1	1	1.39895	1.04086	1.04086	1	1	
0.26988	-nan	1.03942	1.33704	1	1	1	1	1	1	1.38759	1.03942	1.03942	1	1	
0.273494	-nan	1.03796	1.33404	1	1	1	1	1	1	1.37587	1.03796	1.03796	1	1	
0.277108	-nan	1.03647	1.33098	1	1	1	1	1	1	1.36383	1.03647	1.03647	1	1	
0.280723	-nan	1.03495	1.32786	1	1	1	1	1	1	1.3515	1.03495	1.03495	1	1	
0.284337	-nan	1.03341	1.32471	1	1	1	1	1	1	1.3389	1.03341	1.03341	1	1	
0.287952	-nan	1.03185	1.32153	1	1	1	1	1	1	1.32606	1.03185	1.03185	1	1	
0.291566	-nan	1.03026	1.31831	1	1	1	1	1	1	1.31302	1.03026	1.03026	1	1	
0.295181	-nan	1.02866	1.31509	1	1	1	1	1	1	1.29981	1.02866	1.02866	1	1	
0.298795	-nan	1.02703	1.31184	1	1	1	1	1	1	1.28645	1.02703	1.02703	1	1	
0.30241	-nan	1.02538	1.3086	1	1	1	1	1	1	1.27298	1.02538	1.02538	1	1	
0.306024	-nan	1.02372	1.30536	1	1	1	1	1	1	1.25943	1.02372	1.02372	1	1	
0.309639	-nan	1.02203	1.30212	1	1	1	1	1	1	1.24582	1.02203	1.02203	1	1	
0.313253	-nan	1.02033	1.2989	1	1	1	1	1	1	1.23219	1.02033	1.02033	1	1	
0.316867	-nan	1.01861	1.2957	1	1	1	1	1	1	1.21856	1.01861	1.01861	1	1	
0.320482	-nan	1.01687	1.29252	1	1	1	1	1	1	1.20497	1.01687	1.01687	1	1	
0.324096	-nan	1.01512	1.28937	1	1	1	1	1	1	1.19143	1.01512	1.01512	1	1	
0.327711	-nan	1.01336	1.28625	1	1	1	1	1	1	1.17798	1.01336	1.01336	1	1	
0.331325	-nan	1.01158	1.28316	1	1	1	1	1	1	1.16463	1.01158	1.01158	1	1	
0.33494	-nan	1.00978	1.28012	1	1	1	1	1	1	1.1514	1.00978	1.00978	1	1	
0.338554	-nan	1.00797	1.27712	1	1	1	1	1	1	1.13833	1.00797	1.00797	1	1	
0.342169	-nan	1.00615	1.27417	1	1	1	1	1	1	1.12543	1.00615	1.00615	1	1	
0.345783	-nan	1.00432	1.27126	1	1	1	1	1	1	1.11271	1.00432	1.00432	1	1	
0.349398	-nan	1.00248	1.2684	1	1	1	1	1	1	1.10019	1.00248	1.00248	1	1	
0.353012	-nan	1.00062	1.2656	1	1	1	1	1	1	1.08789	1.00062	1.00062	1	1	
0.356627	-nan	0.998756	1.26286	1	1	1	1	1	1	1.07583	0.998756	0.998756	1	1	
0.360241	-nan	0.99688	1.26017	1	1	1	1	1	1	1.064	0.99688	0.99688	1	1	
0.363855	-nan	0.994993	1.25754	1	1	1	1	1	1	1.05243	0.994993	0.994993	1	1	
0.36747	-nan	0.993097	1.25496	1	1	1	1	1	1	1.04112	0.993097	0.993097	1	1	
0.371084	-nan	0.991192	1.25245	1	1	1	1	1	1	1.03008	0.991192	0.991192	1	1	
0.374699	-nan	0.989279	1.25	1	1	1	1	1	1	1.01931	0.989279	0.989279	1	1	
0.378313	-nan	0.987357	1.24762	1	1	1	1	1	1	1.00883	0.987357	0.987357	1	1	
0.381928	-nan	0.985428	1.24529	1	1	1	1	1	1	0.998629	0.985428	0.985428	1	1	
0.385542	-nan	0.983491	1.24303	1	1	1	1	1	1	0.988717	0.983491	0.983491	1	1	
0.389157	-nan	0.981546	1.24084	1	1	1	1	1	1	0.979094	0.981546	0.981546	1	1	
0.392771	-nan	0.979595	1.23871	1	1	1	1	1	1	0.969761	0.979595	0.979595	1	1	
0.396386	-nan	0.977638	1.23664	1	1	1	1	1	1	0.960717	0.977638	0.977638	1	1	
0.4	-nan	0.975674	1.23463	1	1	1	1	1	1	0.951962	0.975674	0.975674	1	1	
0.403614	-nan	0.973705	1.23269	1	1	1	1	1	1	0.943493	0.973705	0.973705	1	1	
0.407229	-nan	0.971729	1.23082	1	1	1	1	1	1	0.935307	0.971729	0.971729	1	1	
0.410843	-nan	0.969749	1.229	1	1	1	1	1	1	0.927402	0.969749	0.969749	1	1	
0.414458	-nan	0.967764	1.22725	1	1	1	1	1	1	0.919774	0.967764	0.967764	1	1	
0.418072	-nan	0.965774	1.22556	1	1	1	1	1	1	0.912418	0.965774	0.965774	1	1	
0.421687	-nan	0.963779	1.22394	1	1	1	1	1	1	0.90533	0.963779	0.963779	1	1	
0.425301	-nan	0.96178	1.22237	1	1	1	1	1	1	0.898505	0.96178	0.96178	1	1	
0.428916	-nan	0.959778	1.22087	1	1	1	1	1	1	0.891937	0.959778	0.959778	1	1	
0.43253	-nan	0.957772	1.21942	1	1	1	1	1	1	0.88562	0.957772	0.957772	1	1	
0.436145	-nan	0.955762	1.21804	1	1	1	1	1	1	0.879549	0.955762	0.955762	1	1	
0.439759	-nan	0.953749	1.21671	1	1	1	1	1	1	0.873717	0.953749	0.953749	1	1	
0.443373	-nan	0.951733	1.21544	1	1	1	1	1	1	0.868118	0.951733	0.951733	1	1	
0.446988	-nan	0.949714	1.21422	1	1	1	1	1	1	0.862747	0.949714	0.949714	1	1	
0.450602	-nan	0.947693	1.21306	1	1	1	1	1	1	0.857595	0.947693	0.947693	1	1	
0.454217	-nan	0.945669	1.21195	1	1	1	1	1	1	0.852657	0.945669	0.945669	1	1	
0.457831	-nan	0.943644	1.2109	1	1	1	1	1	1	0.847927	0.943644	0.943644	1	1	
0.461446	-nan	0.941616	1.2099	1	1	1	1	1	1	0.843397	0.941616	0.941616	1	1	
0.46506	-nan	0.939586	1.20895	1	1	1	1	1	1	0.839062	0.939586	0.939586	1	1	
0.468675	-nan	0.937555	1.20805	1	1	1	1	1	1	0.834914	0.937555	0.937555	1	1	
0.472289	-nan	0.935523	1.2072	1	1	1	1	1	1	0.830948	0.935523	0.935523	1	1	
0.475904	-nan	0.933489	1.2064	1	1	1	1	1	1	0.827157	0.933489	0.933489	1	1	
0.479518	-nan	0.931454	1.20565	1	1	1	1	1	1	0.823535	0.931454	0.931454	1	1	
0.483133	-nan	0.929418	1.20494	1	1	1	1	1	1	0.820076	0.929418	0.929418	1	1	
0.486747	-nan	0.927382	1.20427	1	1	1	1	1	1	0.816773	0.927382	0.927382	1	1	
0.490361	-nan	0.925345	1.20365	1	1	1	1	1	1	0.813622	0.925345	0.925345	1	1	
0.493976	-nan	0.923307	1.20308	1	1	1	1	1	1	0.810616	0.923307	0.923307	1	1	
0.49759	-nan	0.92127	1.20254	1	1	1	1	1	1	0.807749	0.92127	0.92127	1	1	
0.501205	-nan	0.919232	1.20205	1	1	1	1	1	1	0.805017	0.919232	0.919232	1	1	
0.504819	-nan	0.917194	1.20159	1	1	1	1	1	1	0.802414	0.917194	0.917194	1	1	
0.508434	-nan	0.915156	1.20118	1	1	1	1	1	1	0.799935	0.915156	0.915156	1	1	
0.512048	-nan	0.913118	1.2008	1	1	1	1	1	1	0.797574	0.913118	0.913118	1	1	
0.515663	-nan	0.911081	1.20046	1	1	1	1	1	1	0.795327	0.911081	0.911081	1	1	
0.519277	-nan	0.909045	1.20015	1	1	1	1	1	1	0.79319	0.909045	0.909045	1	1	
0.522892	-nan	0.907009	1.19988	1	1	1	1	1	1	0.791157	0.907009	0.907009	1	1	
0.526506	-nan	0.904973	1.19965	1	1	1	1	1	1	0.789224	0.904973	0.904973	1	1	
0.53012	-nan	0.902939	1.19944	1	1	1	1	1	1	0.787387	0.902939	0.902939	1	1	
0.533735	-nan	0.900906	1.19927	1	1	1	1	1	1	0.785642	0.900906	0.900906	1	1	
0.537349	-nan	0.898874	1.19913	1	1	1	1	1	1	0.783984	0.898874	0.898874	1	1	
0.540964	-nan	0.896843	1.19902	1	1	1	1	1	1	0.782411	0.896843	0.896843	1	1	
0.544578	-nan	0.894813	1.19894	1	1	1	1	1	1	0.780917	0.894813	0.894813	1	1	
0.548193	-nan	0.892785	1.19889	1	1	1	1	1	1	0.7795	0.892785	0.892785	1	1	
0.551807	-nan	0.890758	1.19887	1	1	1	1	1	1	0.778157	0.890758	0.890758	1	1	
0.555422	-nan	0.888733	1.19887	1	1	1	1	1	1	0.776883	0.888733	0.888733	1	1	
0.559036	-nan	0.886709	1.1989	1	1	1	1	1	1	0.775675	0.886709	0.886709	1	1	
0.562651	-nan	0.884688	1.19895	1	1	1	1	1	1	0.774532	0.884688	0.884688	1	1	
0.566265	-nan	0.882668	1.19903	1	1	1	1	1	1	0.773448	0.882668	0.882668	1	1	
0.56988	-nan	0.88065	1.19913	1	1	1	1	1	1	0.772423	0.88065	0.88065	1	1	
0.573494	-nan	0.878634	1.19926	1	1	1	1	1	1	0.771452	0.878634	0.878634	1	1	
0.577108	-nan	0.876621	1.19941	1	1	1	1	1	1	0.770534	0.876621	0.876621	1	1	
0.580723	-nan	0.87461	1.19958	1	1	1	1	1	1	0.769666	0.87461	0.87461	1	1	
0.584337	-nan	0.872601	1.19977	1	1	1	1	1	1	0.768845	0.872601	0.872601	1	1	
0.587952	-nan	0.870594	1.19998	1	1	1	1	1	1	0.768069	0.870594	0.870594	1	1	
0.591566	-nan	0.86859	1.20021	1	1	1	1	1	1	0.767336	0.86859	0.86859	1	1	
0.595181	-nan	0.866588	1.20045	1	1	1	1	1	1	0.766643	0.866588	0.866588	1	1	
0.598795	-nan	0.864589	1.20072	1	1	1	1	1	1	0.765989	0.864589	0.864589	1	1	
0.60241	-nan	0.862593	1.20101	1	1	1	1	1	1	0.765372	0.862593	0.862593	1	1	
0.606024	-nan	0.860599	1.20131	1	1	1	1	1	1	0.76479	0.860599	0.860599	1	1	
0.609639	-nan	0.858608	1.20163	1	1	1	1	1	1	0.76424	0.858608	0.858608	1	1	
0.613253	-nan	0.85662	1.20196	1	1	1	1	1	1	0.763722	0.85662	0.85662	1	1	
0.616867	-nan	0.854635	1.20231	1	1	1	1	1	1	0.763233	0.854635	0.854635	1	1	
0.620482	-nan	0.852653	1.20267	1	1	1	1	1	1	0.762773	0.852653	0.852653	1	1	
0.624096	-nan	0.850674	1.20305	1	1	1	1	1	1	0.762339	0.850674	0.850674	1	1	
0.627711	-nan	0.848699	1.20344	1	1	1	1	1	1	0.76193	0.848699	0.848699	1	1	
0.631325	-nan	0.846726	1.20385	1	1	1	1	1	1	0.761544	0.846726	0.846726	1	1	
0.63494	-nan	0.844756	1.20427	1	1	1	1	1	1	0.761181	0.844756	0.844756	1	1	
0.638554	-nan	0.84279	1.2047	1	1	1	1	1	1	0.760839	0.84279	0.84279	1	1	
0.642169	-nan	0.840827	1.20514	1	1	1	1	1	1	0.760517	0.840827	0.840827	1	1	
0.645783	-nan	0.838868	1.20559	1	1	1	1	1	1	0.760213	0.838868	0.838868	1	1	
0.649398	-nan	0.836912	1.20606	1	1	1	1	1	1	0.759927	0.836912	0.836912	1	1	
0.653012	-nan	0.834959	1.20654	1	1	1	1	1	1	0.759657	0.834959	0.834959	1	1	
0.656627	-nan	0.83301	1.20702	1	1	1	1	1	1	0.759403	0.83301	0.83301	1	1	
0.660241	-nan	0.831065	1.20752	1	1	1	1	1	1	0.759164	0.831065	0.831065	1	1	
0.663855	-nan	0.829123	1.20802	1	1	1	1	1	1	0.758938	0.829123	0.829123	1	1	
0.66747	-nan	0.827184	1.20853	1	1	1	1	1	1	0.758724	0.827184	0.827184	1	1	
0.671084	-nan	0.82525	1.20906	1	1	1	1	1	1	0.758523	0.82525	0.82525	1	1	
0.674699	-nan	0.823319	1.20959	1	1	1	1	1	1	0.758333	0.823319	0.823319	1	1	
0.678313	-nan	0.821392	1.21013	1	1	1	1	1	1	0.758153	0.821392	0.821392	1	1	
0.681928	-nan	0.819469	1.21067	1	1	1	1	1	1	0.757982	0.819469	0.819469	1	1	
0.685542	-nan	0.817549	1.21123	1	1	1	1	1	1	0.757821	0.817549	0.817549	1	1	
0.689157	-nan	0.815634	1.21179	1	1	1	1	1	1	0.757667	0.815634	0.815634	1	1	
0.692771	-nan	0.813722	1.21236	1	1	1	1	1	1	0.757522	0.813722	0.813722	1	1	
0.696386	-nan	0.811815	1.21293	1	1	1	1	1	1	0.757383	0.811815	0.811815	1	1	
0.7	-nan	0.809911	1.21351	1	1	1	1	1	1	0.757251	0.809911	0.809911	1	1	
0.703614	-nan	0.808012	1.2141	1	1	1	1	1	1	0.757124	0.808012	0.808012	1	1	
0.707229	-nan	0.806116	1.21469	1	1	1	1	1	1	0.757003	0.806116	0.806116	1	1	
0.710843	-nan	0.804225	1.21528	1	1	1	1	1	1	0.756887	0.804225	0.804225	1	1	
0.714458	-nan	0.802337	1.21589	1	1	1	1	1	1	0.756775	0.802337	0.802337	1	1	
0.718072	-nan	0.800454	1.21649	1	1	1	1	1	1	0.756667	0.800454	0.800454	1	1	
0.721687	-nan	0.798575	1.2171	1	1	1	1	1	1	0.756562	0.798575	0.798575	1	1	
0.725301	-nan	0.7967	1.21772	1	1	1	1	1	1	0.756461	0.7967	0.7967	1	1	
0.728916	-nan	0.79483	1.21834	1	1	1	1	1	1	0.756363	0.79483	0.79483	1	1	
0.73253	-nan	0.792963	1.21896	1	1	1	1	1	1	0.756266	0.792963	0.792963	1	1	
0.736145	-nan	0.791101	1.21959	1	1	1	1	1	1	0.756172	0.791101	0.791101	1	1	
0.739759	-nan	0.789244	1.22022	1	1	1	1	1	1	0.75608	0.789244	0.789244	1	1	
0.743373	-nan	0.78739	1.22086	1	1	1	1	1	1	0.755988	0.78739	0.78739	1	1	
0.746988	-nan	0.785541	1.2215	1	1	1	1	1	1	0.755898	0.785541	0.785541	1	1	
0.750602	-nan	0.783696	1.22214	1	1	1	1	1	1	0.755809	0.783696	0.783696	1	1	
0.754217	-nan	0.781856	1.22278	1	1	1	1	1	1	0.75572	0.781856	0.781856	1	1	
0.757831	-nan	0.78002	1.22343	1	1	1	1	1	1	0.755632	0.78002	0.78002	1	1	
0.761446	-nan	0.778189	1.22407	1	1	1	1	1	1	0.755544	0.778189	0.778189	1	1	
0.76506	-nan	0.776362	1.22473	1	1	1	1	1	1	0.755455	0.776362	0.776362	1	1	
0.768675	-nan	0.774539	1.22538	1	1	1	1	1	1	0.755366	0.774539	0.774539	1	1	
0.772289	-nan	0.772721	1.22603	1	1	1	1	1	1	0.755277	0.772721	0.772721	1	1	
0.775904	-nan	0.770907	1.22669	1	1	1	1	1	1	0.755186	0.770907	0.770907	1	1	
0.779518	-nan	0.769098	1.22735	1	1	1	1	1	1	0.755095	0.769098	0.769098	1	1	
0.783133	-nan	0.767294	1.22801	1	1	1	1	1	1	0.755003	0.767294	0.767294	1	1	
0.786747	-nan	0.765494	1.22867	1	1	1	1	1	1	0.754909	0.765494	0.765494	1	1	
0.790361	-nan	0.763698	1.22934	1	1	1	1	1	1	0.754815	0.763698	0.763698	1	1	
0.793976	-nan	0.761908	1.23	1	1	1	1	1	1	0.754718	0.761908	0.761908	1	1	
0.79759	-nan	0.760121	1.23067	1	1	1	1	1	1	0.75462	0.760121	0.760121	1	1	
0.801205	-nan	0.75834	1.23134	1	1	1	1	1	1	0.75452	0.75834	0.75834	1	1	
0.804819	-nan	0.756563	1.232	1	1	1	1	1	1	0.754418	0.756563	0.756563	1	1	
0.808434	-nan	0.754791	1.23267	1	1	1	1	1	1	0.754314	0.754791	0.754791	1	1	
0.812048	-nan	0.753023	1.23334	1	1	1	1	1	1	0.754208	0.753023	0.753023	1	1	
0.815663	-nan	0.75126	1.23401	1	1	1	1	1	1	0.7541	0.75126	0.75126	1	1	
0.819277	-nan	0.749501	1.23468	1	1	1	1	1	1	0.753989	0.749501	0.749501	1	1	
0.822892	-nan	0.747748	1.23536	1	1	1	1	1	1	0.753876	0.747748	0.747748	1	1	
0.826506	-nan	0.745999	1.23603	1	1	1	1	1	1	0.753761	0.745999	0.745999	1	1	
0.83012	-nan	0.744255	1.2367	1	1	1	1	1	1	0.753643	0.744255	0.744255	1	1	
0.833735	-nan	0.742515	1.23737	1	1	1	1	1	1	0.753523	0.742515	0.742515	1	1	
0.837349	-nan	0.74078	1.23805	1	1	1	1	1	1	0.753399	0.74078	0.74078	1	1	
0.840964	-nan	0.73905	1.23872	1	1	1	1	1	1	0.753274	0.73905	0.73905	1	1	
0.844578	-nan	0.737325	1.23939	1	1	1	1	1	1	0.753145	0.737325	0.737325	1	1	
0.848193	-nan	0.735604	1.24006	1	1	1	1	1	1	0.753014	0.735604	0.735604	1	1	
0.851807	-nan	0.733888	1.24074	1	1	1	1	1	1	0.75288	0.733888	0.733888	1	1	
0.855422	-nan	0.732177	1.24141	1	1	1	1	1	1	0.752743	0.732177	0.732177	1	1	
0.859036	-nan	0.73047	1.24208	1	1	1	1	1	1	0.752603	0.73047	0.73047	1	1	
0.862651	-nan	0.728769	1.24275	1	1	1	1	1	1	0.75246	0.728769	0.728769	1	1	
0.866265	-nan	0.727072	1.24342	1	1	1	1	1	1	0.752314	0.727072	0.727072	1	1	
0.86988	-nan	0.72538	1.2441	1	1	1	1	1	1	0.752165	0.72538	0.72538	1	1	
0.873494	-nan	0.723693	1.24477	1	1	1	1	1	1	0.752013	0.723693	0.723693	1	1	
0.877108	-nan	0.72201	1.24544	1	1	1	1	1	1	0.751859	0.72201	0.72201	1	1	
0.880723	-nan	0.720332	1.24611	1	1	1	1	1	1	0.751701	0.720332	0.720332	1	1	
0.884337	-nan	0.71866	1.24678	1	1	1	1	1	1	0.75154	0.71866	0.71866	1	1	
0.887952	-nan	0.716991	1.24744	1	1	1	1	1	1	0.751376	0.716991	0.716991	1	1	
0.891566	-nan	0.715328	1.24811	1	1	1	1	1	1	0.75121	0.715328	0.715328	1	1	
0.895181	-nan	0.71367	1.24878	1	1	1	1	1	1	0.75104	0.71367	0.71367	1	1	
0.898795	-nan	0.712016	1.24945	1	1	1	1	1	1	0.750867	0.712016	0.712016	1	1	
0.90241	-nan	0.710367	1.25011	1	1	1	1	1	1	0.750691	0.710367	0.710367	1	1	
0.906024	-nan	0.708723	1.25078	1	1	1	1	1	1	0.750512	0.708723	0.708723	1	1	
0.909639	-nan	0.707084	1.25144	1	1	1	1	1	1	0.75033	0.707084	0.707084	1	1	
0.913253	-nan	0.705449	1.2521	1	1	1	1	1	1	0.750145	0.705449	0.705449	1	1	
0.916867	-nan	0.70382	1.25277	1	1	1	1	1	1	0.749957	0.70382	0.70382	1	1	
0.920482	-nan	0.702195	1.25343	1	1	1	1	1	1	0.749765	0.702195	0.702195	1	1	
0.924096	-nan	0.700575	1.25409	1	1	1	1	1	1	0.749571	0.700575	0.700575	1	1	
0.927711	-nan	0.69896	1.25475	1	1	1	1	1	1	0.749374	0.69896	0.69896	1	1	
0.931325	-nan	0.697349	1.25541	1	1	1	1	1	1	0.749174	0.697349	0.697349	1	1	
0.93494	-nan	0.695744	1.25607	1	1	1	1	1	1	0.748971	0.695744	0.695744	1	1	
0.938554	-nan	0.694143	1.25672	1	1	1	1	1	1	0.748765	0.694143	0.694143	1	1	
0.942169	-nan	0.692547	1.25738	1	1	1	1	1	1	0.748556	0.692547	0.692547	1	1	
0.945783	-nan	0.690956	1.25803	1	1	1	1	1	1	0.748344	0.690956	0.690956	1	1	
0.949398	-nan	0.68937	1.25869	1	1	1	1	1	1	0.74813	0.68937	0.68937	1	1	
0.953012	-nan	0.687789	1.25934	1	1	1	1	1	1	0.747912	0.687789	0.687789	1	1	
0.956627	-nan	0.686212	1.25999	1	1	1	1	1	1	0.747692	0.686212	0.686212	1	1	
0.960241	-nan	0.68464	1.26064	1	1	1	1	1	1	0.747469	0.68464	0.68464	1	1	
0.963855	-nan	0.683073	1.26129	1	1	1	1	1	1	0.747243	0.683073	0.683073	1	1	
0.96747	-nan	0.681511	1.26194	1	1	1	1	1	1	0.747014	0.681511	0.681511	1	1	
0.971084	-nan	0.679954	1.26259	1	1	1	1	1	1	0.746782	0.679954	0.679954	1	1	
0.974699	-nan	0.678401	1.26323	1	1	1	1	1	1	0.746548	0.678401	0.678401	1	1	
0.978313	-nan	0.676853	1.26388	1	1	1	1	1	1	0.746311	0.676853	0.676853	1	1	
0.981928	-nan	0.67531	1.26452	1	1	1	1	1	1	0.746071	0.67531	0.67531	1	1	
0.985542	-nan	0.673772	1.26516	1	1	1	1	1	1	0.745829	0.673772	0.673772	1	1	
0.989157	-nan	0.672239	1.2658	1	1	1	1	1	1	0.745584	0.672239	0.672239	1	1	
0.992771	-nan	0.67071	1.26645	1	1	1	1	1	1	0.745336	0.67071	0.67071	1	1	
0.996386	-nan	0.669186	1.26708	1	1	1	1	1	1	0.745086	0.669186	0.669186	1	1	
1	-nan	-nan	-nan	-nan	-nan	-nan	-nan	-nan	-nan	-nan	-nan	-nan	-nan	-nan	
