1e-05	-nan	0.37298	0.552241	1	1	1	1	1	1	0.0806232	0.37298	0.37298	1	1	
1.03753e-05	-nan	0.373177	0.552415	1	1	1	1	1	1	0.0806276	0.373177	0.373177	1	1	
1.07647e-05	-nan	0.373377	0.552591	1	1	1	1	1	1	0.080632	0.373377	0.373377	1	1	
1.11686e-05	-nan	0.373581	0.55277	1	1	1	1	1	1	0.0806366	0.373581	0.373581	1	1	
1.15878e-05	-nan	0.373789	0.552952	1	1	1	1	1	1	0.0806414	0.373789	0.373789	1	1	
1.20226e-05	-nan	0.374002	0.553136	1	1	1	1	1	1	0.0806462	0.374002	0.374002	1	1	
1.24738e-05	-nan	0.374218	0.553322	1	1	1	1	1	1	0.0806513	0.374218	0.374218	1	1	
1.2942e-05	-nan	0.374439	0.553511	1	1	1	1	1	1	0.0806564	0.374439	0.374439	1	1	
1.34276e-05	-nan	0.374665	0.553703	1	1	1	1	1	1	0.0806617	0.374665	0.374665	1	1	
1.39316e-05	-nan	0.374895	0.553898	1	1	1	1	1	1	0.0806671	0.374895	0.374895	1	1	
1.44544e-05	-nan	0.375129	0.554095	1	1	1	1	1	1	0.0806727	0.375129	0.375129	1	1	
1.49968e-05	-nan	0.375369	0.554296	1	1	1	1	1	1	0.0806785	0.375369	0.375369	1	1	
1.55597e-05	-nan	0.375613	0.554499	1	1	1	1	1	1	0.0806844	0.375613	0.375613	1	1	
1.61436e-05	-nan	0.375861	0.554705	1	1	1	1	1	1	0.0806905	0.375861	0.375861	1	1	
1.67494e-05	-nan	0.376115	0.554914	1	1	1	1	1	1	0.0806967	0.376115	0.376115	1	1	
1.7378e-05	-nan	0.376374	0.555126	1	1	1	1	1	1	0.0807032	0.376374	0.376374	1	1	
1.80302e-05	-nan	0.376638	0.555341	1	1	1	1	1	1	0.0807098	0.376638	0.376638	1	1	
1.87068e-05	-nan	0.376908	0.555559	1	1	1	1	1	1	0.0807166	0.376908	0.376908	1	1	
1.94089e-05	-nan	0.377183	0.55578	1	1	1	1	1	1	0.0807236	0.377183	0.377183	1	1	
2.01372e-05	-nan	0.377463	0.556005	1	1	1	1	1	1	0.0807308	0.377463	0.377463	1	1	
2.0893e-05	-nan	0.377749	0.556233	1	1	1	1	1	1	0.0807382	0.377749	0.377749	1	1	
2.1677e-05	-nan	0.37804	0.556464	1	1	1	1	1	1	0.0807458	0.37804	0.37804	1	1	
2.24905e-05	-nan	0.378338	0.556698	1	1	1	1	1	1	0.0807536	0.378338	0.378338	1	1	
2.33346e-05	-nan	0.378641	0.556936	1	1	1	1	1	1	0.0807617	0.378641	0.378641	1	1	
2.42103e-05	-nan	0.37895	0.557177	1	1	1	1	1	1	0.08077	0.37895	0.37895	1	1	
2.51189e-05	-nan	0.379266	0.557422	1	1	1	1	1	1	0.0807785	0.379266	0.379266	1	1	
2.60615e-05	-nan	0.379588	0.55767	1	1	1	1	1	1	0.0807872	0.379588	0.379588	1	1	
2.70396e-05	-nan	0.379916	0.557922	1	1	1	1	1	1	0.0807962	0.379916	0.379916	1	1	
2.80543e-05	-nan	0.380251	0.558177	1	1	1	1	1	1	0.0808055	0.380251	0.380251	1	1	
2.91072e-05	-nan	0.380592	0.558437	1	1	1	1	1	1	0.080815	0.380592	0.380592	1	1	
3.01995e-05	-nan	0.380941	0.5587	1	1	1	1	1	1	0.0808248	0.380941	0.380941	1	1	
3.13329e-05	-nan	0.381296	0.558967	1	1	1	1	1	1	0.0808349	0.381296	0.381296	1	1	
3.25087e-05	-nan	0.381659	0.559237	1	1	1	1	1	1	0.0808453	0.381659	0.381659	1	1	
3.37287e-05	-nan	0.382028	0.559512	1	1	1	1	1	1	0.080856	0.382028	0.382028	1	1	
3.49945e-05	-nan	0.382405	0.559791	1	1	1	1	1	1	0.0808669	0.382405	0.382405	1	1	
3.63078e-05	-nan	0.38279	0.560074	1	1	1	1	1	1	0.0808782	0.38279	0.38279	1	1	
3.76704e-05	-nan	0.383182	0.560361	1	1	1	1	1	1	0.0808899	0.383182	0.383182	1	1	
3.90841e-05	-nan	0.383582	0.560652	1	1	1	1	1	1	0.0809018	0.383582	0.383582	1	1	
4.05509e-05	-nan	0.38399	0.560948	1	1	1	1	1	1	0.0809141	0.38399	0.38399	1	1	
4.20727e-05	-nan	0.384406	0.561248	1	1	1	1	1	1	0.0809267	0.384406	0.384406	1	1	
4.36516e-05	-nan	0.38483	0.561552	1	1	1	1	1	1	0.0809398	0.38483	0.38483	1	1	
4.52898e-05	-nan	0.385263	0.561861	1	1	1	1	1	1	0.0809532	0.385263	0.385263	1	1	
4.69894e-05	-nan	0.385705	0.562174	1	1	1	1	1	1	0.0809669	0.385705	0.385705	1	1	
4.87528e-05	-nan	0.386155	0.562492	1	1	1	1	1	1	0.0809811	0.386155	0.386155	1	1	
5.05825e-05	-nan	0.386614	0.562815	1	1	1	1	1	1	0.0809957	0.386614	0.386614	1	1	
5.24807e-05	-nan	0.387083	0.563143	1	1	1	1	1	1	0.0810107	0.387083	0.387083	1	1	
5.44503e-05	-nan	0.38756	0.563475	1	1	1	1	1	1	0.0810261	0.38756	0.38756	1	1	
5.64937e-05	-nan	0.388048	0.563813	1	1	1	1	1	1	0.081042	0.388048	0.388048	1	1	
5.86138e-05	-nan	0.388545	0.564155	1	1	1	1	1	1	0.0810584	0.388545	0.388545	1	1	
6.08135e-05	-nan	0.389051	0.564502	1	1	1	1	1	1	0.0810752	0.389051	0.389051	1	1	
6.30957e-05	-nan	0.389568	0.564855	1	1	1	1	1	1	0.0810925	0.389568	0.389568	1	1	
6.54636e-05	-nan	0.390096	0.565213	1	1	1	1	1	1	0.0811103	0.390096	0.390096	1	1	
6.79204e-05	-nan	0.390633	0.565577	1	1	1	1	1	1	0.0811287	0.390633	0.390633	1	1	
7.04693e-05	-nan	0.391182	0.565945	1	1	1	1	1	1	0.0811475	0.391182	0.391182	1	1	
7.31139e-05	-nan	0.391741	0.56632	1	1	1	1	1	1	0.081167	0.391741	0.391741	1	1	
7.58578e-05	-nan	0.392311	0.5667	1	1	1	1	1	1	0.081187	0.392311	0.392311	1	1	
7.87046e-05	-nan	0.392893	0.567085	1	1	1	1	1	1	0.0812075	0.392893	0.392893	1	1	
8.16582e-05	-nan	0.393486	0.567477	1	1	1	1	1	1	0.0812287	0.393486	0.393486	1	1	
8.47227e-05	-nan	0.394092	0.567874	1	1	1	1	1	1	0.0812505	0.394092	0.394092	1	1	
8.79023e-05	-nan	0.394709	0.568278	1	1	1	1	1	1	0.0812729	0.394709	0.394709	1	1	
9.12011e-05	-nan	0.395338	0.568687	1	1	1	1	1	1	0.081296	0.395338	0.395338	1	1	
9.46237e-05	-nan	0.39598	0.569103	1	1	1	1	1	1	0.0813198	0.39598	0.39598	1	1	
9.81748e-05	-nan	0.396635	0.569525	1	1	1	1	1	1	0.0813442	0.396635	0.396635	1	1	
0.000101859	-nan	0.397302	0.569953	1	1	1	1	1	1	0.0813694	0.397302	0.397302	1	1	
0.000105682	-nan	0.397983	0.570388	1	1	1	1	1	1	0.0813953	0.397983	0.397983	1	1	
0.000109648	-nan	0.398677	0.57083	1	1	1	1	1	1	0.081422	0.398677	0.398677	1	1	
0.000113763	-nan	0.399385	0.571278	1	1	1	1	1	1	0.0814495	0.399385	0.399385	1	1	
0.000118032	-nan	0.400108	0.571733	1	1	1	1	1	1	0.0814778	0.400108	0.400108	1	1	
0.000122462	-nan	0.400844	0.572195	1	1	1	1	1	1	0.0815069	0.400844	0.400844	1	1	
0.000127057	-nan	0.401595	0.572664	1	1	1	1	1	1	0.0815369	0.401595	0.401595	1	1	
0.000131826	-nan	0.402361	0.57314	1	1	1	1	1	1	0.0815677	0.402361	0.402361	1	1	
0.000136773	-nan	0.403142	0.573624	1	1	1	1	1	1	0.0815995	0.403142	0.403142	1	1	
0.000141906	-nan	0.403939	0.574115	1	1	1	1	1	1	0.0816322	0.403939	0.403939	1	1	
0.000147231	-nan	0.404751	0.574613	1	1	1	1	1	1	0.0816659	0.404751	0.404751	1	1	
0.000152757	-nan	0.405579	0.575119	1	1	1	1	1	1	0.0817006	0.405579	0.405579	1	1	
0.000158489	-nan	0.406424	0.575633	1	1	1	1	1	1	0.0817363	0.406424	0.406424	1	1	
0.000164437	-nan	0.407285	0.576155	1	1	1	1	1	1	0.0817731	0.407285	0.407285	1	1	
0.000170608	-nan	0.408163	0.576685	1	1	1	1	1	1	0.081811	0.408163	0.408163	1	1	
0.000177011	-nan	0.409059	0.577223	1	1	1	1	1	1	0.08185	0.409059	0.409059	1	1	
0.000183654	-nan	0.409972	0.577769	1	1	1	1	1	1	0.0818902	0.409972	0.409972	1	1	
0.000190546	-nan	0.410904	0.578324	1	1	1	1	1	1	0.0819315	0.410904	0.410904	1	1	
0.000197697	-nan	0.411853	0.578888	1	1	1	1	1	1	0.0819741	0.411853	0.411853	1	1	
0.000205116	-nan	0.412822	0.57946	1	1	1	1	1	1	0.082018	0.412822	0.412822	1	1	
0.000212814	-nan	0.413809	0.580041	1	1	1	1	1	1	0.0820632	0.413809	0.413809	1	1	
0.0002208	-nan	0.414816	0.580631	1	1	1	1	1	1	0.0821098	0.414816	0.414816	1	1	
0.000229087	-nan	0.415843	0.581231	1	1	1	1	1	1	0.0821577	0.415843	0.415843	1	1	
0.000237684	-nan	0.416889	0.581839	1	1	1	1	1	1	0.0822071	0.416889	0.416889	1	1	
0.000246604	-nan	0.417957	0.582458	1	1	1	1	1	1	0.082258	0.417957	0.417957	1	1	
0.000255859	-nan	0.419045	0.583085	1	1	1	1	1	1	0.0823104	0.419045	0.419045	1	1	
0.000265461	-nan	0.420154	0.583723	1	1	1	1	1	1	0.0823644	0.420154	0.420154	1	1	
0.000275423	-nan	0.421286	0.584371	1	1	1	1	1	1	0.08242	0.421286	0.421286	1	1	
0.000285759	-nan	0.422439	0.585029	1	1	1	1	1	1	0.0824773	0.422439	0.422439	1	1	
0.000296483	-nan	0.423615	0.585697	1	1	1	1	1	1	0.0825364	0.423615	0.423615	1	1	
0.00030761	-nan	0.424814	0.586376	1	1	1	1	1	1	0.0825972	0.424814	0.424814	1	1	
0.000319154	-nan	0.426036	0.587065	1	1	1	1	1	1	0.0826599	0.426036	0.426036	1	1	
0.000331131	-nan	0.427282	0.587765	1	1	1	1	1	1	0.0827244	0.427282	0.427282	1	1	
0.000343558	-nan	0.428552	0.588477	1	1	1	1	1	1	0.082791	0.428552	0.428552	1	1	
0.000356451	-nan	0.429847	0.589199	1	1	1	1	1	1	0.0828595	0.429847	0.429847	1	1	
0.000369828	-nan	0.431167	0.589933	1	1	1	1	1	1	0.0829302	0.431167	0.431167	1	1	
0.000383707	-nan	0.432513	0.590679	1	1	1	1	1	1	0.083003	0.432513	0.432513	1	1	
0.000398107	-nan	0.433885	0.591437	1	1	1	1	1	1	0.083078	0.433885	0.433885	1	1	
0.000413048	-nan	0.435283	0.592206	1	1	1	1	1	1	0.0831553	0.435283	0.435283	1	1	
0.000428549	-nan	0.436708	0.592988	1	1	1	1	1	1	0.083235	0.436708	0.436708	1	1	
0.000444631	-nan	0.438161	0.593782	1	1	1	1	1	1	0.0833172	0.438161	0.438161	1	1	
0.000461318	-nan	0.439642	0.594589	1	1	1	1	1	1	0.0834018	0.439642	0.439642	1	1	
0.00047863	-nan	0.441152	0.595409	1	1	1	1	1	1	0.0834891	0.441152	0.441152	1	1	
0.000496592	-nan	0.44269	0.596242	1	1	1	1	1	1	0.083579	0.44269	0.44269	1	1	
0.000515229	-nan	0.444258	0.597088	1	1	1	1	1	1	0.0836717	0.444258	0.444258	1	1	
0.000534564	-nan	0.445856	0.597948	1	1	1	1	1	1	0.0837673	0.445856	0.445856	1	1	
0.000554626	-nan	0.447484	0.598821	1	1	1	1	1	1	0.0838659	0.447484	0.447484	1	1	
0.00057544	-nan	0.449143	0.599709	1	1	1	1	1	1	0.0839675	0.449143	0.449143	1	1	
0.000597035	-nan	0.450834	0.600611	1	1	1	1	1	1	0.0840722	0.450834	0.450834	1	1	
0.000619441	-nan	0.452558	0.601527	1	1	1	1	1	1	0.0841802	0.452558	0.452558	1	1	
0.000642688	-nan	0.454314	0.602458	1	1	1	1	1	1	0.0842915	0.454314	0.454314	1	1	
0.000666807	-nan	0.456103	0.603405	1	1	1	1	1	1	0.0844063	0.456103	0.456103	1	1	
0.000691831	-nan	0.457926	0.604366	1	1	1	1	1	1	0.0845247	0.457926	0.457926	1	1	
0.000717794	-nan	0.459783	0.605343	1	1	1	1	1	1	0.0846468	0.459783	0.459783	1	1	
0.000744732	-nan	0.461675	0.606336	1	1	1	1	1	1	0.0847727	0.461675	0.461675	1	1	
0.000772681	-nan	0.463603	0.607345	1	1	1	1	1	1	0.0849026	0.463603	0.463603	1	1	
0.000801678	-nan	0.465567	0.60837	1	1	1	1	1	1	0.0850365	0.465567	0.465567	1	1	
0.000831764	-nan	0.467567	0.609412	1	1	1	1	1	1	0.0851746	0.467567	0.467567	1	1	
0.000862979	-nan	0.469605	0.610471	1	1	1	1	1	1	0.0853171	0.469605	0.469605	1	1	
0.000895365	-nan	0.47168	0.611547	1	1	1	1	1	1	0.0854641	0.47168	0.47168	1	1	
0.000928966	-nan	0.473794	0.612641	1	1	1	1	1	1	0.0856157	0.473794	0.473794	1	1	
0.000963829	-nan	0.475947	0.613752	1	1	1	1	1	1	0.0857721	0.475947	0.475947	1	1	
0.001	-nan	0.47814	0.614882	1	1	1	1	1	1	0.0859335	0.47814	0.47814	1	1	
0.00103753	-nan	0.480372	0.61603	1	1	1	1	1	1	0.0861	0.480372	0.480372	1	1	
0.00107647	-nan	0.482646	0.617198	1	1	1	1	1	1	0.0862717	0.482646	0.482646	1	1	
0.00111686	-nan	0.484961	0.618384	1	1	1	1	1	1	0.086449	0.484961	0.484961	1	1	
0.00115878	-nan	0.487317	0.619589	1	1	1	1	1	1	0.0866319	0.487317	0.487317	1	1	
0.00120226	-nan	0.489717	0.620815	1	1	1	1	1	1	0.0868206	0.489717	0.489717	1	1	
0.00124738	-nan	0.492159	0.622061	1	1	1	1	1	1	0.0870154	0.492159	0.492159	1	1	
0.0012942	-nan	0.494645	0.623327	1	1	1	1	1	1	0.0872164	0.494645	0.494645	1	1	
0.00134276	-nan	0.497176	0.624614	1	1	1	1	1	1	0.0874239	0.497176	0.497176	1	1	
0.00139316	-nan	0.499751	0.625922	1	1	1	1	1	1	0.0876381	0.499751	0.499751	1	1	
0.00144544	-nan	0.502372	0.627252	1	1	1	1	1	1	0.0878592	0.502372	0.502372	1	1	
0.00149968	-nan	0.505039	0.628604	1	1	1	1	1	1	0.0880874	0.505039	0.505039	1	1	
0.00155597	-nan	0.507753	0.629979	1	1	1	1	1	1	0.088323	0.507753	0.507753	1	1	
0.00161436	-nan	0.510514	0.631376	1	1	1	1	1	1	0.0885663	0.510514	0.510514	1	1	
0.00167494	-nan	0.513323	0.632796	1	1	1	1	1	1	0.0888175	0.513323	0.513323	1	1	
0.0017378	-nan	0.51618	0.63424	1	1	1	1	1	1	0.0890768	0.51618	0.51618	1	1	
0.00180302	-nan	0.519086	0.635708	1	1	1	1	1	1	0.0893447	0.519086	0.519086	1	1	
0.00187068	-nan	0.522041	0.637201	1	1	1	1	1	1	0.0896213	0.522041	0.522041	1	1	
0.00194089	-nan	0.525046	0.638718	1	1	1	1	1	1	0.0899069	0.525046	0.525046	1	1	
0.00201372	-nan	0.528102	0.640261	1	1	1	1	1	1	0.090202	0.528102	0.528102	1	1	
0.0020893	-nan	0.531209	0.641829	1	1	1	1	1	1	0.0905068	0.531209	0.531209	1	1	
0.0021677	-nan	0.534367	0.643424	1	1	1	1	1	1	0.0908216	0.534367	0.534367	1	1	
0.00224905	-nan	0.537577	0.645046	1	1	1	1	1	1	0.0911468	0.537577	0.537577	1	1	
0.00233346	-nan	0.540839	0.646694	1	1	1	1	1	1	0.0914829	0.540839	0.540839	1	1	
0.00242103	-nan	0.544154	0.648371	1	1	1	1	1	1	0.0918301	0.544154	0.544154	1	1	
0.00251189	-nan	0.547522	0.650076	1	1	1	1	1	1	0.0921889	0.547522	0.547522	1	1	
0.00260615	-nan	0.550943	0.651809	1	1	1	1	1	1	0.0925597	0.550943	0.550943	1	1	
0.00270396	-nan	0.554419	0.653571	1	1	1	1	1	1	0.0929429	0.554419	0.554419	1	1	
0.00280543	-nan	0.557948	0.655364	1	1	1	1	1	1	0.0933389	0.557948	0.557948	1	1	
0.00291072	-nan	0.561533	0.657186	1	1	1	1	1	1	0.0937483	0.561533	0.561533	1	1	
0.00301995	-nan	0.565172	0.65904	1	1	1	1	1	1	0.0941715	0.565172	0.565172	1	1	
0.00313329	-nan	0.568866	0.660924	1	1	1	1	1	1	0.0946091	0.568866	0.568866	1	1	
0.00325087	-nan	0.572615	0.662841	1	1	1	1	1	1	0.0950614	0.572615	0.572615	1	1	
0.00337287	-nan	0.57642	0.66479	1	1	1	1	1	1	0.0955292	0.57642	0.57642	1	1	
0.00349945	-nan	0.58028	0.666772	1	1	1	1	1	1	0.0960129	0.58028	0.58028	1	1	
0.00363078	-nan	0.584196	0.668788	1	1	1	1	1	1	0.0965132	0.584196	0.584196	1	1	
0.00376704	-nan	0.588168	0.670839	1	1	1	1	1	1	0.0970306	0.588168	0.588168	1	1	
0.00390841	-nan	0.592195	0.672924	1	1	1	1	1	1	0.0975658	0.592195	0.592195	1	1	
0.00405509	-nan	0.596279	0.675045	1	1	1	1	1	1	0.0981195	0.596279	0.596279	1	1	
0.00420727	-nan	0.600418	0.677202	1	1	1	1	1	1	0.0986924	0.600418	0.600418	1	1	
0.00436516	-nan	0.604613	0.679396	1	1	1	1	1	1	0.0992851	0.604613	0.604613	1	1	
0.00452898	-nan	0.608863	0.681628	1	1	1	1	1	1	0.0998985	0.608863	0.608863	1	1	
0.00469894	-nan	0.613168	0.683898	1	1	1	1	1	1	0.100533	0.613168	0.613168	1	1	
0.00487528	-nan	0.617529	0.686207	1	1	1	1	1	1	0.10119	0.617529	0.617529	1	1	
0.00505825	-nan	0.621944	0.688555	1	1	1	1	1	1	0.10187	0.621944	0.621944	1	1	
0.00524807	-nan	0.626413	0.690944	1	1	1	1	1	1	0.102574	0.626413	0.626413	1	1	
0.00544503	-nan	0.630937	0.693374	1	1	1	1	1	1	0.103303	0.630937	0.630937	1	1	
0.00564937	-nan	0.635513	0.695846	1	1	1	1	1	1	0.104058	0.635513	0.635513	1	1	
0.00586138	-nan	0.640143	0.698361	1	1	1	1	1	1	0.10484	0.640143	0.640143	1	1	
0.00608135	-nan	0.644825	0.70092	1	1	1	1	1	1	0.10565	0.644825	0.644825	1	1	
0.00630957	-nan	0.649558	0.703522	1	1	1	1	1	1	0.106488	0.649558	0.649558	1	1	
0.00654636	-nan	0.654342	0.70617	1	1	1	1	1	1	0.107357	0.654342	0.654342	1	1	
0.00679204	-nan	0.659176	0.708864	1	1	1	1	1	1	0.108257	0.659176	0.659176	1	1	
0.00704693	-nan	0.664059	0.711605	1	1	1	1	1	1	0.10919	0.664059	0.664059	1	1	
0.00731139	-nan	0.668991	0.714393	1	1	1	1	1	1	0.110156	0.668991	0.668991	1	1	
0.00758578	-nan	0.673969	0.71723	1	1	1	1	1	1	0.111158	0.673969	0.673969	1	1	
0.00787046	-nan	0.678993	0.720117	1	1	1	1	1	1	0.112197	0.678993	0.678993	1	1	
0.00816582	-nan	0.684062	0.723054	1	1	1	1	1	1	0.113273	0.684062	0.684062	1	1	
0.00847227	-nan	0.689175	0.726043	1	1	1	1	1	1	0.11439	0.689175	0.689175	1	1	
0.00879023	-nan	0.69433	0.729084	1	1	1	1	1	1	0.115547	0.69433	0.69433	1	1	
0.00912011	-nan	0.699525	0.732179	1	1	1	1	1	1	0.116748	0.699525	0.699525	1	1	
0.00946237	-nan	0.70476	0.735328	1	1	1	1	1	1	0.117993	0.70476	0.70476	1	1	
0.00981748	-nan	0.710032	0.738532	1	1	1	1	1	1	0.119285	0.710032	0.710032	1	1	
0.0101859	-nan	0.715341	0.741794	1	1	1	1	1	1	0.120625	0.715341	0.715341	1	1	
0.0105682	-nan	0.720683	0.745113	1	1	1	1	1	1	0.122016	0.720683	0.720683	1	1	
0.0109648	-nan	0.726058	0.748491	1	1	1	1	1	1	0.123459	0.726058	0.726058	1	1	
0.0113763	-nan	0.731464	0.751928	1	1	1	1	1	1	0.124958	0.731464	0.731464	1	1	
0.0118032	-nan	0.736898	0.755427	1	1	1	1	1	1	0.126513	0.736898	0.736898	1	1	
0.0122462	-nan	0.742358	0.758989	1	1	1	1	1	1	0.128128	0.742358	0.742358	1	1	
0.0127057	-nan	0.747843	0.762614	1	1	1	1	1	1	0.129805	0.747843	0.747843	1	1	
0.0131826	-nan	0.75335	0.766304	1	1	1	1	1	1	0.131546	0.75335	0.75335	1	1	
0.0136773	-nan	0.758877	0.770059	1	1	1	1	1	1	0.133355	0.758877	0.758877	1	1	
0.0141906	-nan	0.764421	0.773883	1	1	1	1	1	1	0.135234	0.764421	0.764421	1	1	
0.0147231	-nan	0.76998	0.777775	1	1	1	1	1	1	0.137187	0.76998	0.76998	1	1	
0.0152757	-nan	0.775551	0.781738	1	1	1	1	1	1	0.139215	0.775551	0.775551	1	1	
0.0158489	-nan	0.781133	0.785772	1	1	1	1	1	1	0.141324	0.781133	0.781133	1	1	
0.0164437	-nan	0.786721	0.789879	1	1	1	1	1	1	0.143515	0.786721	0.786721	1	1	
0.0170608	-nan	0.792314	0.794061	1	1	1	1	1	1	0.145794	0.792314	0.792314	1	1	
0.0177011	-nan	0.797909	0.798319	1	1	1	1	1	1	0.148162	0.797909	0.797909	1	1	
0.0183654	-nan	0.803503	0.802654	1	1	1	1	1	1	0.150625	0.803503	0.803503	1	1	
0.0190546	-nan	0.809093	0.807069	1	1	1	1	1	1	0.153187	0.809093	0.809093	1	1	
0.0197697	-nan	0.814675	0.811565	1	1	1	1	1	1	0.155851	0.814675	0.814675	1	1	
0.0205116	-nan	0.820248	0.816143	1	1	1	1	1	1	0.158623	0.820248	0.820248	1	1	
0.0212814	-nan	0.825808	0.820806	1	1	1	1	1	1	0.161506	0.825808	0.825808	1	1	
0.02208	-nan	0.831351	0.825554	1	1	1	1	1	1	0.164506	0.831351	0.831351	1	1	
0.0229087	-nan	0.836876	0.830391	1	1	1	1	1	1	0.167629	0.836876	0.836876	1	1	
0.0237684	-nan	0.842378	0.835317	1	1	1	1	1	1	0.170878	0.842378	0.842378	1	1	
0.0246604	-nan	0.847855	0.840336	1	1	1	1	1	1	0.17426	0.847855	0.847855	1	1	
0.0255859	-nan	0.853303	0.845447	1	1	1	1	1	1	0.177781	0.853303	0.853303	1	1	
0.0265461	-nan	0.858719	0.850655	1	1	1	1	1	1	0.181446	0.858719	0.858719	1	1	
0.0275423	-nan	0.8641	0.85596	1	1	1	1	1	1	0.185263	0.8641	0.8641	1	1	
0.0285759	-nan	0.869442	0.861365	1	1	1	1	1	1	0.189236	0.869442	0.869442	1	1	
0.0296483	-nan	0.874743	0.866872	1	1	1	1	1	1	0.193375	0.874743	0.874743	1	1	
0.030761	-nan	0.879999	0.872483	1	1	1	1	1	1	0.197685	0.879999	0.879999	1	1	
0.0319154	-nan	0.885207	0.878201	1	1	1	1	1	1	0.202173	0.885207	0.885207	1	1	
0.0331131	-nan	0.890364	0.884027	1	1	1	1	1	1	0.206849	0.890364	0.890364	1	1	
0.0343558	-nan	0.895466	0.889965	1	1	1	1	1	1	0.211719	0.895466	0.895466	1	1	
0.0356451	-nan	0.90051	0.896016	1	1	1	1	1	1	0.216792	0.90051	0.90051	1	1	
0.0369828	-nan	0.905493	0.902184	1	1	1	1	1	1	0.222077	0.905493	0.905493	1	1	
0.0383707	-nan	0.910412	0.908471	1	1	1	1	1	1	0.227582	0.910412	0.910412	1	1	
0.0398107	-nan	0.915263	0.914879	1	1	1	1	1	1	0.233317	0.915263	0.915263	1	1	
0.0413048	-nan	0.920044	0.921411	1	1	1	1	1	1	0.239292	0.920044	0.920044	1	1	
0.0428549	-nan	0.924752	0.928071	1	1	1	1	1	1	0.245516	0.924752	0.924752	1	1	
0.0444631	-nan	0.929383	0.93486	1	1	1	1	1	1	0.251999	0.929383	0.929383	1	1	
0.0461318	-nan	0.933935	0.941782	1	1	1	1	1	1	0.258753	0.933935	0.933935	1	1	
0.047863	-nan	0.938404	0.94884	1	1	1	1	1	1	0.265787	0.938404	0.938404	1	1	
0.0496592	-nan	0.942788	0.956037	1	1	1	1	1	1	0.273114	0.942788	0.942788	1	1	
0.0515229	-nan	0.947085	0.963376	1	1	1	1	1	1	0.280745	0.947085	0.947085	1	1	
0.0534564	-nan	0.95129	0.97086	1	1	1	1	1	1	0.28869	0.95129	0.95129	1	1	
0.0554626	-nan	0.955402	0.978493	1	1	1	1	1	1	0.296964	0.955402	0.955402	1	1	
0.057544	-nan	0.959417	0.986278	1	1	1	1	1	1	0.305576	0.959417	0.959417	1	1	
0.0597035	-nan	0.963334	0.994218	1	1	1	1	1	1	0.314541	0.963334	0.963334	1	1	
0.0619441	-nan	0.96715	1.00232	1	1	1	1	1	1	0.323871	0.96715	0.96715	1	1	
0.0642688	-nan	0.970862	1.01058	1	1	1	1	1	1	0.333579	0.970862	0.970862	1	1	
0.0666807	-nan	0.974468	1.01901	1	1	1	1	1	1	0.343677	0.974468	0.974468	1	1	
0.0691831	-nan	0.977967	1.0276	1	1	1	1	1	1	0.354179	0.977967	0.977967	1	1	
0.0717794	-nan	0.981354	1.03638	1	1	1	1	1	1	0.365099	0.981354	0.981354	1	1	
0.0744732	-nan	0.98463	1.04533	1	1	1	1	1	1	0.376449	0.98463	0.98463	1	1	
0.0772681	-nan	0.98779	1.05446	1	1	1	1	1	1	0.388243	0.98779	0.98779	1	1	
0.0801678	-nan	0.990835	1.06377	1	1	1	1	1	1	0.400493	0.990835	0.990835	1	1	
0.0831764	-nan	0.993761	1.07328	1	1	1	1	1	1	0.413214	0.993761	0.993761	1	1	
0.0862979	-nan	0.996567	1.08298	1	1	1	1	1	1	0.426418	0.996567	0.996567	1	1	
0.0895365	-nan	0.999251	1.09288	1	1	1	1	1	1	0.440117	0.999251	0.999251	1	1	
0.0928966	-nan	1.00181	1.10298	1	1	1	1	1	1	0.454325	1.00181	1.00181	1	1	
0.0963829	-nan	1.00425	1.11329	1	1	1	1	1	1	0.469052	1.00425	1.00425	1	1	
0.1	-nan	1.00656	1.12381	1	1	1	1	1	1	0.484311	1.00656	1.00656	1	1	
0.103614	-nan	1.00866	1.13416	1	1	1	1	1	1	0.499531	1.00866	1.00866	1	1	
0.107229	-nan	1.01058	1.14434	1	1	1	1	1	1	0.514716	1.01058	1.01058	1	1	
0.110843	-nan	1.01233	1.15438	1	1	1	1	1	1	0.52986	1.01233	1.01233	1	1	
0.114458	-nan	1.01392	1.16426	1	1	1	1	1	1	0.544959	1.01392	1.01392	1	1	
0.118072	-nan	1.01536	1.17401	1	1	1	1	1	1	0.560006	1.01536	1.01536	1	1	
0.121687	-nan	1.01668	1.18363	1	1	1	1	1	1	0.574997	1.01668	1.01668	1	1	
0.125301	-nan	1.01786	1.19312	1	1	1	1	1	1	0.589928	1.01786	1.01786	1	1	
0.128916	-nan	1.01894	1.20249	1	1	1	1	1	1	0.604795	1.01894	1.01894	1	1	
0.13253	-nan	1.0199	1.21174	1	1	1	1	1	1	0.619593	1.0199	1.0199	1	1	
0.136145	-nan	1.02077	1.22088	1	1	1	1	1	1	0.63432	1.02077	1.02077	1	1	
0.139759	-nan	1.02155	1.22992	1	1	1	1	1	1	0.648973	1.02155	1.02155	1	1	
0.143373	-nan	1.02224	1.23885	1	1	1	1	1	1	0.663548	1.02224	1.02224	1	1	
0.146988	-nan	1.02285	1.24768	1	1	1	1	1	1	0.678043	1.02285	1.02285	1	1	
0.150602	-nan	1.02338	1.25641	1	1	1	1	1	1	0.692457	1.02338	1.02338	1	1	
0.154217	-nan	1.02384	1.26505	1	1	1	1	1	1	0.706787	1.02384	1.02384	1	1	
0.157831	-nan	1.02424	1.27361	1	1	1	1	1	1	0.721032	1.02424	1.02424	1	1	
0.161446	-nan	1.02458	1.28207	1	1	1	1	1	1	0.735189	1.02458	1.02458	1	1	
0.16506	-nan	1.02486	1.29045	1	1	1	1	1	1	0.749259	1.02486	1.02486	1	1	
0.168675	-nan	1.02508	1.29875	1	1	1	1	1	1	0.763239	1.02508	1.02508	1	1	
0.172289	-nan	1.02526	1.30697	1	1	1	1	1	1	0.777129	1.02526	1.02526	1	1	
0.175904	-nan	1.02539	1.31512	1	1	1	1	1	1	0.790929	1.02539	1.02539	1	1	
0.179518	-nan	1.02547	1.32319	1	1	1	1	1	1	0.804638	1.02547	1.02547	1	1	
0.183133	-nan	1.02551	1.33119	1	1	1	1	1	1	0.818255	1.02551	1.02551	1	1	
0.186747	-nan	1.02551	1.33912	1	1	1	1	1	1	0.831781	1.02551	1.02551	1	1	
0.190361	-nan	1.02547	1.34698	1	1	1	1	1	1	0.845215	1.02547	1.02547	1	1	
0.193976	-nan	1.0254	1.35478	1	1	1	1	1	1	0.858558	1.0254	1.0254	1	1	
0.19759	-nan	1.0253	1.36251	1	1	1	1	1	1	0.87181	1.0253	1.0253	1	1	
0.201205	-nan	1.02516	1.37018	1	1	1	1	1	1	0.884971	1.02516	1.02516	1	1	
0.204819	-nan	1.02499	1.37779	1	1	1	1	1	1	0.898042	1.02499	1.02499	1	1	
0.208434	-nan	1.0248	1.38534	1	1	1	1	1	1	0.911024	1.0248	1.0248	1	1	
0.212048	-nan	1.02458	1.39284	1	1	1	1	1	1	0.923917	1.02458	1.02458	1	1	
0.215663	-nan	1.02433	1.40028	1	1	1	1	1	1	0.936722	1.02433	1.02433	1	1	
0.219277	-nan	1.02407	1.40766	1	1	1	1	1	1	0.94944	1.02407	1.02407	1	1	
0.222892	-nan	1.02378	1.41499	1	1	1	1	1	1	0.962072	1.02378	1.02378	1	1	
0.226506	-nan	1.02346	1.42227	1	1	1	1	1	1	0.97462	1.02346	1.02346	1	1	
0.23012	-nan	1.02313	1.4295	1	1	1	1	1	1	0.987084	1.02313	1.02313	1	1	
0.233735	-nan	1.02278	1.43668	1	1	1	1	1	1	0.999466	1.02278	1.02278	1	1	
0.237349	-nan	1.02242	1.44381	1	1	1	1	1	1	1.01177	1.02242	1.02242	1	1	
0.240964	-nan	1.02203	1.4509	1	1	1	1	1	1	1.02399	1.02203	1.02203	1	1	
0.244578	-nan	1.02163	1.45794	1	1	1	1	1	1	1.03613	1.02163	1.02163	1	1	
0.248193	-nan	1.02122	1.46494	1	1	1	1	1	1	1.0482	1.02122	1.02122	1	1	
0.251807	-nan	1.02079	1.47189	1	1	1	1	1	1	1.06019	1.02079	1.02079	1	1	
0.255422	-nan	1.02035	1.47881	1	1	1	1	1	1	1.0721	1.02035	1.02035	1	1	
0.259036	-nan	1.01989	1.48568	1	1	1	1	1	1	1.08395	1.01989	1.01989	1	1	
0.262651	-nan	1.01943	1.49251	1	1	1	1	1	1	1.09572	1.01943	1.01943	1	1	
0.266265	-nan	1.01895	1.4993	1	1	1	1	1	1	1.10743	1.01895	1.01895	1	1	
0.26988	-nan	1.01846	1.50605	1	1	1	1	1	1	1.11907	1.01846	1.01846	1	1	
0.273494	-nan	1.01796	1.51277	1	1	1	1	1	1	1.13064	1.01796	1.01796	1	1	
0.277108	-nan	1.01746	1.51945	1	1	1	1	1	1	1.14216	1.01746	1.01746	1	1	
0.280723	-nan	1.01694	1.52609	1	1	1	1	1	1	1.1536	1.01694	1.01694	1	1	
0.284337	-nan	1.01642	1.5327	1	1	1	1	1	1	1.16499	1.01642	1.01642	1	1	
0.287952	-nan	1.01588	1.53928	1	1	1	1	1	1	1.17633	1.01588	1.01588	1	1	
0.291566	-nan	1.01534	1.54582	1	1	1	1	1	1	1.1876	1.01534	1.01534	1	1	
0.295181	-nan	1.0148	1.55233	1	1	1	1	1	1	1.19882	1.0148	1.0148	1	1	
0.298795	-nan	1.01424	1.55881	1	1	1	1	1	1	1.20999	1.01424	1.01424	1	1	
0.30241	-nan	1.01368	1.56526	1	1	1	1	1	1	1.22111	1.01368	1.01368	1	1	
0.306024	-nan	1.01312	1.57168	1	1	1	1	1	1	1.23218	1.01312	1.01312	1	1	
0.309639	-nan	1.01255	1.57807	1	1	1	1	1	1	1.24321	1.01255	1.01255	1	1	
0.313253	-nan	1.01197	1.58443	1	1	1	1	1	1	1.25419	1.01197	1.01197	1	1	
0.316867	-nan	1.01139	1.59076	1	1	1	1	1	1	1.26513	1.01139	1.01139	1	1	
0.320482	-nan	1.01081	1.59707	1	1	1	1	1	1	1.27602	1.01081	1.01081	1	1	
0.324096	-nan	1.01022	1.60335	1	1	1	1	1	1	1.28688	1.01022	1.01022	1	1	
0.327711	-nan	1.00963	1.6096	1	1	1	1	1	1	1.2977	1.00963	1.00963	1	1	
0.331325	-nan	1.00904	1.61583	1	1	1	1	1	1	1.30848	1.00904	1.00904	1	1	
0.33494	-nan	1.00844	1.62203	1	1	1	1	1	1	1.31924	1.00844	1.00844	1	1	
0.338554	-nan	1.00784	1.62821	1	1	1	1	1	1	1.32996	1.00784	1.00784	1	1	
0.342169	-nan	1.00723	1.63436	1	1	1	1	1	1	1.34065	1.00723	1.00723	1	1	
0.345783	-nan	1.00662	1.64049	1	1	1	1	1	1	1.35131	1.00662	1.00662	1	1	
0.349398	-nan	1.00602	1.6466	1	1	1	1	1	1	1.36195	1.00602	1.00602	1	1	
0.353012	-nan	1.00541	1.65269	1	1	1	1	1	1	1.37256	1.00541	1.00541	1	1	
0.356627	-nan	1.00479	1.65876	1	1	1	1	1	1	1.38315	1.00479	1.00479	1	1	
0.360241	-nan	1.00418	1.6648	1	1	1	1	1	1	1.39371	1.00418	1.00418	1	1	
0.363855	-nan	1.00356	1.67082	1	1	1	1	1	1	1.40426	1.00356	1.00356	1	1	
0.36747	-nan	1.00295	1.67683	1	1	1	1	1	1	1.4148	1.00295	1.00295	1	1	
0.371084	-nan	1.00233	1.68281	1	1	1	1	1	1	1.42531	1.00233	1.00233	1	1	
0.374699	-nan	1.00171	1.68878	1	1	1	1	1	1	1.43581	1.00171	1.00171	1	1	
0.378313	-nan	1.00109	1.69472	1	1	1	1	1	1	1.4463	1.00109	1.00109	1	1	
0.381928	-nan	1.00047	1.70065	1	1	1	1	1	1	1.45677	1.00047	1.00047	1	1	
0.385542	-nan	0.99985	1.70656	1	1	1	1	1	1	1.46724	0.99985	0.99985	1	1	
0.389157	-nan	0.999229	1.71246	1	1	1	1	1	1	1.4777	0.999229	0.999229	1	1	
0.392771	-nan	0.998608	1.71834	1	1	1	1	1	1	1.48815	0.998608	0.998608	1	1	
0.396386	-nan	0.997987	1.7242	1	1	1	1	1	1	1.49859	0.997987	0.997987	1	1	
0.4	-nan	0.997366	1.73004	1	1	1	1	1	1	1.50903	0.997366	0.997366	1	1	
0.403614	-nan	0.996746	1.73587	1	1	1	1	1	1	1.51946	0.996746	0.996746	1	1	
0.407229	-nan	0.996125	1.74168	1	1	1	1	1	1	1.5299	0.996125	0.996125	1	1	
0.410843	-nan	0.995505	1.74748	1	1	1	1	1	1	1.54033	0.995505	0.995505	1	1	
0.414458	-nan	0.994886	1.75327	1	1	1	1	1	1	1.55076	0.994886	0.994886	1	1	
0.418072	-nan	0.994267	1.75904	1	1	1	1	1	1	1.56119	0.994267	0.994267	1	1	
0.421687	-nan	0.993649	1.76479	1	1	1	1	1	1	1.57162	0.993649	0.993649	1	1	
0.425301	-nan	0.993032	1.77053	1	1	1	1	1	1	1.58205	0.993032	0.993032	1	1	
0.428916	-nan	0.992416	1.77626	1	1	1	1	1	1	1.59249	0.992416	0.992416	1	1	
0.43253	-nan	0.991801	1.78198	1	1	1	1	1	1	1.60293	0.991801	0.991801	1	1	
0.436145	-nan	0.991187	1.78768	1	1	1	1	1	1	1.61337	0.991187	0.991187	1	1	
0.439759	-nan	0.990574	1.79338	1	1	1	1	1	1	1.62382	0.990574	0.990574	1	1	
0.443373	-nan	0.989962	1.79906	1	1	1	1	1	1	1.63427	0.989962	0.989962	1	1	
0.446988	-nan	0.989351	1.80473	1	1	1	1	1	1	1.64473	0.989351	0.989351	1	1	
0.450602	-nan	0.988742	1.81038	1	1	1	1	1	1	1.65519	0.988742	0.988742	1	1	
0.454217	-nan	0.988135	1.81603	1	1	1	1	1	1	1.66566	0.988135	0.988135	1	1	
0.457831	-nan	0.987529	1.82167	1	1	1	1	1	1	1.67613	0.987529	0.987529	1	1	
0.461446	-nan	0.986924	1.82729	1	1	1	1	1	1	1.68661	0.986924	0.986924	1	1	
0.46506	-nan	0.986322	1.83291	1	1	1	1	1	1	1.69709	0.986322	0.986322	1	1	
0.468675	-nan	0.985721	1.83851	1	1	1	1	1	1	1.70758	0.985721	0.985721	1	1	
0.472289	-nan	0.985121	1.84411	1	1	1	1	1	1	1.71808	0.985121	0.985121	1	1	
0.475904	-nan	0.984524	1.8497	1	1	1	1	1	1	1.72858	0.984524	0.984524	1	1	
0.479518	-nan	0.983928	1.85527	1	1	1	1	1	1	1.73908	0.983928	0.983928	1	1	
0.483133	-nan	0.983334	1.86084	1	1	1	1	1	1	1.74959	0.983334	0.983334	1	1	
0.486747	-nan	0.982742	1.8664	1	1	1	1	1	1	1.7601	0.982742	0.982742	1	1	
0.490361	-nan	0.982153	1.87196	1	1	1	1	1	1	1.77062	0.982153	0.982153	1	1	
0.493976	-nan	0.981565	1.8775	1	1	1	1	1	1	1.78113	0.981565	0.981565	1	1	
0.49759	-nan	0.980979	1.88304	1	1	1	1	1	1	1.79165	0.980979	0.980979	1	1	
0.501205	-nan	0.980396	1.88856	1	1	1	1	1	1	1.80216	0.980396	0.980396	1	1	
0.504819	-nan	0.979814	1.89409	1	1	1	1	1	1	1.81268	0.979814	0.979814	1	1	
0.508434	-nan	0.979235	1.8996	1	1	1	1	1	1	1.82319	0.979235	0.979235	1	1	
0.512048	-nan	0.978658	1.90511	1	1	1	1	1	1	1.8337	0.978658	0.978658	1	1	
0.515663	-nan	0.978083	1.91061	1	1	1	1	1	1	1.84421	0.978083	0.978083	1	1	
0.519277	-nan	0.977511	1.9161	1	1	1	1	1	1	1.85471	0.977511	0.977511	1	1	
0.522892	-nan	0.976941	1.92158	1	1	1	1	1	1	1.8652	0.976941	0.976941	1	1	
0.526506	-nan	0.976373	1.92706	1	1	1	1	1	1	1.87569	0.976373	0.976373	1	1	
0.53012	-nan	0.975808	1.93254	1	1	1	1	1	1	1.88616	0.975808	0.975808	1	1	
0.533735	-nan	0.975245	1.93801	1	1	1	1	1	1	1.89662	0.975245	0.975245	1	1	
0.537349	-nan	0.974685	1.94347	1	1	1	1	1	1	1.90707	0.974685	0.974685	1	1	
0.540964	-nan	0.974127	1.94893	1	1	1	1	1	1	1.91751	0.974127	0.974127	1	1	
0.544578	-nan	0.973571	1.95438	1	1	1	1	1	1	1.92792	0.973571	0.973571	1	1	
0.548193	-nan	0.973019	1.95982	1	1	1	1	1	1	1.93832	0.973019	0.973019	1	1	
0.551807	-nan	0.972468	1.96527	1	1	1	1	1	1	1.9487	0.972468	0.972468	1	1	
0.555422	-nan	0.97192	1.9707	1	1	1	1	1	1	1.95906	0.97192	0.97192	1	1	
0.559036	-nan	0.971375	1.97613	1	1	1	1	1	1	1.96939	0.971375	0.971375	1	1	
0.562651	-nan	0.970832	1.98156	1	1	1	1	1	1	1.9797	0.970832	0.970832	1	1	
0.566265	-nan	0.970292	1.98698	1	1	1	1	1	1	1.98997	0.970292	0.970292	1	1	
0.56988	-nan	0.969755	1.9924	1	1	1	1	1	1	2.00022	0.969755	0.969755	1	1	
0.573494	-nan	0.96922	1.99781	1	1	1	1	1	1	2.01044	0.96922	0.96922	1	1	
0.577108	-nan	0.968688	2.00322	1	1	1	1	1	1	2.02062	0.968688	0.968688	1	1	
0.580723	-nan	0.968159	2.00863	1	1	1	1	1	1	2.03076	0.968159	0.968159	1	1	
0.584337	-nan	0.967632	2.01403	1	1	1	1	1	1	2.04087	0.967632	0.967632	1	1	
0.587952	-nan	0.967108	2.01943	1	1	1	1	1	1	2.05094	0.967108	0.967108	1	1	
0.591566	-nan	0.966587	2.02482	1	1	1	1	1	1	2.06096	0.966587	0.966587	1	1	
0.595181	-nan	0.966068	2.03022	1	1	1	1	1	1	2.07094	0.966068	0.966068	1	1	
0.598795	-nan	0.965552	2.0356	1	1	1	1	1	1	2.08088	0.965552	0.965552	1	1	
0.60241	-nan	0.965039	2.04099	1	1	1	1	1	1	2.09076	0.965039	0.965039	1	1	
0.606024	-nan	0.964529	2.04637	1	1	1	1	1	1	2.1006	0.964529	0.964529	1	1	
0.609639	-nan	0.964021	2.05175	1	1	1	1	1	1	2.11038	0.964021	0.964021	1	1	
0.613253	-nan	0.963517	2.05712	1	1	1	1	1	1	2.12011	0.963517	0.963517	1	1	
0.616867	-nan	0.963015	2.06249	1	1	1	1	1	1	2.12978	0.963015	0.963015	1	1	
0.620482	-nan	0.962516	2.06786	1	1	1	1	1	1	2.13939	0.962516	0.962516	1	1	
0.624096	-nan	0.962019	2.07323	1	1	1	1	1	1	2.14895	0.962019	0.962019	1	1	
0.627711	-nan	0.961526	2.0786	1	1	1	1	1	1	2.15844	0.961526	0.961526	1	1	
0.631325	-nan	0.961035	2.08396	1	1	1	1	1	1	2.16787	0.961035	0.961035	1	1	
0.63494	-nan	0.960547	2.08932	1	1	1	1	1	1	2.17723	0.960547	0.960547	1	1	
0.638554	-nan	0.960062	2.09467	1	1	1	1	1	1	2.18653	0.960062	0.960062	1	1	
0.642169	-nan	0.95958	2.10003	1	1	1	1	1	1	2.19576	0.95958	0.95958	1	1	
0.645783	-nan	0.959101	2.10538	1	1	1	1	1	1	2.20491	0.959101	0.959101	1	1	
0.649398	-nan	0.958624	2.11073	1	1	1	1	1	1	2.214	0.958624	0.958624	1	1	
0.653012	-nan	0.958151	2.11608	1	1	1	1	1	1	2.22301	0.958151	0.958151	1	1	
0.656627	-nan	0.95768	2.12143	1	1	1	1	1	1	2.23195	0.95768	0.95768	1	1	
0.660241	-nan	0.957212	2.12677	1	1	1	1	1	1	2.24082	0.957212	0.957212	1	1	
0.663855	-nan	0.956747	2.13212	1	1	1	1	1	1	2.24961	0.956747	0.956747	1	1	
0.66747	-nan	0.956285	2.13746	1	1	1	1	1	1	2.25831	0.956285	0.956285	1	1	
0.671084	-nan	0.955825	2.1428	1	1	1	1	1	1	2.26694	0.955825	0.955825	1	1	
0.674699	-nan	0.955369	2.14813	1	1	1	1	1	1	2.27549	0.955369	0.955369	1	1	
0.678313	-nan	0.954915	2.15347	1	1	1	1	1	1	2.28396	0.954915	0.954915	1	1	
0.681928	-nan	0.954464	2.15881	1	1	1	1	1	1	2.29235	0.954464	0.954464	1	1	
0.685542	-nan	0.954017	2.16414	1	1	1	1	1	1	2.30066	0.954017	0.954017	1	1	
0.689157	-nan	0.953572	2.16947	1	1	1	1	1	1	2.30888	0.953572	0.953572	1	1	
0.692771	-nan	0.953129	2.1748	1	1	1	1	1	1	2.31701	0.953129	0.953129	1	1	
0.696386	-nan	0.95269	2.18013	1	1	1	1	1	1	2.32506	0.95269	0.95269	1	1	
0.7	-nan	0.952254	2.18546	1	1	1	1	1	1	2.33303	0.952254	0.952254	1	1	
0.703614	-nan	0.95182	2.19079	1	1	1	1	1	1	2.34091	0.95182	0.95182	1	1	
0.707229	-nan	0.95139	2.19611	1	1	1	1	1	1	2.3487	0.95139	0.95139	1	1	
0.710843	-nan	0.950962	2.20144	1	1	1	1	1	1	2.35641	0.950962	0.950962	1	1	
0.714458	-nan	0.950537	2.20676	1	1	1	1	1	1	2.36403	0.950537	0.950537	1	1	
0.718072	-nan	0.950115	2.21208	1	1	1	1	1	1	2.37157	0.950115	0.950115	1	1	
0.721687	-nan	0.949696	2.2174	1	1	1	1	1	1	2.37901	0.949696	0.949696	1	1	
0.725301	-nan	0.94928	2.22272	1	1	1	1	1	1	2.38637	0.94928	0.94928	1	1	
0.728916	-nan	0.948866	2.22804	1	1	1	1	1	1	2.39364	0.948866	0.948866	1	1	
0.73253	-nan	0.948456	2.23336	1	1	1	1	1	1	2.40082	0.948456	0.948456	1	1	
0.736145	-nan	0.948048	2.23868	1	1	1	1	1	1	2.40792	0.948048	0.948048	1	1	
0.739759	-nan	0.947643	2.24399	1	1	1	1	1	1	2.41492	0.947643	0.947643	1	1	
0.743373	-nan	0.947241	2.24931	1	1	1	1	1	1	2.42184	0.947241	0.947241	1	1	
0.746988	-nan	0.946842	2.25462	1	1	1	1	1	1	2.42868	0.946842	0.946842	1	1	
0.750602	-nan	0.946446	2.25994	1	1	1	1	1	1	2.43542	0.946446	0.946446	1	1	
0.754217	-nan	0.946053	2.26525	1	1	1	1	1	1	2.44208	0.946053	0.946053	1	1	
0.757831	-nan	0.945662	2.27056	1	1	1	1	1	1	2.44865	0.945662	0.945662	1	1	
0.761446	-nan	0.945274	2.27587	1	1	1	1	1	1	2.45514	0.945274	0.945274	1	1	
0.76506	-nan	0.944889	2.28118	1	1	1	1	1	1	2.46154	0.944889	0.944889	1	1	
0.768675	-nan	0.944507	2.28649	1	1	1	1	1	1	2.46785	0.944507	0.944507	1	1	
0.772289	-nan	0.944128	2.2918	1	1	1	1	1	1	2.47409	0.944128	0.944128	1	1	
0.775904	-nan	0.943752	2.29711	1	1	1	1	1	1	2.48023	0.943752	0.943752	1	1	
0.779518	-nan	0.943378	2.30242	1	1	1	1	1	1	2.4863	0.943378	0.943378	1	1	
0.783133	-nan	0.943007	2.30773	1	1	1	1	1	1	2.49228	0.943007	0.943007	1	1	
0.786747	-nan	0.942639	2.31303	1	1	1	1	1	1	2.49817	0.942639	0.942639	1	1	
0.790361	-nan	0.942274	2.31834	1	1	1	1	1	1	2.50399	0.942274	0.942274	1	1	
0.793976	-nan	0.941912	2.32364	1	1	1	1	1	1	2.50973	0.941912	0.941912	1	1	
0.79759	-nan	0.941553	2.32895	1	1	1	1	1	1	2.51538	0.941553	0.941553	1	1	
0.801205	-nan	0.941196	2.33425	1	1	1	1	1	1	2.52095	0.941196	0.941196	1	1	
0.804819	-nan	0.940842	2.33955	1	1	1	1	1	1	2.52645	0.940842	0.940842	1	1	
0.808434	-nan	0.940491	2.34485	1	1	1	1	1	1	2.53187	0.940491	0.940491	1	1	
0.812048	-nan	0.940142	2.35015	1	1	1	1	1	1	2.53721	0.940142	0.940142	1	1	
0.815663	-nan	0.939797	2.35545	1	1	1	1	1	1	2.54247	0.939797	0.939797	1	1	
0.819277	-nan	0.939454	2.36075	1	1	1	1	1	1	2.54766	0.939454	0.939454	1	1	
0.822892	-nan	0.939114	2.36605	1	1	1	1	1	1	2.55277	0.939114	0.939114	1	1	
0.826506	-nan	0.938777	2.37135	1	1	1	1	1	1	2.55781	0.938777	0.938777	1	1	
0.83012	-nan	0.938442	2.37665	1	1	1	1	1	1	2.56277	0.938442	0.938442	1	1	
0.833735	-nan	0.93811	2.38194	1	1	1	1	1	1	2.56767	0.93811	0.93811	1	1	
0.837349	-nan	0.937781	2.38724	1	1	1	1	1	1	2.57249	0.937781	0.937781	1	1	
0.840964	-nan	0.937455	2.39253	1	1	1	1	1	1	2.57724	0.937455	0.937455	1	1	
0.844578	-nan	0.937132	2.39783	1	1	1	1	1	1	2.58192	0.937132	0.937132	1	1	
0.848193	-nan	0.936811	2.40312	1	1	1	1	1	1	2.58653	0.936811	0.936811	1	1	
0.851807	-nan	0.936493	2.40841	1	1	1	1	1	1	2.59107	0.936493	0.936493	1	1	
0.855422	-nan	0.936177	2.41371	1	1	1	1	1	1	2.59555	0.936177	0.936177	1	1	
0.859036	-nan	0.935865	2.419	1	1	1	1	1	1	2.59996	0.935865	0.935865	1	1	
0.862651	-nan	0.935555	2.42429	1	1	1	1	1	1	2.6043	0.935555	0.935555	1	1	
0.866265	-nan	0.935247	2.42958	1	1	1	1	1	1	2.60858	0.935247	0.935247	1	1	
0.86988	-nan	0.934943	2.43486	1	1	1	1	1	1	2.61279	0.934943	0.934943	1	1	
0.873494	-nan	0.934641	2.44015	1	1	1	1	1	1	2.61695	0.934641	0.934641	1	1	
0.877108	-nan	0.934342	2.44544	1	1	1	1	1	1	2.62104	0.934342	0.934342	1	1	
0.880723	-nan	0.934045	2.45072	1	1	1	1	1	1	2.62507	0.934045	0.934045	1	1	
0.884337	-nan	0.933752	2.45601	1	1	1	1	1	1	2.62904	0.933752	0.933752	1	1	
0.887952	-nan	0.93346	2.46129	1	1	1	1	1	1	2.63295	0.93346	0.93346	1	1	
0.891566	-nan	0.933172	2.46657	1	1	1	1	1	1	2.6368	0.933172	0.933172	1	1	
0.895181	-nan	0.932886	2.47185	1	1	1	1	1	1	2.64059	0.932886	0.932886	1	1	
0.898795	-nan	0.932603	2.47713	1	1	1	1	1	1	2.64433	0.932603	0.932603	1	1	
0.90241	-nan	0.932322	2.48241	1	1	1	1	1	1	2.64801	0.932322	0.932322	1	1	
0.906024	-nan	0.932045	2.48769	1	1	1	1	1	1	2.65164	0.932045	0.932045	1	1	
0.909639	-nan	0.931769	2.49297	1	1	1	1	1	1	2.65521	0.931769	0.931769	1	1	
0.913253	-nan	0.931497	2.49824	1	1	1	1	1	1	2.65873	0.931497	0.931497	1	1	
0.916867	-nan	0.931227	2.50352	1	1	1	1	1	1	2.6622	0.931227	0.931227	1	1	
0.920482	-nan	0.930959	2.50879	1	1	1	1	1	1	2.66562	0.930959	0.930959	1	1	
0.924096	-nan	0.930694	2.51406	1	1	1	1	1	1	2.66898	0.930694	0.930694	1	1	
0.927711	-nan	0.930432	2.51933	1	1	1	1	1	1	2.6723	0.930432	0.930432	1	1	
0.931325	-nan	0.930173	2.5246	1	1	1	1	1	1	2.67557	0.930173	0.930173	1	1	
0.93494	-nan	0.929916	2.52987	1	1	1	1	1	1	2.67878	0.929916	0.929916	1	1	
0.938554	-nan	0.929661	2.53514	1	1	1	1	1	1	2.68195	0.929661	0.929661	1	1	
0.942169	-nan	0.929409	2.5404	1	1	1	1	1	1	2.68508	0.929409	0.929409	1	1	
0.945783	-nan	0.92916	2.54567	1	1	1	1	1	1	2.68816	0.92916	0.92916	1	1	
0.949398	-nan	0.928913	2.55093	1	1	1	1	1	1	2.69119	0.928913	0.928913	1	1	
0.953012	-nan	0.928669	2.55619	1	1	1	1	1	1	2.69418	0.928669	0.928669	1	1	
0.956627	-nan	0.928428	2.56145	1	1	1	1	1	1	2.69712	0.928428	0.928428	1	1	
0.960241	-nan	0.928189	2.5667	1	1	1	1	1	1	2.70003	0.928189	0.928189	1	1	
0.963855	-nan	0.927952	2.57196	1	1	1	1	1	1	2.70289	0.927952	0.927952	1	1	
0.96747	-nan	0.927718	2.57721	1	1	1	1	1	1	2.70571	0.927718	0.927718	1	1	
0.971084	-nan	0.927487	2.58247	1	1	1	1	1	1	2.70848	0.927487	0.927487	1	1	
0.974699	-nan	0.927258	2.58772	1	1	1	1	1	1	2.71122	0.927258	0.927258	1	1	
0.978313	-nan	0.927031	2.59297	1	1	1	1	1	1	2.71392	0.927031	0.927031	1	1	
0.981928	-nan	0.926807	2.59821	1	1	1	1	1	1	2.71658	0.926807	0.926807	1	1	
0.985542	-nan	0.926586	2.60346	1	1	1	1	1	1	2.7192	0.926586	0.926586	1	1	
0.989157	-nan	0.926367	2.6087	1	1	1	1	1	1	2.72179	0.926367	0.926367	1	1	
0.992771	-nan	0.926151	2.61394	1	1	1	1	1	1	2.72434	0.926151	0.926151	1	1	
0.996386	-nan	0.925937	2.61918	1	1	1	1	1	1	2.72685	0.925937	0.925937	1	1	
1	-nan	-nan	-nan	-nan	-nan	-nan	-nan	-nan	-nan	-nan	-nan	-nan	-nan	-nan	
