1e-05	-nan	0.504349	0.242249	1	1	1	1	1	1	0.938297	0.504349	0.504349	1	1	
1.03753e-05	-nan	0.504771	0.241936	1	1	1	1	1	1	0.938302	0.504771	0.504771	1	1	
1.07647e-05	-nan	0.505196	0.241624	1	1	1	1	1	1	0.938307	0.505196	0.505196	1	1	
1.11686e-05	-nan	0.505626	0.241312	1	1	1	1	1	1	0.938312	0.505626	0.505626	1	1	
1.15878e-05	-nan	0.50606	0.241001	1	1	1	1	1	1	0.938317	0.50606	0.50606	1	1	
1.20226e-05	-nan	0.506499	0.240691	1	1	1	1	1	1	0.938323	0.506499	0.506499	1	1	
1.24738e-05	-nan	0.506942	0.240382	1	1	1	1	1	1	0.938328	0.506942	0.506942	1	1	
1.2942e-05	-nan	0.50739	0.240074	1	1	1	1	1	1	0.938334	0.50739	0.50739	1	1	
1.34276e-05	-nan	0.507842	0.239766	1	1	1	1	1	1	0.93834	0.507842	0.507842	1	1	
1.39316e-05	-nan	0.508299	0.239459	1	1	1	1	1	1	0.938346	0.508299	0.508299	1	1	
1.44544e-05	-nan	0.508761	0.239153	1	1	1	1	1	1	0.938352	0.508761	0.508761	1	1	
1.49968e-05	-nan	0.509227	0.238848	1	1	1	1	1	1	0.938358	0.509227	0.509227	1	1	
1.55597e-05	-nan	0.509698	0.238543	1	1	1	1	1	1	0.938365	0.509698	0.509698	1	1	
1.61436e-05	-nan	0.510174	0.23824	1	1	1	1	1	1	0.938372	0.510174	0.510174	1	1	
1.67494e-05	-nan	0.510655	0.237937	1	1	1	1	1	1	0.938379	0.510655	0.510655	1	1	
1.7378e-05	-nan	0.511141	0.237635	1	1	1	1	1	1	0.938386	0.511141	0.511141	1	1	
1.80302e-05	-nan	0.511632	0.237335	1	1	1	1	1	1	0.938393	0.511632	0.511632	1	1	
1.87068e-05	-nan	0.512128	0.237035	1	1	1	1	1	1	0.938401	0.512128	0.512128	1	1	
1.94089e-05	-nan	0.512628	0.236736	1	1	1	1	1	1	0.938409	0.512628	0.512628	1	1	
2.01372e-05	-nan	0.513134	0.236438	1	1	1	1	1	1	0.938417	0.513134	0.513134	1	1	
2.0893e-05	-nan	0.513646	0.236141	1	1	1	1	1	1	0.938425	0.513646	0.513646	1	1	
2.1677e-05	-nan	0.514162	0.235845	1	1	1	1	1	1	0.938434	0.514162	0.514162	1	1	
2.24905e-05	-nan	0.514684	0.23555	1	1	1	1	1	1	0.938442	0.514684	0.514684	1	1	
2.33346e-05	-nan	0.515211	0.235256	1	1	1	1	1	1	0.938451	0.515211	0.515211	1	1	
2.42103e-05	-nan	0.515744	0.234963	1	1	1	1	1	1	0.938461	0.515744	0.515744	1	1	
2.51189e-05	-nan	0.516282	0.234672	1	1	1	1	1	1	0.93847	0.516282	0.516282	1	1	
2.60615e-05	-nan	0.516826	0.234381	1	1	1	1	1	1	0.93848	0.516826	0.516826	1	1	
2.70396e-05	-nan	0.517375	0.234092	1	1	1	1	1	1	0.93849	0.517375	0.517375	1	1	
2.80543e-05	-nan	0.51793	0.233804	1	1	1	1	1	1	0.938501	0.51793	0.51793	1	1	
2.91072e-05	-nan	0.518491	0.233517	1	1	1	1	1	1	0.938511	0.518491	0.518491	1	1	
3.01995e-05	-nan	0.519058	0.233231	1	1	1	1	1	1	0.938522	0.519058	0.519058	1	1	
3.13329e-05	-nan	0.51963	0.232946	1	1	1	1	1	1	0.938533	0.51963	0.51963	1	1	
3.25087e-05	-nan	0.520209	0.232663	1	1	1	1	1	1	0.938545	0.520209	0.520209	1	1	
3.37287e-05	-nan	0.520793	0.232381	1	1	1	1	1	1	0.938557	0.520793	0.520793	1	1	
3.49945e-05	-nan	0.521384	0.232101	1	1	1	1	1	1	0.938569	0.521384	0.521384	1	1	
3.63078e-05	-nan	0.52198	0.231821	1	1	1	1	1	1	0.938582	0.52198	0.52198	1	1	
3.76704e-05	-nan	0.522583	0.231544	1	1	1	1	1	1	0.938595	0.522583	0.522583	1	1	
3.90841e-05	-nan	0.523192	0.231267	1	1	1	1	1	1	0.938608	0.523192	0.523192	1	1	
4.05509e-05	-nan	0.523807	0.230992	1	1	1	1	1	1	0.938622	0.523807	0.523807	1	1	
4.20727e-05	-nan	0.524429	0.230719	1	1	1	1	1	1	0.938636	0.524429	0.524429	1	1	
4.36516e-05	-nan	0.525058	0.230447	1	1	1	1	1	1	0.938651	0.525058	0.525058	1	1	
4.52898e-05	-nan	0.525692	0.230176	1	1	1	1	1	1	0.938666	0.525692	0.525692	1	1	
4.69894e-05	-nan	0.526334	0.229907	1	1	1	1	1	1	0.938681	0.526334	0.526334	1	1	
4.87528e-05	-nan	0.526982	0.22964	1	1	1	1	1	1	0.938697	0.526982	0.526982	1	1	
5.05825e-05	-nan	0.527637	0.229374	1	1	1	1	1	1	0.938713	0.527637	0.527637	1	1	
5.24807e-05	-nan	0.528299	0.22911	1	1	1	1	1	1	0.93873	0.528299	0.528299	1	1	
5.44503e-05	-nan	0.528967	0.228848	1	1	1	1	1	1	0.938748	0.528967	0.528967	1	1	
5.64937e-05	-nan	0.529643	0.228588	1	1	1	1	1	1	0.938765	0.529643	0.529643	1	1	
5.86138e-05	-nan	0.530326	0.228329	1	1	1	1	1	1	0.938784	0.530326	0.530326	1	1	
6.08135e-05	-nan	0.531015	0.228072	1	1	1	1	1	1	0.938802	0.531015	0.531015	1	1	
6.30957e-05	-nan	0.531712	0.227817	1	1	1	1	1	1	0.938822	0.531712	0.531712	1	1	
6.54636e-05	-nan	0.532417	0.227564	1	1	1	1	1	1	0.938842	0.532417	0.532417	1	1	
6.79204e-05	-nan	0.533129	0.227313	1	1	1	1	1	1	0.938862	0.533129	0.533129	1	1	
7.04693e-05	-nan	0.533848	0.227064	1	1	1	1	1	1	0.938883	0.533848	0.533848	1	1	
7.31139e-05	-nan	0.534574	0.226817	1	1	1	1	1	1	0.938905	0.534574	0.534574	1	1	
7.58578e-05	-nan	0.535309	0.226571	1	1	1	1	1	1	0.938927	0.535309	0.535309	1	1	
7.87046e-05	-nan	0.536051	0.226328	1	1	1	1	1	1	0.93895	0.536051	0.536051	1	1	
8.16582e-05	-nan	0.536801	0.226088	1	1	1	1	1	1	0.938973	0.536801	0.536801	1	1	
8.47227e-05	-nan	0.537559	0.225849	1	1	1	1	1	1	0.938998	0.537559	0.537559	1	1	
8.79023e-05	-nan	0.538324	0.225613	1	1	1	1	1	1	0.939023	0.538324	0.538324	1	1	
9.12011e-05	-nan	0.539098	0.225379	1	1	1	1	1	1	0.939048	0.539098	0.539098	1	1	
9.46237e-05	-nan	0.53988	0.225147	1	1	1	1	1	1	0.939075	0.53988	0.53988	1	1	
9.81748e-05	-nan	0.54067	0.224918	1	1	1	1	1	1	0.939102	0.54067	0.54067	1	1	
0.000101859	-nan	0.541469	0.224691	1	1	1	1	1	1	0.93913	0.541469	0.541469	1	1	
0.000105682	-nan	0.542276	0.224467	1	1	1	1	1	1	0.939158	0.542276	0.542276	1	1	
0.000109648	-nan	0.543091	0.224245	1	1	1	1	1	1	0.939188	0.543091	0.543091	1	1	
0.000113763	-nan	0.543916	0.224026	1	1	1	1	1	1	0.939218	0.543916	0.543916	1	1	
0.000118032	-nan	0.544748	0.22381	1	1	1	1	1	1	0.93925	0.544748	0.544748	1	1	
0.000122462	-nan	0.54559	0.223596	1	1	1	1	1	1	0.939282	0.54559	0.54559	1	1	
0.000127057	-nan	0.546441	0.223385	1	1	1	1	1	1	0.939315	0.546441	0.546441	1	1	
0.000131826	-nan	0.5473	0.223177	1	1	1	1	1	1	0.939349	0.5473	0.5473	1	1	
0.000136773	-nan	0.548169	0.222972	1	1	1	1	1	1	0.939384	0.548169	0.548169	1	1	
0.000141906	-nan	0.549046	0.22277	1	1	1	1	1	1	0.93942	0.549046	0.549046	1	1	
0.000147231	-nan	0.549934	0.222571	1	1	1	1	1	1	0.939457	0.549934	0.549934	1	1	
0.000152757	-nan	0.55083	0.222375	1	1	1	1	1	1	0.939495	0.55083	0.55083	1	1	
0.000158489	-nan	0.551736	0.222183	1	1	1	1	1	1	0.939534	0.551736	0.551736	1	1	
0.000164437	-nan	0.552652	0.221993	1	1	1	1	1	1	0.939575	0.552652	0.552652	1	1	
0.000170608	-nan	0.553577	0.221807	1	1	1	1	1	1	0.939616	0.553577	0.553577	1	1	
0.000177011	-nan	0.554512	0.221625	1	1	1	1	1	1	0.939659	0.554512	0.554512	1	1	
0.000183654	-nan	0.555458	0.221446	1	1	1	1	1	1	0.939703	0.555458	0.555458	1	1	
0.000190546	-nan	0.556413	0.22127	1	1	1	1	1	1	0.939748	0.556413	0.556413	1	1	
0.000197697	-nan	0.557378	0.221098	1	1	1	1	1	1	0.939795	0.557378	0.557378	1	1	
0.000205116	-nan	0.558354	0.22093	1	1	1	1	1	1	0.939842	0.558354	0.558354	1	1	
0.000212814	-nan	0.55934	0.220766	1	1	1	1	1	1	0.939892	0.55934	0.55934	1	1	
0.0002208	-nan	0.560337	0.220606	1	1	1	1	1	1	0.939942	0.560337	0.560337	1	1	
0.000229087	-nan	0.561344	0.220449	1	1	1	1	1	1	0.939994	0.561344	0.561344	1	1	
0.000237684	-nan	0.562362	0.220297	1	1	1	1	1	1	0.940048	0.562362	0.562362	1	1	
0.000246604	-nan	0.563391	0.220149	1	1	1	1	1	1	0.940103	0.563391	0.563391	1	1	
0.000255859	-nan	0.56443	0.220005	1	1	1	1	1	1	0.94016	0.56443	0.56443	1	1	
0.000265461	-nan	0.565481	0.219866	1	1	1	1	1	1	0.940218	0.565481	0.565481	1	1	
0.000275423	-nan	0.566543	0.219731	1	1	1	1	1	1	0.940278	0.566543	0.566543	1	1	
0.000285759	-nan	0.567617	0.2196	1	1	1	1	1	1	0.94034	0.567617	0.567617	1	1	
0.000296483	-nan	0.568702	0.219475	1	1	1	1	1	1	0.940403	0.568702	0.568702	1	1	
0.00030761	-nan	0.569799	0.219354	1	1	1	1	1	1	0.940469	0.569799	0.569799	1	1	
0.000319154	-nan	0.570907	0.219238	1	1	1	1	1	1	0.940536	0.570907	0.570907	1	1	
0.000331131	-nan	0.572027	0.219127	1	1	1	1	1	1	0.940605	0.572027	0.572027	1	1	
0.000343558	-nan	0.573159	0.219021	1	1	1	1	1	1	0.940676	0.573159	0.573159	1	1	
0.000356451	-nan	0.574304	0.218921	1	1	1	1	1	1	0.940749	0.574304	0.574304	1	1	
0.000369828	-nan	0.575461	0.218826	1	1	1	1	1	1	0.940825	0.575461	0.575461	1	1	
0.000383707	-nan	0.57663	0.218736	1	1	1	1	1	1	0.940902	0.57663	0.57663	1	1	
0.000398107	-nan	0.577811	0.218652	1	1	1	1	1	1	0.940982	0.577811	0.577811	1	1	
0.000413048	-nan	0.579006	0.218574	1	1	1	1	1	1	0.941064	0.579006	0.579006	1	1	
0.000428549	-nan	0.580213	0.218502	1	1	1	1	1	1	0.941148	0.580213	0.580213	1	1	
0.000444631	-nan	0.581433	0.218436	1	1	1	1	1	1	0.941235	0.581433	0.581433	1	1	
0.000461318	-nan	0.582666	0.218376	1	1	1	1	1	1	0.941325	0.582666	0.582666	1	1	
0.00047863	-nan	0.583913	0.218322	1	1	1	1	1	1	0.941416	0.583913	0.583913	1	1	
0.000496592	-nan	0.585173	0.218275	1	1	1	1	1	1	0.941511	0.585173	0.585173	1	1	
0.000515229	-nan	0.586447	0.218235	1	1	1	1	1	1	0.941608	0.586447	0.586447	1	1	
0.000534564	-nan	0.587734	0.218201	1	1	1	1	1	1	0.941708	0.587734	0.587734	1	1	
0.000554626	-nan	0.589035	0.218175	1	1	1	1	1	1	0.941811	0.589035	0.589035	1	1	
0.00057544	-nan	0.590351	0.218155	1	1	1	1	1	1	0.941917	0.590351	0.590351	1	1	
0.000597035	-nan	0.59168	0.218143	1	1	1	1	1	1	0.942026	0.59168	0.59168	1	1	
0.000619441	-nan	0.593024	0.218139	1	1	1	1	1	1	0.942139	0.593024	0.593024	1	1	
0.000642688	-nan	0.594382	0.218142	1	1	1	1	1	1	0.942254	0.594382	0.594382	1	1	
0.000666807	-nan	0.595755	0.218153	1	1	1	1	1	1	0.942373	0.595755	0.595755	1	1	
0.000691831	-nan	0.597143	0.218172	1	1	1	1	1	1	0.942495	0.597143	0.597143	1	1	
0.000717794	-nan	0.598546	0.2182	1	1	1	1	1	1	0.942621	0.598546	0.598546	1	1	
0.000744732	-nan	0.599964	0.218236	1	1	1	1	1	1	0.94275	0.599964	0.599964	1	1	
0.000772681	-nan	0.601398	0.21828	1	1	1	1	1	1	0.942883	0.601398	0.601398	1	1	
0.000801678	-nan	0.602847	0.218334	1	1	1	1	1	1	0.94302	0.602847	0.602847	1	1	
0.000831764	-nan	0.604311	0.218397	1	1	1	1	1	1	0.943161	0.604311	0.604311	1	1	
0.000862979	-nan	0.605792	0.218469	1	1	1	1	1	1	0.943306	0.605792	0.605792	1	1	
0.000895365	-nan	0.607289	0.218551	1	1	1	1	1	1	0.943456	0.607289	0.607289	1	1	
0.000928966	-nan	0.608802	0.218643	1	1	1	1	1	1	0.943609	0.608802	0.608802	1	1	
0.000963829	-nan	0.610331	0.218745	1	1	1	1	1	1	0.943767	0.610331	0.610331	1	1	
0.001	-nan	0.611877	0.218857	1	1	1	1	1	1	0.94393	0.611877	0.611877	1	1	
0.00103753	-nan	0.61344	0.21898	1	1	1	1	1	1	0.944097	0.61344	0.61344	1	1	
0.00107647	-nan	0.61502	0.219115	1	1	1	1	1	1	0.94427	0.61502	0.61502	1	1	
0.00111686	-nan	0.616617	0.21926	1	1	1	1	1	1	0.944447	0.616617	0.616617	1	1	
0.00115878	-nan	0.618231	0.219417	1	1	1	1	1	1	0.944629	0.618231	0.618231	1	1	
0.00120226	-nan	0.619863	0.219586	1	1	1	1	1	1	0.944817	0.619863	0.619863	1	1	
0.00124738	-nan	0.621513	0.219767	1	1	1	1	1	1	0.945011	0.621513	0.621513	1	1	
0.0012942	-nan	0.62318	0.21996	1	1	1	1	1	1	0.945209	0.62318	0.62318	1	1	
0.00134276	-nan	0.624866	0.220167	1	1	1	1	1	1	0.945414	0.624866	0.624866	1	1	
0.00139316	-nan	0.62657	0.220386	1	1	1	1	1	1	0.945625	0.62657	0.62657	1	1	
0.00144544	-nan	0.628293	0.22062	1	1	1	1	1	1	0.945842	0.628293	0.628293	1	1	
0.00149968	-nan	0.630035	0.220867	1	1	1	1	1	1	0.946065	0.630035	0.630035	1	1	
0.00155597	-nan	0.631796	0.221128	1	1	1	1	1	1	0.946295	0.631796	0.631796	1	1	
0.00161436	-nan	0.633576	0.221405	1	1	1	1	1	1	0.946531	0.633576	0.633576	1	1	
0.00167494	-nan	0.635375	0.221696	1	1	1	1	1	1	0.946775	0.635375	0.635375	1	1	
0.0017378	-nan	0.637194	0.222003	1	1	1	1	1	1	0.947026	0.637194	0.637194	1	1	
0.00180302	-nan	0.639033	0.222326	1	1	1	1	1	1	0.947284	0.639033	0.639033	1	1	
0.00187068	-nan	0.640892	0.222666	1	1	1	1	1	1	0.947549	0.640892	0.640892	1	1	
0.00194089	-nan	0.642772	0.223023	1	1	1	1	1	1	0.947823	0.642772	0.642772	1	1	
0.00201372	-nan	0.644672	0.223397	1	1	1	1	1	1	0.948104	0.644672	0.644672	1	1	
0.0020893	-nan	0.646593	0.223789	1	1	1	1	1	1	0.948394	0.646593	0.646593	1	1	
0.0021677	-nan	0.648535	0.2242	1	1	1	1	1	1	0.948693	0.648535	0.648535	1	1	
0.00224905	-nan	0.650498	0.224629	1	1	1	1	1	1	0.949	0.650498	0.650498	1	1	
0.00233346	-nan	0.652483	0.225079	1	1	1	1	1	1	0.949316	0.652483	0.652483	1	1	
0.00242103	-nan	0.65449	0.225548	1	1	1	1	1	1	0.949642	0.65449	0.65449	1	1	
0.00251189	-nan	0.656518	0.226039	1	1	1	1	1	1	0.949978	0.656518	0.656518	1	1	
0.00260615	-nan	0.658569	0.226551	1	1	1	1	1	1	0.950323	0.658569	0.658569	1	1	
0.00270396	-nan	0.660643	0.227085	1	1	1	1	1	1	0.950679	0.660643	0.660643	1	1	
0.00280543	-nan	0.662739	0.227642	1	1	1	1	1	1	0.951045	0.662739	0.662739	1	1	
0.00291072	-nan	0.664858	0.228223	1	1	1	1	1	1	0.951423	0.664858	0.664858	1	1	
0.00301995	-nan	0.667001	0.228828	1	1	1	1	1	1	0.951812	0.667001	0.667001	1	1	
0.00313329	-nan	0.669167	0.229458	1	1	1	1	1	1	0.952212	0.669167	0.669167	1	1	
0.00325087	-nan	0.671357	0.230115	1	1	1	1	1	1	0.952625	0.671357	0.671357	1	1	
0.00337287	-nan	0.673572	0.230798	1	1	1	1	1	1	0.95305	0.673572	0.673572	1	1	
0.00349945	-nan	0.67581	0.231508	1	1	1	1	1	1	0.953487	0.67581	0.67581	1	1	
0.00363078	-nan	0.678073	0.232248	1	1	1	1	1	1	0.953938	0.678073	0.678073	1	1	
0.00376704	-nan	0.680362	0.233016	1	1	1	1	1	1	0.954403	0.680362	0.680362	1	1	
0.00390841	-nan	0.682675	0.233816	1	1	1	1	1	1	0.954882	0.682675	0.682675	1	1	
0.00405509	-nan	0.685014	0.234647	1	1	1	1	1	1	0.955376	0.685014	0.685014	1	1	
0.00420727	-nan	0.687379	0.235511	1	1	1	1	1	1	0.955884	0.687379	0.687379	1	1	
0.00436516	-nan	0.68977	0.236408	1	1	1	1	1	1	0.956409	0.68977	0.68977	1	1	
0.00452898	-nan	0.692187	0.237341	1	1	1	1	1	1	0.956949	0.692187	0.692187	1	1	
0.00469894	-nan	0.694631	0.23831	1	1	1	1	1	1	0.957506	0.694631	0.694631	1	1	
0.00487528	-nan	0.697101	0.239317	1	1	1	1	1	1	0.958081	0.697101	0.697101	1	1	
0.00505825	-nan	0.699599	0.240362	1	1	1	1	1	1	0.958673	0.699599	0.699599	1	1	
0.00524807	-nan	0.702125	0.241448	1	1	1	1	1	1	0.959283	0.702125	0.702125	1	1	
0.00544503	-nan	0.704678	0.242576	1	1	1	1	1	1	0.959913	0.704678	0.704678	1	1	
0.00564937	-nan	0.70726	0.243747	1	1	1	1	1	1	0.960563	0.70726	0.70726	1	1	
0.00586138	-nan	0.70987	0.244964	1	1	1	1	1	1	0.961232	0.70987	0.70987	1	1	
0.00608135	-nan	0.712509	0.246227	1	1	1	1	1	1	0.961924	0.712509	0.712509	1	1	
0.00630957	-nan	0.715176	0.247539	1	1	1	1	1	1	0.962637	0.715176	0.715176	1	1	
0.00654636	-nan	0.717874	0.248902	1	1	1	1	1	1	0.963372	0.717874	0.717874	1	1	
0.00679204	-nan	0.7206	0.250317	1	1	1	1	1	1	0.964132	0.7206	0.7206	1	1	
0.00704693	-nan	0.723357	0.251787	1	1	1	1	1	1	0.964915	0.723357	0.723357	1	1	
0.00731139	-nan	0.726144	0.253314	1	1	1	1	1	1	0.965724	0.726144	0.726144	1	1	
0.00758578	-nan	0.728962	0.254901	1	1	1	1	1	1	0.96656	0.728962	0.728962	1	1	
0.00787046	-nan	0.731811	0.256549	1	1	1	1	1	1	0.967422	0.731811	0.731811	1	1	
0.00816582	-nan	0.73469	0.258261	1	1	1	1	1	1	0.968313	0.73469	0.73469	1	1	
0.00847227	-nan	0.737602	0.26004	1	1	1	1	1	1	0.969234	0.737602	0.737602	1	1	
0.00879023	-nan	0.740545	0.26189	1	1	1	1	1	1	0.970185	0.740545	0.740545	1	1	
0.00912011	-nan	0.74352	0.263812	1	1	1	1	1	1	0.971167	0.74352	0.74352	1	1	
0.00946237	-nan	0.746528	0.265811	1	1	1	1	1	1	0.972183	0.746528	0.746528	1	1	
0.00981748	-nan	0.749568	0.267889	1	1	1	1	1	1	0.973233	0.749568	0.749568	1	1	
0.0101859	-nan	0.752641	0.270051	1	1	1	1	1	1	0.974319	0.752641	0.752641	1	1	
0.0105682	-nan	0.755748	0.272299	1	1	1	1	1	1	0.975442	0.755748	0.755748	1	1	
0.0109648	-nan	0.758888	0.274639	1	1	1	1	1	1	0.976604	0.758888	0.758888	1	1	
0.0113763	-nan	0.762062	0.277073	1	1	1	1	1	1	0.977806	0.762062	0.762062	1	1	
0.0118032	-nan	0.76527	0.279608	1	1	1	1	1	1	0.97905	0.76527	0.76527	1	1	
0.0122462	-nan	0.768512	0.282247	1	1	1	1	1	1	0.980338	0.768512	0.768512	1	1	
0.0127057	-nan	0.771788	0.284996	1	1	1	1	1	1	0.981673	0.771788	0.771788	1	1	
0.0131826	-nan	0.7751	0.28786	1	1	1	1	1	1	0.983055	0.7751	0.7751	1	1	
0.0136773	-nan	0.778447	0.290845	1	1	1	1	1	1	0.984487	0.778447	0.778447	1	1	
0.0141906	-nan	0.781828	0.293956	1	1	1	1	1	1	0.985972	0.781828	0.781828	1	1	
0.0147231	-nan	0.785245	0.297201	1	1	1	1	1	1	0.987512	0.785245	0.785245	1	1	
0.0152757	-nan	0.788698	0.300586	1	1	1	1	1	1	0.989109	0.788698	0.788698	1	1	
0.0158489	-nan	0.792186	0.304118	1	1	1	1	1	1	0.990767	0.792186	0.792186	1	1	
0.0164437	-nan	0.795711	0.307806	1	1	1	1	1	1	0.992487	0.795711	0.795711	1	1	
0.0170608	-nan	0.799271	0.311657	1	1	1	1	1	1	0.994274	0.799271	0.799271	1	1	
0.0177011	-nan	0.802867	0.31568	1	1	1	1	1	1	0.996131	0.802867	0.802867	1	1	
0.0183654	-nan	0.806499	0.319885	1	1	1	1	1	1	0.99806	0.806499	0.806499	1	1	
0.0190546	-nan	0.810167	0.324282	1	1	1	1	1	1	1.00007	0.810167	0.810167	1	1	
0.0197697	-nan	0.813872	0.328881	1	1	1	1	1	1	1.00215	0.813872	0.813872	1	1	
0.0205116	-nan	0.817612	0.333694	1	1	1	1	1	1	1.00433	0.817612	0.817612	1	1	
0.0212814	-nan	0.821388	0.338732	1	1	1	1	1	1	1.00659	0.821388	0.821388	1	1	
0.02208	-nan	0.825201	0.34401	1	1	1	1	1	1	1.00894	0.825201	0.825201	1	1	
0.0229087	-nan	0.829048	0.34954	1	1	1	1	1	1	1.0114	0.829048	0.829048	1	1	
0.0237684	-nan	0.832932	0.355339	1	1	1	1	1	1	1.01396	0.832932	0.832932	1	1	
0.0246604	-nan	0.83685	0.36142	1	1	1	1	1	1	1.01664	0.83685	0.83685	1	1	
0.0255859	-nan	0.840803	0.367802	1	1	1	1	1	1	1.01943	0.840803	0.840803	1	1	
0.0265461	-nan	0.844791	0.374503	1	1	1	1	1	1	1.02234	0.844791	0.844791	1	1	
0.0275423	-nan	0.848813	0.381541	1	1	1	1	1	1	1.02539	0.848813	0.848813	1	1	
0.0285759	-nan	0.852868	0.388938	1	1	1	1	1	1	1.02858	0.852868	0.852868	1	1	
0.0296483	-nan	0.856955	0.396716	1	1	1	1	1	1	1.03191	0.856955	0.856955	1	1	
0.030761	-nan	0.861075	0.404898	1	1	1	1	1	1	1.0354	0.861075	0.861075	1	1	
0.0319154	-nan	0.865227	0.413509	1	1	1	1	1	1	1.03906	0.865227	0.865227	1	1	
0.0331131	-nan	0.869408	0.422577	1	1	1	1	1	1	1.0429	0.869408	0.869408	1	1	
0.0343558	-nan	0.873619	0.432131	1	1	1	1	1	1	1.04692	0.873619	0.873619	1	1	
0.0356451	-nan	0.877859	0.4422	1	1	1	1	1	1	1.05115	0.877859	0.877859	1	1	
0.0369828	-nan	0.882126	0.452818	1	1	1	1	1	1	1.05559	0.882126	0.882126	1	1	
0.0383707	-nan	0.886418	0.46402	1	1	1	1	1	1	1.06025	0.886418	0.886418	1	1	
0.0398107	-nan	0.890735	0.475842	1	1	1	1	1	1	1.06516	0.890735	0.890735	1	1	
0.0413048	-nan	0.895075	0.488325	1	1	1	1	1	1	1.07032	0.895075	0.895075	1	1	
0.0428549	-nan	0.899435	0.501509	1	1	1	1	1	1	1.07576	0.899435	0.899435	1	1	
0.0444631	-nan	0.903815	0.515438	1	1	1	1	1	1	1.08148	0.903815	0.903815	1	1	
0.0461318	-nan	0.908212	0.530161	1	1	1	1	1	1	1.08752	0.908212	0.908212	1	1	
0.047863	-nan	0.912624	0.545724	1	1	1	1	1	1	1.09389	0.912624	0.912624	1	1	
0.0496592	-nan	0.917048	0.562181	1	1	1	1	1	1	1.1006	0.917048	0.917048	1	1	
0.0515229	-nan	0.921482	0.579585	1	1	1	1	1	1	1.10769	0.921482	0.921482	1	1	
0.0534564	-nan	0.925924	0.597991	1	1	1	1	1	1	1.11518	0.925924	0.925924	1	1	
0.0554626	-nan	0.930369	0.617458	1	1	1	1	1	1	1.12309	0.930369	0.930369	1	1	
0.057544	-nan	0.934816	0.638046	1	1	1	1	1	1	1.13144	0.934816	0.934816	1	1	
0.0597035	-nan	0.93926	0.659816	1	1	1	1	1	1	1.14027	0.93926	0.93926	1	1	
0.0619441	-nan	0.943699	0.682829	1	1	1	1	1	1	1.14961	0.943699	0.943699	1	1	
0.0642688	-nan	0.948128	0.707146	1	1	1	1	1	1	1.15947	0.948128	0.948128	1	1	
0.0666807	-nan	0.952543	0.732829	1	1	1	1	1	1	1.1699	0.952543	0.952543	1	1	
0.0691831	-nan	0.95694	0.759937	1	1	1	1	1	1	1.18092	0.95694	0.95694	1	1	
0.0717794	-nan	0.961315	0.788525	1	1	1	1	1	1	1.19257	0.961315	0.961315	1	1	
0.0744732	-nan	0.965664	0.818645	1	1	1	1	1	1	1.20487	0.965664	0.965664	1	1	
0.0772681	-nan	0.969981	0.850339	1	1	1	1	1	1	1.21786	0.969981	0.969981	1	1	
0.0801678	-nan	0.974261	0.883645	1	1	1	1	1	1	1.23157	0.974261	0.974261	1	1	
0.0831764	-nan	0.9785	0.918587	1	1	1	1	1	1	1.24604	0.9785	0.9785	1	1	
0.0862979	-nan	0.982692	0.955175	1	1	1	1	1	1	1.26129	0.982692	0.982692	1	1	
0.0895365	-nan	0.986833	0.993402	1	1	1	1	1	1	1.27735	0.986833	0.986833	1	1	
0.0928966	-nan	0.990915	1.03324	1	1	1	1	1	1	1.29427	0.990915	0.990915	1	1	
0.0963829	-nan	0.994936	1.07464	1	1	1	1	1	1	1.31206	0.994936	0.994936	1	1	
0.1	-nan	0.998888	1.11752	1	1	1	1	1	1	1.33075	0.998888	0.998888	1	1	
0.103614	-nan	1.00263	1.16015	1	1	1	1	1	1	1.34965	1.00263	1.00263	1	1	
0.107229	-nan	1.00617	1.2024	1	1	1	1	1	1	1.36875	1.00617	1.00617	1	1	
0.110843	-nan	1.00953	1.24412	1	1	1	1	1	1	1.38802	1.00953	1.00953	1	1	
0.114458	-nan	1.01271	1.28516	1	1	1	1	1	1	1.40745	1.01271	1.01271	1	1	
0.118072	-nan	1.01572	1.32538	1	1	1	1	1	1	1.42702	1.01572	1.01572	1	1	
0.121687	-nan	1.01858	1.36463	1	1	1	1	1	1	1.44672	1.01858	1.01858	1	1	
0.125301	-nan	1.0213	1.4028	1	1	1	1	1	1	1.46653	1.0213	1.0213	1	1	
0.128916	-nan	1.02388	1.43974	1	1	1	1	1	1	1.48643	1.02388	1.02388	1	1	
0.13253	-nan	1.02632	1.47535	1	1	1	1	1	1	1.50643	1.02632	1.02632	1	1	
0.136145	-nan	1.02865	1.50952	1	1	1	1	1	1	1.52651	1.02865	1.02865	1	1	
0.139759	-nan	1.03086	1.54215	1	1	1	1	1	1	1.54666	1.03086	1.03086	1	1	
0.143373	-nan	1.03296	1.57315	1	1	1	1	1	1	1.56688	1.03296	1.03296	1	1	
0.146988	-nan	1.03496	1.60247	1	1	1	1	1	1	1.58716	1.03496	1.03496	1	1	
0.150602	-nan	1.03686	1.63003	1	1	1	1	1	1	1.60751	1.03686	1.03686	1	1	
0.154217	-nan	1.03868	1.65578	1	1	1	1	1	1	1.62791	1.03868	1.03868	1	1	
0.157831	-nan	1.04041	1.67968	1	1	1	1	1	1	1.64838	1.04041	1.04041	1	1	
0.161446	-nan	1.04206	1.70172	1	1	1	1	1	1	1.6689	1.04206	1.04206	1	1	
0.16506	-nan	1.04364	1.72187	1	1	1	1	1	1	1.68948	1.04364	1.04364	1	1	
0.168675	-nan	1.04515	1.74013	1	1	1	1	1	1	1.71013	1.04515	1.04515	1	1	
0.172289	-nan	1.0466	1.75652	1	1	1	1	1	1	1.73083	1.0466	1.0466	1	1	
0.175904	-nan	1.04798	1.77104	1	1	1	1	1	1	1.7516	1.04798	1.04798	1	1	
0.179518	-nan	1.04931	1.78373	1	1	1	1	1	1	1.77244	1.04931	1.04931	1	1	
0.183133	-nan	1.05059	1.79462	1	1	1	1	1	1	1.79335	1.05059	1.05059	1	1	
0.186747	-nan	1.05182	1.80376	1	1	1	1	1	1	1.81433	1.05182	1.05182	1	1	
0.190361	-nan	1.05301	1.81121	1	1	1	1	1	1	1.83538	1.05301	1.05301	1	1	
0.193976	-nan	1.05415	1.81702	1	1	1	1	1	1	1.85652	1.05415	1.05415	1	1	
0.19759	-nan	1.05525	1.82126	1	1	1	1	1	1	1.87774	1.05525	1.05525	1	1	
0.201205	-nan	1.05633	1.824	1	1	1	1	1	1	1.89904	1.05633	1.05633	1	1	
0.204819	-nan	1.05736	1.82533	1	1	1	1	1	1	1.92043	1.05736	1.05736	1	1	
0.208434	-nan	1.05837	1.82532	1	1	1	1	1	1	1.94191	1.05837	1.05837	1	1	
0.212048	-nan	1.05935	1.82405	1	1	1	1	1	1	1.96349	1.05935	1.05935	1	1	
0.215663	-nan	1.06031	1.82161	1	1	1	1	1	1	1.98516	1.06031	1.06031	1	1	
0.219277	-nan	1.06124	1.81809	1	1	1	1	1	1	2.00692	1.06124	1.06124	1	1	
0.222892	-nan	1.06215	1.81358	1	1	1	1	1	1	2.02879	1.06215	1.06215	1	1	
0.226506	-nan	1.06304	1.80815	1	1	1	1	1	1	2.05076	1.06304	1.06304	1	1	
0.23012	-nan	1.06392	1.80191	1	1	1	1	1	1	2.07284	1.06392	1.06392	1	1	
0.233735	-nan	1.06478	1.79492	1	1	1	1	1	1	2.09501	1.06478	1.06478	1	1	
0.237349	-nan	1.06563	1.78729	1	1	1	1	1	1	2.1173	1.06563	1.06563	1	1	
0.240964	-nan	1.06647	1.77907	1	1	1	1	1	1	2.13968	1.06647	1.06647	1	1	
0.244578	-nan	1.06729	1.77036	1	1	1	1	1	1	2.16218	1.06729	1.06729	1	1	
0.248193	-nan	1.06811	1.76123	1	1	1	1	1	1	2.18478	1.06811	1.06811	1	1	
0.251807	-nan	1.06891	1.75174	1	1	1	1	1	1	2.20748	1.06891	1.06891	1	1	
0.255422	-nan	1.06971	1.74196	1	1	1	1	1	1	2.23029	1.06971	1.06971	1	1	
0.259036	-nan	1.07051	1.73195	1	1	1	1	1	1	2.25321	1.07051	1.07051	1	1	
0.262651	-nan	1.0713	1.72178	1	1	1	1	1	1	2.27622	1.0713	1.0713	1	1	
0.266265	-nan	1.07208	1.71149	1	1	1	1	1	1	2.29934	1.07208	1.07208	1	1	
0.26988	-nan	1.07286	1.70114	1	1	1	1	1	1	2.32256	1.07286	1.07286	1	1	
0.273494	-nan	1.07364	1.69077	1	1	1	1	1	1	2.34588	1.07364	1.07364	1	1	
0.277108	-nan	1.07442	1.68042	1	1	1	1	1	1	2.36929	1.07442	1.07442	1	1	
0.280723	-nan	1.0752	1.67013	1	1	1	1	1	1	2.39279	1.0752	1.0752	1	1	
0.284337	-nan	1.07597	1.65993	1	1	1	1	1	1	2.41639	1.07597	1.07597	1	1	
0.287952	-nan	1.07675	1.64985	1	1	1	1	1	1	2.44007	1.07675	1.07675	1	1	
0.291566	-nan	1.07753	1.63992	1	1	1	1	1	1	2.46383	1.07753	1.07753	1	1	
0.295181	-nan	1.0783	1.63016	1	1	1	1	1	1	2.48768	1.0783	1.0783	1	1	
0.298795	-nan	1.07908	1.62059	1	1	1	1	1	1	2.5116	1.07908	1.07908	1	1	
0.30241	-nan	1.07986	1.61122	1	1	1	1	1	1	2.5356	1.07986	1.07986	1	1	
0.306024	-nan	1.08065	1.60207	1	1	1	1	1	1	2.55966	1.08065	1.08065	1	1	
0.309639	-nan	1.08143	1.59316	1	1	1	1	1	1	2.58379	1.08143	1.08143	1	1	
0.313253	-nan	1.08222	1.58448	1	1	1	1	1	1	2.60797	1.08222	1.08222	1	1	
0.316867	-nan	1.08301	1.57606	1	1	1	1	1	1	2.63222	1.08301	1.08301	1	1	
0.320482	-nan	1.0838	1.56788	1	1	1	1	1	1	2.65651	1.0838	1.0838	1	1	
0.324096	-nan	1.08459	1.55996	1	1	1	1	1	1	2.68085	1.08459	1.08459	1	1	
0.327711	-nan	1.08539	1.55229	1	1	1	1	1	1	2.70523	1.08539	1.08539	1	1	
0.331325	-nan	1.0862	1.54488	1	1	1	1	1	1	2.72964	1.0862	1.0862	1	1	
0.33494	-nan	1.087	1.53773	1	1	1	1	1	1	2.75409	1.087	1.087	1	1	
0.338554	-nan	1.08781	1.53083	1	1	1	1	1	1	2.77856	1.08781	1.08781	1	1	
0.342169	-nan	1.08862	1.52419	1	1	1	1	1	1	2.80305	1.08862	1.08862	1	1	
0.345783	-nan	1.08944	1.51778	1	1	1	1	1	1	2.82755	1.08944	1.08944	1	1	
0.349398	-nan	1.09026	1.51163	1	1	1	1	1	1	2.85206	1.09026	1.09026	1	1	
0.353012	-nan	1.09108	1.5057	1	1	1	1	1	1	2.87657	1.09108	1.09108	1	1	
0.356627	-nan	1.09191	1.50001	1	1	1	1	1	1	2.90108	1.09191	1.09191	1	1	
0.360241	-nan	1.09274	1.49455	1	1	1	1	1	1	2.92559	1.09274	1.09274	1	1	
0.363855	-nan	1.09357	1.48931	1	1	1	1	1	1	2.95007	1.09357	1.09357	1	1	
0.36747	-nan	1.0944	1.48428	1	1	1	1	1	1	2.97454	1.0944	1.0944	1	1	
0.371084	-nan	1.09524	1.47945	1	1	1	1	1	1	2.99898	1.09524	1.09524	1	1	
0.374699	-nan	1.09609	1.47483	1	1	1	1	1	1	3.0234	1.09609	1.09609	1	1	
0.378313	-nan	1.09693	1.47039	1	1	1	1	1	1	3.04777	1.09693	1.09693	1	1	
0.381928	-nan	1.09778	1.46615	1	1	1	1	1	1	3.0721	1.09778	1.09778	1	1	
0.385542	-nan	1.09863	1.46208	1	1	1	1	1	1	3.09638	1.09863	1.09863	1	1	
0.389157	-nan	1.09949	1.45818	1	1	1	1	1	1	3.12061	1.09949	1.09949	1	1	
0.392771	-nan	1.10034	1.45445	1	1	1	1	1	1	3.14478	1.10034	1.10034	1	1	
0.396386	-nan	1.1012	1.45088	1	1	1	1	1	1	3.16889	1.1012	1.1012	1	1	
0.4	-nan	1.10206	1.44746	1	1	1	1	1	1	3.19292	1.10206	1.10206	1	1	
0.403614	-nan	1.10293	1.44418	1	1	1	1	1	1	3.21688	1.10293	1.10293	1	1	
0.407229	-nan	1.10379	1.44104	1	1	1	1	1	1	3.24076	1.10379	1.10379	1	1	
0.410843	-nan	1.10466	1.43804	1	1	1	1	1	1	3.26455	1.10466	1.10466	1	1	
0.414458	-nan	1.10553	1.43516	1	1	1	1	1	1	3.28826	1.10553	1.10553	1	1	
0.418072	-nan	1.1064	1.4324	1	1	1	1	1	1	3.31186	1.1064	1.1064	1	1	
0.421687	-nan	1.10727	1.42976	1	1	1	1	1	1	3.33537	1.10727	1.10727	1	1	
0.425301	-nan	1.10815	1.42722	1	1	1	1	1	1	3.35877	1.10815	1.10815	1	1	
0.428916	-nan	1.10902	1.4248	1	1	1	1	1	1	3.38206	1.10902	1.10902	1	1	
0.43253	-nan	1.1099	1.42247	1	1	1	1	1	1	3.40524	1.1099	1.1099	1	1	
0.436145	-nan	1.11078	1.42023	1	1	1	1	1	1	3.4283	1.11078	1.11078	1	1	
0.439759	-nan	1.11166	1.41808	1	1	1	1	1	1	3.45124	1.11166	1.11166	1	1	
0.443373	-nan	1.11253	1.41602	1	1	1	1	1	1	3.47405	1.11253	1.11253	1	1	
0.446988	-nan	1.11341	1.41404	1	1	1	1	1	1	3.49673	1.11341	1.11341	1	1	
0.450602	-nan	1.11429	1.41214	1	1	1	1	1	1	3.51927	1.11429	1.11429	1	1	
0.454217	-nan	1.11517	1.41031	1	1	1	1	1	1	3.54168	1.11517	1.11517	1	1	
0.457831	-nan	1.11605	1.40855	1	1	1	1	1	1	3.56394	1.11605	1.11605	1	1	
0.461446	-nan	1.11693	1.40685	1	1	1	1	1	1	3.58606	1.11693	1.11693	1	1	
0.46506	-nan	1.11781	1.40521	1	1	1	1	1	1	3.60804	1.11781	1.11781	1	1	
0.468675	-nan	1.11869	1.40363	1	1	1	1	1	1	3.62986	1.11869	1.11869	1	1	
0.472289	-nan	1.11957	1.40211	1	1	1	1	1	1	3.65152	1.11957	1.11957	1	1	
0.475904	-nan	1.12045	1.40064	1	1	1	1	1	1	3.67303	1.12045	1.12045	1	1	
0.479518	-nan	1.12132	1.39922	1	1	1	1	1	1	3.69438	1.12132	1.12132	1	1	
0.483133	-nan	1.1222	1.39784	1	1	1	1	1	1	3.71557	1.1222	1.1222	1	1	
0.486747	-nan	1.12307	1.39651	1	1	1	1	1	1	3.73659	1.12307	1.12307	1	1	
0.490361	-nan	1.12395	1.39522	1	1	1	1	1	1	3.75744	1.12395	1.12395	1	1	
0.493976	-nan	1.12482	1.39397	1	1	1	1	1	1	3.77813	1.12482	1.12482	1	1	
0.49759	-nan	1.12569	1.39275	1	1	1	1	1	1	3.79864	1.12569	1.12569	1	1	
0.501205	-nan	1.12656	1.39157	1	1	1	1	1	1	3.81898	1.12656	1.12656	1	1	
0.504819	-nan	1.12743	1.39043	1	1	1	1	1	1	3.83915	1.12743	1.12743	1	1	
0.508434	-nan	1.12829	1.38931	1	1	1	1	1	1	3.85914	1.12829	1.12829	1	1	
0.512048	-nan	1.12916	1.38822	1	1	1	1	1	1	3.87895	1.12916	1.12916	1	1	
0.515663	-nan	1.13002	1.38716	1	1	1	1	1	1	3.89858	1.13002	1.13002	1	1	
0.519277	-nan	1.13088	1.38612	1	1	1	1	1	1	3.91803	1.13088	1.13088	1	1	
0.522892	-nan	1.13173	1.38511	1	1	1	1	1	1	3.9373	1.13173	1.13173	1	1	
0.526506	-nan	1.13259	1.38412	1	1	1	1	1	1	3.95639	1.13259	1.13259	1	1	
0.53012	-nan	1.13344	1.38315	1	1	1	1	1	1	3.97529	1.13344	1.13344	1	1	
0.533735	-nan	1.13429	1.3822	1	1	1	1	1	1	3.99401	1.13429	1.13429	1	1	
0.537349	-nan	1.13513	1.38127	1	1	1	1	1	1	4.01254	1.13513	1.13513	1	1	
0.540964	-nan	1.13598	1.38036	1	1	1	1	1	1	4.03089	1.13598	1.13598	1	1	
0.544578	-nan	1.13682	1.37946	1	1	1	1	1	1	4.04905	1.13682	1.13682	1	1	
0.548193	-nan	1.13765	1.37858	1	1	1	1	1	1	4.06703	1.13765	1.13765	1	1	
0.551807	-nan	1.13849	1.37771	1	1	1	1	1	1	4.08482	1.13849	1.13849	1	1	
0.555422	-nan	1.13932	1.37685	1	1	1	1	1	1	4.10242	1.13932	1.13932	1	1	
0.559036	-nan	1.14015	1.37601	1	1	1	1	1	1	4.11984	1.14015	1.14015	1	1	
0.562651	-nan	1.14097	1.37518	1	1	1	1	1	1	4.13706	1.14097	1.14097	1	1	
0.566265	-nan	1.14179	1.37436	1	1	1	1	1	1	4.15411	1.14179	1.14179	1	1	
0.56988	-nan	1.1426	1.37355	1	1	1	1	1	1	4.17096	1.1426	1.1426	1	1	
0.573494	-nan	1.14342	1.37275	1	1	1	1	1	1	4.18763	1.14342	1.14342	1	1	
0.577108	-nan	1.14423	1.37196	1	1	1	1	1	1	4.20412	1.14423	1.14423	1	1	
0.580723	-nan	1.14503	1.37118	1	1	1	1	1	1	4.22041	1.14503	1.14503	1	1	
0.584337	-nan	1.14583	1.37041	1	1	1	1	1	1	4.23653	1.14583	1.14583	1	1	
0.587952	-nan	1.14663	1.36964	1	1	1	1	1	1	4.25246	1.14663	1.14663	1	1	
0.591566	-nan	1.14742	1.36888	1	1	1	1	1	1	4.2682	1.14742	1.14742	1	1	
0.595181	-nan	1.14821	1.36812	1	1	1	1	1	1	4.28377	1.14821	1.14821	1	1	
0.598795	-nan	1.14899	1.36738	1	1	1	1	1	1	4.29915	1.14899	1.14899	1	1	
0.60241	-nan	1.14977	1.36663	1	1	1	1	1	1	4.31435	1.14977	1.14977	1	1	
0.606024	-nan	1.15055	1.3659	1	1	1	1	1	1	4.32937	1.15055	1.15055	1	1	
0.609639	-nan	1.15132	1.36516	1	1	1	1	1	1	4.34421	1.15132	1.15132	1	1	
0.613253	-nan	1.15209	1.36444	1	1	1	1	1	1	4.35887	1.15209	1.15209	1	1	
0.616867	-nan	1.15285	1.36371	1	1	1	1	1	1	4.37335	1.15285	1.15285	1	1	
0.620482	-nan	1.1536	1.36299	1	1	1	1	1	1	4.38766	1.1536	1.1536	1	1	
0.624096	-nan	1.15436	1.36228	1	1	1	1	1	1	4.40179	1.15436	1.15436	1	1	
0.627711	-nan	1.1551	1.36156	1	1	1	1	1	1	4.41575	1.1551	1.1551	1	1	
0.631325	-nan	1.15585	1.36085	1	1	1	1	1	1	4.42953	1.15585	1.15585	1	1	
0.63494	-nan	1.15658	1.36015	1	1	1	1	1	1	4.44315	1.15658	1.15658	1	1	
0.638554	-nan	1.15732	1.35945	1	1	1	1	1	1	4.45659	1.15732	1.15732	1	1	
0.642169	-nan	1.15804	1.35874	1	1	1	1	1	1	4.46986	1.15804	1.15804	1	1	
0.645783	-nan	1.15877	1.35805	1	1	1	1	1	1	4.48297	1.15877	1.15877	1	1	
0.649398	-nan	1.15949	1.35735	1	1	1	1	1	1	4.49591	1.15949	1.15949	1	1	
0.653012	-nan	1.1602	1.35666	1	1	1	1	1	1	4.50868	1.1602	1.1602	1	1	
0.656627	-nan	1.16091	1.35597	1	1	1	1	1	1	4.52129	1.16091	1.16091	1	1	
0.660241	-nan	1.16161	1.35528	1	1	1	1	1	1	4.53374	1.16161	1.16161	1	1	
0.663855	-nan	1.16231	1.35459	1	1	1	1	1	1	4.54603	1.16231	1.16231	1	1	
0.66747	-nan	1.163	1.35391	1	1	1	1	1	1	4.55816	1.163	1.163	1	1	
0.671084	-nan	1.16368	1.35322	1	1	1	1	1	1	4.57013	1.16368	1.16368	1	1	
0.674699	-nan	1.16437	1.35254	1	1	1	1	1	1	4.58194	1.16437	1.16437	1	1	
0.678313	-nan	1.16504	1.35186	1	1	1	1	1	1	4.5936	1.16504	1.16504	1	1	
0.681928	-nan	1.16571	1.35118	1	1	1	1	1	1	4.6051	1.16571	1.16571	1	1	
0.685542	-nan	1.16638	1.35051	1	1	1	1	1	1	4.61646	1.16638	1.16638	1	1	
0.689157	-nan	1.16704	1.34983	1	1	1	1	1	1	4.62766	1.16704	1.16704	1	1	
0.692771	-nan	1.16769	1.34916	1	1	1	1	1	1	4.63871	1.16769	1.16769	1	1	
0.696386	-nan	1.16834	1.34849	1	1	1	1	1	1	4.64962	1.16834	1.16834	1	1	
0.7	-nan	1.16899	1.34782	1	1	1	1	1	1	4.66038	1.16899	1.16899	1	1	
0.703614	-nan	1.16962	1.34715	1	1	1	1	1	1	4.671	1.16962	1.16962	1	1	
0.707229	-nan	1.17026	1.34648	1	1	1	1	1	1	4.68147	1.17026	1.17026	1	1	
0.710843	-nan	1.17088	1.34582	1	1	1	1	1	1	4.6918	1.17088	1.17088	1	1	
0.714458	-nan	1.1715	1.34515	1	1	1	1	1	1	4.702	1.1715	1.1715	1	1	
0.718072	-nan	1.17212	1.34449	1	1	1	1	1	1	4.71205	1.17212	1.17212	1	1	
0.721687	-nan	1.17273	1.34383	1	1	1	1	1	1	4.72197	1.17273	1.17273	1	1	
0.725301	-nan	1.17334	1.34317	1	1	1	1	1	1	4.73175	1.17334	1.17334	1	1	
0.728916	-nan	1.17394	1.34251	1	1	1	1	1	1	4.7414	1.17394	1.17394	1	1	
0.73253	-nan	1.17453	1.34186	1	1	1	1	1	1	4.75092	1.17453	1.17453	1	1	
0.736145	-nan	1.17512	1.3412	1	1	1	1	1	1	4.76031	1.17512	1.17512	1	1	
0.739759	-nan	1.1757	1.34055	1	1	1	1	1	1	4.76957	1.1757	1.1757	1	1	
0.743373	-nan	1.17628	1.33989	1	1	1	1	1	1	4.7787	1.17628	1.17628	1	1	
0.746988	-nan	1.17685	1.33924	1	1	1	1	1	1	4.78771	1.17685	1.17685	1	1	
0.750602	-nan	1.17741	1.3386	1	1	1	1	1	1	4.79659	1.17741	1.17741	1	1	
0.754217	-nan	1.17797	1.33795	1	1	1	1	1	1	4.80535	1.17797	1.17797	1	1	
0.757831	-nan	1.17853	1.3373	1	1	1	1	1	1	4.81398	1.17853	1.17853	1	1	
0.761446	-nan	1.17908	1.33666	1	1	1	1	1	1	4.8225	1.17908	1.17908	1	1	
0.76506	-nan	1.17962	1.33602	1	1	1	1	1	1	4.8309	1.17962	1.17962	1	1	
0.768675	-nan	1.18016	1.33538	1	1	1	1	1	1	4.83919	1.18016	1.18016	1	1	
0.772289	-nan	1.18069	1.33474	1	1	1	1	1	1	4.84735	1.18069	1.18069	1	1	
0.775904	-nan	1.18122	1.3341	1	1	1	1	1	1	4.85541	1.18122	1.18122	1	1	
0.779518	-nan	1.18174	1.33347	1	1	1	1	1	1	4.86335	1.18174	1.18174	1	1	
0.783133	-nan	1.18225	1.33283	1	1	1	1	1	1	4.87118	1.18225	1.18225	1	1	
0.786747	-nan	1.18276	1.3322	1	1	1	1	1	1	4.8789	1.18276	1.18276	1	1	
0.790361	-nan	1.18327	1.33157	1	1	1	1	1	1	4.88651	1.18327	1.18327	1	1	
0.793976	-nan	1.18377	1.33094	1	1	1	1	1	1	4.89402	1.18377	1.18377	1	1	
0.79759	-nan	1.18426	1.33032	1	1	1	1	1	1	4.90142	1.18426	1.18426	1	1	
0.801205	-nan	1.18475	1.3297	1	1	1	1	1	1	4.90871	1.18475	1.18475	1	1	
0.804819	-nan	1.18523	1.32907	1	1	1	1	1	1	4.91591	1.18523	1.18523	1	1	
0.808434	-nan	1.1857	1.32845	1	1	1	1	1	1	4.923	1.1857	1.1857	1	1	
0.812048	-nan	1.18617	1.32784	1	1	1	1	1	1	4.92999	1.18617	1.18617	1	1	
0.815663	-nan	1.18664	1.32722	1	1	1	1	1	1	4.93688	1.18664	1.18664	1	1	
0.819277	-nan	1.1871	1.32661	1	1	1	1	1	1	4.94368	1.1871	1.1871	1	1	
0.822892	-nan	1.18755	1.326	1	1	1	1	1	1	4.95038	1.18755	1.18755	1	1	
0.826506	-nan	1.188	1.32539	1	1	1	1	1	1	4.95698	1.188	1.188	1	1	
0.83012	-nan	1.18844	1.32478	1	1	1	1	1	1	4.96349	1.18844	1.18844	1	1	
0.833735	-nan	1.18888	1.32418	1	1	1	1	1	1	4.96991	1.18888	1.18888	1	1	
0.837349	-nan	1.18931	1.32358	1	1	1	1	1	1	4.97624	1.18931	1.18931	1	1	
0.840964	-nan	1.18974	1.32298	1	1	1	1	1	1	4.98248	1.18974	1.18974	1	1	
0.844578	-nan	1.19016	1.32238	1	1	1	1	1	1	4.98863	1.19016	1.19016	1	1	
0.848193	-nan	1.19058	1.32178	1	1	1	1	1	1	4.99469	1.19058	1.19058	1	1	
0.851807	-nan	1.19099	1.32119	1	1	1	1	1	1	5.00066	1.19099	1.19099	1	1	
0.855422	-nan	1.19139	1.3206	1	1	1	1	1	1	5.00656	1.19139	1.19139	1	1	
0.859036	-nan	1.19179	1.32001	1	1	1	1	1	1	5.01236	1.19179	1.19179	1	1	
0.862651	-nan	1.19219	1.31943	1	1	1	1	1	1	5.01809	1.19219	1.19219	1	1	
0.866265	-nan	1.19258	1.31884	1	1	1	1	1	1	5.02373	1.19258	1.19258	1	1	
0.86988	-nan	1.19296	1.31826	1	1	1	1	1	1	5.02929	1.19296	1.19296	1	1	
0.873494	-nan	1.19334	1.31769	1	1	1	1	1	1	5.03477	1.19334	1.19334	1	1	
0.877108	-nan	1.19371	1.31711	1	1	1	1	1	1	5.04017	1.19371	1.19371	1	1	
0.880723	-nan	1.19408	1.31654	1	1	1	1	1	1	5.0455	1.19408	1.19408	1	1	
0.884337	-nan	1.19445	1.31597	1	1	1	1	1	1	5.05075	1.19445	1.19445	1	1	
0.887952	-nan	1.1948	1.3154	1	1	1	1	1	1	5.05592	1.1948	1.1948	1	1	
0.891566	-nan	1.19516	1.31484	1	1	1	1	1	1	5.06102	1.19516	1.19516	1	1	
0.895181	-nan	1.1955	1.31427	1	1	1	1	1	1	5.06605	1.1955	1.1955	1	1	
0.898795	-nan	1.19585	1.31371	1	1	1	1	1	1	5.07101	1.19585	1.19585	1	1	
0.90241	-nan	1.19618	1.31316	1	1	1	1	1	1	5.07589	1.19618	1.19618	1	1	
0.906024	-nan	1.19652	1.3126	1	1	1	1	1	1	5.0807	1.19652	1.19652	1	1	
0.909639	-nan	1.19684	1.31205	1	1	1	1	1	1	5.08545	1.19684	1.19684	1	1	
0.913253	-nan	1.19717	1.3115	1	1	1	1	1	1	5.09012	1.19717	1.19717	1	1	
0.916867	-nan	1.19748	1.31095	1	1	1	1	1	1	5.09473	1.19748	1.19748	1	1	
0.920482	-nan	1.1978	1.31041	1	1	1	1	1	1	5.09928	1.1978	1.1978	1	1	
0.924096	-nan	1.1981	1.30987	1	1	1	1	1	1	5.10375	1.1981	1.1981	1	1	
0.927711	-nan	1.19841	1.30933	1	1	1	1	1	1	5.10817	1.19841	1.19841	1	1	
0.931325	-nan	1.1987	1.3088	1	1	1	1	1	1	5.11251	1.1987	1.1987	1	1	
0.93494	-nan	1.199	1.30826	1	1	1	1	1	1	5.1168	1.199	1.199	1	1	
0.938554	-nan	1.19928	1.30773	1	1	1	1	1	1	5.12102	1.19928	1.19928	1	1	
0.942169	-nan	1.19957	1.30721	1	1	1	1	1	1	5.12519	1.19957	1.19957	1	1	
0.945783	-nan	1.19984	1.30668	1	1	1	1	1	1	5.12929	1.19984	1.19984	1	1	
0.949398	-nan	1.20012	1.30616	1	1	1	1	1	1	5.13333	1.20012	1.20012	1	1	
0.953012	-nan	1.20039	1.30564	1	1	1	1	1	1	5.13732	1.20039	1.20039	1	1	
0.956627	-nan	1.20065	1.30513	1	1	1	1	1	1	5.14125	1.20065	1.20065	1	1	
0.960241	-nan	1.20091	1.30462	1	1	1	1	1	1	5.14512	1.20091	1.20091	1	1	
0.963855	-nan	1.20116	1.30411	1	1	1	1	1	1	5.14893	1.20116	1.20116	1	1	
0.96747	-nan	1.20141	1.3036	1	1	1	1	1	1	5.15269	1.20141	1.20141	1	1	
0.971084	-nan	1.20166	1.30309	1	1	1	1	1	1	5.15639	1.20166	1.20166	1	1	
0.974699	-nan	1.2019	1.30259	1	1	1	1	1	1	5.16004	1.2019	1.2019	1	1	
0.978313	-nan	1.20214	1.3021	1	1	1	1	1	1	5.16364	1.20214	1.20214	1	1	
0.981928	-nan	1.20237	1.3016	1	1	1	1	1	1	5.16719	1.20237	1.20237	1	1	
0.985542	-nan	1.20259	1.30111	1	1	1	1	1	1	5.17068	1.20259	1.20259	1	1	
0.989157	-nan	1.20282	1.30062	1	1	1	1	1	1	5.17412	1.20282	1.20282	1	1	
0.992771	-nan	1.20304	1.30013	1	1	1	1	1	1	5.17751	1.20304	1.20304	1	1	
0.996386	-nan	1.20325	1.29965	1	1	1	1	1	1	5.18086	1.20325	1.20325	1	1	
1	-nan	-nan	-nan	-nan	-nan	-nan	-nan	-nan	-nan	-nan	-nan	-nan	-nan	-nan	
