1e-05	-nan	0.495352	0.765914	1	1	1	1	1	1	2.70466	0.495352	0.495352	1	1	
1.03753e-05	-nan	0.495716	0.764184	1	1	1	1	1	1	2.70544	0.495716	0.495716	1	1	
1.07647e-05	-nan	0.496085	0.762455	1	1	1	1	1	1	2.70622	0.496085	0.496085	1	1	
1.11686e-05	-nan	0.496457	0.760728	1	1	1	1	1	1	2.70701	0.496457	0.496457	1	1	
1.15878e-05	-nan	0.496834	0.759001	1	1	1	1	1	1	2.70781	0.496834	0.496834	1	1	
1.20226e-05	-nan	0.497216	0.757276	1	1	1	1	1	1	2.70862	0.497216	0.497216	1	1	
1.24738e-05	-nan	0.497602	0.755552	1	1	1	1	1	1	2.70945	0.497602	0.497602	1	1	
1.2942e-05	-nan	0.497992	0.753829	1	1	1	1	1	1	2.71028	0.497992	0.497992	1	1	
1.34276e-05	-nan	0.498387	0.752107	1	1	1	1	1	1	2.71112	0.498387	0.498387	1	1	
1.39316e-05	-nan	0.498786	0.750387	1	1	1	1	1	1	2.71198	0.498786	0.498786	1	1	
1.44544e-05	-nan	0.499191	0.748668	1	1	1	1	1	1	2.71284	0.499191	0.499191	1	1	
1.49968e-05	-nan	0.499599	0.746951	1	1	1	1	1	1	2.71371	0.499599	0.499599	1	1	
1.55597e-05	-nan	0.500013	0.745235	1	1	1	1	1	1	2.7146	0.500013	0.500013	1	1	
1.61436e-05	-nan	0.500432	0.74352	1	1	1	1	1	1	2.7155	0.500432	0.500432	1	1	
1.67494e-05	-nan	0.500855	0.741807	1	1	1	1	1	1	2.71641	0.500855	0.500855	1	1	
1.7378e-05	-nan	0.501284	0.740096	1	1	1	1	1	1	2.71733	0.501284	0.501284	1	1	
1.80302e-05	-nan	0.501717	0.738387	1	1	1	1	1	1	2.71826	0.501717	0.501717	1	1	
1.87068e-05	-nan	0.502156	0.736679	1	1	1	1	1	1	2.7192	0.502156	0.502156	1	1	
1.94089e-05	-nan	0.502599	0.734973	1	1	1	1	1	1	2.72016	0.502599	0.502599	1	1	
2.01372e-05	-nan	0.503048	0.733268	1	1	1	1	1	1	2.72112	0.503048	0.503048	1	1	
2.0893e-05	-nan	0.503502	0.731566	1	1	1	1	1	1	2.7221	0.503502	0.503502	1	1	
2.1677e-05	-nan	0.503962	0.729865	1	1	1	1	1	1	2.72309	0.503962	0.503962	1	1	
2.24905e-05	-nan	0.504427	0.728167	1	1	1	1	1	1	2.7241	0.504427	0.504427	1	1	
2.33346e-05	-nan	0.504897	0.72647	1	1	1	1	1	1	2.72511	0.504897	0.504897	1	1	
2.42103e-05	-nan	0.505373	0.724775	1	1	1	1	1	1	2.72614	0.505373	0.505373	1	1	
2.51189e-05	-nan	0.505854	0.723083	1	1	1	1	1	1	2.72719	0.505854	0.505854	1	1	
2.60615e-05	-nan	0.506341	0.721393	1	1	1	1	1	1	2.72824	0.506341	0.506341	1	1	
2.70396e-05	-nan	0.506834	0.719705	1	1	1	1	1	1	2.72931	0.506834	0.506834	1	1	
2.80543e-05	-nan	0.507333	0.718019	1	1	1	1	1	1	2.73039	0.507333	0.507333	1	1	
2.91072e-05	-nan	0.507837	0.716336	1	1	1	1	1	1	2.73149	0.507837	0.507837	1	1	
3.01995e-05	-nan	0.508348	0.714654	1	1	1	1	1	1	2.7326	0.508348	0.508348	1	1	
3.13329e-05	-nan	0.508864	0.712976	1	1	1	1	1	1	2.73372	0.508864	0.508864	1	1	
3.25087e-05	-nan	0.509387	0.7113	1	1	1	1	1	1	2.73486	0.509387	0.509387	1	1	
3.37287e-05	-nan	0.509916	0.709626	1	1	1	1	1	1	2.73601	0.509916	0.509916	1	1	
3.49945e-05	-nan	0.510451	0.707955	1	1	1	1	1	1	2.73718	0.510451	0.510451	1	1	
3.63078e-05	-nan	0.510992	0.706287	1	1	1	1	1	1	2.73836	0.510992	0.510992	1	1	
3.76704e-05	-nan	0.51154	0.704621	1	1	1	1	1	1	2.73956	0.51154	0.51154	1	1	
3.90841e-05	-nan	0.512094	0.702959	1	1	1	1	1	1	2.74077	0.512094	0.512094	1	1	
4.05509e-05	-nan	0.512655	0.701299	1	1	1	1	1	1	2.742	0.512655	0.512655	1	1	
4.20727e-05	-nan	0.513222	0.699642	1	1	1	1	1	1	2.74324	0.513222	0.513222	1	1	
4.36516e-05	-nan	0.513796	0.697988	1	1	1	1	1	1	2.7445	0.513796	0.513796	1	1	
4.52898e-05	-nan	0.514377	0.696337	1	1	1	1	1	1	2.74578	0.514377	0.514377	1	1	
4.69894e-05	-nan	0.514965	0.694689	1	1	1	1	1	1	2.74707	0.514965	0.514965	1	1	
4.87528e-05	-nan	0.51556	0.693045	1	1	1	1	1	1	2.74837	0.51556	0.51556	1	1	
5.05825e-05	-nan	0.516162	0.691404	1	1	1	1	1	1	2.7497	0.516162	0.516162	1	1	
5.24807e-05	-nan	0.516771	0.689766	1	1	1	1	1	1	2.75104	0.516771	0.516771	1	1	
5.44503e-05	-nan	0.517387	0.688131	1	1	1	1	1	1	2.7524	0.517387	0.517387	1	1	
5.64937e-05	-nan	0.51801	0.6865	1	1	1	1	1	1	2.75377	0.51801	0.51801	1	1	
5.86138e-05	-nan	0.518641	0.684872	1	1	1	1	1	1	2.75516	0.518641	0.518641	1	1	
6.08135e-05	-nan	0.51928	0.683249	1	1	1	1	1	1	2.75657	0.51928	0.51928	1	1	
6.30957e-05	-nan	0.519926	0.681628	1	1	1	1	1	1	2.758	0.519926	0.519926	1	1	
6.54636e-05	-nan	0.520579	0.680012	1	1	1	1	1	1	2.75945	0.520579	0.520579	1	1	
6.79204e-05	-nan	0.521241	0.678399	1	1	1	1	1	1	2.76091	0.521241	0.521241	1	1	
7.04693e-05	-nan	0.52191	0.676791	1	1	1	1	1	1	2.76239	0.52191	0.52191	1	1	
7.31139e-05	-nan	0.522588	0.675186	1	1	1	1	1	1	2.7639	0.522588	0.522588	1	1	
7.58578e-05	-nan	0.523273	0.673586	1	1	1	1	1	1	2.76542	0.523273	0.523273	1	1	
7.87046e-05	-nan	0.523967	0.671989	1	1	1	1	1	1	2.76696	0.523967	0.523967	1	1	
8.16582e-05	-nan	0.524669	0.670397	1	1	1	1	1	1	2.76852	0.524669	0.524669	1	1	
8.47227e-05	-nan	0.525379	0.66881	1	1	1	1	1	1	2.7701	0.525379	0.525379	1	1	
8.79023e-05	-nan	0.526098	0.667226	1	1	1	1	1	1	2.77169	0.526098	0.526098	1	1	
9.12011e-05	-nan	0.526825	0.665647	1	1	1	1	1	1	2.77331	0.526825	0.526825	1	1	
9.46237e-05	-nan	0.527561	0.664073	1	1	1	1	1	1	2.77495	0.527561	0.527561	1	1	
9.81748e-05	-nan	0.528306	0.662504	1	1	1	1	1	1	2.77661	0.528306	0.528306	1	1	
0.000101859	-nan	0.52906	0.660939	1	1	1	1	1	1	2.7783	0.52906	0.52906	1	1	
0.000105682	-nan	0.529823	0.659379	1	1	1	1	1	1	2.78	0.529823	0.529823	1	1	
0.000109648	-nan	0.530595	0.657825	1	1	1	1	1	1	2.78172	0.530595	0.530595	1	1	
0.000113763	-nan	0.531376	0.656275	1	1	1	1	1	1	2.78347	0.531376	0.531376	1	1	
0.000118032	-nan	0.532167	0.65473	1	1	1	1	1	1	2.78524	0.532167	0.532167	1	1	
0.000122462	-nan	0.532967	0.653191	1	1	1	1	1	1	2.78703	0.532967	0.532967	1	1	
0.000127057	-nan	0.533777	0.651657	1	1	1	1	1	1	2.78884	0.533777	0.533777	1	1	
0.000131826	-nan	0.534596	0.650129	1	1	1	1	1	1	2.79068	0.534596	0.534596	1	1	
0.000136773	-nan	0.535426	0.648606	1	1	1	1	1	1	2.79254	0.535426	0.535426	1	1	
0.000141906	-nan	0.536265	0.647089	1	1	1	1	1	1	2.79442	0.536265	0.536265	1	1	
0.000147231	-nan	0.537114	0.645578	1	1	1	1	1	1	2.79633	0.537114	0.537114	1	1	
0.000152757	-nan	0.537974	0.644073	1	1	1	1	1	1	2.79826	0.537974	0.537974	1	1	
0.000158489	-nan	0.538844	0.642573	1	1	1	1	1	1	2.80022	0.538844	0.538844	1	1	
0.000164437	-nan	0.539725	0.64108	1	1	1	1	1	1	2.8022	0.539725	0.539725	1	1	
0.000170608	-nan	0.540616	0.639593	1	1	1	1	1	1	2.8042	0.540616	0.540616	1	1	
0.000177011	-nan	0.541518	0.638113	1	1	1	1	1	1	2.80623	0.541518	0.541518	1	1	
0.000183654	-nan	0.542431	0.636639	1	1	1	1	1	1	2.80829	0.542431	0.542431	1	1	
0.000190546	-nan	0.543355	0.635171	1	1	1	1	1	1	2.81037	0.543355	0.543355	1	1	
0.000197697	-nan	0.54429	0.633711	1	1	1	1	1	1	2.81248	0.54429	0.54429	1	1	
0.000205116	-nan	0.545237	0.632257	1	1	1	1	1	1	2.81462	0.545237	0.545237	1	1	
0.000212814	-nan	0.546195	0.63081	1	1	1	1	1	1	2.81678	0.546195	0.546195	1	1	
0.0002208	-nan	0.547165	0.629371	1	1	1	1	1	1	2.81897	0.547165	0.547165	1	1	
0.000229087	-nan	0.548146	0.627938	1	1	1	1	1	1	2.82118	0.548146	0.548146	1	1	
0.000237684	-nan	0.54914	0.626513	1	1	1	1	1	1	2.82343	0.54914	0.54914	1	1	
0.000246604	-nan	0.550145	0.625096	1	1	1	1	1	1	2.8257	0.550145	0.550145	1	1	
0.000255859	-nan	0.551163	0.623686	1	1	1	1	1	1	2.828	0.551163	0.551163	1	1	
0.000265461	-nan	0.552193	0.622285	1	1	1	1	1	1	2.83033	0.552193	0.552193	1	1	
0.000275423	-nan	0.553236	0.620891	1	1	1	1	1	1	2.83269	0.553236	0.553236	1	1	
0.000285759	-nan	0.554291	0.619505	1	1	1	1	1	1	2.83508	0.554291	0.554291	1	1	
0.000296483	-nan	0.55536	0.618127	1	1	1	1	1	1	2.8375	0.55536	0.55536	1	1	
0.00030761	-nan	0.556441	0.616758	1	1	1	1	1	1	2.83995	0.556441	0.556441	1	1	
0.000319154	-nan	0.557536	0.615398	1	1	1	1	1	1	2.84243	0.557536	0.557536	1	1	
0.000331131	-nan	0.558644	0.614046	1	1	1	1	1	1	2.84494	0.558644	0.558644	1	1	
0.000343558	-nan	0.559765	0.612704	1	1	1	1	1	1	2.84748	0.559765	0.559765	1	1	
0.000356451	-nan	0.560901	0.61137	1	1	1	1	1	1	2.85006	0.560901	0.560901	1	1	
0.000369828	-nan	0.56205	0.610046	1	1	1	1	1	1	2.85266	0.56205	0.56205	1	1	
0.000383707	-nan	0.563213	0.608731	1	1	1	1	1	1	2.8553	0.563213	0.563213	1	1	
0.000398107	-nan	0.564391	0.607425	1	1	1	1	1	1	2.85797	0.564391	0.564391	1	1	
0.000413048	-nan	0.565583	0.60613	1	1	1	1	1	1	2.86067	0.565583	0.565583	1	1	
0.000428549	-nan	0.56679	0.604844	1	1	1	1	1	1	2.86341	0.56679	0.56679	1	1	
0.000444631	-nan	0.568012	0.603568	1	1	1	1	1	1	2.86618	0.568012	0.568012	1	1	
0.000461318	-nan	0.569249	0.602303	1	1	1	1	1	1	2.86899	0.569249	0.569249	1	1	
0.00047863	-nan	0.570501	0.601049	1	1	1	1	1	1	2.87183	0.570501	0.570501	1	1	
0.000496592	-nan	0.571768	0.599805	1	1	1	1	1	1	2.87471	0.571768	0.571768	1	1	
0.000515229	-nan	0.573052	0.598572	1	1	1	1	1	1	2.87762	0.573052	0.573052	1	1	
0.000534564	-nan	0.574351	0.59735	1	1	1	1	1	1	2.88056	0.574351	0.574351	1	1	
0.000554626	-nan	0.575666	0.59614	1	1	1	1	1	1	2.88355	0.575666	0.575666	1	1	
0.00057544	-nan	0.576998	0.594941	1	1	1	1	1	1	2.88657	0.576998	0.576998	1	1	
0.000597035	-nan	0.578346	0.593754	1	1	1	1	1	1	2.88962	0.578346	0.578346	1	1	
0.000619441	-nan	0.579711	0.592578	1	1	1	1	1	1	2.89272	0.579711	0.579711	1	1	
0.000642688	-nan	0.581092	0.591416	1	1	1	1	1	1	2.89585	0.581092	0.581092	1	1	
0.000666807	-nan	0.582491	0.590265	1	1	1	1	1	1	2.89902	0.582491	0.582491	1	1	
0.000691831	-nan	0.583908	0.589127	1	1	1	1	1	1	2.90223	0.583908	0.583908	1	1	
0.000717794	-nan	0.585342	0.588003	1	1	1	1	1	1	2.90548	0.585342	0.585342	1	1	
0.000744732	-nan	0.586794	0.586891	1	1	1	1	1	1	2.90877	0.586794	0.586794	1	1	
0.000772681	-nan	0.588264	0.585793	1	1	1	1	1	1	2.9121	0.588264	0.588264	1	1	
0.000801678	-nan	0.589753	0.584709	1	1	1	1	1	1	2.91546	0.589753	0.589753	1	1	
0.000831764	-nan	0.59126	0.583638	1	1	1	1	1	1	2.91887	0.59126	0.59126	1	1	
0.000862979	-nan	0.592786	0.582582	1	1	1	1	1	1	2.92232	0.592786	0.592786	1	1	
0.000895365	-nan	0.594331	0.58154	1	1	1	1	1	1	2.92582	0.594331	0.594331	1	1	
0.000928966	-nan	0.595896	0.580513	1	1	1	1	1	1	2.92935	0.595896	0.595896	1	1	
0.000963829	-nan	0.59748	0.579501	1	1	1	1	1	1	2.93293	0.59748	0.59748	1	1	
0.001	-nan	0.599084	0.578505	1	1	1	1	1	1	2.93654	0.599084	0.599084	1	1	
0.00103753	-nan	0.600708	0.577524	1	1	1	1	1	1	2.94021	0.600708	0.600708	1	1	
0.00107647	-nan	0.602353	0.576559	1	1	1	1	1	1	2.94391	0.602353	0.602353	1	1	
0.00111686	-nan	0.604019	0.575611	1	1	1	1	1	1	2.94766	0.604019	0.604019	1	1	
0.00115878	-nan	0.605705	0.574679	1	1	1	1	1	1	2.95146	0.605705	0.605705	1	1	
0.00120226	-nan	0.607413	0.573764	1	1	1	1	1	1	2.9553	0.607413	0.607413	1	1	
0.00124738	-nan	0.609143	0.572866	1	1	1	1	1	1	2.95918	0.609143	0.609143	1	1	
0.0012942	-nan	0.610895	0.571986	1	1	1	1	1	1	2.96311	0.610895	0.610895	1	1	
0.00134276	-nan	0.612668	0.571124	1	1	1	1	1	1	2.96709	0.612668	0.612668	1	1	
0.00139316	-nan	0.614464	0.57028	1	1	1	1	1	1	2.97111	0.614464	0.614464	1	1	
0.00144544	-nan	0.616283	0.569456	1	1	1	1	1	1	2.97518	0.616283	0.616283	1	1	
0.00149968	-nan	0.618126	0.56865	1	1	1	1	1	1	2.9793	0.618126	0.618126	1	1	
0.00155597	-nan	0.619991	0.567863	1	1	1	1	1	1	2.98346	0.619991	0.619991	1	1	
0.00161436	-nan	0.621881	0.567097	1	1	1	1	1	1	2.98767	0.621881	0.621881	1	1	
0.00167494	-nan	0.623794	0.566351	1	1	1	1	1	1	2.99194	0.623794	0.623794	1	1	
0.0017378	-nan	0.625732	0.565626	1	1	1	1	1	1	2.99625	0.625732	0.625732	1	1	
0.00180302	-nan	0.627695	0.564922	1	1	1	1	1	1	3.0006	0.627695	0.627695	1	1	
0.00187068	-nan	0.629683	0.564239	1	1	1	1	1	1	3.00501	0.629683	0.629683	1	1	
0.00194089	-nan	0.631696	0.563579	1	1	1	1	1	1	3.00947	0.631696	0.631696	1	1	
0.00201372	-nan	0.633735	0.562941	1	1	1	1	1	1	3.01398	0.633735	0.633735	1	1	
0.0020893	-nan	0.6358	0.562326	1	1	1	1	1	1	3.01854	0.6358	0.6358	1	1	
0.0021677	-nan	0.637892	0.561735	1	1	1	1	1	1	3.02315	0.637892	0.637892	1	1	
0.00224905	-nan	0.64001	0.561168	1	1	1	1	1	1	3.02782	0.64001	0.64001	1	1	
0.00233346	-nan	0.642156	0.560626	1	1	1	1	1	1	3.03253	0.642156	0.642156	1	1	
0.00242103	-nan	0.64433	0.560109	1	1	1	1	1	1	3.0373	0.64433	0.64433	1	1	
0.00251189	-nan	0.646531	0.559617	1	1	1	1	1	1	3.04212	0.646531	0.646531	1	1	
0.00260615	-nan	0.648761	0.559152	1	1	1	1	1	1	3.04699	0.648761	0.648761	1	1	
0.00270396	-nan	0.651019	0.558714	1	1	1	1	1	1	3.05191	0.651019	0.651019	1	1	
0.00280543	-nan	0.653307	0.558303	1	1	1	1	1	1	3.05689	0.653307	0.653307	1	1	
0.00291072	-nan	0.655624	0.557921	1	1	1	1	1	1	3.06192	0.655624	0.655624	1	1	
0.00301995	-nan	0.657972	0.557568	1	1	1	1	1	1	3.06701	0.657972	0.657972	1	1	
0.00313329	-nan	0.660349	0.557244	1	1	1	1	1	1	3.07214	0.660349	0.660349	1	1	
0.00325087	-nan	0.662758	0.55695	1	1	1	1	1	1	3.07734	0.662758	0.662758	1	1	
0.00337287	-nan	0.665197	0.556687	1	1	1	1	1	1	3.08258	0.665197	0.665197	1	1	
0.00349945	-nan	0.667668	0.556456	1	1	1	1	1	1	3.08789	0.667668	0.667668	1	1	
0.00363078	-nan	0.670172	0.556258	1	1	1	1	1	1	3.09324	0.670172	0.670172	1	1	
0.00376704	-nan	0.672707	0.556093	1	1	1	1	1	1	3.09865	0.672707	0.672707	1	1	
0.00390841	-nan	0.675276	0.555962	1	1	1	1	1	1	3.10412	0.675276	0.675276	1	1	
0.00405509	-nan	0.677878	0.555866	1	1	1	1	1	1	3.10964	0.677878	0.677878	1	1	
0.00420727	-nan	0.680514	0.555807	1	1	1	1	1	1	3.11522	0.680514	0.680514	1	1	
0.00436516	-nan	0.683183	0.555784	1	1	1	1	1	1	3.12085	0.683183	0.683183	1	1	
0.00452898	-nan	0.685888	0.555799	1	1	1	1	1	1	3.12654	0.685888	0.685888	1	1	
0.00469894	-nan	0.688628	0.555853	1	1	1	1	1	1	3.13228	0.688628	0.688628	1	1	
0.00487528	-nan	0.691403	0.555948	1	1	1	1	1	1	3.13808	0.691403	0.691403	1	1	
0.00505825	-nan	0.694214	0.556083	1	1	1	1	1	1	3.14393	0.694214	0.694214	1	1	
0.00524807	-nan	0.697062	0.556261	1	1	1	1	1	1	3.14984	0.697062	0.697062	1	1	
0.00544503	-nan	0.699947	0.556482	1	1	1	1	1	1	3.15581	0.699947	0.699947	1	1	
0.00564937	-nan	0.702869	0.556748	1	1	1	1	1	1	3.16182	0.702869	0.702869	1	1	
0.00586138	-nan	0.705828	0.55706	1	1	1	1	1	1	3.1679	0.705828	0.705828	1	1	
0.00608135	-nan	0.708827	0.557419	1	1	1	1	1	1	3.17403	0.708827	0.708827	1	1	
0.00630957	-nan	0.711864	0.557827	1	1	1	1	1	1	3.18021	0.711864	0.711864	1	1	
0.00654636	-nan	0.71494	0.558286	1	1	1	1	1	1	3.18644	0.71494	0.71494	1	1	
0.00679204	-nan	0.718056	0.558797	1	1	1	1	1	1	3.19273	0.718056	0.718056	1	1	
0.00704693	-nan	0.721212	0.559361	1	1	1	1	1	1	3.19907	0.721212	0.721212	1	1	
0.00731139	-nan	0.724409	0.55998	1	1	1	1	1	1	3.20547	0.724409	0.724409	1	1	
0.00758578	-nan	0.727646	0.560657	1	1	1	1	1	1	3.21192	0.727646	0.727646	1	1	
0.00787046	-nan	0.730926	0.561392	1	1	1	1	1	1	3.21842	0.730926	0.730926	1	1	
0.00816582	-nan	0.734247	0.562189	1	1	1	1	1	1	3.22497	0.734247	0.734247	1	1	
0.00847227	-nan	0.737611	0.563048	1	1	1	1	1	1	3.23157	0.737611	0.737611	1	1	
0.00879023	-nan	0.741017	0.563972	1	1	1	1	1	1	3.23822	0.741017	0.741017	1	1	
0.00912011	-nan	0.744467	0.564964	1	1	1	1	1	1	3.24492	0.744467	0.744467	1	1	
0.00946237	-nan	0.747961	0.566026	1	1	1	1	1	1	3.25166	0.747961	0.747961	1	1	
0.00981748	-nan	0.751498	0.56716	1	1	1	1	1	1	3.25846	0.751498	0.751498	1	1	
0.0101859	-nan	0.75508	0.56837	1	1	1	1	1	1	3.2653	0.75508	0.75508	1	1	
0.0105682	-nan	0.758708	0.569657	1	1	1	1	1	1	3.27219	0.758708	0.758708	1	1	
0.0109648	-nan	0.76238	0.571025	1	1	1	1	1	1	3.27912	0.76238	0.76238	1	1	
0.0113763	-nan	0.766098	0.572477	1	1	1	1	1	1	3.28609	0.766098	0.766098	1	1	
0.0118032	-nan	0.769862	0.574016	1	1	1	1	1	1	3.2931	0.769862	0.769862	1	1	
0.0122462	-nan	0.773673	0.575646	1	1	1	1	1	1	3.30016	0.773673	0.773673	1	1	
0.0127057	-nan	0.77753	0.57737	1	1	1	1	1	1	3.30725	0.77753	0.77753	1	1	
0.0131826	-nan	0.781434	0.579193	1	1	1	1	1	1	3.31438	0.781434	0.781434	1	1	
0.0136773	-nan	0.785385	0.581118	1	1	1	1	1	1	3.32155	0.785385	0.785385	1	1	
0.0141906	-nan	0.789384	0.58315	1	1	1	1	1	1	3.32874	0.789384	0.789384	1	1	
0.0147231	-nan	0.79343	0.585293	1	1	1	1	1	1	3.33598	0.79343	0.79343	1	1	
0.0152757	-nan	0.797524	0.587553	1	1	1	1	1	1	3.34324	0.797524	0.797524	1	1	
0.0158489	-nan	0.801666	0.589934	1	1	1	1	1	1	3.35052	0.801666	0.801666	1	1	
0.0164437	-nan	0.805857	0.592442	1	1	1	1	1	1	3.35784	0.805857	0.805857	1	1	
0.0170608	-nan	0.810095	0.595083	1	1	1	1	1	1	3.36518	0.810095	0.810095	1	1	
0.0177011	-nan	0.814382	0.597863	1	1	1	1	1	1	3.37253	0.814382	0.814382	1	1	
0.0183654	-nan	0.818717	0.600788	1	1	1	1	1	1	3.37991	0.818717	0.818717	1	1	
0.0190546	-nan	0.8231	0.603866	1	1	1	1	1	1	3.3873	0.8231	0.8231	1	1	
0.0197697	-nan	0.827532	0.607105	1	1	1	1	1	1	3.3947	0.827532	0.827532	1	1	
0.0205116	-nan	0.832011	0.610511	1	1	1	1	1	1	3.40211	0.832011	0.832011	1	1	
0.0212814	-nan	0.836538	0.614094	1	1	1	1	1	1	3.40953	0.836538	0.836538	1	1	
0.02208	-nan	0.841112	0.617862	1	1	1	1	1	1	3.41695	0.841112	0.841112	1	1	
0.0229087	-nan	0.845734	0.621825	1	1	1	1	1	1	3.42437	0.845734	0.845734	1	1	
0.0237684	-nan	0.850402	0.625993	1	1	1	1	1	1	3.43179	0.850402	0.850402	1	1	
0.0246604	-nan	0.855117	0.630377	1	1	1	1	1	1	3.4392	0.855117	0.855117	1	1	
0.0255859	-nan	0.859877	0.634989	1	1	1	1	1	1	3.44659	0.859877	0.859877	1	1	
0.0265461	-nan	0.864682	0.63984	1	1	1	1	1	1	3.45397	0.864682	0.864682	1	1	
0.0275423	-nan	0.869531	0.644945	1	1	1	1	1	1	3.46132	0.869531	0.869531	1	1	
0.0285759	-nan	0.874424	0.650316	1	1	1	1	1	1	3.46866	0.874424	0.874424	1	1	
0.0296483	-nan	0.87936	0.65597	1	1	1	1	1	1	3.47596	0.87936	0.87936	1	1	
0.030761	-nan	0.884336	0.661921	1	1	1	1	1	1	3.48322	0.884336	0.884336	1	1	
0.0319154	-nan	0.889354	0.668187	1	1	1	1	1	1	3.49044	0.889354	0.889354	1	1	
0.0331131	-nan	0.89441	0.674786	1	1	1	1	1	1	3.49762	0.89441	0.89441	1	1	
0.0343558	-nan	0.899504	0.681737	1	1	1	1	1	1	3.50475	0.899504	0.899504	1	1	
0.0356451	-nan	0.904634	0.689061	1	1	1	1	1	1	3.51181	0.904634	0.904634	1	1	
0.0369828	-nan	0.909798	0.69678	1	1	1	1	1	1	3.51881	0.909798	0.909798	1	1	
0.0383707	-nan	0.914995	0.704916	1	1	1	1	1	1	3.52574	0.914995	0.914995	1	1	
0.0398107	-nan	0.920223	0.713495	1	1	1	1	1	1	3.5326	0.920223	0.920223	1	1	
0.0413048	-nan	0.925479	0.722543	1	1	1	1	1	1	3.53937	0.925479	0.925479	1	1	
0.0428549	-nan	0.930761	0.732087	1	1	1	1	1	1	3.54604	0.930761	0.930761	1	1	
0.0444631	-nan	0.936067	0.742158	1	1	1	1	1	1	3.55262	0.936067	0.936067	1	1	
0.0461318	-nan	0.941394	0.752786	1	1	1	1	1	1	3.55909	0.941394	0.941394	1	1	
0.047863	-nan	0.946739	0.764005	1	1	1	1	1	1	3.56545	0.946739	0.946739	1	1	
0.0496592	-nan	0.9521	0.77585	1	1	1	1	1	1	3.57168	0.9521	0.9521	1	1	
0.0515229	-nan	0.957472	0.788356	1	1	1	1	1	1	3.57778	0.957472	0.957472	1	1	
0.0534564	-nan	0.962852	0.801563	1	1	1	1	1	1	3.58373	0.962852	0.962852	1	1	
0.0554626	-nan	0.968237	0.81551	1	1	1	1	1	1	3.58954	0.968237	0.968237	1	1	
0.057544	-nan	0.973622	0.830238	1	1	1	1	1	1	3.59519	0.973622	0.973622	1	1	
0.0597035	-nan	0.979004	0.84579	1	1	1	1	1	1	3.60066	0.979004	0.979004	1	1	
0.0619441	-nan	0.984377	0.862211	1	1	1	1	1	1	3.60595	0.984377	0.984377	1	1	
0.0642688	-nan	0.989738	0.879544	1	1	1	1	1	1	3.61105	0.989738	0.989738	1	1	
0.0666807	-nan	0.99508	0.897835	1	1	1	1	1	1	3.61595	0.99508	0.99508	1	1	
0.0691831	-nan	1.0004	0.917129	1	1	1	1	1	1	3.62062	1.0004	1.0004	1	1	
0.0717794	-nan	1.00569	0.937468	1	1	1	1	1	1	3.62507	1.00569	1.00569	1	1	
0.0744732	-nan	1.01094	0.958895	1	1	1	1	1	1	3.62926	1.01094	1.01094	1	1	
0.0772681	-nan	1.01616	0.981449	1	1	1	1	1	1	3.63319	1.01616	1.01616	1	1	
0.0801678	-nan	1.02132	1.00516	1	1	1	1	1	1	3.63683	1.02132	1.02132	1	1	
0.0831764	-nan	1.02644	1.03006	1	1	1	1	1	1	3.64017	1.02644	1.02644	1	1	
0.0862979	-nan	1.03149	1.05617	1	1	1	1	1	1	3.64317	1.03149	1.03149	1	1	
0.0895365	-nan	1.03646	1.08349	1	1	1	1	1	1	3.64581	1.03646	1.03646	1	1	
0.0928966	-nan	1.04137	1.11202	1	1	1	1	1	1	3.64805	1.04137	1.04137	1	1	
0.0963829	-nan	1.04618	1.14174	1	1	1	1	1	1	3.64985	1.04618	1.04618	1	1	
0.1	-nan	1.0509	1.1726	1	1	1	1	1	1	3.65114	1.0509	1.0509	1	1	
0.103614	-nan	1.05536	1.20336	1	1	1	1	1	1	3.65186	1.05536	1.05536	1	1	
0.107229	-nan	1.05956	1.23392	1	1	1	1	1	1	3.65199	1.05956	1.05956	1	1	
0.110843	-nan	1.06352	1.26417	1	1	1	1	1	1	3.65151	1.06352	1.06352	1	1	
0.114458	-nan	1.06725	1.29397	1	1	1	1	1	1	3.65041	1.06725	1.06725	1	1	
0.118072	-nan	1.07077	1.32321	1	1	1	1	1	1	3.64865	1.07077	1.07077	1	1	
0.121687	-nan	1.07408	1.35175	1	1	1	1	1	1	3.6462	1.07408	1.07408	1	1	
0.125301	-nan	1.07718	1.37946	1	1	1	1	1	1	3.64303	1.07718	1.07718	1	1	
0.128916	-nan	1.08011	1.4062	1	1	1	1	1	1	3.6391	1.08011	1.08011	1	1	
0.13253	-nan	1.08284	1.43183	1	1	1	1	1	1	3.63437	1.08284	1.08284	1	1	
0.136145	-nan	1.08541	1.45623	1	1	1	1	1	1	3.6288	1.08541	1.08541	1	1	
0.139759	-nan	1.08781	1.47926	1	1	1	1	1	1	3.62236	1.08781	1.08781	1	1	
0.143373	-nan	1.09005	1.50078	1	1	1	1	1	1	3.615	1.09005	1.09005	1	1	
0.146988	-nan	1.09213	1.52068	1	1	1	1	1	1	3.6067	1.09213	1.09213	1	1	
0.150602	-nan	1.09407	1.53884	1	1	1	1	1	1	3.59744	1.09407	1.09407	1	1	
0.154217	-nan	1.09586	1.55515	1	1	1	1	1	1	3.5872	1.09586	1.09586	1	1	
0.157831	-nan	1.09752	1.5695	1	1	1	1	1	1	3.57597	1.09752	1.09752	1	1	
0.161446	-nan	1.09904	1.58182	1	1	1	1	1	1	3.56375	1.09904	1.09904	1	1	
0.16506	-nan	1.10044	1.59203	1	1	1	1	1	1	3.55057	1.10044	1.10044	1	1	
0.168675	-nan	1.10172	1.60006	1	1	1	1	1	1	3.53643	1.10172	1.10172	1	1	
0.172289	-nan	1.10288	1.60589	1	1	1	1	1	1	3.52137	1.10288	1.10288	1	1	
0.175904	-nan	1.10392	1.6095	1	1	1	1	1	1	3.50543	1.10392	1.10392	1	1	
0.179518	-nan	1.10486	1.61089	1	1	1	1	1	1	3.48867	1.10486	1.10486	1	1	
0.183133	-nan	1.10569	1.61008	1	1	1	1	1	1	3.47113	1.10569	1.10569	1	1	
0.186747	-nan	1.10641	1.60714	1	1	1	1	1	1	3.45288	1.10641	1.10641	1	1	
0.190361	-nan	1.10704	1.60212	1	1	1	1	1	1	3.43399	1.10704	1.10704	1	1	
0.193976	-nan	1.10757	1.59514	1	1	1	1	1	1	3.41452	1.10757	1.10757	1	1	
0.19759	-nan	1.10801	1.58632	1	1	1	1	1	1	3.39456	1.10801	1.10801	1	1	
0.201205	-nan	1.10836	1.5758	1	1	1	1	1	1	3.37416	1.10836	1.10836	1	1	
0.204819	-nan	1.10862	1.56376	1	1	1	1	1	1	3.3534	1.10862	1.10862	1	1	
0.208434	-nan	1.1088	1.55037	1	1	1	1	1	1	3.33236	1.1088	1.1088	1	1	
0.212048	-nan	1.1089	1.53583	1	1	1	1	1	1	3.31108	1.1089	1.1089	1	1	
0.215663	-nan	1.10892	1.52037	1	1	1	1	1	1	3.28964	1.10892	1.10892	1	1	
0.219277	-nan	1.10886	1.50419	1	1	1	1	1	1	3.26809	1.10886	1.10886	1	1	
0.222892	-nan	1.10873	1.48751	1	1	1	1	1	1	3.24647	1.10873	1.10873	1	1	
0.226506	-nan	1.10853	1.47055	1	1	1	1	1	1	3.22484	1.10853	1.10853	1	1	
0.23012	-nan	1.10826	1.45353	1	1	1	1	1	1	3.20323	1.10826	1.10826	1	1	
0.233735	-nan	1.10792	1.43664	1	1	1	1	1	1	3.18168	1.10792	1.10792	1	1	
0.237349	-nan	1.10752	1.42008	1	1	1	1	1	1	3.16022	1.10752	1.10752	1	1	
0.240964	-nan	1.10705	1.40402	1	1	1	1	1	1	3.13886	1.10705	1.10705	1	1	
0.244578	-nan	1.10653	1.38861	1	1	1	1	1	1	3.11763	1.10653	1.10653	1	1	
0.248193	-nan	1.10594	1.37398	1	1	1	1	1	1	3.09655	1.10594	1.10594	1	1	
0.251807	-nan	1.1053	1.36026	1	1	1	1	1	1	3.07562	1.1053	1.1053	1	1	
0.255422	-nan	1.1046	1.34754	1	1	1	1	1	1	3.05485	1.1046	1.1046	1	1	
0.259036	-nan	1.10384	1.33588	1	1	1	1	1	1	3.03425	1.10384	1.10384	1	1	
0.262651	-nan	1.10304	1.32535	1	1	1	1	1	1	3.01381	1.10304	1.10304	1	1	
0.266265	-nan	1.10218	1.31597	1	1	1	1	1	1	2.99355	1.10218	1.10218	1	1	
0.26988	-nan	1.10128	1.30777	1	1	1	1	1	1	2.97345	1.10128	1.10128	1	1	
0.273494	-nan	1.10033	1.30075	1	1	1	1	1	1	2.95352	1.10033	1.10033	1	1	
0.277108	-nan	1.09933	1.29489	1	1	1	1	1	1	2.93374	1.09933	1.09933	1	1	
0.280723	-nan	1.09828	1.29018	1	1	1	1	1	1	2.91411	1.09828	1.09828	1	1	
0.284337	-nan	1.09719	1.28658	1	1	1	1	1	1	2.89463	1.09719	1.09719	1	1	
0.287952	-nan	1.09606	1.28405	1	1	1	1	1	1	2.87529	1.09606	1.09606	1	1	
0.291566	-nan	1.09489	1.28254	1	1	1	1	1	1	2.85608	1.09489	1.09489	1	1	
0.295181	-nan	1.09368	1.282	1	1	1	1	1	1	2.83699	1.09368	1.09368	1	1	
0.298795	-nan	1.09243	1.28238	1	1	1	1	1	1	2.81802	1.09243	1.09243	1	1	
0.30241	-nan	1.09115	1.28362	1	1	1	1	1	1	2.79915	1.09115	1.09115	1	1	
0.306024	-nan	1.08983	1.28565	1	1	1	1	1	1	2.78038	1.08983	1.08983	1	1	
0.309639	-nan	1.08847	1.28842	1	1	1	1	1	1	2.76171	1.08847	1.08847	1	1	
0.313253	-nan	1.08708	1.29187	1	1	1	1	1	1	2.74312	1.08708	1.08708	1	1	
0.316867	-nan	1.08565	1.29595	1	1	1	1	1	1	2.7246	1.08565	1.08565	1	1	
0.320482	-nan	1.0842	1.30058	1	1	1	1	1	1	2.70616	1.0842	1.0842	1	1	
0.324096	-nan	1.08271	1.30573	1	1	1	1	1	1	2.68779	1.08271	1.08271	1	1	
0.327711	-nan	1.0812	1.31133	1	1	1	1	1	1	2.66947	1.0812	1.0812	1	1	
0.331325	-nan	1.07965	1.31734	1	1	1	1	1	1	2.65121	1.07965	1.07965	1	1	
0.33494	-nan	1.07808	1.32371	1	1	1	1	1	1	2.633	1.07808	1.07808	1	1	
0.338554	-nan	1.07647	1.33039	1	1	1	1	1	1	2.61483	1.07647	1.07647	1	1	
0.342169	-nan	1.07485	1.33735	1	1	1	1	1	1	2.5967	1.07485	1.07485	1	1	
0.345783	-nan	1.0732	1.34454	1	1	1	1	1	1	2.57861	1.0732	1.0732	1	1	
0.349398	-nan	1.07152	1.35193	1	1	1	1	1	1	2.56055	1.07152	1.07152	1	1	
0.353012	-nan	1.06982	1.35949	1	1	1	1	1	1	2.54253	1.06982	1.06982	1	1	
0.356627	-nan	1.06809	1.36718	1	1	1	1	1	1	2.52453	1.06809	1.06809	1	1	
0.360241	-nan	1.06635	1.37497	1	1	1	1	1	1	2.50656	1.06635	1.06635	1	1	
0.363855	-nan	1.06458	1.38285	1	1	1	1	1	1	2.48861	1.06458	1.06458	1	1	
0.36747	-nan	1.06279	1.39077	1	1	1	1	1	1	2.47068	1.06279	1.06279	1	1	
0.371084	-nan	1.06098	1.39874	1	1	1	1	1	1	2.45278	1.06098	1.06098	1	1	
0.374699	-nan	1.05916	1.40672	1	1	1	1	1	1	2.43489	1.05916	1.05916	1	1	
0.378313	-nan	1.05731	1.41469	1	1	1	1	1	1	2.41703	1.05731	1.05731	1	1	
0.381928	-nan	1.05545	1.42265	1	1	1	1	1	1	2.39918	1.05545	1.05545	1	1	
0.385542	-nan	1.05356	1.43057	1	1	1	1	1	1	2.38136	1.05356	1.05356	1	1	
0.389157	-nan	1.05167	1.43845	1	1	1	1	1	1	2.36355	1.05167	1.05167	1	1	
0.392771	-nan	1.04975	1.44627	1	1	1	1	1	1	2.34576	1.04975	1.04975	1	1	
0.396386	-nan	1.04782	1.45402	1	1	1	1	1	1	2.32799	1.04782	1.04782	1	1	
0.4	-nan	1.04588	1.4617	1	1	1	1	1	1	2.31024	1.04588	1.04588	1	1	
0.403614	-nan	1.04392	1.4693	1	1	1	1	1	1	2.29252	1.04392	1.04392	1	1	
0.407229	-nan	1.04195	1.47681	1	1	1	1	1	1	2.27481	1.04195	1.04195	1	1	
0.410843	-nan	1.03996	1.48422	1	1	1	1	1	1	2.25713	1.03996	1.03996	1	1	
0.414458	-nan	1.03796	1.49153	1	1	1	1	1	1	2.23948	1.03796	1.03796	1	1	
0.418072	-nan	1.03595	1.49874	1	1	1	1	1	1	2.22185	1.03595	1.03595	1	1	
0.421687	-nan	1.03393	1.50585	1	1	1	1	1	1	2.20425	1.03393	1.03393	1	1	
0.425301	-nan	1.0319	1.51284	1	1	1	1	1	1	2.18668	1.0319	1.0319	1	1	
0.428916	-nan	1.02986	1.51973	1	1	1	1	1	1	2.16914	1.02986	1.02986	1	1	
0.43253	-nan	1.0278	1.5265	1	1	1	1	1	1	2.15163	1.0278	1.0278	1	1	
0.436145	-nan	1.02574	1.53316	1	1	1	1	1	1	2.13416	1.02574	1.02574	1	1	
0.439759	-nan	1.02367	1.5397	1	1	1	1	1	1	2.11673	1.02367	1.02367	1	1	
0.443373	-nan	1.02159	1.54613	1	1	1	1	1	1	2.09933	1.02159	1.02159	1	1	
0.446988	-nan	1.0195	1.55245	1	1	1	1	1	1	2.08198	1.0195	1.0195	1	1	
0.450602	-nan	1.0174	1.55865	1	1	1	1	1	1	2.06467	1.0174	1.0174	1	1	
0.454217	-nan	1.0153	1.56474	1	1	1	1	1	1	2.04741	1.0153	1.0153	1	1	
0.457831	-nan	1.01319	1.57072	1	1	1	1	1	1	2.03019	1.01319	1.01319	1	1	
0.461446	-nan	1.01107	1.57659	1	1	1	1	1	1	2.01303	1.01107	1.01107	1	1	
0.46506	-nan	1.00895	1.58235	1	1	1	1	1	1	1.99591	1.00895	1.00895	1	1	
0.468675	-nan	1.00682	1.588	1	1	1	1	1	1	1.97886	1.00682	1.00682	1	1	
0.472289	-nan	1.00468	1.59355	1	1	1	1	1	1	1.96186	1.00468	1.00468	1	1	
0.475904	-nan	1.00254	1.59899	1	1	1	1	1	1	1.94492	1.00254	1.00254	1	1	
0.479518	-nan	1.0004	1.60433	1	1	1	1	1	1	1.92804	1.0004	1.0004	1	1	
0.483133	-nan	0.998248	1.60957	1	1	1	1	1	1	1.91123	0.998248	0.998248	1	1	
0.486747	-nan	0.996095	1.61471	1	1	1	1	1	1	1.89449	0.996095	0.996095	1	1	
0.490361	-nan	0.993939	1.61975	1	1	1	1	1	1	1.87781	0.993939	0.993939	1	1	
0.493976	-nan	0.991779	1.6247	1	1	1	1	1	1	1.8612	0.991779	0.991779	1	1	
0.49759	-nan	0.989616	1.62956	1	1	1	1	1	1	1.84467	0.989616	0.989616	1	1	
0.501205	-nan	0.98745	1.63432	1	1	1	1	1	1	1.82822	0.98745	0.98745	1	1	
0.504819	-nan	0.985282	1.639	1	1	1	1	1	1	1.81184	0.985282	0.985282	1	1	
0.508434	-nan	0.983112	1.64358	1	1	1	1	1	1	1.79555	0.983112	0.983112	1	1	
0.512048	-nan	0.98094	1.64809	1	1	1	1	1	1	1.77933	0.98094	0.98094	1	1	
0.515663	-nan	0.978767	1.65251	1	1	1	1	1	1	1.76321	0.978767	0.978767	1	1	
0.519277	-nan	0.976592	1.65685	1	1	1	1	1	1	1.74717	0.976592	0.976592	1	1	
0.522892	-nan	0.974417	1.66112	1	1	1	1	1	1	1.73122	0.974417	0.974417	1	1	
0.526506	-nan	0.97224	1.6653	1	1	1	1	1	1	1.71536	0.97224	0.97224	1	1	
0.53012	-nan	0.970064	1.66941	1	1	1	1	1	1	1.69959	0.970064	0.970064	1	1	
0.533735	-nan	0.967887	1.67345	1	1	1	1	1	1	1.68392	0.967887	0.967887	1	1	
0.537349	-nan	0.96571	1.67742	1	1	1	1	1	1	1.66834	0.96571	0.96571	1	1	
0.540964	-nan	0.963534	1.68132	1	1	1	1	1	1	1.65287	0.963534	0.963534	1	1	
0.544578	-nan	0.961358	1.68515	1	1	1	1	1	1	1.63749	0.961358	0.961358	1	1	
0.548193	-nan	0.959183	1.68892	1	1	1	1	1	1	1.62222	0.959183	0.959183	1	1	
0.551807	-nan	0.957009	1.69262	1	1	1	1	1	1	1.60705	0.957009	0.957009	1	1	
0.555422	-nan	0.954837	1.69626	1	1	1	1	1	1	1.59199	0.954837	0.954837	1	1	
0.559036	-nan	0.952665	1.69984	1	1	1	1	1	1	1.57704	0.952665	0.952665	1	1	
0.562651	-nan	0.950496	1.70336	1	1	1	1	1	1	1.56219	0.950496	0.950496	1	1	
0.566265	-nan	0.948328	1.70683	1	1	1	1	1	1	1.54746	0.948328	0.948328	1	1	
0.56988	-nan	0.946163	1.71024	1	1	1	1	1	1	1.53283	0.946163	0.946163	1	1	
0.573494	-nan	0.943999	1.71359	1	1	1	1	1	1	1.51833	0.943999	0.943999	1	1	
0.577108	-nan	0.941839	1.7169	1	1	1	1	1	1	1.50393	0.941839	0.941839	1	1	
0.580723	-nan	0.93968	1.72015	1	1	1	1	1	1	1.48965	0.93968	0.93968	1	1	
0.584337	-nan	0.937525	1.72335	1	1	1	1	1	1	1.47549	0.937525	0.937525	1	1	
0.587952	-nan	0.935373	1.7265	1	1	1	1	1	1	1.46145	0.935373	0.935373	1	1	
0.591566	-nan	0.933224	1.72961	1	1	1	1	1	1	1.44752	0.933224	0.933224	1	1	
0.595181	-nan	0.931078	1.73266	1	1	1	1	1	1	1.43372	0.931078	0.931078	1	1	
0.598795	-nan	0.928936	1.73568	1	1	1	1	1	1	1.42003	0.928936	0.928936	1	1	
0.60241	-nan	0.926798	1.73865	1	1	1	1	1	1	1.40647	0.926798	0.926798	1	1	
0.606024	-nan	0.924663	1.74158	1	1	1	1	1	1	1.39303	0.924663	0.924663	1	1	
0.609639	-nan	0.922532	1.74447	1	1	1	1	1	1	1.37972	0.922532	0.922532	1	1	
0.613253	-nan	0.920406	1.74731	1	1	1	1	1	1	1.36653	0.920406	0.920406	1	1	
0.616867	-nan	0.918284	1.75012	1	1	1	1	1	1	1.35346	0.918284	0.918284	1	1	
0.620482	-nan	0.916166	1.75289	1	1	1	1	1	1	1.34052	0.916166	0.916166	1	1	
0.624096	-nan	0.914053	1.75562	1	1	1	1	1	1	1.32771	0.914053	0.914053	1	1	
0.627711	-nan	0.911944	1.75832	1	1	1	1	1	1	1.31502	0.911944	0.911944	1	1	
0.631325	-nan	0.909841	1.76098	1	1	1	1	1	1	1.30246	0.909841	0.909841	1	1	
0.63494	-nan	0.907742	1.7636	1	1	1	1	1	1	1.29002	0.907742	0.907742	1	1	
0.638554	-nan	0.905648	1.7662	1	1	1	1	1	1	1.27772	0.905648	0.905648	1	1	
0.642169	-nan	0.90356	1.76876	1	1	1	1	1	1	1.26554	0.90356	0.90356	1	1	
0.645783	-nan	0.901477	1.77128	1	1	1	1	1	1	1.25349	0.901477	0.901477	1	1	
0.649398	-nan	0.899399	1.77378	1	1	1	1	1	1	1.24156	0.899399	0.899399	1	1	
0.653012	-nan	0.897327	1.77625	1	1	1	1	1	1	1.22977	0.897327	0.897327	1	1	
0.656627	-nan	0.89526	1.77868	1	1	1	1	1	1	1.2181	0.89526	0.89526	1	1	
0.660241	-nan	0.8932	1.78109	1	1	1	1	1	1	1.20656	0.8932	0.8932	1	1	
0.663855	-nan	0.891145	1.78347	1	1	1	1	1	1	1.19515	0.891145	0.891145	1	1	
0.66747	-nan	0.889096	1.78582	1	1	1	1	1	1	1.18386	0.889096	0.889096	1	1	
0.671084	-nan	0.887053	1.78815	1	1	1	1	1	1	1.17271	0.887053	0.887053	1	1	
0.674699	-nan	0.885016	1.79044	1	1	1	1	1	1	1.16168	0.885016	0.885016	1	1	
0.678313	-nan	0.882985	1.79272	1	1	1	1	1	1	1.15077	0.882985	0.882985	1	1	
0.681928	-nan	0.880961	1.79496	1	1	1	1	1	1	1.14	0.880961	0.880961	1	1	
0.685542	-nan	0.878943	1.79719	1	1	1	1	1	1	1.12935	0.878943	0.878943	1	1	
0.689157	-nan	0.876931	1.79939	1	1	1	1	1	1	1.11882	0.876931	0.876931	1	1	
0.692771	-nan	0.874926	1.80156	1	1	1	1	1	1	1.10843	0.874926	0.874926	1	1	
0.696386	-nan	0.872928	1.80371	1	1	1	1	1	1	1.09815	0.872928	0.872928	1	1	
0.7	-nan	0.870936	1.80584	1	1	1	1	1	1	1.088	0.870936	0.870936	1	1	
0.703614	-nan	0.868951	1.80795	1	1	1	1	1	1	1.07798	0.868951	0.868951	1	1	
0.707229	-nan	0.866973	1.81004	1	1	1	1	1	1	1.06807	0.866973	0.866973	1	1	
0.710843	-nan	0.865001	1.8121	1	1	1	1	1	1	1.05829	0.865001	0.865001	1	1	
0.714458	-nan	0.863037	1.81415	1	1	1	1	1	1	1.04864	0.863037	0.863037	1	1	
0.718072	-nan	0.861079	1.81617	1	1	1	1	1	1	1.0391	0.861079	0.861079	1	1	
0.721687	-nan	0.859129	1.81817	1	1	1	1	1	1	1.02968	0.859129	0.859129	1	1	
0.725301	-nan	0.857186	1.82016	1	1	1	1	1	1	1.02038	0.857186	0.857186	1	1	
0.728916	-nan	0.85525	1.82212	1	1	1	1	1	1	1.01121	0.85525	0.85525	1	1	
0.73253	-nan	0.853321	1.82407	1	1	1	1	1	1	1.00215	0.853321	0.853321	1	1	
0.736145	-nan	0.851399	1.826	1	1	1	1	1	1	0.993202	0.851399	0.851399	1	1	
0.739759	-nan	0.849485	1.82791	1	1	1	1	1	1	0.984375	0.849485	0.849485	1	1	
0.743373	-nan	0.847578	1.8298	1	1	1	1	1	1	0.975663	0.847578	0.847578	1	1	
0.746988	-nan	0.845678	1.83168	1	1	1	1	1	1	0.967066	0.845678	0.845678	1	1	
0.750602	-nan	0.843786	1.83354	1	1	1	1	1	1	0.958583	0.843786	0.843786	1	1	
0.754217	-nan	0.841901	1.83538	1	1	1	1	1	1	0.950212	0.841901	0.841901	1	1	
0.757831	-nan	0.840024	1.83721	1	1	1	1	1	1	0.941953	0.840024	0.840024	1	1	
0.761446	-nan	0.838155	1.83902	1	1	1	1	1	1	0.933804	0.838155	0.838155	1	1	
0.76506	-nan	0.836293	1.84081	1	1	1	1	1	1	0.925765	0.836293	0.836293	1	1	
0.768675	-nan	0.834438	1.84259	1	1	1	1	1	1	0.917834	0.834438	0.834438	1	1	
0.772289	-nan	0.832592	1.84435	1	1	1	1	1	1	0.910012	0.832592	0.832592	1	1	
0.775904	-nan	0.830753	1.8461	1	1	1	1	1	1	0.902295	0.830753	0.830753	1	1	
0.779518	-nan	0.828921	1.84783	1	1	1	1	1	1	0.894684	0.828921	0.828921	1	1	
0.783133	-nan	0.827097	1.84955	1	1	1	1	1	1	0.887178	0.827097	0.827097	1	1	
0.786747	-nan	0.825282	1.85126	1	1	1	1	1	1	0.879775	0.825282	0.825282	1	1	
0.790361	-nan	0.823473	1.85295	1	1	1	1	1	1	0.872474	0.823473	0.823473	1	1	
0.793976	-nan	0.821673	1.85463	1	1	1	1	1	1	0.865274	0.821673	0.821673	1	1	
0.79759	-nan	0.819881	1.85629	1	1	1	1	1	1	0.858175	0.819881	0.819881	1	1	
0.801205	-nan	0.818096	1.85794	1	1	1	1	1	1	0.851174	0.818096	0.818096	1	1	
0.804819	-nan	0.816319	1.85957	1	1	1	1	1	1	0.844272	0.816319	0.816319	1	1	
0.808434	-nan	0.81455	1.8612	1	1	1	1	1	1	0.837466	0.81455	0.81455	1	1	
0.812048	-nan	0.812789	1.86281	1	1	1	1	1	1	0.830755	0.812789	0.812789	1	1	
0.815663	-nan	0.811036	1.86441	1	1	1	1	1	1	0.824139	0.811036	0.811036	1	1	
0.819277	-nan	0.809291	1.86599	1	1	1	1	1	1	0.817617	0.809291	0.809291	1	1	
0.822892	-nan	0.807553	1.86757	1	1	1	1	1	1	0.811187	0.807553	0.807553	1	1	
0.826506	-nan	0.805824	1.86913	1	1	1	1	1	1	0.804848	0.805824	0.805824	1	1	
0.83012	-nan	0.804102	1.87068	1	1	1	1	1	1	0.798599	0.804102	0.804102	1	1	
0.833735	-nan	0.802389	1.87221	1	1	1	1	1	1	0.792439	0.802389	0.802389	1	1	
0.837349	-nan	0.800683	1.87374	1	1	1	1	1	1	0.786367	0.800683	0.800683	1	1	
0.840964	-nan	0.798986	1.87525	1	1	1	1	1	1	0.780382	0.798986	0.798986	1	1	
0.844578	-nan	0.797296	1.87676	1	1	1	1	1	1	0.774482	0.797296	0.797296	1	1	
0.848193	-nan	0.795614	1.87825	1	1	1	1	1	1	0.768666	0.795614	0.795614	1	1	
0.851807	-nan	0.79394	1.87973	1	1	1	1	1	1	0.762934	0.79394	0.79394	1	1	
0.855422	-nan	0.792275	1.8812	1	1	1	1	1	1	0.757285	0.792275	0.792275	1	1	
0.859036	-nan	0.790617	1.88266	1	1	1	1	1	1	0.751716	0.790617	0.790617	1	1	
0.862651	-nan	0.788967	1.88411	1	1	1	1	1	1	0.746228	0.788967	0.788967	1	1	
0.866265	-nan	0.787325	1.88555	1	1	1	1	1	1	0.740819	0.787325	0.787325	1	1	
0.86988	-nan	0.785691	1.88698	1	1	1	1	1	1	0.735487	0.785691	0.785691	1	1	
0.873494	-nan	0.784065	1.88839	1	1	1	1	1	1	0.730233	0.784065	0.784065	1	1	
0.877108	-nan	0.782447	1.8898	1	1	1	1	1	1	0.725054	0.782447	0.782447	1	1	
0.880723	-nan	0.780837	1.8912	1	1	1	1	1	1	0.71995	0.780837	0.780837	1	1	
0.884337	-nan	0.779234	1.89259	1	1	1	1	1	1	0.71492	0.779234	0.779234	1	1	
0.887952	-nan	0.77764	1.89396	1	1	1	1	1	1	0.709963	0.77764	0.77764	1	1	
0.891566	-nan	0.776054	1.89533	1	1	1	1	1	1	0.705077	0.776054	0.776054	1	1	
0.895181	-nan	0.774475	1.89669	1	1	1	1	1	1	0.700262	0.774475	0.774475	1	1	
0.898795	-nan	0.772905	1.89804	1	1	1	1	1	1	0.695516	0.772905	0.772905	1	1	
0.90241	-nan	0.771342	1.89938	1	1	1	1	1	1	0.690839	0.771342	0.771342	1	1	
0.906024	-nan	0.769787	1.90071	1	1	1	1	1	1	0.68623	0.769787	0.769787	1	1	
0.909639	-nan	0.76824	1.90203	1	1	1	1	1	1	0.681688	0.76824	0.76824	1	1	
0.913253	-nan	0.766701	1.90334	1	1	1	1	1	1	0.677211	0.766701	0.766701	1	1	
0.916867	-nan	0.76517	1.90465	1	1	1	1	1	1	0.672799	0.76517	0.76517	1	1	
0.920482	-nan	0.763646	1.90594	1	1	1	1	1	1	0.66845	0.763646	0.763646	1	1	
0.924096	-nan	0.762131	1.90723	1	1	1	1	1	1	0.664165	0.762131	0.762131	1	1	
0.927711	-nan	0.760623	1.90851	1	1	1	1	1	1	0.659941	0.760623	0.760623	1	1	
0.931325	-nan	0.759123	1.90977	1	1	1	1	1	1	0.655778	0.759123	0.759123	1	1	
0.93494	-nan	0.757631	1.91103	1	1	1	1	1	1	0.651676	0.757631	0.757631	1	1	
0.938554	-nan	0.756146	1.91229	1	1	1	1	1	1	0.647632	0.756146	0.756146	1	1	
0.942169	-nan	0.75467	1.91353	1	1	1	1	1	1	0.643647	0.75467	0.75467	1	1	
0.945783	-nan	0.753201	1.91476	1	1	1	1	1	1	0.639719	0.753201	0.753201	1	1	
0.949398	-nan	0.751739	1.91599	1	1	1	1	1	1	0.635847	0.751739	0.751739	1	1	
0.953012	-nan	0.750286	1.91721	1	1	1	1	1	1	0.632032	0.750286	0.750286	1	1	
0.956627	-nan	0.74884	1.91842	1	1	1	1	1	1	0.628271	0.74884	0.74884	1	1	
0.960241	-nan	0.747401	1.91962	1	1	1	1	1	1	0.624564	0.747401	0.747401	1	1	
0.963855	-nan	0.745971	1.92082	1	1	1	1	1	1	0.62091	0.745971	0.745971	1	1	
0.96747	-nan	0.744548	1.922	1	1	1	1	1	1	0.617308	0.744548	0.744548	1	1	
0.971084	-nan	0.743132	1.92318	1	1	1	1	1	1	0.613758	0.743132	0.743132	1	1	
0.974699	-nan	0.741724	1.92435	1	1	1	1	1	1	0.610259	0.741724	0.741724	1	1	
0.978313	-nan	0.740324	1.92552	1	1	1	1	1	1	0.60681	0.740324	0.740324	1	1	
0.981928	-nan	0.738931	1.92667	1	1	1	1	1	1	0.603409	0.738931	0.738931	1	1	
0.985542	-nan	0.737545	1.92782	1	1	1	1	1	1	0.600057	0.737545	0.737545	1	1	
0.989157	-nan	0.736167	1.92896	1	1	1	1	1	1	0.596753	0.736167	0.736167	1	1	
0.992771	-nan	0.734797	1.9301	1	1	1	1	1	1	0.593496	0.734797	0.734797	1	1	
0.996386	-nan	0.733434	1.93122	1	1	1	1	1	1	0.590285	0.733434	0.733434	1	1	
1	-nan	-nan	-nan	-nan	-nan	-nan	-nan	-nan	-nan	-nan	-nan	-nan	-nan	-nan	
