1e-05	-nan	0.354063	0.655571	1	1	1	1	1	1	1.82324	0.354063	0.354063	1	1	
1.03753e-05	-nan	0.354931	0.655577	1	1	1	1	1	1	1.82325	0.354931	0.354931	1	1	
1.07647e-05	-nan	0.355806	0.655583	1	1	1	1	1	1	1.82326	0.355806	0.355806	1	1	
1.11686e-05	-nan	0.356687	0.655589	1	1	1	1	1	1	1.82327	0.356687	0.356687	1	1	
1.15878e-05	-nan	0.357575	0.655595	1	1	1	1	1	1	1.82328	0.357575	0.357575	1	1	
1.20226e-05	-nan	0.35847	0.655601	1	1	1	1	1	1	1.82329	0.35847	0.35847	1	1	
1.24738e-05	-nan	0.35937	0.655608	1	1	1	1	1	1	1.8233	0.35937	0.35937	1	1	
1.2942e-05	-nan	0.360278	0.655614	1	1	1	1	1	1	1.82331	0.360278	0.360278	1	1	
1.34276e-05	-nan	0.361192	0.655621	1	1	1	1	1	1	1.82332	0.361192	0.361192	1	1	
1.39316e-05	-nan	0.362113	0.655628	1	1	1	1	1	1	1.82334	0.362113	0.362113	1	1	
1.44544e-05	-nan	0.36304	0.655636	1	1	1	1	1	1	1.82335	0.36304	0.36304	1	1	
1.49968e-05	-nan	0.363975	0.655643	1	1	1	1	1	1	1.82336	0.363975	0.363975	1	1	
1.55597e-05	-nan	0.364916	0.655651	1	1	1	1	1	1	1.82337	0.364916	0.364916	1	1	
1.61436e-05	-nan	0.365864	0.655659	1	1	1	1	1	1	1.82339	0.365864	0.365864	1	1	
1.67494e-05	-nan	0.366819	0.655668	1	1	1	1	1	1	1.8234	0.366819	0.366819	1	1	
1.7378e-05	-nan	0.367781	0.655676	1	1	1	1	1	1	1.82342	0.367781	0.367781	1	1	
1.80302e-05	-nan	0.36875	0.655685	1	1	1	1	1	1	1.82343	0.36875	0.36875	1	1	
1.87068e-05	-nan	0.369727	0.655694	1	1	1	1	1	1	1.82344	0.369727	0.369727	1	1	
1.94089e-05	-nan	0.37071	0.655704	1	1	1	1	1	1	1.82346	0.37071	0.37071	1	1	
2.01372e-05	-nan	0.371701	0.655713	1	1	1	1	1	1	1.82348	0.371701	0.371701	1	1	
2.0893e-05	-nan	0.372698	0.655723	1	1	1	1	1	1	1.82349	0.372698	0.372698	1	1	
2.1677e-05	-nan	0.373704	0.655734	1	1	1	1	1	1	1.82351	0.373704	0.373704	1	1	
2.24905e-05	-nan	0.374716	0.655744	1	1	1	1	1	1	1.82352	0.374716	0.374716	1	1	
2.33346e-05	-nan	0.375736	0.655755	1	1	1	1	1	1	1.82354	0.375736	0.375736	1	1	
2.42103e-05	-nan	0.376764	0.655766	1	1	1	1	1	1	1.82356	0.376764	0.376764	1	1	
2.51189e-05	-nan	0.377799	0.655778	1	1	1	1	1	1	1.82358	0.377799	0.377799	1	1	
2.60615e-05	-nan	0.378841	0.65579	1	1	1	1	1	1	1.8236	0.378841	0.378841	1	1	
2.70396e-05	-nan	0.379892	0.655802	1	1	1	1	1	1	1.82361	0.379892	0.379892	1	1	
2.80543e-05	-nan	0.38095	0.655815	1	1	1	1	1	1	1.82363	0.38095	0.38095	1	1	
2.91072e-05	-nan	0.382015	0.655828	1	1	1	1	1	1	1.82365	0.382015	0.382015	1	1	
3.01995e-05	-nan	0.383089	0.655842	1	1	1	1	1	1	1.82367	0.383089	0.383089	1	1	
3.13329e-05	-nan	0.384171	0.655856	1	1	1	1	1	1	1.82369	0.384171	0.384171	1	1	
3.25087e-05	-nan	0.38526	0.65587	1	1	1	1	1	1	1.82372	0.38526	0.38526	1	1	
3.37287e-05	-nan	0.386358	0.655885	1	1	1	1	1	1	1.82374	0.386358	0.386358	1	1	
3.49945e-05	-nan	0.387463	0.6559	1	1	1	1	1	1	1.82376	0.387463	0.387463	1	1	
3.63078e-05	-nan	0.388577	0.655916	1	1	1	1	1	1	1.82378	0.388577	0.388577	1	1	
3.76704e-05	-nan	0.389699	0.655932	1	1	1	1	1	1	1.82381	0.389699	0.389699	1	1	
3.90841e-05	-nan	0.39083	0.655949	1	1	1	1	1	1	1.82383	0.39083	0.39083	1	1	
4.05509e-05	-nan	0.391968	0.655966	1	1	1	1	1	1	1.82386	0.391968	0.391968	1	1	
4.20727e-05	-nan	0.393115	0.655984	1	1	1	1	1	1	1.82388	0.393115	0.393115	1	1	
4.36516e-05	-nan	0.394271	0.656002	1	1	1	1	1	1	1.82391	0.394271	0.394271	1	1	
4.52898e-05	-nan	0.395435	0.656021	1	1	1	1	1	1	1.82393	0.395435	0.395435	1	1	
4.69894e-05	-nan	0.396608	0.656041	1	1	1	1	1	1	1.82396	0.396608	0.396608	1	1	
4.87528e-05	-nan	0.397789	0.656061	1	1	1	1	1	1	1.82399	0.397789	0.397789	1	1	
5.05825e-05	-nan	0.39898	0.656082	1	1	1	1	1	1	1.82402	0.39898	0.39898	1	1	
5.24807e-05	-nan	0.400179	0.656103	1	1	1	1	1	1	1.82405	0.400179	0.400179	1	1	
5.44503e-05	-nan	0.401387	0.656125	1	1	1	1	1	1	1.82408	0.401387	0.401387	1	1	
5.64937e-05	-nan	0.402604	0.656148	1	1	1	1	1	1	1.82411	0.402604	0.402604	1	1	
5.86138e-05	-nan	0.40383	0.656171	1	1	1	1	1	1	1.82414	0.40383	0.40383	1	1	
6.08135e-05	-nan	0.405065	0.656195	1	1	1	1	1	1	1.82417	0.405065	0.405065	1	1	
6.30957e-05	-nan	0.406309	0.65622	1	1	1	1	1	1	1.8242	0.406309	0.406309	1	1	
6.54636e-05	-nan	0.407563	0.656246	1	1	1	1	1	1	1.82424	0.407563	0.407563	1	1	
6.79204e-05	-nan	0.408826	0.656272	1	1	1	1	1	1	1.82427	0.408826	0.408826	1	1	
7.04693e-05	-nan	0.410099	0.656299	1	1	1	1	1	1	1.82431	0.410099	0.410099	1	1	
7.31139e-05	-nan	0.411381	0.656328	1	1	1	1	1	1	1.82434	0.411381	0.411381	1	1	
7.58578e-05	-nan	0.412673	0.656357	1	1	1	1	1	1	1.82438	0.412673	0.412673	1	1	
7.87046e-05	-nan	0.413974	0.656386	1	1	1	1	1	1	1.82442	0.413974	0.413974	1	1	
8.16582e-05	-nan	0.415286	0.656417	1	1	1	1	1	1	1.82446	0.415286	0.415286	1	1	
8.47227e-05	-nan	0.416607	0.656449	1	1	1	1	1	1	1.8245	0.416607	0.416607	1	1	
8.79023e-05	-nan	0.417938	0.656482	1	1	1	1	1	1	1.82454	0.417938	0.417938	1	1	
9.12011e-05	-nan	0.419279	0.656515	1	1	1	1	1	1	1.82458	0.419279	0.419279	1	1	
9.46237e-05	-nan	0.420631	0.65655	1	1	1	1	1	1	1.82462	0.420631	0.420631	1	1	
9.81748e-05	-nan	0.421992	0.656586	1	1	1	1	1	1	1.82466	0.421992	0.421992	1	1	
0.000101859	-nan	0.423364	0.656623	1	1	1	1	1	1	1.82471	0.423364	0.423364	1	1	
0.000105682	-nan	0.424747	0.656661	1	1	1	1	1	1	1.82475	0.424747	0.424747	1	1	
0.000109648	-nan	0.42614	0.656701	1	1	1	1	1	1	1.8248	0.42614	0.42614	1	1	
0.000113763	-nan	0.427544	0.656741	1	1	1	1	1	1	1.82485	0.427544	0.427544	1	1	
0.000118032	-nan	0.428958	0.656783	1	1	1	1	1	1	1.8249	0.428958	0.428958	1	1	
0.000122462	-nan	0.430383	0.656826	1	1	1	1	1	1	1.82495	0.430383	0.430383	1	1	
0.000127057	-nan	0.43182	0.65687	1	1	1	1	1	1	1.825	0.43182	0.43182	1	1	
0.000131826	-nan	0.433267	0.656916	1	1	1	1	1	1	1.82505	0.433267	0.433267	1	1	
0.000136773	-nan	0.434726	0.656963	1	1	1	1	1	1	1.82511	0.434726	0.434726	1	1	
0.000141906	-nan	0.436196	0.657012	1	1	1	1	1	1	1.82516	0.436196	0.436196	1	1	
0.000147231	-nan	0.437677	0.657062	1	1	1	1	1	1	1.82522	0.437677	0.437677	1	1	
0.000152757	-nan	0.43917	0.657114	1	1	1	1	1	1	1.82528	0.43917	0.43917	1	1	
0.000158489	-nan	0.440674	0.657168	1	1	1	1	1	1	1.82534	0.440674	0.440674	1	1	
0.000164437	-nan	0.44219	0.657223	1	1	1	1	1	1	1.8254	0.44219	0.44219	1	1	
0.000170608	-nan	0.443718	0.65728	1	1	1	1	1	1	1.82546	0.443718	0.443718	1	1	
0.000177011	-nan	0.445259	0.657338	1	1	1	1	1	1	1.82552	0.445259	0.445259	1	1	
0.000183654	-nan	0.446811	0.657398	1	1	1	1	1	1	1.82559	0.446811	0.446811	1	1	
0.000190546	-nan	0.448375	0.657461	1	1	1	1	1	1	1.82565	0.448375	0.448375	1	1	
0.000197697	-nan	0.449952	0.657525	1	1	1	1	1	1	1.82572	0.449952	0.449952	1	1	
0.000205116	-nan	0.451542	0.657591	1	1	1	1	1	1	1.82579	0.451542	0.451542	1	1	
0.000212814	-nan	0.453144	0.657659	1	1	1	1	1	1	1.82586	0.453144	0.453144	1	1	
0.0002208	-nan	0.454759	0.65773	1	1	1	1	1	1	1.82594	0.454759	0.454759	1	1	
0.000229087	-nan	0.456387	0.657803	1	1	1	1	1	1	1.82601	0.456387	0.456387	1	1	
0.000237684	-nan	0.458028	0.657877	1	1	1	1	1	1	1.82609	0.458028	0.458028	1	1	
0.000246604	-nan	0.459682	0.657955	1	1	1	1	1	1	1.82617	0.459682	0.459682	1	1	
0.000255859	-nan	0.46135	0.658034	1	1	1	1	1	1	1.82625	0.46135	0.46135	1	1	
0.000265461	-nan	0.463031	0.658116	1	1	1	1	1	1	1.82633	0.463031	0.463031	1	1	
0.000275423	-nan	0.464726	0.658201	1	1	1	1	1	1	1.82641	0.464726	0.464726	1	1	
0.000285759	-nan	0.466435	0.658289	1	1	1	1	1	1	1.8265	0.466435	0.466435	1	1	
0.000296483	-nan	0.468158	0.658379	1	1	1	1	1	1	1.82658	0.468158	0.468158	1	1	
0.00030761	-nan	0.469895	0.658472	1	1	1	1	1	1	1.82667	0.469895	0.469895	1	1	
0.000319154	-nan	0.471647	0.658567	1	1	1	1	1	1	1.82677	0.471647	0.471647	1	1	
0.000331131	-nan	0.473413	0.658666	1	1	1	1	1	1	1.82686	0.473413	0.473413	1	1	
0.000343558	-nan	0.475194	0.658768	1	1	1	1	1	1	1.82695	0.475194	0.475194	1	1	
0.000356451	-nan	0.476989	0.658873	1	1	1	1	1	1	1.82705	0.476989	0.476989	1	1	
0.000369828	-nan	0.4788	0.658982	1	1	1	1	1	1	1.82715	0.4788	0.4788	1	1	
0.000383707	-nan	0.480626	0.659094	1	1	1	1	1	1	1.82726	0.480626	0.480626	1	1	
0.000398107	-nan	0.482468	0.659209	1	1	1	1	1	1	1.82736	0.482468	0.482468	1	1	
0.000413048	-nan	0.484325	0.659328	1	1	1	1	1	1	1.82747	0.484325	0.484325	1	1	
0.000428549	-nan	0.486198	0.659451	1	1	1	1	1	1	1.82758	0.486198	0.486198	1	1	
0.000444631	-nan	0.488087	0.659577	1	1	1	1	1	1	1.82769	0.488087	0.488087	1	1	
0.000461318	-nan	0.489992	0.659708	1	1	1	1	1	1	1.8278	0.489992	0.489992	1	1	
0.00047863	-nan	0.491914	0.659843	1	1	1	1	1	1	1.82792	0.491914	0.491914	1	1	
0.000496592	-nan	0.493853	0.659982	1	1	1	1	1	1	1.82804	0.493853	0.493853	1	1	
0.000515229	-nan	0.495808	0.660125	1	1	1	1	1	1	1.82816	0.495808	0.495808	1	1	
0.000534564	-nan	0.497781	0.660273	1	1	1	1	1	1	1.82829	0.497781	0.497781	1	1	
0.000554626	-nan	0.499771	0.660425	1	1	1	1	1	1	1.82842	0.499771	0.499771	1	1	
0.00057544	-nan	0.501778	0.660583	1	1	1	1	1	1	1.82855	0.501778	0.501778	1	1	
0.000597035	-nan	0.503804	0.660745	1	1	1	1	1	1	1.82868	0.503804	0.503804	1	1	
0.000619441	-nan	0.505847	0.660912	1	1	1	1	1	1	1.82882	0.505847	0.505847	1	1	
0.000642688	-nan	0.507909	0.661085	1	1	1	1	1	1	1.82896	0.507909	0.507909	1	1	
0.000666807	-nan	0.50999	0.661263	1	1	1	1	1	1	1.8291	0.50999	0.50999	1	1	
0.000691831	-nan	0.512089	0.661447	1	1	1	1	1	1	1.82924	0.512089	0.512089	1	1	
0.000717794	-nan	0.514207	0.661637	1	1	1	1	1	1	1.82939	0.514207	0.514207	1	1	
0.000744732	-nan	0.516345	0.661832	1	1	1	1	1	1	1.82955	0.516345	0.516345	1	1	
0.000772681	-nan	0.518502	0.662034	1	1	1	1	1	1	1.8297	0.518502	0.518502	1	1	
0.000801678	-nan	0.520679	0.662242	1	1	1	1	1	1	1.82986	0.520679	0.520679	1	1	
0.000831764	-nan	0.522876	0.662457	1	1	1	1	1	1	1.83002	0.522876	0.522876	1	1	
0.000862979	-nan	0.525094	0.662679	1	1	1	1	1	1	1.83019	0.525094	0.525094	1	1	
0.000895365	-nan	0.527332	0.662907	1	1	1	1	1	1	1.83035	0.527332	0.527332	1	1	
0.000928966	-nan	0.529592	0.663143	1	1	1	1	1	1	1.83053	0.529592	0.529592	1	1	
0.000963829	-nan	0.531872	0.663387	1	1	1	1	1	1	1.8307	0.531872	0.531872	1	1	
0.001	-nan	0.534175	0.663638	1	1	1	1	1	1	1.83088	0.534175	0.534175	1	1	
0.00103753	-nan	0.536499	0.663897	1	1	1	1	1	1	1.83106	0.536499	0.536499	1	1	
0.00107647	-nan	0.538845	0.664165	1	1	1	1	1	1	1.83125	0.538845	0.538845	1	1	
0.00111686	-nan	0.541214	0.66444	1	1	1	1	1	1	1.83144	0.541214	0.541214	1	1	
0.00115878	-nan	0.543606	0.664725	1	1	1	1	1	1	1.83164	0.543606	0.543606	1	1	
0.00120226	-nan	0.546021	0.665019	1	1	1	1	1	1	1.83184	0.546021	0.546021	1	1	
0.00124738	-nan	0.54846	0.665322	1	1	1	1	1	1	1.83204	0.54846	0.54846	1	1	
0.0012942	-nan	0.550922	0.665635	1	1	1	1	1	1	1.83224	0.550922	0.550922	1	1	
0.00134276	-nan	0.553408	0.665958	1	1	1	1	1	1	1.83246	0.553408	0.553408	1	1	
0.00139316	-nan	0.555919	0.666291	1	1	1	1	1	1	1.83267	0.555919	0.555919	1	1	
0.00144544	-nan	0.558455	0.666635	1	1	1	1	1	1	1.83289	0.558455	0.558455	1	1	
0.00149968	-nan	0.561016	0.66699	1	1	1	1	1	1	1.83311	0.561016	0.561016	1	1	
0.00155597	-nan	0.563603	0.667356	1	1	1	1	1	1	1.83334	0.563603	0.563603	1	1	
0.00161436	-nan	0.566215	0.667734	1	1	1	1	1	1	1.83357	0.566215	0.566215	1	1	
0.00167494	-nan	0.568854	0.668124	1	1	1	1	1	1	1.83381	0.568854	0.568854	1	1	
0.0017378	-nan	0.571519	0.668527	1	1	1	1	1	1	1.83405	0.571519	0.571519	1	1	
0.00180302	-nan	0.574211	0.668943	1	1	1	1	1	1	1.83429	0.574211	0.574211	1	1	
0.00187068	-nan	0.57693	0.669372	1	1	1	1	1	1	1.83455	0.57693	0.57693	1	1	
0.00194089	-nan	0.579677	0.669814	1	1	1	1	1	1	1.8348	0.579677	0.579677	1	1	
0.00201372	-nan	0.582453	0.670271	1	1	1	1	1	1	1.83506	0.582453	0.582453	1	1	
0.0020893	-nan	0.585256	0.670743	1	1	1	1	1	1	1.83532	0.585256	0.585256	1	1	
0.0021677	-nan	0.588089	0.67123	1	1	1	1	1	1	1.83559	0.588089	0.588089	1	1	
0.00224905	-nan	0.59095	0.671733	1	1	1	1	1	1	1.83587	0.59095	0.59095	1	1	
0.00233346	-nan	0.593841	0.672252	1	1	1	1	1	1	1.83614	0.593841	0.593841	1	1	
0.00242103	-nan	0.596762	0.672787	1	1	1	1	1	1	1.83643	0.596762	0.596762	1	1	
0.00251189	-nan	0.599713	0.67334	1	1	1	1	1	1	1.83671	0.599713	0.599713	1	1	
0.00260615	-nan	0.602695	0.673911	1	1	1	1	1	1	1.83701	0.602695	0.602695	1	1	
0.00270396	-nan	0.605708	0.6745	1	1	1	1	1	1	1.83731	0.605708	0.605708	1	1	
0.00280543	-nan	0.608752	0.675109	1	1	1	1	1	1	1.83761	0.608752	0.608752	1	1	
0.00291072	-nan	0.611827	0.675737	1	1	1	1	1	1	1.83792	0.611827	0.611827	1	1	
0.00301995	-nan	0.614935	0.676386	1	1	1	1	1	1	1.83823	0.614935	0.614935	1	1	
0.00313329	-nan	0.618076	0.677055	1	1	1	1	1	1	1.83855	0.618076	0.618076	1	1	
0.00325087	-nan	0.621249	0.677747	1	1	1	1	1	1	1.83887	0.621249	0.621249	1	1	
0.00337287	-nan	0.624455	0.678461	1	1	1	1	1	1	1.8392	0.624455	0.624455	1	1	
0.00349945	-nan	0.627694	0.679198	1	1	1	1	1	1	1.83953	0.627694	0.627694	1	1	
0.00363078	-nan	0.630968	0.679959	1	1	1	1	1	1	1.83987	0.630968	0.630968	1	1	
0.00376704	-nan	0.634275	0.680746	1	1	1	1	1	1	1.84021	0.634275	0.634275	1	1	
0.00390841	-nan	0.637617	0.681558	1	1	1	1	1	1	1.84056	0.637617	0.637617	1	1	
0.00405509	-nan	0.640993	0.682396	1	1	1	1	1	1	1.84091	0.640993	0.640993	1	1	
0.00420727	-nan	0.644405	0.683262	1	1	1	1	1	1	1.84126	0.644405	0.644405	1	1	
0.00436516	-nan	0.647852	0.684156	1	1	1	1	1	1	1.84163	0.647852	0.647852	1	1	
0.00452898	-nan	0.651334	0.68508	1	1	1	1	1	1	1.84199	0.651334	0.651334	1	1	
0.00469894	-nan	0.654852	0.686033	1	1	1	1	1	1	1.84236	0.654852	0.654852	1	1	
0.00487528	-nan	0.658407	0.687019	1	1	1	1	1	1	1.84274	0.658407	0.658407	1	1	
0.00505825	-nan	0.661997	0.688036	1	1	1	1	1	1	1.84312	0.661997	0.661997	1	1	
0.00524807	-nan	0.665624	0.689088	1	1	1	1	1	1	1.8435	0.665624	0.665624	1	1	
0.00544503	-nan	0.669288	0.690173	1	1	1	1	1	1	1.84389	0.669288	0.669288	1	1	
0.00564937	-nan	0.672988	0.691295	1	1	1	1	1	1	1.84428	0.672988	0.672988	1	1	
0.00586138	-nan	0.676726	0.692454	1	1	1	1	1	1	1.84468	0.676726	0.676726	1	1	
0.00608135	-nan	0.680501	0.693651	1	1	1	1	1	1	1.84508	0.680501	0.680501	1	1	
0.00630957	-nan	0.684313	0.694887	1	1	1	1	1	1	1.84549	0.684313	0.684313	1	1	
0.00654636	-nan	0.688162	0.696165	1	1	1	1	1	1	1.84589	0.688162	0.688162	1	1	
0.00679204	-nan	0.692049	0.697485	1	1	1	1	1	1	1.84631	0.692049	0.692049	1	1	
0.00704693	-nan	0.695973	0.698849	1	1	1	1	1	1	1.84672	0.695973	0.695973	1	1	
0.00731139	-nan	0.699934	0.700258	1	1	1	1	1	1	1.84714	0.699934	0.699934	1	1	
0.00758578	-nan	0.703933	0.701715	1	1	1	1	1	1	1.84756	0.703933	0.703933	1	1	
0.00787046	-nan	0.707969	0.703219	1	1	1	1	1	1	1.84798	0.707969	0.707969	1	1	
0.00816582	-nan	0.712043	0.704774	1	1	1	1	1	1	1.8484	0.712043	0.712043	1	1	
0.00847227	-nan	0.716154	0.706381	1	1	1	1	1	1	1.84883	0.716154	0.716154	1	1	
0.00879023	-nan	0.720301	0.708042	1	1	1	1	1	1	1.84926	0.720301	0.720301	1	1	
0.00912011	-nan	0.724486	0.709758	1	1	1	1	1	1	1.84969	0.724486	0.724486	1	1	
0.00946237	-nan	0.728706	0.711532	1	1	1	1	1	1	1.85012	0.728706	0.728706	1	1	
0.00981748	-nan	0.732964	0.713366	1	1	1	1	1	1	1.85055	0.732964	0.732964	1	1	
0.0101859	-nan	0.737257	0.715261	1	1	1	1	1	1	1.85098	0.737257	0.737257	1	1	
0.0105682	-nan	0.741586	0.71722	1	1	1	1	1	1	1.85141	0.741586	0.741586	1	1	
0.0109648	-nan	0.745949	0.719245	1	1	1	1	1	1	1.85184	0.745949	0.745949	1	1	
0.0113763	-nan	0.750348	0.721338	1	1	1	1	1	1	1.85227	0.750348	0.750348	1	1	
0.0118032	-nan	0.754781	0.723502	1	1	1	1	1	1	1.8527	0.754781	0.754781	1	1	
0.0122462	-nan	0.759247	0.72574	1	1	1	1	1	1	1.85313	0.759247	0.759247	1	1	
0.0127057	-nan	0.763747	0.728053	1	1	1	1	1	1	1.85355	0.763747	0.763747	1	1	
0.0131826	-nan	0.768279	0.730445	1	1	1	1	1	1	1.85397	0.768279	0.768279	1	1	
0.0136773	-nan	0.772842	0.732918	1	1	1	1	1	1	1.85439	0.772842	0.772842	1	1	
0.0141906	-nan	0.777437	0.735475	1	1	1	1	1	1	1.8548	0.777437	0.777437	1	1	
0.0147231	-nan	0.782061	0.738119	1	1	1	1	1	1	1.8552	0.782061	0.782061	1	1	
0.0152757	-nan	0.786715	0.740854	1	1	1	1	1	1	1.8556	0.786715	0.786715	1	1	
0.0158489	-nan	0.791397	0.743681	1	1	1	1	1	1	1.856	0.791397	0.791397	1	1	
0.0164437	-nan	0.796106	0.746606	1	1	1	1	1	1	1.85639	0.796106	0.796106	1	1	
0.0170608	-nan	0.800841	0.749631	1	1	1	1	1	1	1.85676	0.800841	0.800841	1	1	
0.0177011	-nan	0.805602	0.75276	1	1	1	1	1	1	1.85713	0.805602	0.805602	1	1	
0.0183654	-nan	0.810386	0.755996	1	1	1	1	1	1	1.85749	0.810386	0.810386	1	1	
0.0190546	-nan	0.815193	0.759343	1	1	1	1	1	1	1.85784	0.815193	0.815193	1	1	
0.0197697	-nan	0.82002	0.762806	1	1	1	1	1	1	1.85818	0.82002	0.82002	1	1	
0.0205116	-nan	0.824868	0.766388	1	1	1	1	1	1	1.85851	0.824868	0.824868	1	1	
0.0212814	-nan	0.829734	0.770094	1	1	1	1	1	1	1.85882	0.829734	0.829734	1	1	
0.02208	-nan	0.834617	0.773929	1	1	1	1	1	1	1.85911	0.834617	0.834617	1	1	
0.0229087	-nan	0.839515	0.777896	1	1	1	1	1	1	1.85939	0.839515	0.839515	1	1	
0.0237684	-nan	0.844426	0.782	1	1	1	1	1	1	1.85965	0.844426	0.844426	1	1	
0.0246604	-nan	0.849348	0.786247	1	1	1	1	1	1	1.8599	0.849348	0.849348	1	1	
0.0255859	-nan	0.854281	0.790642	1	1	1	1	1	1	1.86012	0.854281	0.854281	1	1	
0.0265461	-nan	0.859221	0.79519	1	1	1	1	1	1	1.86032	0.859221	0.859221	1	1	
0.0275423	-nan	0.864168	0.799896	1	1	1	1	1	1	1.8605	0.864168	0.864168	1	1	
0.0285759	-nan	0.869117	0.804766	1	1	1	1	1	1	1.86066	0.869117	0.869117	1	1	
0.0296483	-nan	0.874069	0.809807	1	1	1	1	1	1	1.86079	0.874069	0.874069	1	1	
0.030761	-nan	0.879019	0.815023	1	1	1	1	1	1	1.86089	0.879019	0.879019	1	1	
0.0319154	-nan	0.883967	0.820423	1	1	1	1	1	1	1.86096	0.883967	0.883967	1	1	
0.0331131	-nan	0.888909	0.826011	1	1	1	1	1	1	1.86101	0.888909	0.888909	1	1	
0.0343558	-nan	0.893843	0.831795	1	1	1	1	1	1	1.86102	0.893843	0.893843	1	1	
0.0356451	-nan	0.898766	0.837782	1	1	1	1	1	1	1.861	0.898766	0.898766	1	1	
0.0369828	-nan	0.903676	0.84398	1	1	1	1	1	1	1.86094	0.903676	0.903676	1	1	
0.0383707	-nan	0.908569	0.850395	1	1	1	1	1	1	1.86084	0.908569	0.908569	1	1	
0.0398107	-nan	0.913444	0.857035	1	1	1	1	1	1	1.8607	0.913444	0.913444	1	1	
0.0413048	-nan	0.918297	0.86391	1	1	1	1	1	1	1.86052	0.918297	0.918297	1	1	
0.0428549	-nan	0.923125	0.871025	1	1	1	1	1	1	1.8603	0.923125	0.923125	1	1	
0.0444631	-nan	0.927925	0.878391	1	1	1	1	1	1	1.86003	0.927925	0.927925	1	1	
0.0461318	-nan	0.932693	0.886017	1	1	1	1	1	1	1.85971	0.932693	0.932693	1	1	
0.047863	-nan	0.937427	0.89391	1	1	1	1	1	1	1.85935	0.937427	0.937427	1	1	
0.0496592	-nan	0.942123	0.902081	1	1	1	1	1	1	1.85892	0.942123	0.942123	1	1	
0.0515229	-nan	0.946777	0.910539	1	1	1	1	1	1	1.85845	0.946777	0.946777	1	1	
0.0534564	-nan	0.951387	0.919293	1	1	1	1	1	1	1.85791	0.951387	0.951387	1	1	
0.0554626	-nan	0.955947	0.928355	1	1	1	1	1	1	1.85731	0.955947	0.955947	1	1	
0.057544	-nan	0.960455	0.937735	1	1	1	1	1	1	1.85665	0.960455	0.960455	1	1	
0.0597035	-nan	0.964906	0.947443	1	1	1	1	1	1	1.85593	0.964906	0.964906	1	1	
0.0619441	-nan	0.969297	0.957489	1	1	1	1	1	1	1.85513	0.969297	0.969297	1	1	
0.0642688	-nan	0.973624	0.967886	1	1	1	1	1	1	1.85427	0.973624	0.973624	1	1	
0.0666807	-nan	0.977882	0.978645	1	1	1	1	1	1	1.85332	0.977882	0.977882	1	1	
0.0691831	-nan	0.982067	0.989777	1	1	1	1	1	1	1.8523	0.982067	0.982067	1	1	
0.0717794	-nan	0.986175	1.00129	1	1	1	1	1	1	1.8512	0.986175	0.986175	1	1	
0.0744732	-nan	0.990201	1.01321	1	1	1	1	1	1	1.85002	0.990201	0.990201	1	1	
0.0772681	-nan	0.994141	1.02553	1	1	1	1	1	1	1.84875	0.994141	0.994141	1	1	
0.0801678	-nan	0.997991	1.03828	1	1	1	1	1	1	1.84739	0.997991	0.997991	1	1	
0.0831764	-nan	1.00174	1.05146	1	1	1	1	1	1	1.84594	1.00174	1.00174	1	1	
0.0862979	-nan	1.0054	1.06508	1	1	1	1	1	1	1.84439	1.0054	1.0054	1	1	
0.0895365	-nan	1.00895	1.07917	1	1	1	1	1	1	1.84274	1.00895	1.00895	1	1	
0.0928966	-nan	1.01239	1.09373	1	1	1	1	1	1	1.84099	1.01239	1.01239	1	1	
0.0963829	-nan	1.01571	1.10877	1	1	1	1	1	1	1.83914	1.01571	1.01571	1	1	
0.1	-nan	1.01892	1.12431	1	1	1	1	1	1	1.83717	1.01892	1.01892	1	1	
0.103614	-nan	1.02189	1.13977	1	1	1	1	1	1	1.83517	1.02189	1.02189	1	1	
0.107229	-nan	1.02464	1.15515	1	1	1	1	1	1	1.83314	1.02464	1.02464	1	1	
0.110843	-nan	1.02719	1.17046	1	1	1	1	1	1	1.83107	1.02719	1.02719	1	1	
0.114458	-nan	1.02955	1.18571	1	1	1	1	1	1	1.82898	1.02955	1.02955	1	1	
0.118072	-nan	1.03174	1.20087	1	1	1	1	1	1	1.82686	1.03174	1.03174	1	1	
0.121687	-nan	1.03375	1.21596	1	1	1	1	1	1	1.82473	1.03375	1.03375	1	1	
0.125301	-nan	1.03561	1.23097	1	1	1	1	1	1	1.82257	1.03561	1.03561	1	1	
0.128916	-nan	1.03733	1.24591	1	1	1	1	1	1	1.82039	1.03733	1.03733	1	1	
0.13253	-nan	1.0389	1.26076	1	1	1	1	1	1	1.8182	1.0389	1.0389	1	1	
0.136145	-nan	1.04034	1.27554	1	1	1	1	1	1	1.81599	1.04034	1.04034	1	1	
0.139759	-nan	1.04166	1.29023	1	1	1	1	1	1	1.81377	1.04166	1.04166	1	1	
0.143373	-nan	1.04286	1.30484	1	1	1	1	1	1	1.81153	1.04286	1.04286	1	1	
0.146988	-nan	1.04394	1.31937	1	1	1	1	1	1	1.80929	1.04394	1.04394	1	1	
0.150602	-nan	1.04492	1.33381	1	1	1	1	1	1	1.80704	1.04492	1.04492	1	1	
0.154217	-nan	1.04581	1.34816	1	1	1	1	1	1	1.80478	1.04581	1.04581	1	1	
0.157831	-nan	1.04659	1.36243	1	1	1	1	1	1	1.80252	1.04659	1.04659	1	1	
0.161446	-nan	1.04729	1.37662	1	1	1	1	1	1	1.80024	1.04729	1.04729	1	1	
0.16506	-nan	1.0479	1.39071	1	1	1	1	1	1	1.79797	1.0479	1.0479	1	1	
0.168675	-nan	1.04843	1.40472	1	1	1	1	1	1	1.79569	1.04843	1.04843	1	1	
0.172289	-nan	1.04888	1.41863	1	1	1	1	1	1	1.79341	1.04888	1.04888	1	1	
0.175904	-nan	1.04926	1.43246	1	1	1	1	1	1	1.79113	1.04926	1.04926	1	1	
0.179518	-nan	1.04957	1.44619	1	1	1	1	1	1	1.78885	1.04957	1.04957	1	1	
0.183133	-nan	1.04981	1.45983	1	1	1	1	1	1	1.78656	1.04981	1.04981	1	1	
0.186747	-nan	1.04998	1.47338	1	1	1	1	1	1	1.78428	1.04998	1.04998	1	1	
0.190361	-nan	1.0501	1.48684	1	1	1	1	1	1	1.782	1.0501	1.0501	1	1	
0.193976	-nan	1.05016	1.5002	1	1	1	1	1	1	1.77972	1.05016	1.05016	1	1	
0.19759	-nan	1.05016	1.51347	1	1	1	1	1	1	1.77744	1.05016	1.05016	1	1	
0.201205	-nan	1.05011	1.52665	1	1	1	1	1	1	1.77517	1.05011	1.05011	1	1	
0.204819	-nan	1.05	1.53973	1	1	1	1	1	1	1.7729	1.05	1.05	1	1	
0.208434	-nan	1.04985	1.55272	1	1	1	1	1	1	1.77064	1.04985	1.04985	1	1	
0.212048	-nan	1.04966	1.56561	1	1	1	1	1	1	1.76838	1.04966	1.04966	1	1	
0.215663	-nan	1.04942	1.57841	1	1	1	1	1	1	1.76612	1.04942	1.04942	1	1	
0.219277	-nan	1.04914	1.59111	1	1	1	1	1	1	1.76387	1.04914	1.04914	1	1	
0.222892	-nan	1.04881	1.60371	1	1	1	1	1	1	1.76163	1.04881	1.04881	1	1	
0.226506	-nan	1.04845	1.61622	1	1	1	1	1	1	1.75939	1.04845	1.04845	1	1	
0.23012	-nan	1.04806	1.62864	1	1	1	1	1	1	1.75716	1.04806	1.04806	1	1	
0.233735	-nan	1.04762	1.64095	1	1	1	1	1	1	1.75494	1.04762	1.04762	1	1	
0.237349	-nan	1.04716	1.65317	1	1	1	1	1	1	1.75272	1.04716	1.04716	1	1	
0.240964	-nan	1.04666	1.6653	1	1	1	1	1	1	1.75051	1.04666	1.04666	1	1	
0.244578	-nan	1.04613	1.67733	1	1	1	1	1	1	1.74831	1.04613	1.04613	1	1	
0.248193	-nan	1.04557	1.68926	1	1	1	1	1	1	1.74612	1.04557	1.04557	1	1	
0.251807	-nan	1.04499	1.7011	1	1	1	1	1	1	1.74394	1.04499	1.04499	1	1	
0.255422	-nan	1.04437	1.71284	1	1	1	1	1	1	1.74176	1.04437	1.04437	1	1	
0.259036	-nan	1.04373	1.72448	1	1	1	1	1	1	1.7396	1.04373	1.04373	1	1	
0.262651	-nan	1.04307	1.73603	1	1	1	1	1	1	1.73744	1.04307	1.04307	1	1	
0.266265	-nan	1.04238	1.74748	1	1	1	1	1	1	1.7353	1.04238	1.04238	1	1	
0.26988	-nan	1.04167	1.75884	1	1	1	1	1	1	1.73316	1.04167	1.04167	1	1	
0.273494	-nan	1.04094	1.7701	1	1	1	1	1	1	1.73103	1.04094	1.04094	1	1	
0.277108	-nan	1.04019	1.78126	1	1	1	1	1	1	1.72892	1.04019	1.04019	1	1	
0.280723	-nan	1.03942	1.79233	1	1	1	1	1	1	1.72681	1.03942	1.03942	1	1	
0.284337	-nan	1.03863	1.80331	1	1	1	1	1	1	1.72472	1.03863	1.03863	1	1	
0.287952	-nan	1.03783	1.81419	1	1	1	1	1	1	1.72263	1.03783	1.03783	1	1	
0.291566	-nan	1.037	1.82498	1	1	1	1	1	1	1.72056	1.037	1.037	1	1	
0.295181	-nan	1.03616	1.83567	1	1	1	1	1	1	1.71849	1.03616	1.03616	1	1	
0.298795	-nan	1.03531	1.84628	1	1	1	1	1	1	1.71644	1.03531	1.03531	1	1	
0.30241	-nan	1.03444	1.85678	1	1	1	1	1	1	1.7144	1.03444	1.03444	1	1	
0.306024	-nan	1.03356	1.8672	1	1	1	1	1	1	1.71237	1.03356	1.03356	1	1	
0.309639	-nan	1.03266	1.87752	1	1	1	1	1	1	1.71035	1.03266	1.03266	1	1	
0.313253	-nan	1.03175	1.88775	1	1	1	1	1	1	1.70834	1.03175	1.03175	1	1	
0.316867	-nan	1.03083	1.89789	1	1	1	1	1	1	1.70635	1.03083	1.03083	1	1	
0.320482	-nan	1.0299	1.90793	1	1	1	1	1	1	1.70436	1.0299	1.0299	1	1	
0.324096	-nan	1.02895	1.91789	1	1	1	1	1	1	1.70239	1.02895	1.02895	1	1	
0.327711	-nan	1.028	1.92776	1	1	1	1	1	1	1.70043	1.028	1.028	1	1	
0.331325	-nan	1.02703	1.93753	1	1	1	1	1	1	1.69848	1.02703	1.02703	1	1	
0.33494	-nan	1.02606	1.94722	1	1	1	1	1	1	1.69654	1.02606	1.02606	1	1	
0.338554	-nan	1.02508	1.95682	1	1	1	1	1	1	1.69462	1.02508	1.02508	1	1	
0.342169	-nan	1.02409	1.96632	1	1	1	1	1	1	1.6927	1.02409	1.02409	1	1	
0.345783	-nan	1.02309	1.97574	1	1	1	1	1	1	1.6908	1.02309	1.02309	1	1	
0.349398	-nan	1.02209	1.98508	1	1	1	1	1	1	1.68891	1.02209	1.02209	1	1	
0.353012	-nan	1.02108	1.99432	1	1	1	1	1	1	1.68703	1.02108	1.02108	1	1	
0.356627	-nan	1.02006	2.00348	1	1	1	1	1	1	1.68517	1.02006	1.02006	1	1	
0.360241	-nan	1.01904	2.01255	1	1	1	1	1	1	1.68331	1.01904	1.01904	1	1	
0.363855	-nan	1.01801	2.02154	1	1	1	1	1	1	1.68147	1.01801	1.01801	1	1	
0.36747	-nan	1.01698	2.03044	1	1	1	1	1	1	1.67964	1.01698	1.01698	1	1	
0.371084	-nan	1.01594	2.03926	1	1	1	1	1	1	1.67782	1.01594	1.01594	1	1	
0.374699	-nan	1.01489	2.048	1	1	1	1	1	1	1.67601	1.01489	1.01489	1	1	
0.378313	-nan	1.01385	2.05665	1	1	1	1	1	1	1.67422	1.01385	1.01385	1	1	
0.381928	-nan	1.01279	2.06521	1	1	1	1	1	1	1.67244	1.01279	1.01279	1	1	
0.385542	-nan	1.01174	2.0737	1	1	1	1	1	1	1.67067	1.01174	1.01174	1	1	
0.389157	-nan	1.01068	2.0821	1	1	1	1	1	1	1.66891	1.01068	1.01068	1	1	
0.392771	-nan	1.00962	2.09042	1	1	1	1	1	1	1.66716	1.00962	1.00962	1	1	
0.396386	-nan	1.00856	2.09866	1	1	1	1	1	1	1.66543	1.00856	1.00856	1	1	
0.4	-nan	1.00749	2.10682	1	1	1	1	1	1	1.66371	1.00749	1.00749	1	1	
0.403614	-nan	1.00643	2.1149	1	1	1	1	1	1	1.662	1.00643	1.00643	1	1	
0.407229	-nan	1.00536	2.12291	1	1	1	1	1	1	1.6603	1.00536	1.00536	1	1	
0.410843	-nan	1.00428	2.13083	1	1	1	1	1	1	1.65861	1.00428	1.00428	1	1	
0.414458	-nan	1.00321	2.13867	1	1	1	1	1	1	1.65694	1.00321	1.00321	1	1	
0.418072	-nan	1.00214	2.14644	1	1	1	1	1	1	1.65528	1.00214	1.00214	1	1	
0.421687	-nan	1.00107	2.15413	1	1	1	1	1	1	1.65362	1.00107	1.00107	1	1	
0.425301	-nan	0.999992	2.16175	1	1	1	1	1	1	1.65198	0.999992	0.999992	1	1	
0.428916	-nan	0.998917	2.16929	1	1	1	1	1	1	1.65036	0.998917	0.998917	1	1	
0.43253	-nan	0.997842	2.17675	1	1	1	1	1	1	1.64874	0.997842	0.997842	1	1	
0.436145	-nan	0.996767	2.18414	1	1	1	1	1	1	1.64713	0.996767	0.996767	1	1	
0.439759	-nan	0.995693	2.19146	1	1	1	1	1	1	1.64554	0.995693	0.995693	1	1	
0.443373	-nan	0.994619	2.1987	1	1	1	1	1	1	1.64396	0.994619	0.994619	1	1	
0.446988	-nan	0.993546	2.20588	1	1	1	1	1	1	1.64239	0.993546	0.993546	1	1	
0.450602	-nan	0.992473	2.21297	1	1	1	1	1	1	1.64083	0.992473	0.992473	1	1	
0.454217	-nan	0.991402	2.22	1	1	1	1	1	1	1.63928	0.991402	0.991402	1	1	
0.457831	-nan	0.990331	2.22696	1	1	1	1	1	1	1.63774	0.990331	0.990331	1	1	
0.461446	-nan	0.989262	2.23384	1	1	1	1	1	1	1.63622	0.989262	0.989262	1	1	
0.46506	-nan	0.988195	2.24066	1	1	1	1	1	1	1.6347	0.988195	0.988195	1	1	
0.468675	-nan	0.987129	2.2474	1	1	1	1	1	1	1.6332	0.987129	0.987129	1	1	
0.472289	-nan	0.986065	2.25408	1	1	1	1	1	1	1.63171	0.986065	0.986065	1	1	
0.475904	-nan	0.985002	2.26069	1	1	1	1	1	1	1.63023	0.985002	0.985002	1	1	
0.479518	-nan	0.983942	2.26724	1	1	1	1	1	1	1.62875	0.983942	0.983942	1	1	
0.483133	-nan	0.982884	2.27371	1	1	1	1	1	1	1.62729	0.982884	0.982884	1	1	
0.486747	-nan	0.981828	2.28012	1	1	1	1	1	1	1.62584	0.981828	0.981828	1	1	
0.490361	-nan	0.980775	2.28646	1	1	1	1	1	1	1.6244	0.980775	0.980775	1	1	
0.493976	-nan	0.979724	2.29274	1	1	1	1	1	1	1.62298	0.979724	0.979724	1	1	
0.49759	-nan	0.978676	2.29896	1	1	1	1	1	1	1.62156	0.978676	0.978676	1	1	
0.501205	-nan	0.977631	2.30511	1	1	1	1	1	1	1.62015	0.977631	0.977631	1	1	
0.504819	-nan	0.976588	2.31119	1	1	1	1	1	1	1.61875	0.976588	0.976588	1	1	
0.508434	-nan	0.975549	2.31721	1	1	1	1	1	1	1.61737	0.975549	0.975549	1	1	
0.512048	-nan	0.974513	2.32317	1	1	1	1	1	1	1.61599	0.974513	0.974513	1	1	
0.515663	-nan	0.973479	2.32907	1	1	1	1	1	1	1.61462	0.973479	0.973479	1	1	
0.519277	-nan	0.972449	2.33491	1	1	1	1	1	1	1.61326	0.972449	0.972449	1	1	
0.522892	-nan	0.971423	2.34069	1	1	1	1	1	1	1.61192	0.971423	0.971423	1	1	
0.526506	-nan	0.9704	2.3464	1	1	1	1	1	1	1.61058	0.9704	0.9704	1	1	
0.53012	-nan	0.96938	2.35206	1	1	1	1	1	1	1.60925	0.96938	0.96938	1	1	
0.533735	-nan	0.968364	2.35766	1	1	1	1	1	1	1.60794	0.968364	0.968364	1	1	
0.537349	-nan	0.967351	2.3632	1	1	1	1	1	1	1.60663	0.967351	0.967351	1	1	
0.540964	-nan	0.966343	2.36868	1	1	1	1	1	1	1.60533	0.966343	0.966343	1	1	
0.544578	-nan	0.965338	2.3741	1	1	1	1	1	1	1.60404	0.965338	0.965338	1	1	
0.548193	-nan	0.964337	2.37947	1	1	1	1	1	1	1.60276	0.964337	0.964337	1	1	
0.551807	-nan	0.96334	2.38478	1	1	1	1	1	1	1.60149	0.96334	0.96334	1	1	
0.555422	-nan	0.962347	2.39004	1	1	1	1	1	1	1.60023	0.962347	0.962347	1	1	
0.559036	-nan	0.961358	2.39523	1	1	1	1	1	1	1.59898	0.961358	0.961358	1	1	
0.562651	-nan	0.960373	2.40038	1	1	1	1	1	1	1.59774	0.960373	0.960373	1	1	
0.566265	-nan	0.959393	2.40547	1	1	1	1	1	1	1.5965	0.959393	0.959393	1	1	
0.56988	-nan	0.958417	2.4105	1	1	1	1	1	1	1.59528	0.958417	0.958417	1	1	
0.573494	-nan	0.957444	2.41549	1	1	1	1	1	1	1.59406	0.957444	0.957444	1	1	
0.577108	-nan	0.956477	2.42042	1	1	1	1	1	1	1.59285	0.956477	0.956477	1	1	
0.580723	-nan	0.955513	2.42529	1	1	1	1	1	1	1.59166	0.955513	0.955513	1	1	
0.584337	-nan	0.954555	2.43012	1	1	1	1	1	1	1.59047	0.954555	0.954555	1	1	
0.587952	-nan	0.9536	2.43489	1	1	1	1	1	1	1.58928	0.9536	0.9536	1	1	
0.591566	-nan	0.95265	2.43962	1	1	1	1	1	1	1.58811	0.95265	0.95265	1	1	
0.595181	-nan	0.951705	2.44429	1	1	1	1	1	1	1.58695	0.951705	0.951705	1	1	
0.598795	-nan	0.950764	2.44891	1	1	1	1	1	1	1.58579	0.950764	0.950764	1	1	
0.60241	-nan	0.949828	2.45349	1	1	1	1	1	1	1.58464	0.949828	0.949828	1	1	
0.606024	-nan	0.948896	2.45801	1	1	1	1	1	1	1.5835	0.948896	0.948896	1	1	
0.609639	-nan	0.94797	2.46249	1	1	1	1	1	1	1.58237	0.94797	0.94797	1	1	
0.613253	-nan	0.947048	2.46692	1	1	1	1	1	1	1.58125	0.947048	0.947048	1	1	
0.616867	-nan	0.94613	2.4713	1	1	1	1	1	1	1.58013	0.94613	0.94613	1	1	
0.620482	-nan	0.945218	2.47563	1	1	1	1	1	1	1.57903	0.945218	0.945218	1	1	
0.624096	-nan	0.94431	2.47992	1	1	1	1	1	1	1.57793	0.94431	0.94431	1	1	
0.627711	-nan	0.943407	2.48416	1	1	1	1	1	1	1.57683	0.943407	0.943407	1	1	
0.631325	-nan	0.942509	2.48835	1	1	1	1	1	1	1.57575	0.942509	0.942509	1	1	
0.63494	-nan	0.941615	2.4925	1	1	1	1	1	1	1.57467	0.941615	0.941615	1	1	
0.638554	-nan	0.940727	2.49661	1	1	1	1	1	1	1.5736	0.940727	0.940727	1	1	
0.642169	-nan	0.939843	2.50067	1	1	1	1	1	1	1.57254	0.939843	0.939843	1	1	
0.645783	-nan	0.938965	2.50469	1	1	1	1	1	1	1.57149	0.938965	0.938965	1	1	
0.649398	-nan	0.938091	2.50866	1	1	1	1	1	1	1.57044	0.938091	0.938091	1	1	
0.653012	-nan	0.937222	2.51259	1	1	1	1	1	1	1.5694	0.937222	0.937222	1	1	
0.656627	-nan	0.936358	2.51648	1	1	1	1	1	1	1.56837	0.936358	0.936358	1	1	
0.660241	-nan	0.935499	2.52032	1	1	1	1	1	1	1.56734	0.935499	0.935499	1	1	
0.663855	-nan	0.934645	2.52413	1	1	1	1	1	1	1.56632	0.934645	0.934645	1	1	
0.66747	-nan	0.933796	2.52789	1	1	1	1	1	1	1.56531	0.933796	0.933796	1	1	
0.671084	-nan	0.932952	2.53161	1	1	1	1	1	1	1.56431	0.932952	0.932952	1	1	
0.674699	-nan	0.932113	2.53529	1	1	1	1	1	1	1.56331	0.932113	0.932113	1	1	
0.678313	-nan	0.931279	2.53893	1	1	1	1	1	1	1.56232	0.931279	0.931279	1	1	
0.681928	-nan	0.93045	2.54253	1	1	1	1	1	1	1.56133	0.93045	0.93045	1	1	
0.685542	-nan	0.929626	2.5461	1	1	1	1	1	1	1.56036	0.929626	0.929626	1	1	
0.689157	-nan	0.928807	2.54962	1	1	1	1	1	1	1.55939	0.928807	0.928807	1	1	
0.692771	-nan	0.927993	2.5531	1	1	1	1	1	1	1.55842	0.927993	0.927993	1	1	
0.696386	-nan	0.927184	2.55655	1	1	1	1	1	1	1.55746	0.927184	0.927184	1	1	
0.7	-nan	0.926379	2.55996	1	1	1	1	1	1	1.55651	0.926379	0.926379	1	1	
0.703614	-nan	0.92558	2.56333	1	1	1	1	1	1	1.55556	0.92558	0.92558	1	1	
0.707229	-nan	0.924786	2.56666	1	1	1	1	1	1	1.55463	0.924786	0.924786	1	1	
0.710843	-nan	0.923997	2.56996	1	1	1	1	1	1	1.55369	0.923997	0.923997	1	1	
0.714458	-nan	0.923213	2.57322	1	1	1	1	1	1	1.55277	0.923213	0.923213	1	1	
0.718072	-nan	0.922433	2.57645	1	1	1	1	1	1	1.55184	0.922433	0.922433	1	1	
0.721687	-nan	0.921659	2.57964	1	1	1	1	1	1	1.55093	0.921659	0.921659	1	1	
0.725301	-nan	0.92089	2.58279	1	1	1	1	1	1	1.55002	0.92089	0.92089	1	1	
0.728916	-nan	0.920125	2.58591	1	1	1	1	1	1	1.54912	0.920125	0.920125	1	1	
0.73253	-nan	0.919366	2.589	1	1	1	1	1	1	1.54822	0.919366	0.919366	1	1	
0.736145	-nan	0.918611	2.59205	1	1	1	1	1	1	1.54733	0.918611	0.918611	1	1	
0.739759	-nan	0.917862	2.59507	1	1	1	1	1	1	1.54644	0.917862	0.917862	1	1	
0.743373	-nan	0.917117	2.59805	1	1	1	1	1	1	1.54556	0.917117	0.917117	1	1	
0.746988	-nan	0.916377	2.601	1	1	1	1	1	1	1.54469	0.916377	0.916377	1	1	
0.750602	-nan	0.915642	2.60392	1	1	1	1	1	1	1.54382	0.915642	0.915642	1	1	
0.754217	-nan	0.914912	2.60681	1	1	1	1	1	1	1.54296	0.914912	0.914912	1	1	
0.757831	-nan	0.914187	2.60966	1	1	1	1	1	1	1.5421	0.914187	0.914187	1	1	
0.761446	-nan	0.913467	2.61248	1	1	1	1	1	1	1.54125	0.913467	0.913467	1	1	
0.76506	-nan	0.912751	2.61527	1	1	1	1	1	1	1.5404	0.912751	0.912751	1	1	
0.768675	-nan	0.912041	2.61803	1	1	1	1	1	1	1.53956	0.912041	0.912041	1	1	
0.772289	-nan	0.911335	2.62076	1	1	1	1	1	1	1.53872	0.911335	0.911335	1	1	
0.775904	-nan	0.910634	2.62346	1	1	1	1	1	1	1.53789	0.910634	0.910634	1	1	
0.779518	-nan	0.909937	2.62613	1	1	1	1	1	1	1.53706	0.909937	0.909937	1	1	
0.783133	-nan	0.909246	2.62877	1	1	1	1	1	1	1.53624	0.909246	0.909246	1	1	
0.786747	-nan	0.908559	2.63138	1	1	1	1	1	1	1.53543	0.908559	0.908559	1	1	
0.790361	-nan	0.907877	2.63396	1	1	1	1	1	1	1.53461	0.907877	0.907877	1	1	
0.793976	-nan	0.907199	2.63651	1	1	1	1	1	1	1.53381	0.907199	0.907199	1	1	
0.79759	-nan	0.906526	2.63903	1	1	1	1	1	1	1.53301	0.906526	0.906526	1	1	
0.801205	-nan	0.905858	2.64153	1	1	1	1	1	1	1.53221	0.905858	0.905858	1	1	
0.804819	-nan	0.905195	2.64399	1	1	1	1	1	1	1.53142	0.905195	0.905195	1	1	
0.808434	-nan	0.904536	2.64643	1	1	1	1	1	1	1.53063	0.904536	0.904536	1	1	
0.812048	-nan	0.903882	2.64884	1	1	1	1	1	1	1.52985	0.903882	0.903882	1	1	
0.815663	-nan	0.903232	2.65123	1	1	1	1	1	1	1.52907	0.903232	0.903232	1	1	
0.819277	-nan	0.902587	2.65359	1	1	1	1	1	1	1.5283	0.902587	0.902587	1	1	
0.822892	-nan	0.901947	2.65592	1	1	1	1	1	1	1.52753	0.901947	0.901947	1	1	
0.826506	-nan	0.901311	2.65822	1	1	1	1	1	1	1.52677	0.901311	0.901311	1	1	
0.83012	-nan	0.90068	2.6605	1	1	1	1	1	1	1.52601	0.90068	0.90068	1	1	
0.833735	-nan	0.900053	2.66276	1	1	1	1	1	1	1.52526	0.900053	0.900053	1	1	
0.837349	-nan	0.89943	2.66498	1	1	1	1	1	1	1.52451	0.89943	0.89943	1	1	
0.840964	-nan	0.898812	2.66719	1	1	1	1	1	1	1.52376	0.898812	0.898812	1	1	
0.844578	-nan	0.898199	2.66936	1	1	1	1	1	1	1.52302	0.898199	0.898199	1	1	
0.848193	-nan	0.89759	2.67152	1	1	1	1	1	1	1.52228	0.89759	0.89759	1	1	
0.851807	-nan	0.896985	2.67365	1	1	1	1	1	1	1.52155	0.896985	0.896985	1	1	
0.855422	-nan	0.896384	2.67575	1	1	1	1	1	1	1.52082	0.896384	0.896384	1	1	
0.859036	-nan	0.895788	2.67783	1	1	1	1	1	1	1.5201	0.895788	0.895788	1	1	
0.862651	-nan	0.895197	2.67989	1	1	1	1	1	1	1.51938	0.895197	0.895197	1	1	
0.866265	-nan	0.894609	2.68192	1	1	1	1	1	1	1.51866	0.894609	0.894609	1	1	
0.86988	-nan	0.894026	2.68393	1	1	1	1	1	1	1.51795	0.894026	0.894026	1	1	
0.873494	-nan	0.893447	2.68592	1	1	1	1	1	1	1.51724	0.893447	0.893447	1	1	
0.877108	-nan	0.892872	2.68788	1	1	1	1	1	1	1.51654	0.892872	0.892872	1	1	
0.880723	-nan	0.892302	2.68983	1	1	1	1	1	1	1.51584	0.892302	0.892302	1	1	
0.884337	-nan	0.891736	2.69175	1	1	1	1	1	1	1.51514	0.891736	0.891736	1	1	
0.887952	-nan	0.891173	2.69365	1	1	1	1	1	1	1.51445	0.891173	0.891173	1	1	
0.891566	-nan	0.890615	2.69552	1	1	1	1	1	1	1.51376	0.890615	0.890615	1	1	
0.895181	-nan	0.890062	2.69738	1	1	1	1	1	1	1.51308	0.890062	0.890062	1	1	
0.898795	-nan	0.889512	2.69921	1	1	1	1	1	1	1.51239	0.889512	0.889512	1	1	
0.90241	-nan	0.888966	2.70103	1	1	1	1	1	1	1.51172	0.888966	0.888966	1	1	
0.906024	-nan	0.888424	2.70282	1	1	1	1	1	1	1.51104	0.888424	0.888424	1	1	
0.909639	-nan	0.887887	2.70459	1	1	1	1	1	1	1.51038	0.887887	0.887887	1	1	
0.913253	-nan	0.887353	2.70634	1	1	1	1	1	1	1.50971	0.887353	0.887353	1	1	
0.916867	-nan	0.886823	2.70807	1	1	1	1	1	1	1.50905	0.886823	0.886823	1	1	
0.920482	-nan	0.886298	2.70978	1	1	1	1	1	1	1.50839	0.886298	0.886298	1	1	
0.924096	-nan	0.885776	2.71148	1	1	1	1	1	1	1.50773	0.885776	0.885776	1	1	
0.927711	-nan	0.885258	2.71315	1	1	1	1	1	1	1.50708	0.885258	0.885258	1	1	
0.931325	-nan	0.884744	2.7148	1	1	1	1	1	1	1.50643	0.884744	0.884744	1	1	
0.93494	-nan	0.884234	2.71643	1	1	1	1	1	1	1.50579	0.884234	0.884234	1	1	
0.938554	-nan	0.883728	2.71805	1	1	1	1	1	1	1.50515	0.883728	0.883728	1	1	
0.942169	-nan	0.883225	2.71965	1	1	1	1	1	1	1.50451	0.883225	0.883225	1	1	
0.945783	-nan	0.882726	2.72122	1	1	1	1	1	1	1.50388	0.882726	0.882726	1	1	
0.949398	-nan	0.882232	2.72278	1	1	1	1	1	1	1.50325	0.882232	0.882232	1	1	
0.953012	-nan	0.88174	2.72433	1	1	1	1	1	1	1.50262	0.88174	0.88174	1	1	
0.956627	-nan	0.881253	2.72585	1	1	1	1	1	1	1.502	0.881253	0.881253	1	1	
0.960241	-nan	0.880769	2.72735	1	1	1	1	1	1	1.50138	0.880769	0.880769	1	1	
0.963855	-nan	0.880289	2.72884	1	1	1	1	1	1	1.50076	0.880289	0.880289	1	1	
0.96747	-nan	0.879813	2.73031	1	1	1	1	1	1	1.50014	0.879813	0.879813	1	1	
0.971084	-nan	0.87934	2.73177	1	1	1	1	1	1	1.49953	0.87934	0.87934	1	1	
0.974699	-nan	0.878871	2.73321	1	1	1	1	1	1	1.49893	0.878871	0.878871	1	1	
0.978313	-nan	0.878405	2.73463	1	1	1	1	1	1	1.49832	0.878405	0.878405	1	1	
0.981928	-nan	0.877943	2.73603	1	1	1	1	1	1	1.49772	0.877943	0.877943	1	1	
0.985542	-nan	0.877485	2.73742	1	1	1	1	1	1	1.49712	0.877485	0.877485	1	1	
0.989157	-nan	0.87703	2.73879	1	1	1	1	1	1	1.49653	0.87703	0.87703	1	1	
0.992771	-nan	0.876579	2.74014	1	1	1	1	1	1	1.49593	0.876579	0.876579	1	1	
0.996386	-nan	0.876131	2.74148	1	1	1	1	1	1	1.49535	0.876131	0.876131	1	1	
1	-nan	-nan	-nan	-nan	-nan	-nan	-nan	-nan	-nan	-nan	-nan	-nan	-nan	-nan	
