1e-05	-nan	0.645016	0.529902	1	1	1	1	1	1	0.453445	0.645016	0.645016	1	1	
1.03753e-05	-nan	0.646069	0.529989	1	1	1	1	1	1	0.453516	0.646069	0.646069	1	1	
1.07647e-05	-nan	0.647122	0.530076	1	1	1	1	1	1	0.453586	0.647122	0.647122	1	1	
1.11686e-05	-nan	0.648176	0.530161	1	1	1	1	1	1	0.453656	0.648176	0.648176	1	1	
1.15878e-05	-nan	0.649231	0.530246	1	1	1	1	1	1	0.453726	0.649231	0.649231	1	1	
1.20226e-05	-nan	0.650286	0.53033	1	1	1	1	1	1	0.453795	0.650286	0.650286	1	1	
1.24738e-05	-nan	0.651343	0.530413	1	1	1	1	1	1	0.453864	0.651343	0.651343	1	1	
1.2942e-05	-nan	0.652401	0.530495	1	1	1	1	1	1	0.453933	0.652401	0.652401	1	1	
1.34276e-05	-nan	0.65346	0.530577	1	1	1	1	1	1	0.454001	0.65346	0.65346	1	1	
1.39316e-05	-nan	0.654519	0.530657	1	1	1	1	1	1	0.454068	0.654519	0.654519	1	1	
1.44544e-05	-nan	0.65558	0.530737	1	1	1	1	1	1	0.454135	0.65558	0.65558	1	1	
1.49968e-05	-nan	0.656641	0.530815	1	1	1	1	1	1	0.454202	0.656641	0.656641	1	1	
1.55597e-05	-nan	0.657703	0.530893	1	1	1	1	1	1	0.454268	0.657703	0.657703	1	1	
1.61436e-05	-nan	0.658766	0.53097	1	1	1	1	1	1	0.454334	0.658766	0.658766	1	1	
1.67494e-05	-nan	0.659831	0.531046	1	1	1	1	1	1	0.454399	0.659831	0.659831	1	1	
1.7378e-05	-nan	0.660896	0.531121	1	1	1	1	1	1	0.454464	0.660896	0.660896	1	1	
1.80302e-05	-nan	0.661961	0.531195	1	1	1	1	1	1	0.454529	0.661961	0.661961	1	1	
1.87068e-05	-nan	0.663028	0.531268	1	1	1	1	1	1	0.454593	0.663028	0.663028	1	1	
1.94089e-05	-nan	0.664096	0.53134	1	1	1	1	1	1	0.454656	0.664096	0.664096	1	1	
2.01372e-05	-nan	0.665165	0.531412	1	1	1	1	1	1	0.454719	0.665165	0.665165	1	1	
2.0893e-05	-nan	0.666234	0.531482	1	1	1	1	1	1	0.454782	0.666234	0.666234	1	1	
2.1677e-05	-nan	0.667304	0.531552	1	1	1	1	1	1	0.454844	0.667304	0.667304	1	1	
2.24905e-05	-nan	0.668376	0.53162	1	1	1	1	1	1	0.454906	0.668376	0.668376	1	1	
2.33346e-05	-nan	0.669448	0.531688	1	1	1	1	1	1	0.454967	0.669448	0.669448	1	1	
2.42103e-05	-nan	0.670521	0.531754	1	1	1	1	1	1	0.455028	0.670521	0.670521	1	1	
2.51189e-05	-nan	0.671595	0.53182	1	1	1	1	1	1	0.455088	0.671595	0.671595	1	1	
2.60615e-05	-nan	0.67267	0.531885	1	1	1	1	1	1	0.455148	0.67267	0.67267	1	1	
2.70396e-05	-nan	0.673746	0.531949	1	1	1	1	1	1	0.455207	0.673746	0.673746	1	1	
2.80543e-05	-nan	0.674822	0.532011	1	1	1	1	1	1	0.455266	0.674822	0.674822	1	1	
2.91072e-05	-nan	0.6759	0.532073	1	1	1	1	1	1	0.455324	0.6759	0.6759	1	1	
3.01995e-05	-nan	0.676978	0.532134	1	1	1	1	1	1	0.455382	0.676978	0.676978	1	1	
3.13329e-05	-nan	0.678058	0.532194	1	1	1	1	1	1	0.45544	0.678058	0.678058	1	1	
3.25087e-05	-nan	0.679138	0.532253	1	1	1	1	1	1	0.455497	0.679138	0.679138	1	1	
3.37287e-05	-nan	0.680219	0.53231	1	1	1	1	1	1	0.455553	0.680219	0.680219	1	1	
3.49945e-05	-nan	0.681301	0.532367	1	1	1	1	1	1	0.455609	0.681301	0.681301	1	1	
3.63078e-05	-nan	0.682384	0.532423	1	1	1	1	1	1	0.455664	0.682384	0.682384	1	1	
3.76704e-05	-nan	0.683468	0.532478	1	1	1	1	1	1	0.455719	0.683468	0.683468	1	1	
3.90841e-05	-nan	0.684553	0.532532	1	1	1	1	1	1	0.455773	0.684553	0.684553	1	1	
4.05509e-05	-nan	0.685639	0.532585	1	1	1	1	1	1	0.455827	0.685639	0.685639	1	1	
4.20727e-05	-nan	0.686726	0.532637	1	1	1	1	1	1	0.455881	0.686726	0.686726	1	1	
4.36516e-05	-nan	0.687813	0.532687	1	1	1	1	1	1	0.455933	0.687813	0.687813	1	1	
4.52898e-05	-nan	0.688902	0.532737	1	1	1	1	1	1	0.455986	0.688902	0.688902	1	1	
4.69894e-05	-nan	0.689992	0.532786	1	1	1	1	1	1	0.456038	0.689992	0.689992	1	1	
4.87528e-05	-nan	0.691082	0.532834	1	1	1	1	1	1	0.456089	0.691082	0.691082	1	1	
5.05825e-05	-nan	0.692174	0.532881	1	1	1	1	1	1	0.45614	0.692174	0.692174	1	1	
5.24807e-05	-nan	0.693266	0.532926	1	1	1	1	1	1	0.45619	0.693266	0.693266	1	1	
5.44503e-05	-nan	0.694359	0.532971	1	1	1	1	1	1	0.456239	0.694359	0.694359	1	1	
5.64937e-05	-nan	0.695454	0.533015	1	1	1	1	1	1	0.456288	0.695454	0.695454	1	1	
5.86138e-05	-nan	0.696549	0.533058	1	1	1	1	1	1	0.456337	0.696549	0.696549	1	1	
6.08135e-05	-nan	0.697646	0.5331	1	1	1	1	1	1	0.456385	0.697646	0.697646	1	1	
6.30957e-05	-nan	0.698743	0.53314	1	1	1	1	1	1	0.456433	0.698743	0.698743	1	1	
6.54636e-05	-nan	0.699841	0.53318	1	1	1	1	1	1	0.45648	0.699841	0.699841	1	1	
6.79204e-05	-nan	0.700941	0.533219	1	1	1	1	1	1	0.456526	0.700941	0.700941	1	1	
7.04693e-05	-nan	0.702042	0.533256	1	1	1	1	1	1	0.456572	0.702042	0.702042	1	1	
7.31139e-05	-nan	0.703143	0.533293	1	1	1	1	1	1	0.456617	0.703143	0.703143	1	1	
7.58578e-05	-nan	0.704246	0.533329	1	1	1	1	1	1	0.456662	0.704246	0.704246	1	1	
7.87046e-05	-nan	0.70535	0.533363	1	1	1	1	1	1	0.456706	0.70535	0.70535	1	1	
8.16582e-05	-nan	0.706454	0.533397	1	1	1	1	1	1	0.45675	0.706454	0.706454	1	1	
8.47227e-05	-nan	0.70756	0.53343	1	1	1	1	1	1	0.456793	0.70756	0.70756	1	1	
8.79023e-05	-nan	0.708667	0.533462	1	1	1	1	1	1	0.456835	0.708667	0.708667	1	1	
9.12011e-05	-nan	0.709776	0.533492	1	1	1	1	1	1	0.456877	0.709776	0.709776	1	1	
9.46237e-05	-nan	0.710885	0.533522	1	1	1	1	1	1	0.456918	0.710885	0.710885	1	1	
9.81748e-05	-nan	0.711996	0.533551	1	1	1	1	1	1	0.456959	0.711996	0.711996	1	1	
0.000101859	-nan	0.713107	0.533579	1	1	1	1	1	1	0.456999	0.713107	0.713107	1	1	
0.000105682	-nan	0.71422	0.533605	1	1	1	1	1	1	0.457039	0.71422	0.71422	1	1	
0.000109648	-nan	0.715335	0.533631	1	1	1	1	1	1	0.457078	0.715335	0.715335	1	1	
0.000113763	-nan	0.71645	0.533656	1	1	1	1	1	1	0.457116	0.71645	0.71645	1	1	
0.000118032	-nan	0.717567	0.53368	1	1	1	1	1	1	0.457154	0.717567	0.717567	1	1	
0.000122462	-nan	0.718685	0.533703	1	1	1	1	1	1	0.457192	0.718685	0.718685	1	1	
0.000127057	-nan	0.719804	0.533725	1	1	1	1	1	1	0.457228	0.719804	0.719804	1	1	
0.000131826	-nan	0.720925	0.533746	1	1	1	1	1	1	0.457264	0.720925	0.720925	1	1	
0.000136773	-nan	0.722047	0.533767	1	1	1	1	1	1	0.4573	0.722047	0.722047	1	1	
0.000141906	-nan	0.72317	0.533786	1	1	1	1	1	1	0.457335	0.72317	0.72317	1	1	
0.000147231	-nan	0.724295	0.533804	1	1	1	1	1	1	0.457369	0.724295	0.724295	1	1	
0.000152757	-nan	0.725422	0.533822	1	1	1	1	1	1	0.457403	0.725422	0.725422	1	1	
0.000158489	-nan	0.726549	0.533839	1	1	1	1	1	1	0.457436	0.726549	0.726549	1	1	
0.000164437	-nan	0.727679	0.533854	1	1	1	1	1	1	0.457468	0.727679	0.727679	1	1	
0.000170608	-nan	0.728809	0.533869	1	1	1	1	1	1	0.4575	0.728809	0.728809	1	1	
0.000177011	-nan	0.729942	0.533884	1	1	1	1	1	1	0.457531	0.729942	0.729942	1	1	
0.000183654	-nan	0.731076	0.533897	1	1	1	1	1	1	0.457562	0.731076	0.731076	1	1	
0.000190546	-nan	0.732211	0.53391	1	1	1	1	1	1	0.457592	0.732211	0.732211	1	1	
0.000197697	-nan	0.733348	0.533921	1	1	1	1	1	1	0.457622	0.733348	0.733348	1	1	
0.000205116	-nan	0.734487	0.533932	1	1	1	1	1	1	0.45765	0.734487	0.734487	1	1	
0.000212814	-nan	0.735628	0.533943	1	1	1	1	1	1	0.457679	0.735628	0.735628	1	1	
0.0002208	-nan	0.73677	0.533952	1	1	1	1	1	1	0.457706	0.73677	0.73677	1	1	
0.000229087	-nan	0.737914	0.533961	1	1	1	1	1	1	0.457733	0.737914	0.737914	1	1	
0.000237684	-nan	0.73906	0.533969	1	1	1	1	1	1	0.45776	0.73906	0.73906	1	1	
0.000246604	-nan	0.740208	0.533977	1	1	1	1	1	1	0.457785	0.740208	0.740208	1	1	
0.000255859	-nan	0.741358	0.533984	1	1	1	1	1	1	0.45781	0.741358	0.741358	1	1	
0.000265461	-nan	0.74251	0.53399	1	1	1	1	1	1	0.457835	0.74251	0.74251	1	1	
0.000275423	-nan	0.743664	0.533996	1	1	1	1	1	1	0.457859	0.743664	0.743664	1	1	
0.000285759	-nan	0.744819	0.534001	1	1	1	1	1	1	0.457882	0.744819	0.744819	1	1	
0.000296483	-nan	0.745977	0.534006	1	1	1	1	1	1	0.457905	0.745977	0.745977	1	1	
0.00030761	-nan	0.747137	0.53401	1	1	1	1	1	1	0.457927	0.747137	0.747137	1	1	
0.000319154	-nan	0.748299	0.534013	1	1	1	1	1	1	0.457948	0.748299	0.748299	1	1	
0.000331131	-nan	0.749464	0.534016	1	1	1	1	1	1	0.457969	0.749464	0.749464	1	1	
0.000343558	-nan	0.750631	0.534019	1	1	1	1	1	1	0.457989	0.750631	0.750631	1	1	
0.000356451	-nan	0.7518	0.534022	1	1	1	1	1	1	0.458009	0.7518	0.7518	1	1	
0.000369828	-nan	0.752971	0.534024	1	1	1	1	1	1	0.458028	0.752971	0.752971	1	1	
0.000383707	-nan	0.754145	0.534025	1	1	1	1	1	1	0.458046	0.754145	0.754145	1	1	
0.000398107	-nan	0.755322	0.534027	1	1	1	1	1	1	0.458064	0.755322	0.755322	1	1	
0.000413048	-nan	0.756501	0.534028	1	1	1	1	1	1	0.458081	0.756501	0.756501	1	1	
0.000428549	-nan	0.757682	0.534029	1	1	1	1	1	1	0.458097	0.757682	0.757682	1	1	
0.000444631	-nan	0.758867	0.53403	1	1	1	1	1	1	0.458113	0.758867	0.758867	1	1	
0.000461318	-nan	0.760054	0.534031	1	1	1	1	1	1	0.458128	0.760054	0.760054	1	1	
0.00047863	-nan	0.761244	0.534032	1	1	1	1	1	1	0.458143	0.761244	0.761244	1	1	
0.000496592	-nan	0.762436	0.534033	1	1	1	1	1	1	0.458157	0.762436	0.762436	1	1	
0.000515229	-nan	0.763632	0.534034	1	1	1	1	1	1	0.45817	0.763632	0.763632	1	1	
0.000534564	-nan	0.764831	0.534035	1	1	1	1	1	1	0.458183	0.764831	0.764831	1	1	
0.000554626	-nan	0.766033	0.534036	1	1	1	1	1	1	0.458195	0.766033	0.766033	1	1	
0.00057544	-nan	0.767238	0.534037	1	1	1	1	1	1	0.458207	0.767238	0.767238	1	1	
0.000597035	-nan	0.768447	0.534039	1	1	1	1	1	1	0.458218	0.768447	0.768447	1	1	
0.000619441	-nan	0.769658	0.534041	1	1	1	1	1	1	0.458229	0.769658	0.769658	1	1	
0.000642688	-nan	0.770874	0.534043	1	1	1	1	1	1	0.458238	0.770874	0.770874	1	1	
0.000666807	-nan	0.772092	0.534046	1	1	1	1	1	1	0.458248	0.772092	0.772092	1	1	
0.000691831	-nan	0.773315	0.53405	1	1	1	1	1	1	0.458256	0.773315	0.773315	1	1	
0.000717794	-nan	0.774541	0.534054	1	1	1	1	1	1	0.458264	0.774541	0.774541	1	1	
0.000744732	-nan	0.77577	0.534058	1	1	1	1	1	1	0.458272	0.77577	0.77577	1	1	
0.000772681	-nan	0.777004	0.534064	1	1	1	1	1	1	0.458279	0.777004	0.777004	1	1	
0.000801678	-nan	0.778242	0.53407	1	1	1	1	1	1	0.458285	0.778242	0.778242	1	1	
0.000831764	-nan	0.779483	0.534077	1	1	1	1	1	1	0.458291	0.779483	0.779483	1	1	
0.000862979	-nan	0.780729	0.534086	1	1	1	1	1	1	0.458296	0.780729	0.780729	1	1	
0.000895365	-nan	0.781979	0.534095	1	1	1	1	1	1	0.458301	0.781979	0.781979	1	1	
0.000928966	-nan	0.783233	0.534106	1	1	1	1	1	1	0.458305	0.783233	0.783233	1	1	
0.000963829	-nan	0.784492	0.534117	1	1	1	1	1	1	0.458309	0.784492	0.784492	1	1	
0.001	-nan	0.785756	0.534131	1	1	1	1	1	1	0.458312	0.785756	0.785756	1	1	
0.00103753	-nan	0.787024	0.534146	1	1	1	1	1	1	0.458314	0.787024	0.787024	1	1	
0.00107647	-nan	0.788297	0.534162	1	1	1	1	1	1	0.458317	0.788297	0.788297	1	1	
0.00111686	-nan	0.789575	0.53418	1	1	1	1	1	1	0.458318	0.789575	0.789575	1	1	
0.00115878	-nan	0.790858	0.5342	1	1	1	1	1	1	0.458319	0.790858	0.790858	1	1	
0.00120226	-nan	0.792146	0.534222	1	1	1	1	1	1	0.45832	0.792146	0.792146	1	1	
0.00124738	-nan	0.793439	0.534246	1	1	1	1	1	1	0.45832	0.793439	0.793439	1	1	
0.0012942	-nan	0.794738	0.534272	1	1	1	1	1	1	0.458319	0.794738	0.794738	1	1	
0.00134276	-nan	0.796042	0.534301	1	1	1	1	1	1	0.458318	0.796042	0.796042	1	1	
0.00139316	-nan	0.797352	0.534332	1	1	1	1	1	1	0.458317	0.797352	0.797352	1	1	
0.00144544	-nan	0.798668	0.534366	1	1	1	1	1	1	0.458315	0.798668	0.798668	1	1	
0.00149968	-nan	0.799989	0.534402	1	1	1	1	1	1	0.458313	0.799989	0.799989	1	1	
0.00155597	-nan	0.801317	0.534442	1	1	1	1	1	1	0.45831	0.801317	0.801317	1	1	
0.00161436	-nan	0.802651	0.534484	1	1	1	1	1	1	0.458307	0.802651	0.802651	1	1	
0.00167494	-nan	0.803991	0.53453	1	1	1	1	1	1	0.458304	0.803991	0.803991	1	1	
0.0017378	-nan	0.805338	0.53458	1	1	1	1	1	1	0.4583	0.805338	0.805338	1	1	
0.00180302	-nan	0.806692	0.534633	1	1	1	1	1	1	0.458296	0.806692	0.806692	1	1	
0.00187068	-nan	0.808052	0.53469	1	1	1	1	1	1	0.458291	0.808052	0.808052	1	1	
0.00194089	-nan	0.80942	0.534751	1	1	1	1	1	1	0.458286	0.80942	0.80942	1	1	
0.00201372	-nan	0.810794	0.534816	1	1	1	1	1	1	0.45828	0.810794	0.810794	1	1	
0.0020893	-nan	0.812176	0.534886	1	1	1	1	1	1	0.458275	0.812176	0.812176	1	1	
0.0021677	-nan	0.813566	0.53496	1	1	1	1	1	1	0.458269	0.813566	0.813566	1	1	
0.00224905	-nan	0.814963	0.535039	1	1	1	1	1	1	0.458262	0.814963	0.814963	1	1	
0.00233346	-nan	0.816367	0.535124	1	1	1	1	1	1	0.458256	0.816367	0.816367	1	1	
0.00242103	-nan	0.81778	0.535214	1	1	1	1	1	1	0.458249	0.81778	0.81778	1	1	
0.00251189	-nan	0.819201	0.53531	1	1	1	1	1	1	0.458242	0.819201	0.819201	1	1	
0.00260615	-nan	0.820631	0.535411	1	1	1	1	1	1	0.458234	0.820631	0.820631	1	1	
0.00270396	-nan	0.822069	0.535519	1	1	1	1	1	1	0.458227	0.822069	0.822069	1	1	
0.00280543	-nan	0.823516	0.535634	1	1	1	1	1	1	0.458219	0.823516	0.823516	1	1	
0.00291072	-nan	0.824972	0.535755	1	1	1	1	1	1	0.458211	0.824972	0.824972	1	1	
0.00301995	-nan	0.826436	0.535884	1	1	1	1	1	1	0.458203	0.826436	0.826436	1	1	
0.00313329	-nan	0.827911	0.53602	1	1	1	1	1	1	0.458194	0.827911	0.827911	1	1	
0.00325087	-nan	0.829394	0.536164	1	1	1	1	1	1	0.458186	0.829394	0.829394	1	1	
0.00337287	-nan	0.830888	0.536316	1	1	1	1	1	1	0.458177	0.830888	0.830888	1	1	
0.00349945	-nan	0.832392	0.536477	1	1	1	1	1	1	0.458168	0.832392	0.832392	1	1	
0.00363078	-nan	0.833905	0.536647	1	1	1	1	1	1	0.45816	0.833905	0.833905	1	1	
0.00376704	-nan	0.835429	0.536826	1	1	1	1	1	1	0.458151	0.835429	0.835429	1	1	
0.00390841	-nan	0.836964	0.537015	1	1	1	1	1	1	0.458142	0.836964	0.836964	1	1	
0.00405509	-nan	0.838509	0.537215	1	1	1	1	1	1	0.458133	0.838509	0.838509	1	1	
0.00420727	-nan	0.840066	0.537425	1	1	1	1	1	1	0.458124	0.840066	0.840066	1	1	
0.00436516	-nan	0.841634	0.537647	1	1	1	1	1	1	0.458115	0.841634	0.841634	1	1	
0.00452898	-nan	0.843213	0.53788	1	1	1	1	1	1	0.458107	0.843213	0.843213	1	1	
0.00469894	-nan	0.844804	0.538126	1	1	1	1	1	1	0.458098	0.844804	0.844804	1	1	
0.00487528	-nan	0.846407	0.538385	1	1	1	1	1	1	0.458089	0.846407	0.846407	1	1	
0.00505825	-nan	0.848022	0.538657	1	1	1	1	1	1	0.458081	0.848022	0.848022	1	1	
0.00524807	-nan	0.84965	0.538943	1	1	1	1	1	1	0.458072	0.84965	0.84965	1	1	
0.00544503	-nan	0.85129	0.539244	1	1	1	1	1	1	0.458064	0.85129	0.85129	1	1	
0.00564937	-nan	0.852943	0.539561	1	1	1	1	1	1	0.458056	0.852943	0.852943	1	1	
0.00586138	-nan	0.854609	0.539893	1	1	1	1	1	1	0.458048	0.854609	0.854609	1	1	
0.00608135	-nan	0.856289	0.540243	1	1	1	1	1	1	0.458041	0.856289	0.856289	1	1	
0.00630957	-nan	0.857982	0.54061	1	1	1	1	1	1	0.458033	0.857982	0.857982	1	1	
0.00654636	-nan	0.859689	0.540995	1	1	1	1	1	1	0.458026	0.859689	0.859689	1	1	
0.00679204	-nan	0.86141	0.5414	1	1	1	1	1	1	0.45802	0.86141	0.86141	1	1	
0.00704693	-nan	0.863146	0.541825	1	1	1	1	1	1	0.458013	0.863146	0.863146	1	1	
0.00731139	-nan	0.864896	0.542271	1	1	1	1	1	1	0.458007	0.864896	0.864896	1	1	
0.00758578	-nan	0.866661	0.542739	1	1	1	1	1	1	0.458002	0.866661	0.866661	1	1	
0.00787046	-nan	0.86844	0.54323	1	1	1	1	1	1	0.457997	0.86844	0.86844	1	1	
0.00816582	-nan	0.870235	0.543745	1	1	1	1	1	1	0.457992	0.870235	0.870235	1	1	
0.00847227	-nan	0.872046	0.544285	1	1	1	1	1	1	0.457988	0.872046	0.872046	1	1	
0.00879023	-nan	0.873872	0.544852	1	1	1	1	1	1	0.457984	0.873872	0.873872	1	1	
0.00912011	-nan	0.875714	0.545447	1	1	1	1	1	1	0.45798	0.875714	0.875714	1	1	
0.00946237	-nan	0.877572	0.54607	1	1	1	1	1	1	0.457978	0.877572	0.877572	1	1	
0.00981748	-nan	0.879447	0.546723	1	1	1	1	1	1	0.457975	0.879447	0.879447	1	1	
0.0101859	-nan	0.881338	0.547408	1	1	1	1	1	1	0.457974	0.881338	0.881338	1	1	
0.0105682	-nan	0.883246	0.548126	1	1	1	1	1	1	0.457973	0.883246	0.883246	1	1	
0.0109648	-nan	0.885171	0.548879	1	1	1	1	1	1	0.457972	0.885171	0.885171	1	1	
0.0113763	-nan	0.887113	0.549669	1	1	1	1	1	1	0.457972	0.887113	0.887113	1	1	
0.0118032	-nan	0.889072	0.550496	1	1	1	1	1	1	0.457973	0.889072	0.889072	1	1	
0.0122462	-nan	0.891049	0.551363	1	1	1	1	1	1	0.457974	0.891049	0.891049	1	1	
0.0127057	-nan	0.893043	0.552272	1	1	1	1	1	1	0.457976	0.893043	0.893043	1	1	
0.0131826	-nan	0.895055	0.553224	1	1	1	1	1	1	0.457979	0.895055	0.895055	1	1	
0.0136773	-nan	0.897085	0.554223	1	1	1	1	1	1	0.457983	0.897085	0.897085	1	1	
0.0141906	-nan	0.899133	0.555269	1	1	1	1	1	1	0.457987	0.899133	0.899133	1	1	
0.0147231	-nan	0.9012	0.556366	1	1	1	1	1	1	0.457991	0.9012	0.9012	1	1	
0.0152757	-nan	0.903284	0.557516	1	1	1	1	1	1	0.457997	0.903284	0.903284	1	1	
0.0158489	-nan	0.905386	0.558721	1	1	1	1	1	1	0.458003	0.905386	0.905386	1	1	
0.0164437	-nan	0.907507	0.559985	1	1	1	1	1	1	0.45801	0.907507	0.907507	1	1	
0.0170608	-nan	0.909646	0.561309	1	1	1	1	1	1	0.458017	0.909646	0.909646	1	1	
0.0177011	-nan	0.911803	0.562697	1	1	1	1	1	1	0.458025	0.911803	0.911803	1	1	
0.0183654	-nan	0.913979	0.564152	1	1	1	1	1	1	0.458034	0.913979	0.913979	1	1	
0.0190546	-nan	0.916172	0.565678	1	1	1	1	1	1	0.458044	0.916172	0.916172	1	1	
0.0197697	-nan	0.918384	0.567278	1	1	1	1	1	1	0.458054	0.918384	0.918384	1	1	
0.0205116	-nan	0.920614	0.568955	1	1	1	1	1	1	0.458064	0.920614	0.920614	1	1	
0.0212814	-nan	0.922861	0.570714	1	1	1	1	1	1	0.458075	0.922861	0.922861	1	1	
0.02208	-nan	0.925127	0.572559	1	1	1	1	1	1	0.458087	0.925127	0.925127	1	1	
0.0229087	-nan	0.927409	0.574494	1	1	1	1	1	1	0.458099	0.927409	0.927409	1	1	
0.0237684	-nan	0.929709	0.576523	1	1	1	1	1	1	0.458111	0.929709	0.929709	1	1	
0.0246604	-nan	0.932025	0.578652	1	1	1	1	1	1	0.458124	0.932025	0.932025	1	1	
0.0255859	-nan	0.934358	0.580885	1	1	1	1	1	1	0.458137	0.934358	0.934358	1	1	
0.0265461	-nan	0.936707	0.583228	1	1	1	1	1	1	0.45815	0.936707	0.936707	1	1	
0.0275423	-nan	0.939071	0.585687	1	1	1	1	1	1	0.458163	0.939071	0.939071	1	1	
0.0285759	-nan	0.94145	0.588267	1	1	1	1	1	1	0.458176	0.94145	0.94145	1	1	
0.0296483	-nan	0.943843	0.590974	1	1	1	1	1	1	0.458189	0.943843	0.943843	1	1	
0.030761	-nan	0.946251	0.593817	1	1	1	1	1	1	0.458202	0.946251	0.946251	1	1	
0.0319154	-nan	0.948671	0.5968	1	1	1	1	1	1	0.458215	0.948671	0.948671	1	1	
0.0331131	-nan	0.951103	0.599932	1	1	1	1	1	1	0.458227	0.951103	0.951103	1	1	
0.0343558	-nan	0.953546	0.603221	1	1	1	1	1	1	0.458238	0.953546	0.953546	1	1	
0.0356451	-nan	0.956	0.606675	1	1	1	1	1	1	0.458249	0.956	0.956	1	1	
0.0369828	-nan	0.958463	0.610301	1	1	1	1	1	1	0.458258	0.958463	0.958463	1	1	
0.0383707	-nan	0.960934	0.614111	1	1	1	1	1	1	0.458266	0.960934	0.960934	1	1	
0.0398107	-nan	0.963412	0.618113	1	1	1	1	1	1	0.458273	0.963412	0.963412	1	1	
0.0413048	-nan	0.965895	0.622317	1	1	1	1	1	1	0.458279	0.965895	0.965895	1	1	
0.0428549	-nan	0.968382	0.626734	1	1	1	1	1	1	0.458282	0.968382	0.968382	1	1	
0.0444631	-nan	0.970871	0.631375	1	1	1	1	1	1	0.458284	0.970871	0.970871	1	1	
0.0461318	-nan	0.973361	0.636253	1	1	1	1	1	1	0.458283	0.973361	0.973361	1	1	
0.047863	-nan	0.97585	0.64138	1	1	1	1	1	1	0.45828	0.97585	0.97585	1	1	
0.0496592	-nan	0.978336	0.646769	1	1	1	1	1	1	0.458273	0.978336	0.978336	1	1	
0.0515229	-nan	0.980816	0.652434	1	1	1	1	1	1	0.458263	0.980816	0.980816	1	1	
0.0534564	-nan	0.983288	0.658389	1	1	1	1	1	1	0.45825	0.983288	0.983288	1	1	
0.0554626	-nan	0.98575	0.664651	1	1	1	1	1	1	0.458233	0.98575	0.98575	1	1	
0.057544	-nan	0.9882	0.671235	1	1	1	1	1	1	0.458211	0.9882	0.9882	1	1	
0.0597035	-nan	0.990634	0.678159	1	1	1	1	1	1	0.458184	0.990634	0.990634	1	1	
0.0619441	-nan	0.99305	0.685439	1	1	1	1	1	1	0.458153	0.99305	0.99305	1	1	
0.0642688	-nan	0.995444	0.693096	1	1	1	1	1	1	0.458115	0.995444	0.995444	1	1	
0.0666807	-nan	0.997813	0.701149	1	1	1	1	1	1	0.458072	0.997813	0.997813	1	1	
0.0691831	-nan	1.00015	0.709619	1	1	1	1	1	1	0.458021	1.00015	1.00015	1	1	
0.0717794	-nan	1.00246	0.718526	1	1	1	1	1	1	0.457964	1.00246	1.00246	1	1	
0.0744732	-nan	1.00473	0.727895	1	1	1	1	1	1	0.457899	1.00473	1.00473	1	1	
0.0772681	-nan	1.00696	0.737748	1	1	1	1	1	1	0.457825	1.00696	1.00696	1	1	
0.0801678	-nan	1.00915	0.74811	1	1	1	1	1	1	0.457743	1.00915	1.00915	1	1	
0.0831764	-nan	1.01129	0.759008	1	1	1	1	1	1	0.457651	1.01129	1.01129	1	1	
0.0862979	-nan	1.01337	0.770467	1	1	1	1	1	1	0.457549	1.01337	1.01337	1	1	
0.0895365	-nan	1.01539	0.782516	1	1	1	1	1	1	0.457436	1.01539	1.01539	1	1	
0.0928966	-nan	1.01735	0.795183	1	1	1	1	1	1	0.457312	1.01735	1.01735	1	1	
0.0963829	-nan	1.01923	0.808498	1	1	1	1	1	1	0.457175	1.01923	1.01923	1	1	
0.1	-nan	1.02104	0.822493	1	1	1	1	1	1	0.457025	1.02104	1.02104	1	1	
0.103614	-nan	1.0227	0.836652	1	1	1	1	1	1	0.456868	1.0227	1.0227	1	1	
0.107229	-nan	1.02423	0.85098	1	1	1	1	1	1	0.456704	1.02423	1.02423	1	1	
0.110843	-nan	1.02562	0.865468	1	1	1	1	1	1	0.456533	1.02562	1.02562	1	1	
0.114458	-nan	1.02689	0.88011	1	1	1	1	1	1	0.456356	1.02689	1.02689	1	1	
0.118072	-nan	1.02805	0.894899	1	1	1	1	1	1	0.456172	1.02805	1.02805	1	1	
0.121687	-nan	1.02909	0.909828	1	1	1	1	1	1	0.455982	1.02909	1.02909	1	1	
0.125301	-nan	1.03002	0.92489	1	1	1	1	1	1	0.455787	1.03002	1.03002	1	1	
0.128916	-nan	1.03084	0.940078	1	1	1	1	1	1	0.455586	1.03084	1.03084	1	1	
0.13253	-nan	1.03157	0.955384	1	1	1	1	1	1	0.45538	1.03157	1.03157	1	1	
0.136145	-nan	1.0322	0.970803	1	1	1	1	1	1	0.45517	1.0322	1.0322	1	1	
0.139759	-nan	1.03274	0.986327	1	1	1	1	1	1	0.454955	1.03274	1.03274	1	1	
0.143373	-nan	1.03319	1.00195	1	1	1	1	1	1	0.454736	1.03319	1.03319	1	1	
0.146988	-nan	1.03355	1.01766	1	1	1	1	1	1	0.454513	1.03355	1.03355	1	1	
0.150602	-nan	1.03383	1.03346	1	1	1	1	1	1	0.454286	1.03383	1.03383	1	1	
0.154217	-nan	1.03403	1.04934	1	1	1	1	1	1	0.454056	1.03403	1.03403	1	1	
0.157831	-nan	1.03416	1.06529	1	1	1	1	1	1	0.453823	1.03416	1.03416	1	1	
0.161446	-nan	1.03421	1.08131	1	1	1	1	1	1	0.453587	1.03421	1.03421	1	1	
0.16506	-nan	1.03419	1.09738	1	1	1	1	1	1	0.453348	1.03419	1.03419	1	1	
0.168675	-nan	1.0341	1.11351	1	1	1	1	1	1	0.453107	1.0341	1.0341	1	1	
0.172289	-nan	1.03395	1.12969	1	1	1	1	1	1	0.452864	1.03395	1.03395	1	1	
0.175904	-nan	1.03373	1.1459	1	1	1	1	1	1	0.452619	1.03373	1.03373	1	1	
0.179518	-nan	1.03345	1.16215	1	1	1	1	1	1	0.452372	1.03345	1.03345	1	1	
0.183133	-nan	1.03312	1.17843	1	1	1	1	1	1	0.452124	1.03312	1.03312	1	1	
0.186747	-nan	1.03272	1.19473	1	1	1	1	1	1	0.451874	1.03272	1.03272	1	1	
0.190361	-nan	1.03227	1.21105	1	1	1	1	1	1	0.451624	1.03227	1.03227	1	1	
0.193976	-nan	1.03177	1.22737	1	1	1	1	1	1	0.451372	1.03177	1.03177	1	1	
0.19759	-nan	1.03121	1.24371	1	1	1	1	1	1	0.45112	1.03121	1.03121	1	1	
0.201205	-nan	1.03061	1.26004	1	1	1	1	1	1	0.450867	1.03061	1.03061	1	1	
0.204819	-nan	1.02995	1.27637	1	1	1	1	1	1	0.450614	1.02995	1.02995	1	1	
0.208434	-nan	1.02925	1.29269	1	1	1	1	1	1	0.45036	1.02925	1.02925	1	1	
0.212048	-nan	1.02851	1.30899	1	1	1	1	1	1	0.450107	1.02851	1.02851	1	1	
0.215663	-nan	1.02772	1.32527	1	1	1	1	1	1	0.449854	1.02772	1.02772	1	1	
0.219277	-nan	1.02689	1.34153	1	1	1	1	1	1	0.449601	1.02689	1.02689	1	1	
0.222892	-nan	1.02602	1.35776	1	1	1	1	1	1	0.449349	1.02602	1.02602	1	1	
0.226506	-nan	1.02511	1.37395	1	1	1	1	1	1	0.449097	1.02511	1.02511	1	1	
0.23012	-nan	1.02416	1.3901	1	1	1	1	1	1	0.448846	1.02416	1.02416	1	1	
0.233735	-nan	1.02318	1.40621	1	1	1	1	1	1	0.448597	1.02318	1.02318	1	1	
0.237349	-nan	1.02216	1.42226	1	1	1	1	1	1	0.448348	1.02216	1.02216	1	1	
0.240964	-nan	1.02111	1.43827	1	1	1	1	1	1	0.448101	1.02111	1.02111	1	1	
0.244578	-nan	1.02002	1.45422	1	1	1	1	1	1	0.447855	1.02002	1.02002	1	1	
0.248193	-nan	1.01891	1.47011	1	1	1	1	1	1	0.44761	1.01891	1.01891	1	1	
0.251807	-nan	1.01776	1.48593	1	1	1	1	1	1	0.447367	1.01776	1.01776	1	1	
0.255422	-nan	1.01658	1.50169	1	1	1	1	1	1	0.447126	1.01658	1.01658	1	1	
0.259036	-nan	1.01538	1.51738	1	1	1	1	1	1	0.446887	1.01538	1.01538	1	1	
0.262651	-nan	1.01415	1.53298	1	1	1	1	1	1	0.44665	1.01415	1.01415	1	1	
0.266265	-nan	1.01289	1.54851	1	1	1	1	1	1	0.446414	1.01289	1.01289	1	1	
0.26988	-nan	1.01161	1.56396	1	1	1	1	1	1	0.446182	1.01161	1.01161	1	1	
0.273494	-nan	1.01031	1.57933	1	1	1	1	1	1	0.445951	1.01031	1.01031	1	1	
0.277108	-nan	1.00898	1.5946	1	1	1	1	1	1	0.445723	1.00898	1.00898	1	1	
0.280723	-nan	1.00762	1.60978	1	1	1	1	1	1	0.445497	1.00762	1.00762	1	1	
0.284337	-nan	1.00625	1.62487	1	1	1	1	1	1	0.445274	1.00625	1.00625	1	1	
0.287952	-nan	1.00486	1.63987	1	1	1	1	1	1	0.445054	1.00486	1.00486	1	1	
0.291566	-nan	1.00344	1.65476	1	1	1	1	1	1	0.444836	1.00344	1.00344	1	1	
0.295181	-nan	1.00201	1.66955	1	1	1	1	1	1	0.444622	1.00201	1.00201	1	1	
0.298795	-nan	1.00056	1.68424	1	1	1	1	1	1	0.44441	1.00056	1.00056	1	1	
0.30241	-nan	0.999092	1.69882	1	1	1	1	1	1	0.444202	0.999092	0.999092	1	1	
0.306024	-nan	0.997608	1.71329	1	1	1	1	1	1	0.443996	0.997608	0.997608	1	1	
0.309639	-nan	0.996107	1.72765	1	1	1	1	1	1	0.443794	0.996107	0.996107	1	1	
0.313253	-nan	0.994591	1.7419	1	1	1	1	1	1	0.443595	0.994591	0.994591	1	1	
0.316867	-nan	0.993061	1.75603	1	1	1	1	1	1	0.443399	0.993061	0.993061	1	1	
0.320482	-nan	0.991517	1.77005	1	1	1	1	1	1	0.443207	0.991517	0.991517	1	1	
0.324096	-nan	0.989959	1.78395	1	1	1	1	1	1	0.443018	0.989959	0.989959	1	1	
0.327711	-nan	0.988389	1.79772	1	1	1	1	1	1	0.442832	0.988389	0.988389	1	1	
0.331325	-nan	0.986807	1.81138	1	1	1	1	1	1	0.442651	0.986807	0.986807	1	1	
0.33494	-nan	0.985213	1.82491	1	1	1	1	1	1	0.442472	0.985213	0.985213	1	1	
0.338554	-nan	0.983609	1.83832	1	1	1	1	1	1	0.442298	0.983609	0.983609	1	1	
0.342169	-nan	0.981994	1.8516	1	1	1	1	1	1	0.442127	0.981994	0.981994	1	1	
0.345783	-nan	0.98037	1.86476	1	1	1	1	1	1	0.44196	0.98037	0.98037	1	1	
0.349398	-nan	0.978736	1.87778	1	1	1	1	1	1	0.441797	0.978736	0.978736	1	1	
0.353012	-nan	0.977094	1.89068	1	1	1	1	1	1	0.441637	0.977094	0.977094	1	1	
0.356627	-nan	0.975444	1.90345	1	1	1	1	1	1	0.441482	0.975444	0.975444	1	1	
0.360241	-nan	0.973786	1.91608	1	1	1	1	1	1	0.44133	0.973786	0.973786	1	1	
0.363855	-nan	0.972121	1.92859	1	1	1	1	1	1	0.441182	0.972121	0.972121	1	1	
0.36747	-nan	0.970449	1.94096	1	1	1	1	1	1	0.441038	0.970449	0.970449	1	1	
0.371084	-nan	0.968771	1.95319	1	1	1	1	1	1	0.440899	0.968771	0.968771	1	1	
0.374699	-nan	0.967087	1.96529	1	1	1	1	1	1	0.440763	0.967087	0.967087	1	1	
0.378313	-nan	0.965398	1.97726	1	1	1	1	1	1	0.440631	0.965398	0.965398	1	1	
0.381928	-nan	0.963704	1.98909	1	1	1	1	1	1	0.440504	0.963704	0.963704	1	1	
0.385542	-nan	0.962005	2.00079	1	1	1	1	1	1	0.44038	0.962005	0.962005	1	1	
0.389157	-nan	0.960302	2.01235	1	1	1	1	1	1	0.440261	0.960302	0.960302	1	1	
0.392771	-nan	0.958595	2.02377	1	1	1	1	1	1	0.440145	0.958595	0.958595	1	1	
0.396386	-nan	0.956884	2.03505	1	1	1	1	1	1	0.440034	0.956884	0.956884	1	1	
0.4	-nan	0.955171	2.0462	1	1	1	1	1	1	0.439927	0.955171	0.955171	1	1	
0.403614	-nan	0.953455	2.05721	1	1	1	1	1	1	0.439824	0.953455	0.953455	1	1	
0.407229	-nan	0.951736	2.06808	1	1	1	1	1	1	0.439726	0.951736	0.951736	1	1	
0.410843	-nan	0.950015	2.07881	1	1	1	1	1	1	0.439631	0.950015	0.950015	1	1	
0.414458	-nan	0.948293	2.0894	1	1	1	1	1	1	0.439541	0.948293	0.948293	1	1	
0.418072	-nan	0.946569	2.09986	1	1	1	1	1	1	0.439455	0.946569	0.946569	1	1	
0.421687	-nan	0.944844	2.11018	1	1	1	1	1	1	0.439373	0.944844	0.944844	1	1	
0.425301	-nan	0.943118	2.12036	1	1	1	1	1	1	0.439295	0.943118	0.943118	1	1	
0.428916	-nan	0.941391	2.1304	1	1	1	1	1	1	0.439222	0.941391	0.941391	1	1	
0.43253	-nan	0.939664	2.1403	1	1	1	1	1	1	0.439152	0.939664	0.939664	1	1	
0.436145	-nan	0.937937	2.15007	1	1	1	1	1	1	0.439087	0.937937	0.937937	1	1	
0.439759	-nan	0.93621	2.15969	1	1	1	1	1	1	0.439026	0.93621	0.93621	1	1	
0.443373	-nan	0.934484	2.16918	1	1	1	1	1	1	0.438969	0.934484	0.934484	1	1	
0.446988	-nan	0.932758	2.17854	1	1	1	1	1	1	0.438917	0.932758	0.932758	1	1	
0.450602	-nan	0.931033	2.18775	1	1	1	1	1	1	0.438868	0.931033	0.931033	1	1	
0.454217	-nan	0.929309	2.19683	1	1	1	1	1	1	0.438824	0.929309	0.929309	1	1	
0.457831	-nan	0.927586	2.20577	1	1	1	1	1	1	0.438784	0.927586	0.927586	1	1	
0.461446	-nan	0.925865	2.21458	1	1	1	1	1	1	0.438748	0.925865	0.925865	1	1	
0.46506	-nan	0.924146	2.22325	1	1	1	1	1	1	0.438716	0.924146	0.924146	1	1	
0.468675	-nan	0.922428	2.23179	1	1	1	1	1	1	0.438688	0.922428	0.922428	1	1	
0.472289	-nan	0.920713	2.24019	1	1	1	1	1	1	0.438664	0.920713	0.920713	1	1	
0.475904	-nan	0.918999	2.24846	1	1	1	1	1	1	0.438644	0.918999	0.918999	1	1	
0.479518	-nan	0.917288	2.25659	1	1	1	1	1	1	0.438628	0.917288	0.917288	1	1	
0.483133	-nan	0.91558	2.26459	1	1	1	1	1	1	0.438616	0.91558	0.91558	1	1	
0.486747	-nan	0.913875	2.27246	1	1	1	1	1	1	0.438608	0.913875	0.913875	1	1	
0.490361	-nan	0.912172	2.28019	1	1	1	1	1	1	0.438605	0.912172	0.912172	1	1	
0.493976	-nan	0.910472	2.2878	1	1	1	1	1	1	0.438605	0.910472	0.910472	1	1	
0.49759	-nan	0.908776	2.29527	1	1	1	1	1	1	0.438609	0.908776	0.908776	1	1	
0.501205	-nan	0.907082	2.30261	1	1	1	1	1	1	0.438617	0.907082	0.907082	1	1	
0.504819	-nan	0.905392	2.30982	1	1	1	1	1	1	0.438628	0.905392	0.905392	1	1	
0.508434	-nan	0.903706	2.31691	1	1	1	1	1	1	0.438644	0.903706	0.903706	1	1	
0.512048	-nan	0.902023	2.32386	1	1	1	1	1	1	0.438663	0.902023	0.902023	1	1	
0.515663	-nan	0.900344	2.33069	1	1	1	1	1	1	0.438687	0.900344	0.900344	1	1	
0.519277	-nan	0.898669	2.33739	1	1	1	1	1	1	0.438713	0.898669	0.898669	1	1	
0.522892	-nan	0.896998	2.34397	1	1	1	1	1	1	0.438744	0.896998	0.896998	1	1	
0.526506	-nan	0.895331	2.35042	1	1	1	1	1	1	0.438778	0.895331	0.895331	1	1	
0.53012	-nan	0.893668	2.35674	1	1	1	1	1	1	0.438816	0.893668	0.893668	1	1	
0.533735	-nan	0.892009	2.36294	1	1	1	1	1	1	0.438858	0.892009	0.892009	1	1	
0.537349	-nan	0.890355	2.36902	1	1	1	1	1	1	0.438903	0.890355	0.890355	1	1	
0.540964	-nan	0.888705	2.37497	1	1	1	1	1	1	0.438952	0.888705	0.888705	1	1	
0.544578	-nan	0.887059	2.38081	1	1	1	1	1	1	0.439004	0.887059	0.887059	1	1	
0.548193	-nan	0.885418	2.38652	1	1	1	1	1	1	0.43906	0.885418	0.885418	1	1	
0.551807	-nan	0.883782	2.39211	1	1	1	1	1	1	0.439119	0.883782	0.883782	1	1	
0.555422	-nan	0.88215	2.39758	1	1	1	1	1	1	0.439182	0.88215	0.88215	1	1	
0.559036	-nan	0.880523	2.40294	1	1	1	1	1	1	0.439248	0.880523	0.880523	1	1	
0.562651	-nan	0.8789	2.40817	1	1	1	1	1	1	0.439317	0.8789	0.8789	1	1	
0.566265	-nan	0.877283	2.41329	1	1	1	1	1	1	0.43939	0.877283	0.877283	1	1	
0.56988	-nan	0.87567	2.4183	1	1	1	1	1	1	0.439466	0.87567	0.87567	1	1	
0.573494	-nan	0.874062	2.42319	1	1	1	1	1	1	0.439545	0.874062	0.874062	1	1	
0.577108	-nan	0.872459	2.42796	1	1	1	1	1	1	0.439627	0.872459	0.872459	1	1	
0.580723	-nan	0.870861	2.43262	1	1	1	1	1	1	0.439713	0.870861	0.870861	1	1	
0.584337	-nan	0.869268	2.43717	1	1	1	1	1	1	0.439801	0.869268	0.869268	1	1	
0.587952	-nan	0.86768	2.4416	1	1	1	1	1	1	0.439893	0.86768	0.86768	1	1	
0.591566	-nan	0.866097	2.44593	1	1	1	1	1	1	0.439988	0.866097	0.866097	1	1	
0.595181	-nan	0.864519	2.45015	1	1	1	1	1	1	0.440085	0.864519	0.864519	1	1	
0.598795	-nan	0.862947	2.45425	1	1	1	1	1	1	0.440186	0.862947	0.862947	1	1	
0.60241	-nan	0.861379	2.45825	1	1	1	1	1	1	0.44029	0.861379	0.861379	1	1	
0.606024	-nan	0.859816	2.46214	1	1	1	1	1	1	0.440396	0.859816	0.859816	1	1	
0.609639	-nan	0.858259	2.46593	1	1	1	1	1	1	0.440505	0.858259	0.858259	1	1	
0.613253	-nan	0.856707	2.4696	1	1	1	1	1	1	0.440617	0.856707	0.856707	1	1	
0.616867	-nan	0.855159	2.47318	1	1	1	1	1	1	0.440732	0.855159	0.855159	1	1	
0.620482	-nan	0.853617	2.47665	1	1	1	1	1	1	0.440849	0.853617	0.853617	1	1	
0.624096	-nan	0.85208	2.48002	1	1	1	1	1	1	0.440969	0.85208	0.85208	1	1	
0.627711	-nan	0.850549	2.48328	1	1	1	1	1	1	0.441092	0.850549	0.850549	1	1	
0.631325	-nan	0.849022	2.48645	1	1	1	1	1	1	0.441218	0.849022	0.849022	1	1	
0.63494	-nan	0.847501	2.48951	1	1	1	1	1	1	0.441345	0.847501	0.847501	1	1	
0.638554	-nan	0.845985	2.49248	1	1	1	1	1	1	0.441476	0.845985	0.845985	1	1	
0.642169	-nan	0.844473	2.49535	1	1	1	1	1	1	0.441608	0.844473	0.844473	1	1	
0.645783	-nan	0.842967	2.49812	1	1	1	1	1	1	0.441744	0.842967	0.842967	1	1	
0.649398	-nan	0.841467	2.50079	1	1	1	1	1	1	0.441881	0.841467	0.841467	1	1	
0.653012	-nan	0.839971	2.50337	1	1	1	1	1	1	0.442021	0.839971	0.839971	1	1	
0.656627	-nan	0.83848	2.50585	1	1	1	1	1	1	0.442163	0.83848	0.83848	1	1	
0.660241	-nan	0.836994	2.50824	1	1	1	1	1	1	0.442307	0.836994	0.836994	1	1	
0.663855	-nan	0.835514	2.51054	1	1	1	1	1	1	0.442454	0.835514	0.835514	1	1	
0.66747	-nan	0.834038	2.51274	1	1	1	1	1	1	0.442602	0.834038	0.834038	1	1	
0.671084	-nan	0.832568	2.51485	1	1	1	1	1	1	0.442753	0.832568	0.832568	1	1	
0.674699	-nan	0.831102	2.51688	1	1	1	1	1	1	0.442906	0.831102	0.831102	1	1	
0.678313	-nan	0.829642	2.51881	1	1	1	1	1	1	0.443061	0.829642	0.829642	1	1	
0.681928	-nan	0.828186	2.52066	1	1	1	1	1	1	0.443218	0.828186	0.828186	1	1	
0.685542	-nan	0.826735	2.52242	1	1	1	1	1	1	0.443376	0.826735	0.826735	1	1	
0.689157	-nan	0.82529	2.52409	1	1	1	1	1	1	0.443537	0.82529	0.82529	1	1	
0.692771	-nan	0.823849	2.52568	1	1	1	1	1	1	0.443699	0.823849	0.823849	1	1	
0.696386	-nan	0.822412	2.52718	1	1	1	1	1	1	0.443864	0.822412	0.822412	1	1	
0.7	-nan	0.820981	2.5286	1	1	1	1	1	1	0.44403	0.820981	0.820981	1	1	
0.703614	-nan	0.819555	2.52993	1	1	1	1	1	1	0.444197	0.819555	0.819555	1	1	
0.707229	-nan	0.818133	2.53119	1	1	1	1	1	1	0.444367	0.818133	0.818133	1	1	
0.710843	-nan	0.816716	2.53236	1	1	1	1	1	1	0.444538	0.816716	0.816716	1	1	
0.714458	-nan	0.815303	2.53345	1	1	1	1	1	1	0.44471	0.815303	0.815303	1	1	
0.718072	-nan	0.813896	2.53446	1	1	1	1	1	1	0.444884	0.813896	0.813896	1	1	
0.721687	-nan	0.812492	2.5354	1	1	1	1	1	1	0.44506	0.812492	0.812492	1	1	
0.725301	-nan	0.811094	2.53626	1	1	1	1	1	1	0.445237	0.811094	0.811094	1	1	
0.728916	-nan	0.8097	2.53704	1	1	1	1	1	1	0.445416	0.8097	0.8097	1	1	
0.73253	-nan	0.80831	2.53774	1	1	1	1	1	1	0.445596	0.80831	0.80831	1	1	
0.736145	-nan	0.806925	2.53837	1	1	1	1	1	1	0.445777	0.806925	0.806925	1	1	
0.739759	-nan	0.805544	2.53893	1	1	1	1	1	1	0.445959	0.805544	0.805544	1	1	
0.743373	-nan	0.804168	2.53941	1	1	1	1	1	1	0.446143	0.804168	0.804168	1	1	
0.746988	-nan	0.802796	2.53983	1	1	1	1	1	1	0.446328	0.802796	0.802796	1	1	
0.750602	-nan	0.801429	2.54017	1	1	1	1	1	1	0.446514	0.801429	0.801429	1	1	
0.754217	-nan	0.800065	2.54044	1	1	1	1	1	1	0.446702	0.800065	0.800065	1	1	
0.757831	-nan	0.798706	2.54064	1	1	1	1	1	1	0.44689	0.798706	0.798706	1	1	
0.761446	-nan	0.797351	2.54077	1	1	1	1	1	1	0.447079	0.797351	0.797351	1	1	
0.76506	-nan	0.796	2.54083	1	1	1	1	1	1	0.44727	0.796	0.796	1	1	
0.768675	-nan	0.794654	2.54083	1	1	1	1	1	1	0.447461	0.794654	0.794654	1	1	
0.772289	-nan	0.793311	2.54076	1	1	1	1	1	1	0.447654	0.793311	0.793311	1	1	
0.775904	-nan	0.791972	2.54062	1	1	1	1	1	1	0.447847	0.791972	0.791972	1	1	
0.779518	-nan	0.790638	2.54042	1	1	1	1	1	1	0.448041	0.790638	0.790638	1	1	
0.783133	-nan	0.789307	2.54016	1	1	1	1	1	1	0.448236	0.789307	0.789307	1	1	
0.786747	-nan	0.78798	2.53983	1	1	1	1	1	1	0.448432	0.78798	0.78798	1	1	
0.790361	-nan	0.786657	2.53945	1	1	1	1	1	1	0.448628	0.786657	0.786657	1	1	
0.793976	-nan	0.785338	2.539	1	1	1	1	1	1	0.448826	0.785338	0.785338	1	1	
0.79759	-nan	0.784023	2.53849	1	1	1	1	1	1	0.449024	0.784023	0.784023	1	1	
0.801205	-nan	0.782711	2.53792	1	1	1	1	1	1	0.449222	0.782711	0.782711	1	1	
0.804819	-nan	0.781403	2.53729	1	1	1	1	1	1	0.449421	0.781403	0.781403	1	1	
0.808434	-nan	0.780099	2.53661	1	1	1	1	1	1	0.449621	0.780099	0.780099	1	1	
0.812048	-nan	0.778798	2.53587	1	1	1	1	1	1	0.449821	0.778798	0.778798	1	1	
0.815663	-nan	0.777501	2.53507	1	1	1	1	1	1	0.450022	0.777501	0.777501	1	1	
0.819277	-nan	0.776207	2.53422	1	1	1	1	1	1	0.450223	0.776207	0.776207	1	1	
0.822892	-nan	0.774917	2.53331	1	1	1	1	1	1	0.450425	0.774917	0.774917	1	1	
0.826506	-nan	0.773631	2.53235	1	1	1	1	1	1	0.450627	0.773631	0.773631	1	1	
0.83012	-nan	0.772347	2.53133	1	1	1	1	1	1	0.450829	0.772347	0.772347	1	1	
0.833735	-nan	0.771067	2.53027	1	1	1	1	1	1	0.451032	0.771067	0.771067	1	1	
0.837349	-nan	0.769791	2.52915	1	1	1	1	1	1	0.451235	0.769791	0.769791	1	1	
0.840964	-nan	0.768517	2.52798	1	1	1	1	1	1	0.451438	0.768517	0.768517	1	1	
0.844578	-nan	0.767247	2.52676	1	1	1	1	1	1	0.451642	0.767247	0.767247	1	1	
0.848193	-nan	0.76598	2.5255	1	1	1	1	1	1	0.451846	0.76598	0.76598	1	1	
0.851807	-nan	0.764716	2.52418	1	1	1	1	1	1	0.452049	0.764716	0.764716	1	1	
0.855422	-nan	0.763456	2.52282	1	1	1	1	1	1	0.452253	0.763456	0.763456	1	1	
0.859036	-nan	0.762198	2.52141	1	1	1	1	1	1	0.452457	0.762198	0.762198	1	1	
0.862651	-nan	0.760943	2.51995	1	1	1	1	1	1	0.452662	0.760943	0.760943	1	1	
0.866265	-nan	0.759692	2.51845	1	1	1	1	1	1	0.452866	0.759692	0.759692	1	1	
0.86988	-nan	0.758443	2.5169	1	1	1	1	1	1	0.45307	0.758443	0.758443	1	1	
0.873494	-nan	0.757197	2.51531	1	1	1	1	1	1	0.453274	0.757197	0.757197	1	1	
0.877108	-nan	0.755955	2.51368	1	1	1	1	1	1	0.453478	0.755955	0.755955	1	1	
0.880723	-nan	0.754714	2.51201	1	1	1	1	1	1	0.453683	0.754714	0.754714	1	1	
0.884337	-nan	0.753477	2.51029	1	1	1	1	1	1	0.453886	0.753477	0.753477	1	1	
0.887952	-nan	0.752243	2.50853	1	1	1	1	1	1	0.45409	0.752243	0.752243	1	1	
0.891566	-nan	0.751011	2.50673	1	1	1	1	1	1	0.454294	0.751011	0.751011	1	1	
0.895181	-nan	0.749782	2.5049	1	1	1	1	1	1	0.454497	0.749782	0.749782	1	1	
0.898795	-nan	0.748555	2.50302	1	1	1	1	1	1	0.454701	0.748555	0.748555	1	1	
0.90241	-nan	0.747331	2.50111	1	1	1	1	1	1	0.454904	0.747331	0.747331	1	1	
0.906024	-nan	0.74611	2.49915	1	1	1	1	1	1	0.455106	0.74611	0.74611	1	1	
0.909639	-nan	0.744891	2.49717	1	1	1	1	1	1	0.455309	0.744891	0.744891	1	1	
0.913253	-nan	0.743675	2.49514	1	1	1	1	1	1	0.455511	0.743675	0.743675	1	1	
0.916867	-nan	0.742461	2.49308	1	1	1	1	1	1	0.455713	0.742461	0.742461	1	1	
0.920482	-nan	0.74125	2.49099	1	1	1	1	1	1	0.455914	0.74125	0.74125	1	1	
0.924096	-nan	0.740041	2.48886	1	1	1	1	1	1	0.456115	0.740041	0.740041	1	1	
0.927711	-nan	0.738834	2.4867	1	1	1	1	1	1	0.456316	0.738834	0.738834	1	1	
0.931325	-nan	0.73763	2.4845	1	1	1	1	1	1	0.456516	0.73763	0.73763	1	1	
0.93494	-nan	0.736428	2.48228	1	1	1	1	1	1	0.456716	0.736428	0.736428	1	1	
0.938554	-nan	0.735228	2.48002	1	1	1	1	1	1	0.456915	0.735228	0.735228	1	1	
0.942169	-nan	0.73403	2.47773	1	1	1	1	1	1	0.457113	0.73403	0.73403	1	1	
0.945783	-nan	0.732835	2.47541	1	1	1	1	1	1	0.457311	0.732835	0.732835	1	1	
0.949398	-nan	0.731642	2.47306	1	1	1	1	1	1	0.457509	0.731642	0.731642	1	1	
0.953012	-nan	0.730451	2.47069	1	1	1	1	1	1	0.457706	0.730451	0.730451	1	1	
0.956627	-nan	0.729262	2.46828	1	1	1	1	1	1	0.457902	0.729262	0.729262	1	1	
0.960241	-nan	0.728075	2.46585	1	1	1	1	1	1	0.458098	0.728075	0.728075	1	1	
0.963855	-nan	0.72689	2.46339	1	1	1	1	1	1	0.458293	0.72689	0.72689	1	1	
0.96747	-nan	0.725707	2.4609	1	1	1	1	1	1	0.458487	0.725707	0.725707	1	1	
0.971084	-nan	0.724527	2.45839	1	1	1	1	1	1	0.458681	0.724527	0.724527	1	1	
0.974699	-nan	0.723348	2.45586	1	1	1	1	1	1	0.458874	0.723348	0.723348	1	1	
0.978313	-nan	0.722171	2.45329	1	1	1	1	1	1	0.459066	0.722171	0.722171	1	1	
0.981928	-nan	0.720996	2.45071	1	1	1	1	1	1	0.459258	0.720996	0.720996	1	1	
0.985542	-nan	0.719823	2.4481	1	1	1	1	1	1	0.459449	0.719823	0.719823	1	1	
0.989157	-nan	0.718651	2.44547	1	1	1	1	1	1	0.459639	0.718651	0.718651	1	1	
0.992771	-nan	0.717482	2.44281	1	1	1	1	1	1	0.459828	0.717482	0.717482	1	1	
0.996386	-nan	0.716314	2.44014	1	1	1	1	1	1	0.460016	0.716314	0.716314	1	1	
1	-nan	-nan	-nan	-nan	-nan	-nan	-nan	-nan	-nan	-nan	-nan	-nan	-nan	-nan	
