1e-05	-nan	0.598107	0.810417	1	1	1	1	1	1	2.73889	0.598107	0.598107	1	1	
1.03753e-05	-nan	0.598182	0.810304	1	1	1	1	1	1	2.73892	0.598182	0.598182	1	1	
1.07647e-05	-nan	0.598259	0.81019	1	1	1	1	1	1	2.73895	0.598259	0.598259	1	1	
1.11686e-05	-nan	0.598337	0.810074	1	1	1	1	1	1	2.73899	0.598337	0.598337	1	1	
1.15878e-05	-nan	0.598416	0.809957	1	1	1	1	1	1	2.73902	0.598416	0.598416	1	1	
1.20226e-05	-nan	0.598497	0.809838	1	1	1	1	1	1	2.73905	0.598497	0.598497	1	1	
1.24738e-05	-nan	0.59858	0.809718	1	1	1	1	1	1	2.73909	0.59858	0.59858	1	1	
1.2942e-05	-nan	0.598663	0.809596	1	1	1	1	1	1	2.73912	0.598663	0.598663	1	1	
1.34276e-05	-nan	0.598749	0.809473	1	1	1	1	1	1	2.73916	0.598749	0.598749	1	1	
1.39316e-05	-nan	0.598835	0.809348	1	1	1	1	1	1	2.73919	0.598835	0.598835	1	1	
1.44544e-05	-nan	0.598924	0.809222	1	1	1	1	1	1	2.73923	0.598924	0.598924	1	1	
1.49968e-05	-nan	0.599014	0.809094	1	1	1	1	1	1	2.73927	0.599014	0.599014	1	1	
1.55597e-05	-nan	0.599105	0.808965	1	1	1	1	1	1	2.7393	0.599105	0.599105	1	1	
1.61436e-05	-nan	0.599199	0.808834	1	1	1	1	1	1	2.73934	0.599199	0.599199	1	1	
1.67494e-05	-nan	0.599293	0.808701	1	1	1	1	1	1	2.73938	0.599293	0.599293	1	1	
1.7378e-05	-nan	0.59939	0.808567	1	1	1	1	1	1	2.73941	0.59939	0.59939	1	1	
1.80302e-05	-nan	0.599488	0.808431	1	1	1	1	1	1	2.73945	0.599488	0.599488	1	1	
1.87068e-05	-nan	0.599589	0.808294	1	1	1	1	1	1	2.73949	0.599589	0.599589	1	1	
1.94089e-05	-nan	0.599691	0.808154	1	1	1	1	1	1	2.73953	0.599691	0.599691	1	1	
2.01372e-05	-nan	0.599794	0.808013	1	1	1	1	1	1	2.73957	0.599794	0.599794	1	1	
2.0893e-05	-nan	0.5999	0.80787	1	1	1	1	1	1	2.7396	0.5999	0.5999	1	1	
2.1677e-05	-nan	0.600008	0.807726	1	1	1	1	1	1	2.73964	0.600008	0.600008	1	1	
2.24905e-05	-nan	0.600117	0.807579	1	1	1	1	1	1	2.73968	0.600117	0.600117	1	1	
2.33346e-05	-nan	0.600229	0.807431	1	1	1	1	1	1	2.73972	0.600229	0.600229	1	1	
2.42103e-05	-nan	0.600343	0.807281	1	1	1	1	1	1	2.73976	0.600343	0.600343	1	1	
2.51189e-05	-nan	0.600458	0.807129	1	1	1	1	1	1	2.7398	0.600458	0.600458	1	1	
2.60615e-05	-nan	0.600576	0.806975	1	1	1	1	1	1	2.73984	0.600576	0.600576	1	1	
2.70396e-05	-nan	0.600696	0.80682	1	1	1	1	1	1	2.73989	0.600696	0.600696	1	1	
2.80543e-05	-nan	0.600819	0.806662	1	1	1	1	1	1	2.73993	0.600819	0.600819	1	1	
2.91072e-05	-nan	0.600943	0.806502	1	1	1	1	1	1	2.73997	0.600943	0.600943	1	1	
3.01995e-05	-nan	0.60107	0.80634	1	1	1	1	1	1	2.74001	0.60107	0.60107	1	1	
3.13329e-05	-nan	0.601199	0.806177	1	1	1	1	1	1	2.74005	0.601199	0.601199	1	1	
3.25087e-05	-nan	0.601331	0.806011	1	1	1	1	1	1	2.7401	0.601331	0.601331	1	1	
3.37287e-05	-nan	0.601465	0.805843	1	1	1	1	1	1	2.74014	0.601465	0.601465	1	1	
3.49945e-05	-nan	0.601602	0.805673	1	1	1	1	1	1	2.74018	0.601602	0.601602	1	1	
3.63078e-05	-nan	0.601741	0.805501	1	1	1	1	1	1	2.74023	0.601741	0.601741	1	1	
3.76704e-05	-nan	0.601883	0.805327	1	1	1	1	1	1	2.74027	0.601883	0.601883	1	1	
3.90841e-05	-nan	0.602027	0.80515	1	1	1	1	1	1	2.74032	0.602027	0.602027	1	1	
4.05509e-05	-nan	0.602175	0.804971	1	1	1	1	1	1	2.74036	0.602175	0.602175	1	1	
4.20727e-05	-nan	0.602325	0.804791	1	1	1	1	1	1	2.74041	0.602325	0.602325	1	1	
4.36516e-05	-nan	0.602478	0.804607	1	1	1	1	1	1	2.74046	0.602478	0.602478	1	1	
4.52898e-05	-nan	0.602633	0.804422	1	1	1	1	1	1	2.7405	0.602633	0.602633	1	1	
4.69894e-05	-nan	0.602792	0.804234	1	1	1	1	1	1	2.74055	0.602792	0.602792	1	1	
4.87528e-05	-nan	0.602954	0.804044	1	1	1	1	1	1	2.7406	0.602954	0.602954	1	1	
5.05825e-05	-nan	0.603119	0.803851	1	1	1	1	1	1	2.74064	0.603119	0.603119	1	1	
5.24807e-05	-nan	0.603287	0.803656	1	1	1	1	1	1	2.74069	0.603287	0.603287	1	1	
5.44503e-05	-nan	0.603459	0.803458	1	1	1	1	1	1	2.74074	0.603459	0.603459	1	1	
5.64937e-05	-nan	0.603633	0.803258	1	1	1	1	1	1	2.74079	0.603633	0.603633	1	1	
5.86138e-05	-nan	0.603811	0.803056	1	1	1	1	1	1	2.74084	0.603811	0.603811	1	1	
6.08135e-05	-nan	0.603993	0.802851	1	1	1	1	1	1	2.74089	0.603993	0.603993	1	1	
6.30957e-05	-nan	0.604178	0.802643	1	1	1	1	1	1	2.74094	0.604178	0.604178	1	1	
6.54636e-05	-nan	0.604367	0.802432	1	1	1	1	1	1	2.74099	0.604367	0.604367	1	1	
6.79204e-05	-nan	0.604559	0.802219	1	1	1	1	1	1	2.74104	0.604559	0.604559	1	1	
7.04693e-05	-nan	0.604755	0.802004	1	1	1	1	1	1	2.74109	0.604755	0.604755	1	1	
7.31139e-05	-nan	0.604955	0.801785	1	1	1	1	1	1	2.74114	0.604955	0.604955	1	1	
7.58578e-05	-nan	0.605159	0.801564	1	1	1	1	1	1	2.7412	0.605159	0.605159	1	1	
7.87046e-05	-nan	0.605367	0.80134	1	1	1	1	1	1	2.74125	0.605367	0.605367	1	1	
8.16582e-05	-nan	0.605579	0.801113	1	1	1	1	1	1	2.7413	0.605579	0.605579	1	1	
8.47227e-05	-nan	0.605795	0.800884	1	1	1	1	1	1	2.74136	0.605795	0.605795	1	1	
8.79023e-05	-nan	0.606016	0.800651	1	1	1	1	1	1	2.74141	0.606016	0.606016	1	1	
9.12011e-05	-nan	0.606241	0.800416	1	1	1	1	1	1	2.74146	0.606241	0.606241	1	1	
9.46237e-05	-nan	0.60647	0.800177	1	1	1	1	1	1	2.74152	0.60647	0.60647	1	1	
9.81748e-05	-nan	0.606704	0.799936	1	1	1	1	1	1	2.74158	0.606704	0.606704	1	1	
0.000101859	-nan	0.606943	0.799691	1	1	1	1	1	1	2.74163	0.606943	0.606943	1	1	
0.000105682	-nan	0.607187	0.799444	1	1	1	1	1	1	2.74169	0.607187	0.607187	1	1	
0.000109648	-nan	0.607435	0.799193	1	1	1	1	1	1	2.74175	0.607435	0.607435	1	1	
0.000113763	-nan	0.607689	0.798939	1	1	1	1	1	1	2.7418	0.607689	0.607689	1	1	
0.000118032	-nan	0.607947	0.798682	1	1	1	1	1	1	2.74186	0.607947	0.607947	1	1	
0.000122462	-nan	0.608211	0.798422	1	1	1	1	1	1	2.74192	0.608211	0.608211	1	1	
0.000127057	-nan	0.60848	0.798159	1	1	1	1	1	1	2.74198	0.60848	0.60848	1	1	
0.000131826	-nan	0.608755	0.797892	1	1	1	1	1	1	2.74204	0.608755	0.608755	1	1	
0.000136773	-nan	0.609036	0.797622	1	1	1	1	1	1	2.7421	0.609036	0.609036	1	1	
0.000141906	-nan	0.609322	0.797348	1	1	1	1	1	1	2.74216	0.609322	0.609322	1	1	
0.000147231	-nan	0.609614	0.797072	1	1	1	1	1	1	2.74222	0.609614	0.609614	1	1	
0.000152757	-nan	0.609912	0.796791	1	1	1	1	1	1	2.74228	0.609912	0.609912	1	1	
0.000158489	-nan	0.610216	0.796507	1	1	1	1	1	1	2.74235	0.610216	0.610216	1	1	
0.000164437	-nan	0.610526	0.79622	1	1	1	1	1	1	2.74241	0.610526	0.610526	1	1	
0.000170608	-nan	0.610843	0.795929	1	1	1	1	1	1	2.74247	0.610843	0.610843	1	1	
0.000177011	-nan	0.611167	0.795635	1	1	1	1	1	1	2.74254	0.611167	0.611167	1	1	
0.000183654	-nan	0.611497	0.795337	1	1	1	1	1	1	2.7426	0.611497	0.611497	1	1	
0.000190546	-nan	0.611835	0.795035	1	1	1	1	1	1	2.74267	0.611835	0.611835	1	1	
0.000197697	-nan	0.612179	0.79473	1	1	1	1	1	1	2.74273	0.612179	0.612179	1	1	
0.000205116	-nan	0.61253	0.79442	1	1	1	1	1	1	2.7428	0.61253	0.61253	1	1	
0.000212814	-nan	0.612889	0.794107	1	1	1	1	1	1	2.74287	0.612889	0.612889	1	1	
0.0002208	-nan	0.613256	0.793791	1	1	1	1	1	1	2.74293	0.613256	0.613256	1	1	
0.000229087	-nan	0.61363	0.79347	1	1	1	1	1	1	2.743	0.61363	0.61363	1	1	
0.000237684	-nan	0.614012	0.793145	1	1	1	1	1	1	2.74307	0.614012	0.614012	1	1	
0.000246604	-nan	0.614403	0.792817	1	1	1	1	1	1	2.74314	0.614403	0.614403	1	1	
0.000255859	-nan	0.614801	0.792485	1	1	1	1	1	1	2.74321	0.614801	0.614801	1	1	
0.000265461	-nan	0.615209	0.792148	1	1	1	1	1	1	2.74328	0.615209	0.615209	1	1	
0.000275423	-nan	0.615624	0.791808	1	1	1	1	1	1	2.74335	0.615624	0.615624	1	1	
0.000285759	-nan	0.616049	0.791463	1	1	1	1	1	1	2.74343	0.616049	0.616049	1	1	
0.000296483	-nan	0.616483	0.791115	1	1	1	1	1	1	2.7435	0.616483	0.616483	1	1	
0.00030761	-nan	0.616927	0.790762	1	1	1	1	1	1	2.74357	0.616927	0.616927	1	1	
0.000319154	-nan	0.61738	0.790405	1	1	1	1	1	1	2.74365	0.61738	0.61738	1	1	
0.000331131	-nan	0.617842	0.790044	1	1	1	1	1	1	2.74372	0.617842	0.617842	1	1	
0.000343558	-nan	0.618315	0.789679	1	1	1	1	1	1	2.7438	0.618315	0.618315	1	1	
0.000356451	-nan	0.618798	0.789309	1	1	1	1	1	1	2.74387	0.618798	0.618798	1	1	
0.000369828	-nan	0.619292	0.788936	1	1	1	1	1	1	2.74395	0.619292	0.619292	1	1	
0.000383707	-nan	0.619796	0.788558	1	1	1	1	1	1	2.74403	0.619796	0.619796	1	1	
0.000398107	-nan	0.620312	0.788175	1	1	1	1	1	1	2.74411	0.620312	0.620312	1	1	
0.000413048	-nan	0.620838	0.787789	1	1	1	1	1	1	2.74418	0.620838	0.620838	1	1	
0.000428549	-nan	0.621377	0.787398	1	1	1	1	1	1	2.74426	0.621377	0.621377	1	1	
0.000444631	-nan	0.621927	0.787002	1	1	1	1	1	1	2.74434	0.621927	0.621927	1	1	
0.000461318	-nan	0.622489	0.786603	1	1	1	1	1	1	2.74443	0.622489	0.622489	1	1	
0.00047863	-nan	0.623064	0.786198	1	1	1	1	1	1	2.74451	0.623064	0.623064	1	1	
0.000496592	-nan	0.623651	0.78579	1	1	1	1	1	1	2.74459	0.623651	0.623651	1	1	
0.000515229	-nan	0.624252	0.785377	1	1	1	1	1	1	2.74468	0.624252	0.624252	1	1	
0.000534564	-nan	0.624866	0.784959	1	1	1	1	1	1	2.74476	0.624866	0.624866	1	1	
0.000554626	-nan	0.625494	0.784537	1	1	1	1	1	1	2.74485	0.625494	0.625494	1	1	
0.00057544	-nan	0.626135	0.784111	1	1	1	1	1	1	2.74493	0.626135	0.626135	1	1	
0.000597035	-nan	0.626791	0.78368	1	1	1	1	1	1	2.74502	0.626791	0.626791	1	1	
0.000619441	-nan	0.627462	0.783245	1	1	1	1	1	1	2.74511	0.627462	0.627462	1	1	
0.000642688	-nan	0.628148	0.782805	1	1	1	1	1	1	2.7452	0.628148	0.628148	1	1	
0.000666807	-nan	0.628849	0.782361	1	1	1	1	1	1	2.74529	0.628849	0.628849	1	1	
0.000691831	-nan	0.629566	0.781913	1	1	1	1	1	1	2.74538	0.629566	0.629566	1	1	
0.000717794	-nan	0.630299	0.78146	1	1	1	1	1	1	2.74547	0.630299	0.630299	1	1	
0.000744732	-nan	0.631049	0.781003	1	1	1	1	1	1	2.74556	0.631049	0.631049	1	1	
0.000772681	-nan	0.631816	0.780541	1	1	1	1	1	1	2.74565	0.631816	0.631816	1	1	
0.000801678	-nan	0.6326	0.780075	1	1	1	1	1	1	2.74575	0.6326	0.6326	1	1	
0.000831764	-nan	0.633402	0.779605	1	1	1	1	1	1	2.74584	0.633402	0.633402	1	1	
0.000862979	-nan	0.634222	0.77913	1	1	1	1	1	1	2.74594	0.634222	0.634222	1	1	
0.000895365	-nan	0.635061	0.778651	1	1	1	1	1	1	2.74604	0.635061	0.635061	1	1	
0.000928966	-nan	0.635919	0.778169	1	1	1	1	1	1	2.74613	0.635919	0.635919	1	1	
0.000963829	-nan	0.636797	0.777682	1	1	1	1	1	1	2.74623	0.636797	0.636797	1	1	
0.001	-nan	0.637694	0.777191	1	1	1	1	1	1	2.74633	0.637694	0.637694	1	1	
0.00103753	-nan	0.638613	0.776696	1	1	1	1	1	1	2.74644	0.638613	0.638613	1	1	
0.00107647	-nan	0.639552	0.776197	1	1	1	1	1	1	2.74654	0.639552	0.639552	1	1	
0.00111686	-nan	0.640513	0.775694	1	1	1	1	1	1	2.74664	0.640513	0.640513	1	1	
0.00115878	-nan	0.641496	0.775188	1	1	1	1	1	1	2.74675	0.641496	0.641496	1	1	
0.00120226	-nan	0.642501	0.774678	1	1	1	1	1	1	2.74685	0.642501	0.642501	1	1	
0.00124738	-nan	0.643529	0.774165	1	1	1	1	1	1	2.74696	0.643529	0.643529	1	1	
0.0012942	-nan	0.644582	0.773648	1	1	1	1	1	1	2.74707	0.644582	0.644582	1	1	
0.00134276	-nan	0.645658	0.773128	1	1	1	1	1	1	2.74718	0.645658	0.645658	1	1	
0.00139316	-nan	0.646759	0.772605	1	1	1	1	1	1	2.74729	0.646759	0.646759	1	1	
0.00144544	-nan	0.647886	0.772079	1	1	1	1	1	1	2.7474	0.647886	0.647886	1	1	
0.00149968	-nan	0.649038	0.77155	1	1	1	1	1	1	2.74751	0.649038	0.649038	1	1	
0.00155597	-nan	0.650218	0.771019	1	1	1	1	1	1	2.74762	0.650218	0.650218	1	1	
0.00161436	-nan	0.651424	0.770485	1	1	1	1	1	1	2.74774	0.651424	0.651424	1	1	
0.00167494	-nan	0.652658	0.769949	1	1	1	1	1	1	2.74786	0.652658	0.652658	1	1	
0.0017378	-nan	0.653921	0.769411	1	1	1	1	1	1	2.74798	0.653921	0.653921	1	1	
0.00180302	-nan	0.655212	0.768872	1	1	1	1	1	1	2.7481	0.655212	0.655212	1	1	
0.00187068	-nan	0.656534	0.76833	1	1	1	1	1	1	2.74822	0.656534	0.656534	1	1	
0.00194089	-nan	0.657886	0.767788	1	1	1	1	1	1	2.74834	0.657886	0.657886	1	1	
0.00201372	-nan	0.659269	0.767245	1	1	1	1	1	1	2.74846	0.659269	0.659269	1	1	
0.0020893	-nan	0.660684	0.7667	1	1	1	1	1	1	2.74859	0.660684	0.660684	1	1	
0.0021677	-nan	0.662132	0.766156	1	1	1	1	1	1	2.74872	0.662132	0.662132	1	1	
0.00224905	-nan	0.663612	0.765612	1	1	1	1	1	1	2.74884	0.663612	0.663612	1	1	
0.00233346	-nan	0.665127	0.765068	1	1	1	1	1	1	2.74897	0.665127	0.665127	1	1	
0.00242103	-nan	0.666677	0.764524	1	1	1	1	1	1	2.74911	0.666677	0.666677	1	1	
0.00251189	-nan	0.668262	0.763982	1	1	1	1	1	1	2.74924	0.668262	0.668262	1	1	
0.00260615	-nan	0.669883	0.763441	1	1	1	1	1	1	2.74938	0.669883	0.669883	1	1	
0.00270396	-nan	0.671542	0.762903	1	1	1	1	1	1	2.74951	0.671542	0.671542	1	1	
0.00280543	-nan	0.673238	0.762367	1	1	1	1	1	1	2.74965	0.673238	0.673238	1	1	
0.00291072	-nan	0.674973	0.761834	1	1	1	1	1	1	2.74979	0.674973	0.674973	1	1	
0.00301995	-nan	0.676747	0.761304	1	1	1	1	1	1	2.74994	0.676747	0.676747	1	1	
0.00313329	-nan	0.678561	0.760779	1	1	1	1	1	1	2.75008	0.678561	0.678561	1	1	
0.00325087	-nan	0.680417	0.760259	1	1	1	1	1	1	2.75023	0.680417	0.680417	1	1	
0.00337287	-nan	0.682314	0.759744	1	1	1	1	1	1	2.75038	0.682314	0.682314	1	1	
0.00349945	-nan	0.684254	0.759235	1	1	1	1	1	1	2.75053	0.684254	0.684254	1	1	
0.00363078	-nan	0.686237	0.758732	1	1	1	1	1	1	2.75068	0.686237	0.686237	1	1	
0.00376704	-nan	0.688265	0.758238	1	1	1	1	1	1	2.75084	0.688265	0.688265	1	1	
0.00390841	-nan	0.690338	0.757752	1	1	1	1	1	1	2.751	0.690338	0.690338	1	1	
0.00405509	-nan	0.692457	0.757274	1	1	1	1	1	1	2.75116	0.692457	0.692457	1	1	
0.00420727	-nan	0.694622	0.756808	1	1	1	1	1	1	2.75132	0.694622	0.694622	1	1	
0.00436516	-nan	0.696835	0.756352	1	1	1	1	1	1	2.75148	0.696835	0.696835	1	1	
0.00452898	-nan	0.699097	0.755908	1	1	1	1	1	1	2.75165	0.699097	0.699097	1	1	
0.00469894	-nan	0.701408	0.755477	1	1	1	1	1	1	2.75182	0.701408	0.701408	1	1	
0.00487528	-nan	0.703769	0.75506	1	1	1	1	1	1	2.752	0.703769	0.703769	1	1	
0.00505825	-nan	0.706181	0.754659	1	1	1	1	1	1	2.75217	0.706181	0.706181	1	1	
0.00524807	-nan	0.708644	0.754274	1	1	1	1	1	1	2.75235	0.708644	0.708644	1	1	
0.00544503	-nan	0.71116	0.753907	1	1	1	1	1	1	2.75254	0.71116	0.71116	1	1	
0.00564937	-nan	0.713729	0.753559	1	1	1	1	1	1	2.75272	0.713729	0.713729	1	1	
0.00586138	-nan	0.716352	0.753232	1	1	1	1	1	1	2.75291	0.716352	0.716352	1	1	
0.00608135	-nan	0.719029	0.752927	1	1	1	1	1	1	2.75311	0.719029	0.719029	1	1	
0.00630957	-nan	0.721762	0.752645	1	1	1	1	1	1	2.7533	0.721762	0.721762	1	1	
0.00654636	-nan	0.724551	0.752389	1	1	1	1	1	1	2.7535	0.724551	0.724551	1	1	
0.00679204	-nan	0.727397	0.75216	1	1	1	1	1	1	2.75371	0.727397	0.727397	1	1	
0.00704693	-nan	0.730299	0.751959	1	1	1	1	1	1	2.75392	0.730299	0.730299	1	1	
0.00731139	-nan	0.73326	0.751789	1	1	1	1	1	1	2.75413	0.73326	0.73326	1	1	
0.00758578	-nan	0.736279	0.751653	1	1	1	1	1	1	2.75435	0.736279	0.736279	1	1	
0.00787046	-nan	0.739357	0.75155	1	1	1	1	1	1	2.75457	0.739357	0.739357	1	1	
0.00816582	-nan	0.742494	0.751485	1	1	1	1	1	1	2.75479	0.742494	0.742494	1	1	
0.00847227	-nan	0.745691	0.75146	1	1	1	1	1	1	2.75502	0.745691	0.745691	1	1	
0.00879023	-nan	0.748948	0.751476	1	1	1	1	1	1	2.75526	0.748948	0.748948	1	1	
0.00912011	-nan	0.752265	0.751536	1	1	1	1	1	1	2.7555	0.752265	0.752265	1	1	
0.00946237	-nan	0.755643	0.751644	1	1	1	1	1	1	2.75575	0.755643	0.755643	1	1	
0.00981748	-nan	0.759082	0.751801	1	1	1	1	1	1	2.756	0.759082	0.759082	1	1	
0.0101859	-nan	0.762582	0.752011	1	1	1	1	1	1	2.75625	0.762582	0.762582	1	1	
0.0105682	-nan	0.766142	0.752277	1	1	1	1	1	1	2.75652	0.766142	0.766142	1	1	
0.0109648	-nan	0.769763	0.752602	1	1	1	1	1	1	2.75679	0.769763	0.769763	1	1	
0.0113763	-nan	0.773445	0.75299	1	1	1	1	1	1	2.75707	0.773445	0.773445	1	1	
0.0118032	-nan	0.777188	0.753443	1	1	1	1	1	1	2.75735	0.777188	0.777188	1	1	
0.0122462	-nan	0.78099	0.753966	1	1	1	1	1	1	2.75764	0.78099	0.78099	1	1	
0.0127057	-nan	0.784852	0.754563	1	1	1	1	1	1	2.75794	0.784852	0.784852	1	1	
0.0131826	-nan	0.788774	0.755238	1	1	1	1	1	1	2.75824	0.788774	0.788774	1	1	
0.0136773	-nan	0.792754	0.755994	1	1	1	1	1	1	2.75856	0.792754	0.792754	1	1	
0.0141906	-nan	0.796792	0.756836	1	1	1	1	1	1	2.75888	0.796792	0.796792	1	1	
0.0147231	-nan	0.800887	0.75777	1	1	1	1	1	1	2.75921	0.800887	0.800887	1	1	
0.0152757	-nan	0.805038	0.758799	1	1	1	1	1	1	2.75955	0.805038	0.805038	1	1	
0.0158489	-nan	0.809244	0.759929	1	1	1	1	1	1	2.7599	0.809244	0.809244	1	1	
0.0164437	-nan	0.813504	0.761165	1	1	1	1	1	1	2.76026	0.813504	0.813504	1	1	
0.0170608	-nan	0.817817	0.762513	1	1	1	1	1	1	2.76063	0.817817	0.817817	1	1	
0.0177011	-nan	0.822181	0.763978	1	1	1	1	1	1	2.76101	0.822181	0.822181	1	1	
0.0183654	-nan	0.826594	0.765566	1	1	1	1	1	1	2.7614	0.826594	0.826594	1	1	
0.0190546	-nan	0.831055	0.767284	1	1	1	1	1	1	2.76181	0.831055	0.831055	1	1	
0.0197697	-nan	0.835563	0.769137	1	1	1	1	1	1	2.76222	0.835563	0.835563	1	1	
0.0205116	-nan	0.840115	0.771134	1	1	1	1	1	1	2.76265	0.840115	0.840115	1	1	
0.0212814	-nan	0.844709	0.77328	1	1	1	1	1	1	2.7631	0.844709	0.844709	1	1	
0.02208	-nan	0.849343	0.775584	1	1	1	1	1	1	2.76355	0.849343	0.849343	1	1	
0.0229087	-nan	0.854015	0.778052	1	1	1	1	1	1	2.76403	0.854015	0.854015	1	1	
0.0237684	-nan	0.858723	0.780692	1	1	1	1	1	1	2.76451	0.858723	0.858723	1	1	
0.0246604	-nan	0.863464	0.783514	1	1	1	1	1	1	2.76501	0.863464	0.863464	1	1	
0.0255859	-nan	0.868234	0.786524	1	1	1	1	1	1	2.76553	0.868234	0.868234	1	1	
0.0265461	-nan	0.873033	0.789733	1	1	1	1	1	1	2.76607	0.873033	0.873033	1	1	
0.0275423	-nan	0.877857	0.793148	1	1	1	1	1	1	2.76662	0.877857	0.877857	1	1	
0.0285759	-nan	0.882702	0.79678	1	1	1	1	1	1	2.7672	0.882702	0.882702	1	1	
0.0296483	-nan	0.887567	0.800638	1	1	1	1	1	1	2.76779	0.887567	0.887567	1	1	
0.030761	-nan	0.892447	0.804731	1	1	1	1	1	1	2.76841	0.892447	0.892447	1	1	
0.0319154	-nan	0.897341	0.809071	1	1	1	1	1	1	2.76904	0.897341	0.897341	1	1	
0.0331131	-nan	0.902244	0.813668	1	1	1	1	1	1	2.7697	0.902244	0.902244	1	1	
0.0343558	-nan	0.907154	0.818532	1	1	1	1	1	1	2.77038	0.907154	0.907154	1	1	
0.0356451	-nan	0.912067	0.823674	1	1	1	1	1	1	2.77109	0.912067	0.912067	1	1	
0.0369828	-nan	0.91698	0.829106	1	1	1	1	1	1	2.77182	0.91698	0.91698	1	1	
0.0383707	-nan	0.92189	0.83484	1	1	1	1	1	1	2.77258	0.92189	0.92189	1	1	
0.0398107	-nan	0.926793	0.840886	1	1	1	1	1	1	2.77336	0.926793	0.926793	1	1	
0.0413048	-nan	0.931686	0.847257	1	1	1	1	1	1	2.77418	0.931686	0.931686	1	1	
0.0428549	-nan	0.936566	0.853965	1	1	1	1	1	1	2.77502	0.936566	0.936566	1	1	
0.0444631	-nan	0.941429	0.861022	1	1	1	1	1	1	2.7759	0.941429	0.941429	1	1	
0.0461318	-nan	0.946273	0.868439	1	1	1	1	1	1	2.77681	0.946273	0.946273	1	1	
0.047863	-nan	0.951093	0.87623	1	1	1	1	1	1	2.77776	0.951093	0.951093	1	1	
0.0496592	-nan	0.955886	0.884406	1	1	1	1	1	1	2.77873	0.955886	0.955886	1	1	
0.0515229	-nan	0.96065	0.892978	1	1	1	1	1	1	2.77975	0.96065	0.96065	1	1	
0.0534564	-nan	0.965381	0.90196	1	1	1	1	1	1	2.78081	0.965381	0.965381	1	1	
0.0554626	-nan	0.970076	0.911362	1	1	1	1	1	1	2.7819	0.970076	0.970076	1	1	
0.057544	-nan	0.974732	0.921195	1	1	1	1	1	1	2.78304	0.974732	0.974732	1	1	
0.0597035	-nan	0.979346	0.931471	1	1	1	1	1	1	2.78422	0.979346	0.979346	1	1	
0.0619441	-nan	0.983916	0.942199	1	1	1	1	1	1	2.78545	0.983916	0.983916	1	1	
0.0642688	-nan	0.988437	0.953389	1	1	1	1	1	1	2.78672	0.988437	0.988437	1	1	
0.0666807	-nan	0.992908	0.96505	1	1	1	1	1	1	2.78805	0.992908	0.992908	1	1	
0.0691831	-nan	0.997325	0.97719	1	1	1	1	1	1	2.78942	0.997325	0.997325	1	1	
0.0717794	-nan	1.00169	0.989816	1	1	1	1	1	1	2.79085	1.00169	1.00169	1	1	
0.0744732	-nan	1.00599	1.00293	1	1	1	1	1	1	2.79233	1.00599	1.00599	1	1	
0.0772681	-nan	1.01023	1.01655	1	1	1	1	1	1	2.79387	1.01023	1.01023	1	1	
0.0801678	-nan	1.01441	1.03066	1	1	1	1	1	1	2.79547	1.01441	1.01441	1	1	
0.0831764	-nan	1.01852	1.04528	1	1	1	1	1	1	2.79713	1.01852	1.01852	1	1	
0.0862979	-nan	1.02257	1.0604	1	1	1	1	1	1	2.79886	1.02257	1.02257	1	1	
0.0895365	-nan	1.02654	1.07602	1	1	1	1	1	1	2.80065	1.02654	1.02654	1	1	
0.0928966	-nan	1.03044	1.09214	1	1	1	1	1	1	2.80251	1.03044	1.03044	1	1	
0.0963829	-nan	1.03426	1.10876	1	1	1	1	1	1	2.80444	1.03426	1.03426	1	1	
0.1	-nan	1.03801	1.12586	1	1	1	1	1	1	2.80645	1.03801	1.03801	1	1	
0.103614	-nan	1.04155	1.14279	1	1	1	1	1	1	2.80845	1.04155	1.04155	1	1	
0.107229	-nan	1.04489	1.15956	1	1	1	1	1	1	2.81046	1.04489	1.04489	1	1	
0.110843	-nan	1.04806	1.17615	1	1	1	1	1	1	2.81247	1.04806	1.04806	1	1	
0.114458	-nan	1.05105	1.19254	1	1	1	1	1	1	2.81447	1.05105	1.05105	1	1	
0.118072	-nan	1.05389	1.20874	1	1	1	1	1	1	2.81648	1.05389	1.05389	1	1	
0.121687	-nan	1.05659	1.22472	1	1	1	1	1	1	2.81849	1.05659	1.05659	1	1	
0.125301	-nan	1.05914	1.2405	1	1	1	1	1	1	2.82049	1.05914	1.05914	1	1	
0.128916	-nan	1.06157	1.25605	1	1	1	1	1	1	2.8225	1.06157	1.06157	1	1	
0.13253	-nan	1.06388	1.27138	1	1	1	1	1	1	2.8245	1.06388	1.06388	1	1	
0.136145	-nan	1.06607	1.28647	1	1	1	1	1	1	2.8265	1.06607	1.06607	1	1	
0.139759	-nan	1.06816	1.30134	1	1	1	1	1	1	2.8285	1.06816	1.06816	1	1	
0.143373	-nan	1.07014	1.31597	1	1	1	1	1	1	2.8305	1.07014	1.07014	1	1	
0.146988	-nan	1.07202	1.33037	1	1	1	1	1	1	2.83249	1.07202	1.07202	1	1	
0.150602	-nan	1.07382	1.34453	1	1	1	1	1	1	2.83448	1.07382	1.07382	1	1	
0.154217	-nan	1.07553	1.35845	1	1	1	1	1	1	2.83647	1.07553	1.07553	1	1	
0.157831	-nan	1.07715	1.37214	1	1	1	1	1	1	2.83846	1.07715	1.07715	1	1	
0.161446	-nan	1.0787	1.38559	1	1	1	1	1	1	2.84044	1.0787	1.0787	1	1	
0.16506	-nan	1.08017	1.3988	1	1	1	1	1	1	2.84242	1.08017	1.08017	1	1	
0.168675	-nan	1.08157	1.41178	1	1	1	1	1	1	2.84439	1.08157	1.08157	1	1	
0.172289	-nan	1.0829	1.42453	1	1	1	1	1	1	2.84636	1.0829	1.0829	1	1	
0.175904	-nan	1.08417	1.43704	1	1	1	1	1	1	2.84833	1.08417	1.08417	1	1	
0.179518	-nan	1.08538	1.44933	1	1	1	1	1	1	2.85029	1.08538	1.08538	1	1	
0.183133	-nan	1.08652	1.46139	1	1	1	1	1	1	2.85224	1.08652	1.08652	1	1	
0.186747	-nan	1.08761	1.47322	1	1	1	1	1	1	2.85419	1.08761	1.08761	1	1	
0.190361	-nan	1.08864	1.48484	1	1	1	1	1	1	2.85614	1.08864	1.08864	1	1	
0.193976	-nan	1.08962	1.49623	1	1	1	1	1	1	2.85808	1.08962	1.08962	1	1	
0.19759	-nan	1.09055	1.50741	1	1	1	1	1	1	2.86001	1.09055	1.09055	1	1	
0.201205	-nan	1.09143	1.51837	1	1	1	1	1	1	2.86194	1.09143	1.09143	1	1	
0.204819	-nan	1.09226	1.52912	1	1	1	1	1	1	2.86386	1.09226	1.09226	1	1	
0.208434	-nan	1.09305	1.53967	1	1	1	1	1	1	2.86577	1.09305	1.09305	1	1	
0.212048	-nan	1.09379	1.55001	1	1	1	1	1	1	2.86768	1.09379	1.09379	1	1	
0.215663	-nan	1.09449	1.56015	1	1	1	1	1	1	2.86958	1.09449	1.09449	1	1	
0.219277	-nan	1.09515	1.5701	1	1	1	1	1	1	2.87147	1.09515	1.09515	1	1	
0.222892	-nan	1.09577	1.57985	1	1	1	1	1	1	2.87336	1.09577	1.09577	1	1	
0.226506	-nan	1.09634	1.5894	1	1	1	1	1	1	2.87523	1.09634	1.09634	1	1	
0.23012	-nan	1.09689	1.59877	1	1	1	1	1	1	2.8771	1.09689	1.09689	1	1	
0.233735	-nan	1.09739	1.60796	1	1	1	1	1	1	2.87897	1.09739	1.09739	1	1	
0.237349	-nan	1.09786	1.61696	1	1	1	1	1	1	2.88082	1.09786	1.09786	1	1	
0.240964	-nan	1.0983	1.62578	1	1	1	1	1	1	2.88267	1.0983	1.0983	1	1	
0.244578	-nan	1.0987	1.63443	1	1	1	1	1	1	2.8845	1.0987	1.0987	1	1	
0.248193	-nan	1.09907	1.64291	1	1	1	1	1	1	2.88633	1.09907	1.09907	1	1	
0.251807	-nan	1.09941	1.65122	1	1	1	1	1	1	2.88815	1.09941	1.09941	1	1	
0.255422	-nan	1.09972	1.65936	1	1	1	1	1	1	2.88996	1.09972	1.09972	1	1	
0.259036	-nan	1.09999	1.66734	1	1	1	1	1	1	2.89177	1.09999	1.09999	1	1	
0.262651	-nan	1.10024	1.67516	1	1	1	1	1	1	2.89356	1.10024	1.10024	1	1	
0.266265	-nan	1.10046	1.68282	1	1	1	1	1	1	2.89534	1.10046	1.10046	1	1	
0.26988	-nan	1.10065	1.69034	1	1	1	1	1	1	2.89712	1.10065	1.10065	1	1	
0.273494	-nan	1.10082	1.6977	1	1	1	1	1	1	2.89888	1.10082	1.10082	1	1	
0.277108	-nan	1.10095	1.70491	1	1	1	1	1	1	2.90064	1.10095	1.10095	1	1	
0.280723	-nan	1.10106	1.71198	1	1	1	1	1	1	2.90239	1.10106	1.10106	1	1	
0.284337	-nan	1.10115	1.71891	1	1	1	1	1	1	2.90412	1.10115	1.10115	1	1	
0.287952	-nan	1.10121	1.7257	1	1	1	1	1	1	2.90585	1.10121	1.10121	1	1	
0.291566	-nan	1.10124	1.73235	1	1	1	1	1	1	2.90756	1.10124	1.10124	1	1	
0.295181	-nan	1.10125	1.73887	1	1	1	1	1	1	2.90927	1.10125	1.10125	1	1	
0.298795	-nan	1.10124	1.74526	1	1	1	1	1	1	2.91097	1.10124	1.10124	1	1	
0.30241	-nan	1.10121	1.75153	1	1	1	1	1	1	2.91265	1.10121	1.10121	1	1	
0.306024	-nan	1.10115	1.75767	1	1	1	1	1	1	2.91433	1.10115	1.10115	1	1	
0.309639	-nan	1.10107	1.76368	1	1	1	1	1	1	2.91599	1.10107	1.10107	1	1	
0.313253	-nan	1.10096	1.76958	1	1	1	1	1	1	2.91765	1.10096	1.10096	1	1	
0.316867	-nan	1.10084	1.77536	1	1	1	1	1	1	2.91929	1.10084	1.10084	1	1	
0.320482	-nan	1.10069	1.78102	1	1	1	1	1	1	2.92092	1.10069	1.10069	1	1	
0.324096	-nan	1.10053	1.78657	1	1	1	1	1	1	2.92255	1.10053	1.10053	1	1	
0.327711	-nan	1.10034	1.79201	1	1	1	1	1	1	2.92416	1.10034	1.10034	1	1	
0.331325	-nan	1.10013	1.79734	1	1	1	1	1	1	2.92576	1.10013	1.10013	1	1	
0.33494	-nan	1.0999	1.80257	1	1	1	1	1	1	2.92735	1.0999	1.0999	1	1	
0.338554	-nan	1.09966	1.80769	1	1	1	1	1	1	2.92893	1.09966	1.09966	1	1	
0.342169	-nan	1.09939	1.81272	1	1	1	1	1	1	2.9305	1.09939	1.09939	1	1	
0.345783	-nan	1.09911	1.81764	1	1	1	1	1	1	2.93205	1.09911	1.09911	1	1	
0.349398	-nan	1.0988	1.82247	1	1	1	1	1	1	2.9336	1.0988	1.0988	1	1	
0.353012	-nan	1.09848	1.8272	1	1	1	1	1	1	2.93513	1.09848	1.09848	1	1	
0.356627	-nan	1.09814	1.83184	1	1	1	1	1	1	2.93666	1.09814	1.09814	1	1	
0.360241	-nan	1.09778	1.83638	1	1	1	1	1	1	2.93817	1.09778	1.09778	1	1	
0.363855	-nan	1.09741	1.84084	1	1	1	1	1	1	2.93967	1.09741	1.09741	1	1	
0.36747	-nan	1.09701	1.84521	1	1	1	1	1	1	2.94116	1.09701	1.09701	1	1	
0.371084	-nan	1.0966	1.8495	1	1	1	1	1	1	2.94264	1.0966	1.0966	1	1	
0.374699	-nan	1.09618	1.8537	1	1	1	1	1	1	2.94411	1.09618	1.09618	1	1	
0.378313	-nan	1.09574	1.85782	1	1	1	1	1	1	2.94557	1.09574	1.09574	1	1	
0.381928	-nan	1.09528	1.86186	1	1	1	1	1	1	2.94702	1.09528	1.09528	1	1	
0.385542	-nan	1.0948	1.86582	1	1	1	1	1	1	2.94845	1.0948	1.0948	1	1	
0.389157	-nan	1.09431	1.86971	1	1	1	1	1	1	2.94988	1.09431	1.09431	1	1	
0.392771	-nan	1.0938	1.87352	1	1	1	1	1	1	2.95129	1.0938	1.0938	1	1	
0.396386	-nan	1.09328	1.87725	1	1	1	1	1	1	2.95269	1.09328	1.09328	1	1	
0.4	-nan	1.09275	1.88092	1	1	1	1	1	1	2.95408	1.09275	1.09275	1	1	
0.403614	-nan	1.09219	1.88451	1	1	1	1	1	1	2.95546	1.09219	1.09219	1	1	
0.407229	-nan	1.09163	1.88804	1	1	1	1	1	1	2.95683	1.09163	1.09163	1	1	
0.410843	-nan	1.09105	1.89149	1	1	1	1	1	1	2.95819	1.09105	1.09105	1	1	
0.414458	-nan	1.09045	1.89488	1	1	1	1	1	1	2.95953	1.09045	1.09045	1	1	
0.418072	-nan	1.08984	1.89821	1	1	1	1	1	1	2.96087	1.08984	1.08984	1	1	
0.421687	-nan	1.08922	1.90147	1	1	1	1	1	1	2.96219	1.08922	1.08922	1	1	
0.425301	-nan	1.08859	1.90468	1	1	1	1	1	1	2.9635	1.08859	1.08859	1	1	
0.428916	-nan	1.08794	1.90782	1	1	1	1	1	1	2.96481	1.08794	1.08794	1	1	
0.43253	-nan	1.08728	1.9109	1	1	1	1	1	1	2.9661	1.08728	1.08728	1	1	
0.436145	-nan	1.0866	1.91392	1	1	1	1	1	1	2.96738	1.0866	1.0866	1	1	
0.439759	-nan	1.08592	1.91689	1	1	1	1	1	1	2.96864	1.08592	1.08592	1	1	
0.443373	-nan	1.08522	1.9198	1	1	1	1	1	1	2.9699	1.08522	1.08522	1	1	
0.446988	-nan	1.08451	1.92265	1	1	1	1	1	1	2.97115	1.08451	1.08451	1	1	
0.450602	-nan	1.08379	1.92545	1	1	1	1	1	1	2.97239	1.08379	1.08379	1	1	
0.454217	-nan	1.08305	1.9282	1	1	1	1	1	1	2.97361	1.08305	1.08305	1	1	
0.457831	-nan	1.08231	1.9309	1	1	1	1	1	1	2.97483	1.08231	1.08231	1	1	
0.461446	-nan	1.08155	1.93355	1	1	1	1	1	1	2.97603	1.08155	1.08155	1	1	
0.46506	-nan	1.08078	1.93614	1	1	1	1	1	1	2.97722	1.08078	1.08078	1	1	
0.468675	-nan	1.08001	1.93869	1	1	1	1	1	1	2.97841	1.08001	1.08001	1	1	
0.472289	-nan	1.07922	1.9412	1	1	1	1	1	1	2.97958	1.07922	1.07922	1	1	
0.475904	-nan	1.07842	1.94365	1	1	1	1	1	1	2.98074	1.07842	1.07842	1	1	
0.479518	-nan	1.07761	1.94606	1	1	1	1	1	1	2.98189	1.07761	1.07761	1	1	
0.483133	-nan	1.07679	1.94843	1	1	1	1	1	1	2.98303	1.07679	1.07679	1	1	
0.486747	-nan	1.07597	1.95075	1	1	1	1	1	1	2.98416	1.07597	1.07597	1	1	
0.490361	-nan	1.07513	1.95303	1	1	1	1	1	1	2.98528	1.07513	1.07513	1	1	
0.493976	-nan	1.07429	1.95527	1	1	1	1	1	1	2.98639	1.07429	1.07429	1	1	
0.49759	-nan	1.07343	1.95746	1	1	1	1	1	1	2.98749	1.07343	1.07343	1	1	
0.501205	-nan	1.07257	1.95962	1	1	1	1	1	1	2.98858	1.07257	1.07257	1	1	
0.504819	-nan	1.0717	1.96174	1	1	1	1	1	1	2.98966	1.0717	1.0717	1	1	
0.508434	-nan	1.07082	1.96381	1	1	1	1	1	1	2.99073	1.07082	1.07082	1	1	
0.512048	-nan	1.06994	1.96585	1	1	1	1	1	1	2.99178	1.06994	1.06994	1	1	
0.515663	-nan	1.06905	1.96786	1	1	1	1	1	1	2.99283	1.06905	1.06905	1	1	
0.519277	-nan	1.06815	1.96982	1	1	1	1	1	1	2.99387	1.06815	1.06815	1	1	
0.522892	-nan	1.06724	1.97175	1	1	1	1	1	1	2.9949	1.06724	1.06724	1	1	
0.526506	-nan	1.06632	1.97365	1	1	1	1	1	1	2.99592	1.06632	1.06632	1	1	
0.53012	-nan	1.0654	1.97551	1	1	1	1	1	1	2.99693	1.0654	1.0654	1	1	
0.533735	-nan	1.06448	1.97734	1	1	1	1	1	1	2.99793	1.06448	1.06448	1	1	
0.537349	-nan	1.06355	1.97913	1	1	1	1	1	1	2.99892	1.06355	1.06355	1	1	
0.540964	-nan	1.06261	1.9809	1	1	1	1	1	1	2.9999	1.06261	1.06261	1	1	
0.544578	-nan	1.06166	1.98263	1	1	1	1	1	1	3.00087	1.06166	1.06166	1	1	
0.548193	-nan	1.06071	1.98433	1	1	1	1	1	1	3.00183	1.06071	1.06071	1	1	
0.551807	-nan	1.05976	1.986	1	1	1	1	1	1	3.00278	1.05976	1.05976	1	1	
0.555422	-nan	1.0588	1.98764	1	1	1	1	1	1	3.00372	1.0588	1.0588	1	1	
0.559036	-nan	1.05784	1.98924	1	1	1	1	1	1	3.00465	1.05784	1.05784	1	1	
0.562651	-nan	1.05687	1.99083	1	1	1	1	1	1	3.00558	1.05687	1.05687	1	1	
0.566265	-nan	1.0559	1.99238	1	1	1	1	1	1	3.00649	1.0559	1.0559	1	1	
0.56988	-nan	1.05492	1.9939	1	1	1	1	1	1	3.0074	1.05492	1.05492	1	1	
0.573494	-nan	1.05394	1.9954	1	1	1	1	1	1	3.00829	1.05394	1.05394	1	1	
0.577108	-nan	1.05296	1.99687	1	1	1	1	1	1	3.00918	1.05296	1.05296	1	1	
0.580723	-nan	1.05197	1.99831	1	1	1	1	1	1	3.01006	1.05197	1.05197	1	1	
0.584337	-nan	1.05098	1.99973	1	1	1	1	1	1	3.01093	1.05098	1.05098	1	1	
0.587952	-nan	1.04999	2.00113	1	1	1	1	1	1	3.01179	1.04999	1.04999	1	1	
0.591566	-nan	1.049	2.00249	1	1	1	1	1	1	3.01264	1.049	1.049	1	1	
0.595181	-nan	1.048	2.00384	1	1	1	1	1	1	3.01349	1.048	1.048	1	1	
0.598795	-nan	1.047	2.00516	1	1	1	1	1	1	3.01432	1.047	1.047	1	1	
0.60241	-nan	1.046	2.00645	1	1	1	1	1	1	3.01515	1.046	1.046	1	1	
0.606024	-nan	1.045	2.00773	1	1	1	1	1	1	3.01596	1.045	1.045	1	1	
0.609639	-nan	1.04399	2.00898	1	1	1	1	1	1	3.01677	1.04399	1.04399	1	1	
0.613253	-nan	1.04298	2.01021	1	1	1	1	1	1	3.01757	1.04298	1.04298	1	1	
0.616867	-nan	1.04198	2.01141	1	1	1	1	1	1	3.01837	1.04198	1.04198	1	1	
0.620482	-nan	1.04097	2.0126	1	1	1	1	1	1	3.01915	1.04097	1.04097	1	1	
0.624096	-nan	1.03996	2.01376	1	1	1	1	1	1	3.01993	1.03996	1.03996	1	1	
0.627711	-nan	1.03894	2.01491	1	1	1	1	1	1	3.0207	1.03894	1.03894	1	1	
0.631325	-nan	1.03793	2.01603	1	1	1	1	1	1	3.02146	1.03793	1.03793	1	1	
0.63494	-nan	1.03692	2.01713	1	1	1	1	1	1	3.02221	1.03692	1.03692	1	1	
0.638554	-nan	1.03591	2.01821	1	1	1	1	1	1	3.02295	1.03591	1.03591	1	1	
0.642169	-nan	1.0349	2.01928	1	1	1	1	1	1	3.02369	1.0349	1.0349	1	1	
0.645783	-nan	1.03388	2.02032	1	1	1	1	1	1	3.02442	1.03388	1.03388	1	1	
0.649398	-nan	1.03287	2.02135	1	1	1	1	1	1	3.02514	1.03287	1.03287	1	1	
0.653012	-nan	1.03186	2.02236	1	1	1	1	1	1	3.02585	1.03186	1.03186	1	1	
0.656627	-nan	1.03085	2.02335	1	1	1	1	1	1	3.02656	1.03085	1.03085	1	1	
0.660241	-nan	1.02983	2.02432	1	1	1	1	1	1	3.02726	1.02983	1.02983	1	1	
0.663855	-nan	1.02882	2.02527	1	1	1	1	1	1	3.02795	1.02882	1.02882	1	1	
0.66747	-nan	1.02781	2.02621	1	1	1	1	1	1	3.02863	1.02781	1.02781	1	1	
0.671084	-nan	1.0268	2.02713	1	1	1	1	1	1	3.02931	1.0268	1.0268	1	1	
0.674699	-nan	1.0258	2.02804	1	1	1	1	1	1	3.02997	1.0258	1.0258	1	1	
0.678313	-nan	1.02479	2.02892	1	1	1	1	1	1	3.03064	1.02479	1.02479	1	1	
0.681928	-nan	1.02378	2.0298	1	1	1	1	1	1	3.03129	1.02378	1.02378	1	1	
0.685542	-nan	1.02278	2.03065	1	1	1	1	1	1	3.03194	1.02278	1.02278	1	1	
0.689157	-nan	1.02178	2.03149	1	1	1	1	1	1	3.03258	1.02178	1.02178	1	1	
0.692771	-nan	1.02077	2.03232	1	1	1	1	1	1	3.03321	1.02077	1.02077	1	1	
0.696386	-nan	1.01977	2.03313	1	1	1	1	1	1	3.03384	1.01977	1.01977	1	1	
0.7	-nan	1.01878	2.03392	1	1	1	1	1	1	3.03446	1.01878	1.01878	1	1	
0.703614	-nan	1.01778	2.03471	1	1	1	1	1	1	3.03507	1.01778	1.01778	1	1	
0.707229	-nan	1.01678	2.03547	1	1	1	1	1	1	3.03568	1.01678	1.01678	1	1	
0.710843	-nan	1.01579	2.03623	1	1	1	1	1	1	3.03628	1.01579	1.01579	1	1	
0.714458	-nan	1.0148	2.03697	1	1	1	1	1	1	3.03687	1.0148	1.0148	1	1	
0.718072	-nan	1.01381	2.03769	1	1	1	1	1	1	3.03746	1.01381	1.01381	1	1	
0.721687	-nan	1.01282	2.0384	1	1	1	1	1	1	3.03804	1.01282	1.01282	1	1	
0.725301	-nan	1.01184	2.0391	1	1	1	1	1	1	3.03861	1.01184	1.01184	1	1	
0.728916	-nan	1.01086	2.03979	1	1	1	1	1	1	3.03918	1.01086	1.01086	1	1	
0.73253	-nan	1.00988	2.04046	1	1	1	1	1	1	3.03974	1.00988	1.00988	1	1	
0.736145	-nan	1.0089	2.04112	1	1	1	1	1	1	3.0403	1.0089	1.0089	1	1	
0.739759	-nan	1.00792	2.04177	1	1	1	1	1	1	3.04085	1.00792	1.00792	1	1	
0.743373	-nan	1.00695	2.04241	1	1	1	1	1	1	3.04139	1.00695	1.00695	1	1	
0.746988	-nan	1.00598	2.04303	1	1	1	1	1	1	3.04193	1.00598	1.00598	1	1	
0.750602	-nan	1.00501	2.04364	1	1	1	1	1	1	3.04246	1.00501	1.00501	1	1	
0.754217	-nan	1.00404	2.04425	1	1	1	1	1	1	3.04298	1.00404	1.00404	1	1	
0.757831	-nan	1.00308	2.04483	1	1	1	1	1	1	3.0435	1.00308	1.00308	1	1	
0.761446	-nan	1.00212	2.04541	1	1	1	1	1	1	3.04401	1.00212	1.00212	1	1	
0.76506	-nan	1.00116	2.04598	1	1	1	1	1	1	3.04452	1.00116	1.00116	1	1	
0.768675	-nan	1.0002	2.04654	1	1	1	1	1	1	3.04502	1.0002	1.0002	1	1	
0.772289	-nan	0.999252	2.04708	1	1	1	1	1	1	3.04552	0.999252	0.999252	1	1	
0.775904	-nan	0.998301	2.04762	1	1	1	1	1	1	3.04601	0.998301	0.998301	1	1	
0.779518	-nan	0.997353	2.04814	1	1	1	1	1	1	3.04649	0.997353	0.997353	1	1	
0.783133	-nan	0.996408	2.04866	1	1	1	1	1	1	3.04697	0.996408	0.996408	1	1	
0.786747	-nan	0.995465	2.04916	1	1	1	1	1	1	3.04745	0.995465	0.995465	1	1	
0.790361	-nan	0.994525	2.04965	1	1	1	1	1	1	3.04792	0.994525	0.994525	1	1	
0.793976	-nan	0.993588	2.05014	1	1	1	1	1	1	3.04838	0.993588	0.993588	1	1	
0.79759	-nan	0.992653	2.05061	1	1	1	1	1	1	3.04884	0.992653	0.992653	1	1	
0.801205	-nan	0.991721	2.05108	1	1	1	1	1	1	3.04929	0.991721	0.991721	1	1	
0.804819	-nan	0.990791	2.05153	1	1	1	1	1	1	3.04974	0.990791	0.990791	1	1	
0.808434	-nan	0.989864	2.05198	1	1	1	1	1	1	3.05018	0.989864	0.989864	1	1	
0.812048	-nan	0.98894	2.05242	1	1	1	1	1	1	3.05062	0.98894	0.98894	1	1	
0.815663	-nan	0.988019	2.05284	1	1	1	1	1	1	3.05105	0.988019	0.988019	1	1	
0.819277	-nan	0.9871	2.05326	1	1	1	1	1	1	3.05148	0.9871	0.9871	1	1	
0.822892	-nan	0.986183	2.05367	1	1	1	1	1	1	3.0519	0.986183	0.986183	1	1	
0.826506	-nan	0.985269	2.05408	1	1	1	1	1	1	3.05232	0.985269	0.985269	1	1	
0.83012	-nan	0.984358	2.05447	1	1	1	1	1	1	3.05274	0.984358	0.984358	1	1	
0.833735	-nan	0.98345	2.05485	1	1	1	1	1	1	3.05314	0.98345	0.98345	1	1	
0.837349	-nan	0.982544	2.05523	1	1	1	1	1	1	3.05355	0.982544	0.982544	1	1	
0.840964	-nan	0.98164	2.0556	1	1	1	1	1	1	3.05395	0.98164	0.98164	1	1	
0.844578	-nan	0.980739	2.05596	1	1	1	1	1	1	3.05434	0.980739	0.980739	1	1	
0.848193	-nan	0.97984	2.05631	1	1	1	1	1	1	3.05473	0.97984	0.97984	1	1	
0.851807	-nan	0.978944	2.05665	1	1	1	1	1	1	3.05512	0.978944	0.978944	1	1	
0.855422	-nan	0.97805	2.05699	1	1	1	1	1	1	3.0555	0.97805	0.97805	1	1	
0.859036	-nan	0.977159	2.05732	1	1	1	1	1	1	3.05587	0.977159	0.977159	1	1	
0.862651	-nan	0.97627	2.05764	1	1	1	1	1	1	3.05625	0.97627	0.97627	1	1	
0.866265	-nan	0.975384	2.05795	1	1	1	1	1	1	3.05661	0.975384	0.975384	1	1	
0.86988	-nan	0.974499	2.05826	1	1	1	1	1	1	3.05698	0.974499	0.974499	1	1	
0.873494	-nan	0.973618	2.05856	1	1	1	1	1	1	3.05734	0.973618	0.973618	1	1	
0.877108	-nan	0.972738	2.05885	1	1	1	1	1	1	3.05769	0.972738	0.972738	1	1	
0.880723	-nan	0.971861	2.05914	1	1	1	1	1	1	3.05804	0.971861	0.971861	1	1	
0.884337	-nan	0.970985	2.05942	1	1	1	1	1	1	3.05839	0.970985	0.970985	1	1	
0.887952	-nan	0.970112	2.05969	1	1	1	1	1	1	3.05873	0.970112	0.970112	1	1	
0.891566	-nan	0.969242	2.05995	1	1	1	1	1	1	3.05907	0.969242	0.969242	1	1	
0.895181	-nan	0.968373	2.06021	1	1	1	1	1	1	3.05941	0.968373	0.968373	1	1	
0.898795	-nan	0.967506	2.06046	1	1	1	1	1	1	3.05974	0.967506	0.967506	1	1	
0.90241	-nan	0.966642	2.0607	1	1	1	1	1	1	3.06006	0.966642	0.966642	1	1	
0.906024	-nan	0.96578	2.06094	1	1	1	1	1	1	3.06039	0.96578	0.96578	1	1	
0.909639	-nan	0.964919	2.06117	1	1	1	1	1	1	3.06071	0.964919	0.964919	1	1	
0.913253	-nan	0.964061	2.0614	1	1	1	1	1	1	3.06102	0.964061	0.964061	1	1	
0.916867	-nan	0.963204	2.06162	1	1	1	1	1	1	3.06133	0.963204	0.963204	1	1	
0.920482	-nan	0.96235	2.06183	1	1	1	1	1	1	3.06164	0.96235	0.96235	1	1	
0.924096	-nan	0.961497	2.06204	1	1	1	1	1	1	3.06194	0.961497	0.961497	1	1	
0.927711	-nan	0.960646	2.06224	1	1	1	1	1	1	3.06225	0.960646	0.960646	1	1	
0.931325	-nan	0.959797	2.06243	1	1	1	1	1	1	3.06254	0.959797	0.959797	1	1	
0.93494	-nan	0.95895	2.06262	1	1	1	1	1	1	3.06284	0.95895	0.95895	1	1	
0.938554	-nan	0.958104	2.0628	1	1	1	1	1	1	3.06313	0.958104	0.958104	1	1	
0.942169	-nan	0.95726	2.06298	1	1	1	1	1	1	3.06341	0.95726	0.95726	1	1	
0.945783	-nan	0.956418	2.06315	1	1	1	1	1	1	3.0637	0.956418	0.956418	1	1	
0.949398	-nan	0.955578	2.06332	1	1	1	1	1	1	3.06398	0.955578	0.955578	1	1	
0.953012	-nan	0.954739	2.06348	1	1	1	1	1	1	3.06425	0.954739	0.954739	1	1	
0.956627	-nan	0.953902	2.06364	1	1	1	1	1	1	3.06452	0.953902	0.953902	1	1	
0.960241	-nan	0.953066	2.06378	1	1	1	1	1	1	3.06479	0.953066	0.953066	1	1	
0.963855	-nan	0.952232	2.06393	1	1	1	1	1	1	3.06506	0.952232	0.952232	1	1	
0.96747	-nan	0.951399	2.06407	1	1	1	1	1	1	3.06532	0.951399	0.951399	1	1	
0.971084	-nan	0.950568	2.0642	1	1	1	1	1	1	3.06558	0.950568	0.950568	1	1	
0.974699	-nan	0.949738	2.06433	1	1	1	1	1	1	3.06584	0.949738	0.949738	1	1	
0.978313	-nan	0.94891	2.06445	1	1	1	1	1	1	3.06609	0.94891	0.94891	1	1	
0.981928	-nan	0.948083	2.06457	1	1	1	1	1	1	3.06635	0.948083	0.948083	1	1	
0.985542	-nan	0.947257	2.06469	1	1	1	1	1	1	3.06659	0.947257	0.947257	1	1	
0.989157	-nan	0.946433	2.06479	1	1	1	1	1	1	3.06684	0.946433	0.946433	1	1	
0.992771	-nan	0.94561	2.0649	1	1	1	1	1	1	3.06708	0.94561	0.94561	1	1	
0.996386	-nan	0.944788	2.065	1	1	1	1	1	1	3.06732	0.944788	0.944788	1	1	
1	-nan	-nan	-nan	-nan	-nan	-nan	-nan	-nan	-nan	-nan	-nan	-nan	-nan	-nan	
