1e-05	-nan	0.42458	0.290098	1	1	1	1	1	1	0.85063	0.42458	0.42458	1	1	
1.03753e-05	-nan	0.425003	0.290286	1	1	1	1	1	1	0.850633	0.425003	0.425003	1	1	
1.07647e-05	-nan	0.425431	0.290477	1	1	1	1	1	1	0.850636	0.425431	0.425431	1	1	
1.11686e-05	-nan	0.425864	0.29067	1	1	1	1	1	1	0.85064	0.425864	0.425864	1	1	
1.15878e-05	-nan	0.426303	0.290865	1	1	1	1	1	1	0.850643	0.426303	0.426303	1	1	
1.20226e-05	-nan	0.426747	0.291063	1	1	1	1	1	1	0.850646	0.426747	0.426747	1	1	
1.24738e-05	-nan	0.427196	0.291263	1	1	1	1	1	1	0.85065	0.427196	0.427196	1	1	
1.2942e-05	-nan	0.427651	0.291465	1	1	1	1	1	1	0.850654	0.427651	0.427651	1	1	
1.34276e-05	-nan	0.428111	0.29167	1	1	1	1	1	1	0.850657	0.428111	0.428111	1	1	
1.39316e-05	-nan	0.428577	0.291878	1	1	1	1	1	1	0.850661	0.428577	0.428577	1	1	
1.44544e-05	-nan	0.429049	0.292088	1	1	1	1	1	1	0.850665	0.429049	0.429049	1	1	
1.49968e-05	-nan	0.429526	0.2923	1	1	1	1	1	1	0.850669	0.429526	0.429526	1	1	
1.55597e-05	-nan	0.430009	0.292515	1	1	1	1	1	1	0.850674	0.430009	0.430009	1	1	
1.61436e-05	-nan	0.430498	0.292732	1	1	1	1	1	1	0.850678	0.430498	0.430498	1	1	
1.67494e-05	-nan	0.430993	0.292953	1	1	1	1	1	1	0.850683	0.430993	0.430993	1	1	
1.7378e-05	-nan	0.431494	0.293176	1	1	1	1	1	1	0.850687	0.431494	0.431494	1	1	
1.80302e-05	-nan	0.432001	0.293401	1	1	1	1	1	1	0.850692	0.432001	0.432001	1	1	
1.87068e-05	-nan	0.432515	0.29363	1	1	1	1	1	1	0.850697	0.432515	0.432515	1	1	
1.94089e-05	-nan	0.433034	0.293861	1	1	1	1	1	1	0.850702	0.433034	0.433034	1	1	
2.01372e-05	-nan	0.43356	0.294095	1	1	1	1	1	1	0.850708	0.43356	0.43356	1	1	
2.0893e-05	-nan	0.434092	0.294332	1	1	1	1	1	1	0.850713	0.434092	0.434092	1	1	
2.1677e-05	-nan	0.434631	0.294572	1	1	1	1	1	1	0.850719	0.434631	0.434631	1	1	
2.24905e-05	-nan	0.435176	0.294814	1	1	1	1	1	1	0.850725	0.435176	0.435176	1	1	
2.33346e-05	-nan	0.435728	0.29506	1	1	1	1	1	1	0.850731	0.435728	0.435728	1	1	
2.42103e-05	-nan	0.436287	0.295309	1	1	1	1	1	1	0.850737	0.436287	0.436287	1	1	
2.51189e-05	-nan	0.436853	0.295561	1	1	1	1	1	1	0.850744	0.436853	0.436853	1	1	
2.60615e-05	-nan	0.437425	0.295816	1	1	1	1	1	1	0.85075	0.437425	0.437425	1	1	
2.70396e-05	-nan	0.438005	0.296075	1	1	1	1	1	1	0.850757	0.438005	0.438005	1	1	
2.80543e-05	-nan	0.438591	0.296336	1	1	1	1	1	1	0.850764	0.438591	0.438591	1	1	
2.91072e-05	-nan	0.439185	0.296601	1	1	1	1	1	1	0.850772	0.439185	0.439185	1	1	
3.01995e-05	-nan	0.439786	0.296869	1	1	1	1	1	1	0.850779	0.439786	0.439786	1	1	
3.13329e-05	-nan	0.440395	0.297141	1	1	1	1	1	1	0.850787	0.440395	0.440395	1	1	
3.25087e-05	-nan	0.441011	0.297416	1	1	1	1	1	1	0.850795	0.441011	0.441011	1	1	
3.37287e-05	-nan	0.441634	0.297694	1	1	1	1	1	1	0.850803	0.441634	0.441634	1	1	
3.49945e-05	-nan	0.442265	0.297976	1	1	1	1	1	1	0.850812	0.442265	0.442265	1	1	
3.63078e-05	-nan	0.442904	0.298262	1	1	1	1	1	1	0.850821	0.442904	0.442904	1	1	
3.76704e-05	-nan	0.443551	0.298551	1	1	1	1	1	1	0.85083	0.443551	0.443551	1	1	
3.90841e-05	-nan	0.444205	0.298844	1	1	1	1	1	1	0.850839	0.444205	0.444205	1	1	
4.05509e-05	-nan	0.444868	0.29914	1	1	1	1	1	1	0.850849	0.444868	0.444868	1	1	
4.20727e-05	-nan	0.445539	0.299441	1	1	1	1	1	1	0.850859	0.445539	0.445539	1	1	
4.36516e-05	-nan	0.446218	0.299745	1	1	1	1	1	1	0.85087	0.446218	0.446218	1	1	
4.52898e-05	-nan	0.446905	0.300054	1	1	1	1	1	1	0.85088	0.446905	0.446905	1	1	
4.69894e-05	-nan	0.447601	0.300366	1	1	1	1	1	1	0.850891	0.447601	0.447601	1	1	
4.87528e-05	-nan	0.448305	0.300682	1	1	1	1	1	1	0.850903	0.448305	0.448305	1	1	
5.05825e-05	-nan	0.449019	0.301003	1	1	1	1	1	1	0.850915	0.449019	0.449019	1	1	
5.24807e-05	-nan	0.44974	0.301327	1	1	1	1	1	1	0.850927	0.44974	0.44974	1	1	
5.44503e-05	-nan	0.450471	0.301656	1	1	1	1	1	1	0.850939	0.450471	0.450471	1	1	
5.64937e-05	-nan	0.451211	0.30199	1	1	1	1	1	1	0.850952	0.451211	0.451211	1	1	
5.86138e-05	-nan	0.45196	0.302327	1	1	1	1	1	1	0.850966	0.45196	0.45196	1	1	
6.08135e-05	-nan	0.452718	0.302669	1	1	1	1	1	1	0.850979	0.452718	0.452718	1	1	
6.30957e-05	-nan	0.453486	0.303016	1	1	1	1	1	1	0.850994	0.453486	0.453486	1	1	
6.54636e-05	-nan	0.454263	0.303367	1	1	1	1	1	1	0.851008	0.454263	0.454263	1	1	
6.79204e-05	-nan	0.455049	0.303723	1	1	1	1	1	1	0.851024	0.455049	0.455049	1	1	
7.04693e-05	-nan	0.455846	0.304084	1	1	1	1	1	1	0.851039	0.455846	0.455846	1	1	
7.31139e-05	-nan	0.456652	0.304449	1	1	1	1	1	1	0.851056	0.456652	0.456652	1	1	
7.58578e-05	-nan	0.457468	0.30482	1	1	1	1	1	1	0.851072	0.457468	0.457468	1	1	
7.87046e-05	-nan	0.458294	0.305195	1	1	1	1	1	1	0.85109	0.458294	0.458294	1	1	
8.16582e-05	-nan	0.459131	0.305576	1	1	1	1	1	1	0.851107	0.459131	0.459131	1	1	
8.47227e-05	-nan	0.459978	0.305961	1	1	1	1	1	1	0.851126	0.459978	0.459978	1	1	
8.79023e-05	-nan	0.460835	0.306352	1	1	1	1	1	1	0.851145	0.460835	0.460835	1	1	
9.12011e-05	-nan	0.461703	0.306748	1	1	1	1	1	1	0.851165	0.461703	0.461703	1	1	
9.46237e-05	-nan	0.462582	0.30715	1	1	1	1	1	1	0.851185	0.462582	0.462582	1	1	
9.81748e-05	-nan	0.463472	0.307557	1	1	1	1	1	1	0.851206	0.463472	0.463472	1	1	
0.000101859	-nan	0.464372	0.30797	1	1	1	1	1	1	0.851227	0.464372	0.464372	1	1	
0.000105682	-nan	0.465284	0.308389	1	1	1	1	1	1	0.85125	0.465284	0.465284	1	1	
0.000109648	-nan	0.466207	0.308813	1	1	1	1	1	1	0.851273	0.466207	0.466207	1	1	
0.000113763	-nan	0.467142	0.309243	1	1	1	1	1	1	0.851297	0.467142	0.467142	1	1	
0.000118032	-nan	0.468088	0.30968	1	1	1	1	1	1	0.851321	0.468088	0.468088	1	1	
0.000122462	-nan	0.469046	0.310122	1	1	1	1	1	1	0.851346	0.469046	0.469046	1	1	
0.000127057	-nan	0.470016	0.310571	1	1	1	1	1	1	0.851373	0.470016	0.470016	1	1	
0.000131826	-nan	0.470998	0.311026	1	1	1	1	1	1	0.8514	0.470998	0.470998	1	1	
0.000136773	-nan	0.471992	0.311487	1	1	1	1	1	1	0.851428	0.471992	0.471992	1	1	
0.000141906	-nan	0.472999	0.311955	1	1	1	1	1	1	0.851456	0.472999	0.472999	1	1	
0.000147231	-nan	0.474018	0.31243	1	1	1	1	1	1	0.851486	0.474018	0.474018	1	1	
0.000152757	-nan	0.47505	0.312912	1	1	1	1	1	1	0.851517	0.47505	0.47505	1	1	
0.000158489	-nan	0.476095	0.3134	1	1	1	1	1	1	0.851549	0.476095	0.476095	1	1	
0.000164437	-nan	0.477153	0.313896	1	1	1	1	1	1	0.851582	0.477153	0.477153	1	1	
0.000170608	-nan	0.478223	0.314398	1	1	1	1	1	1	0.851615	0.478223	0.478223	1	1	
0.000177011	-nan	0.479308	0.314908	1	1	1	1	1	1	0.85165	0.479308	0.479308	1	1	
0.000183654	-nan	0.480406	0.315426	1	1	1	1	1	1	0.851687	0.480406	0.480406	1	1	
0.000190546	-nan	0.481517	0.315951	1	1	1	1	1	1	0.851724	0.481517	0.481517	1	1	
0.000197697	-nan	0.482642	0.316484	1	1	1	1	1	1	0.851762	0.482642	0.482642	1	1	
0.000205116	-nan	0.483782	0.317025	1	1	1	1	1	1	0.851802	0.483782	0.483782	1	1	
0.000212814	-nan	0.484935	0.317574	1	1	1	1	1	1	0.851843	0.484935	0.484935	1	1	
0.0002208	-nan	0.486104	0.318131	1	1	1	1	1	1	0.851886	0.486104	0.486104	1	1	
0.000229087	-nan	0.487286	0.318696	1	1	1	1	1	1	0.851929	0.487286	0.487286	1	1	
0.000237684	-nan	0.488484	0.31927	1	1	1	1	1	1	0.851975	0.488484	0.488484	1	1	
0.000246604	-nan	0.489696	0.319852	1	1	1	1	1	1	0.852021	0.489696	0.489696	1	1	
0.000255859	-nan	0.490924	0.320444	1	1	1	1	1	1	0.85207	0.490924	0.490924	1	1	
0.000265461	-nan	0.492167	0.321044	1	1	1	1	1	1	0.852119	0.492167	0.492167	1	1	
0.000275423	-nan	0.493425	0.321654	1	1	1	1	1	1	0.852171	0.493425	0.493425	1	1	
0.000285759	-nan	0.494699	0.322273	1	1	1	1	1	1	0.852224	0.494699	0.494699	1	1	
0.000296483	-nan	0.49599	0.322902	1	1	1	1	1	1	0.852279	0.49599	0.49599	1	1	
0.00030761	-nan	0.497296	0.32354	1	1	1	1	1	1	0.852336	0.497296	0.497296	1	1	
0.000319154	-nan	0.498619	0.324188	1	1	1	1	1	1	0.852394	0.498619	0.498619	1	1	
0.000331131	-nan	0.499958	0.324847	1	1	1	1	1	1	0.852455	0.499958	0.499958	1	1	
0.000343558	-nan	0.501314	0.325516	1	1	1	1	1	1	0.852517	0.501314	0.501314	1	1	
0.000356451	-nan	0.502687	0.326195	1	1	1	1	1	1	0.852582	0.502687	0.502687	1	1	
0.000369828	-nan	0.504077	0.326885	1	1	1	1	1	1	0.852648	0.504077	0.504077	1	1	
0.000383707	-nan	0.505485	0.327586	1	1	1	1	1	1	0.852717	0.505485	0.505485	1	1	
0.000398107	-nan	0.50691	0.328299	1	1	1	1	1	1	0.852788	0.50691	0.50691	1	1	
0.000413048	-nan	0.508354	0.329023	1	1	1	1	1	1	0.852862	0.508354	0.508354	1	1	
0.000428549	-nan	0.509815	0.329758	1	1	1	1	1	1	0.852938	0.509815	0.509815	1	1	
0.000444631	-nan	0.511294	0.330506	1	1	1	1	1	1	0.853016	0.511294	0.511294	1	1	
0.000461318	-nan	0.512793	0.331266	1	1	1	1	1	1	0.853097	0.512793	0.512793	1	1	
0.00047863	-nan	0.514309	0.332038	1	1	1	1	1	1	0.853181	0.514309	0.514309	1	1	
0.000496592	-nan	0.515845	0.332823	1	1	1	1	1	1	0.853267	0.515845	0.515845	1	1	
0.000515229	-nan	0.517401	0.333621	1	1	1	1	1	1	0.853356	0.517401	0.517401	1	1	
0.000534564	-nan	0.518975	0.334433	1	1	1	1	1	1	0.853449	0.518975	0.518975	1	1	
0.000554626	-nan	0.52057	0.335258	1	1	1	1	1	1	0.853544	0.52057	0.52057	1	1	
0.00057544	-nan	0.522184	0.336097	1	1	1	1	1	1	0.853642	0.522184	0.522184	1	1	
0.000597035	-nan	0.523819	0.33695	1	1	1	1	1	1	0.853744	0.523819	0.523819	1	1	
0.000619441	-nan	0.525474	0.337817	1	1	1	1	1	1	0.853849	0.525474	0.525474	1	1	
0.000642688	-nan	0.52715	0.3387	1	1	1	1	1	1	0.853958	0.52715	0.52715	1	1	
0.000666807	-nan	0.528846	0.339597	1	1	1	1	1	1	0.85407	0.528846	0.528846	1	1	
0.000691831	-nan	0.530565	0.34051	1	1	1	1	1	1	0.854185	0.530565	0.530565	1	1	
0.000717794	-nan	0.532304	0.341439	1	1	1	1	1	1	0.854305	0.532304	0.532304	1	1	
0.000744732	-nan	0.534065	0.342385	1	1	1	1	1	1	0.854429	0.534065	0.534065	1	1	
0.000772681	-nan	0.535849	0.343346	1	1	1	1	1	1	0.854556	0.535849	0.535849	1	1	
0.000801678	-nan	0.537655	0.344325	1	1	1	1	1	1	0.854688	0.537655	0.537655	1	1	
0.000831764	-nan	0.539483	0.345321	1	1	1	1	1	1	0.854825	0.539483	0.539483	1	1	
0.000862979	-nan	0.541334	0.346335	1	1	1	1	1	1	0.854966	0.541334	0.541334	1	1	
0.000895365	-nan	0.543208	0.347367	1	1	1	1	1	1	0.855111	0.543208	0.543208	1	1	
0.000928966	-nan	0.545106	0.348418	1	1	1	1	1	1	0.855262	0.545106	0.545106	1	1	
0.000963829	-nan	0.547028	0.349487	1	1	1	1	1	1	0.855417	0.547028	0.547028	1	1	
0.001	-nan	0.548973	0.350576	1	1	1	1	1	1	0.855578	0.548973	0.548973	1	1	
0.00103753	-nan	0.550943	0.351686	1	1	1	1	1	1	0.855743	0.550943	0.550943	1	1	
0.00107647	-nan	0.552937	0.352815	1	1	1	1	1	1	0.855915	0.552937	0.552937	1	1	
0.00111686	-nan	0.554956	0.353966	1	1	1	1	1	1	0.856092	0.554956	0.554956	1	1	
0.00115878	-nan	0.557	0.355138	1	1	1	1	1	1	0.856275	0.557	0.557	1	1	
0.00120226	-nan	0.55907	0.356331	1	1	1	1	1	1	0.856464	0.55907	0.55907	1	1	
0.00124738	-nan	0.561165	0.357548	1	1	1	1	1	1	0.85666	0.561165	0.561165	1	1	
0.0012942	-nan	0.563286	0.358787	1	1	1	1	1	1	0.856862	0.563286	0.563286	1	1	
0.00134276	-nan	0.565434	0.36005	1	1	1	1	1	1	0.85707	0.565434	0.565434	1	1	
0.00139316	-nan	0.567608	0.361337	1	1	1	1	1	1	0.857286	0.567608	0.567608	1	1	
0.00144544	-nan	0.56981	0.362649	1	1	1	1	1	1	0.857509	0.56981	0.56981	1	1	
0.00149968	-nan	0.572038	0.363987	1	1	1	1	1	1	0.857739	0.572038	0.572038	1	1	
0.00155597	-nan	0.574294	0.36535	1	1	1	1	1	1	0.857978	0.574294	0.574294	1	1	
0.00161436	-nan	0.576578	0.36674	1	1	1	1	1	1	0.858224	0.576578	0.576578	1	1	
0.00167494	-nan	0.57889	0.368158	1	1	1	1	1	1	0.858478	0.57889	0.57889	1	1	
0.0017378	-nan	0.581231	0.369604	1	1	1	1	1	1	0.858741	0.581231	0.581231	1	1	
0.00180302	-nan	0.5836	0.371078	1	1	1	1	1	1	0.859012	0.5836	0.5836	1	1	
0.00187068	-nan	0.585999	0.372582	1	1	1	1	1	1	0.859293	0.585999	0.585999	1	1	
0.00194089	-nan	0.588427	0.374117	1	1	1	1	1	1	0.859583	0.588427	0.588427	1	1	
0.00201372	-nan	0.590885	0.375682	1	1	1	1	1	1	0.859883	0.590885	0.590885	1	1	
0.0020893	-nan	0.593373	0.37728	1	1	1	1	1	1	0.860193	0.593373	0.593373	1	1	
0.0021677	-nan	0.595891	0.37891	1	1	1	1	1	1	0.860513	0.595891	0.595891	1	1	
0.00224905	-nan	0.59844	0.380574	1	1	1	1	1	1	0.860844	0.59844	0.59844	1	1	
0.00233346	-nan	0.60102	0.382272	1	1	1	1	1	1	0.861187	0.60102	0.60102	1	1	
0.00242103	-nan	0.603631	0.384006	1	1	1	1	1	1	0.86154	0.603631	0.603631	1	1	
0.00251189	-nan	0.606274	0.385777	1	1	1	1	1	1	0.861906	0.606274	0.606274	1	1	
0.00260615	-nan	0.608949	0.387584	1	1	1	1	1	1	0.862284	0.608949	0.608949	1	1	
0.00270396	-nan	0.611656	0.389431	1	1	1	1	1	1	0.862674	0.611656	0.611656	1	1	
0.00280543	-nan	0.614396	0.391316	1	1	1	1	1	1	0.863078	0.614396	0.614396	1	1	
0.00291072	-nan	0.617169	0.393242	1	1	1	1	1	1	0.863496	0.617169	0.617169	1	1	
0.00301995	-nan	0.619975	0.39521	1	1	1	1	1	1	0.863927	0.619975	0.619975	1	1	
0.00313329	-nan	0.622815	0.397221	1	1	1	1	1	1	0.864373	0.622815	0.622815	1	1	
0.00325087	-nan	0.625688	0.399276	1	1	1	1	1	1	0.864834	0.625688	0.625688	1	1	
0.00337287	-nan	0.628596	0.401375	1	1	1	1	1	1	0.865311	0.628596	0.628596	1	1	
0.00349945	-nan	0.631538	0.403522	1	1	1	1	1	1	0.865803	0.631538	0.631538	1	1	
0.00363078	-nan	0.634515	0.405716	1	1	1	1	1	1	0.866313	0.634515	0.634515	1	1	
0.00376704	-nan	0.637528	0.407959	1	1	1	1	1	1	0.866839	0.637528	0.637528	1	1	
0.00390841	-nan	0.640575	0.410253	1	1	1	1	1	1	0.867384	0.640575	0.640575	1	1	
0.00405509	-nan	0.643658	0.412599	1	1	1	1	1	1	0.867946	0.643658	0.643658	1	1	
0.00420727	-nan	0.646778	0.414999	1	1	1	1	1	1	0.868528	0.646778	0.646778	1	1	
0.00436516	-nan	0.649933	0.417453	1	1	1	1	1	1	0.869129	0.649933	0.649933	1	1	
0.00452898	-nan	0.653125	0.419964	1	1	1	1	1	1	0.869751	0.653125	0.653125	1	1	
0.00469894	-nan	0.656354	0.422534	1	1	1	1	1	1	0.870394	0.656354	0.656354	1	1	
0.00487528	-nan	0.65962	0.425163	1	1	1	1	1	1	0.871058	0.65962	0.65962	1	1	
0.00505825	-nan	0.662923	0.427854	1	1	1	1	1	1	0.871745	0.662923	0.662923	1	1	
0.00524807	-nan	0.666264	0.430609	1	1	1	1	1	1	0.872455	0.666264	0.666264	1	1	
0.00544503	-nan	0.669643	0.433429	1	1	1	1	1	1	0.87319	0.669643	0.669643	1	1	
0.00564937	-nan	0.67306	0.436317	1	1	1	1	1	1	0.873949	0.67306	0.67306	1	1	
0.00586138	-nan	0.676515	0.439274	1	1	1	1	1	1	0.874734	0.676515	0.676515	1	1	
0.00608135	-nan	0.680008	0.442302	1	1	1	1	1	1	0.875545	0.680008	0.680008	1	1	
0.00630957	-nan	0.683541	0.445405	1	1	1	1	1	1	0.876384	0.683541	0.683541	1	1	
0.00654636	-nan	0.687112	0.448583	1	1	1	1	1	1	0.877251	0.687112	0.687112	1	1	
0.00679204	-nan	0.690722	0.451839	1	1	1	1	1	1	0.878148	0.690722	0.690722	1	1	
0.00704693	-nan	0.694371	0.455176	1	1	1	1	1	1	0.879075	0.694371	0.694371	1	1	
0.00731139	-nan	0.69806	0.458596	1	1	1	1	1	1	0.880034	0.69806	0.69806	1	1	
0.00758578	-nan	0.701789	0.462101	1	1	1	1	1	1	0.881025	0.701789	0.701789	1	1	
0.00787046	-nan	0.705557	0.465695	1	1	1	1	1	1	0.88205	0.705557	0.705557	1	1	
0.00816582	-nan	0.709365	0.46938	1	1	1	1	1	1	0.883109	0.709365	0.709365	1	1	
0.00847227	-nan	0.713212	0.473158	1	1	1	1	1	1	0.884204	0.713212	0.713212	1	1	
0.00879023	-nan	0.7171	0.477033	1	1	1	1	1	1	0.885337	0.7171	0.7171	1	1	
0.00912011	-nan	0.721028	0.481009	1	1	1	1	1	1	0.886507	0.721028	0.721028	1	1	
0.00946237	-nan	0.724995	0.485087	1	1	1	1	1	1	0.887718	0.724995	0.724995	1	1	
0.00981748	-nan	0.729003	0.489271	1	1	1	1	1	1	0.888969	0.729003	0.729003	1	1	
0.0101859	-nan	0.73305	0.493565	1	1	1	1	1	1	0.890263	0.73305	0.73305	1	1	
0.0105682	-nan	0.737137	0.497971	1	1	1	1	1	1	0.8916	0.737137	0.737137	1	1	
0.0109648	-nan	0.741264	0.502495	1	1	1	1	1	1	0.892983	0.741264	0.741264	1	1	
0.0113763	-nan	0.745431	0.507139	1	1	1	1	1	1	0.894413	0.745431	0.745431	1	1	
0.0118032	-nan	0.749638	0.511907	1	1	1	1	1	1	0.895891	0.749638	0.749638	1	1	
0.0122462	-nan	0.753883	0.516803	1	1	1	1	1	1	0.897418	0.753883	0.753883	1	1	
0.0127057	-nan	0.758168	0.521832	1	1	1	1	1	1	0.898998	0.758168	0.758168	1	1	
0.0131826	-nan	0.762492	0.526997	1	1	1	1	1	1	0.900631	0.762492	0.762492	1	1	
0.0136773	-nan	0.766854	0.532303	1	1	1	1	1	1	0.902318	0.766854	0.766854	1	1	
0.0141906	-nan	0.771255	0.537755	1	1	1	1	1	1	0.904063	0.771255	0.771255	1	1	
0.0147231	-nan	0.775694	0.543358	1	1	1	1	1	1	0.905866	0.775694	0.775694	1	1	
0.0152757	-nan	0.78017	0.549115	1	1	1	1	1	1	0.90773	0.78017	0.78017	1	1	
0.0158489	-nan	0.784683	0.555033	1	1	1	1	1	1	0.909657	0.784683	0.784683	1	1	
0.0164437	-nan	0.789233	0.561117	1	1	1	1	1	1	0.911648	0.789233	0.789233	1	1	
0.0170608	-nan	0.793819	0.567372	1	1	1	1	1	1	0.913706	0.793819	0.793819	1	1	
0.0177011	-nan	0.79844	0.573803	1	1	1	1	1	1	0.915833	0.79844	0.79844	1	1	
0.0183654	-nan	0.803095	0.580416	1	1	1	1	1	1	0.918032	0.803095	0.803095	1	1	
0.0190546	-nan	0.807785	0.587218	1	1	1	1	1	1	0.920303	0.807785	0.807785	1	1	
0.0197697	-nan	0.812507	0.594214	1	1	1	1	1	1	0.92265	0.812507	0.812507	1	1	
0.0205116	-nan	0.817262	0.601411	1	1	1	1	1	1	0.925076	0.817262	0.817262	1	1	
0.0212814	-nan	0.822048	0.608815	1	1	1	1	1	1	0.927582	0.822048	0.822048	1	1	
0.02208	-nan	0.826864	0.616433	1	1	1	1	1	1	0.930171	0.826864	0.826864	1	1	
0.0229087	-nan	0.831709	0.624272	1	1	1	1	1	1	0.932846	0.831709	0.831709	1	1	
0.0237684	-nan	0.836582	0.632339	1	1	1	1	1	1	0.93561	0.836582	0.836582	1	1	
0.0246604	-nan	0.841481	0.640641	1	1	1	1	1	1	0.938464	0.841481	0.841481	1	1	
0.0255859	-nan	0.846405	0.649186	1	1	1	1	1	1	0.941413	0.846405	0.846405	1	1	
0.0265461	-nan	0.851353	0.65798	1	1	1	1	1	1	0.944458	0.851353	0.851353	1	1	
0.0275423	-nan	0.856323	0.667033	1	1	1	1	1	1	0.947602	0.856323	0.856323	1	1	
0.0285759	-nan	0.861313	0.676352	1	1	1	1	1	1	0.95085	0.861313	0.861313	1	1	
0.0296483	-nan	0.866322	0.685945	1	1	1	1	1	1	0.954203	0.866322	0.866322	1	1	
0.030761	-nan	0.871346	0.69582	1	1	1	1	1	1	0.957664	0.871346	0.871346	1	1	
0.0319154	-nan	0.876385	0.705986	1	1	1	1	1	1	0.961237	0.876385	0.876385	1	1	
0.0331131	-nan	0.881436	0.716451	1	1	1	1	1	1	0.964925	0.881436	0.881436	1	1	
0.0343558	-nan	0.886497	0.727224	1	1	1	1	1	1	0.968732	0.886497	0.886497	1	1	
0.0356451	-nan	0.891565	0.738312	1	1	1	1	1	1	0.97266	0.891565	0.891565	1	1	
0.0369828	-nan	0.896637	0.749726	1	1	1	1	1	1	0.976712	0.896637	0.896637	1	1	
0.0383707	-nan	0.90171	0.761472	1	1	1	1	1	1	0.980893	0.90171	0.90171	1	1	
0.0398107	-nan	0.906782	0.773561	1	1	1	1	1	1	0.985205	0.906782	0.906782	1	1	
0.0413048	-nan	0.911849	0.785999	1	1	1	1	1	1	0.989653	0.911849	0.911849	1	1	
0.0428549	-nan	0.916907	0.798796	1	1	1	1	1	1	0.994239	0.916907	0.916907	1	1	
0.0444631	-nan	0.921954	0.811958	1	1	1	1	1	1	0.998966	0.921954	0.921954	1	1	
0.0461318	-nan	0.926984	0.825494	1	1	1	1	1	1	1.00384	0.926984	0.926984	1	1	
0.047863	-nan	0.931995	0.83941	1	1	1	1	1	1	1.00886	0.931995	0.931995	1	1	
0.0496592	-nan	0.936982	0.853712	1	1	1	1	1	1	1.01404	0.936982	0.936982	1	1	
0.0515229	-nan	0.94194	0.868408	1	1	1	1	1	1	1.01937	0.94194	0.94194	1	1	
0.0534564	-nan	0.946864	0.883501	1	1	1	1	1	1	1.02485	0.946864	0.946864	1	1	
0.0554626	-nan	0.951749	0.898997	1	1	1	1	1	1	1.03051	0.951749	0.951749	1	1	
0.057544	-nan	0.956591	0.914897	1	1	1	1	1	1	1.03632	0.956591	0.956591	1	1	
0.0597035	-nan	0.961383	0.931204	1	1	1	1	1	1	1.04231	0.961383	0.961383	1	1	
0.0619441	-nan	0.966119	0.947918	1	1	1	1	1	1	1.04847	0.966119	0.966119	1	1	
0.0642688	-nan	0.970795	0.965038	1	1	1	1	1	1	1.05481	0.970795	0.970795	1	1	
0.0666807	-nan	0.975402	0.982561	1	1	1	1	1	1	1.06132	0.975402	0.975402	1	1	
0.0691831	-nan	0.979935	1.00048	1	1	1	1	1	1	1.06801	0.979935	0.979935	1	1	
0.0717794	-nan	0.984386	1.01879	1	1	1	1	1	1	1.07489	0.984386	0.984386	1	1	
0.0744732	-nan	0.988749	1.03748	1	1	1	1	1	1	1.08196	0.988749	0.988749	1	1	
0.0772681	-nan	0.993017	1.05654	1	1	1	1	1	1	1.08922	0.993017	0.993017	1	1	
0.0801678	-nan	0.99718	1.07595	1	1	1	1	1	1	1.09667	0.99718	0.99718	1	1	
0.0831764	-nan	1.00123	1.09569	1	1	1	1	1	1	1.10431	1.00123	1.00123	1	1	
0.0862979	-nan	1.00517	1.11574	1	1	1	1	1	1	1.11214	1.00517	1.00517	1	1	
0.0895365	-nan	1.00897	1.13608	1	1	1	1	1	1	1.12018	1.00897	1.00897	1	1	
0.0928966	-nan	1.01264	1.15666	1	1	1	1	1	1	1.12841	1.01264	1.01264	1	1	
0.0963829	-nan	1.01617	1.17745	1	1	1	1	1	1	1.13685	1.01617	1.01617	1	1	
0.1	-nan	1.01955	1.19842	1	1	1	1	1	1	1.14548	1.01955	1.01955	1	1	
0.103614	-nan	1.02265	1.21875	1	1	1	1	1	1	1.15399	1.02265	1.02265	1	1	
0.107229	-nan	1.0255	1.23845	1	1	1	1	1	1	1.16238	1.0255	1.0255	1	1	
0.110843	-nan	1.02811	1.25752	1	1	1	1	1	1	1.17067	1.02811	1.02811	1	1	
0.114458	-nan	1.0305	1.27595	1	1	1	1	1	1	1.17884	1.0305	1.0305	1	1	
0.118072	-nan	1.03268	1.29375	1	1	1	1	1	1	1.1869	1.03268	1.03268	1	1	
0.121687	-nan	1.03467	1.31091	1	1	1	1	1	1	1.19485	1.03467	1.03467	1	1	
0.125301	-nan	1.03647	1.32743	1	1	1	1	1	1	1.20269	1.03647	1.03647	1	1	
0.128916	-nan	1.0381	1.34331	1	1	1	1	1	1	1.21043	1.0381	1.0381	1	1	
0.13253	-nan	1.03957	1.35856	1	1	1	1	1	1	1.21806	1.03957	1.03957	1	1	
0.136145	-nan	1.04088	1.37318	1	1	1	1	1	1	1.22559	1.04088	1.04088	1	1	
0.139759	-nan	1.04206	1.38717	1	1	1	1	1	1	1.23302	1.04206	1.04206	1	1	
0.143373	-nan	1.04311	1.40053	1	1	1	1	1	1	1.24035	1.04311	1.04311	1	1	
0.146988	-nan	1.04403	1.41328	1	1	1	1	1	1	1.24758	1.04403	1.04403	1	1	
0.150602	-nan	1.04484	1.42542	1	1	1	1	1	1	1.25472	1.04484	1.04484	1	1	
0.154217	-nan	1.04554	1.43695	1	1	1	1	1	1	1.26175	1.04554	1.04554	1	1	
0.157831	-nan	1.04614	1.44788	1	1	1	1	1	1	1.26869	1.04614	1.04614	1	1	
0.161446	-nan	1.04664	1.45822	1	1	1	1	1	1	1.27554	1.04664	1.04664	1	1	
0.16506	-nan	1.04706	1.46797	1	1	1	1	1	1	1.2823	1.04706	1.04706	1	1	
0.168675	-nan	1.0474	1.47716	1	1	1	1	1	1	1.28896	1.0474	1.0474	1	1	
0.172289	-nan	1.04766	1.48577	1	1	1	1	1	1	1.29554	1.04766	1.04766	1	1	
0.175904	-nan	1.04786	1.49383	1	1	1	1	1	1	1.30203	1.04786	1.04786	1	1	
0.179518	-nan	1.04799	1.50135	1	1	1	1	1	1	1.30843	1.04799	1.04799	1	1	
0.183133	-nan	1.04805	1.50832	1	1	1	1	1	1	1.31474	1.04805	1.04805	1	1	
0.186747	-nan	1.04806	1.51477	1	1	1	1	1	1	1.32097	1.04806	1.04806	1	1	
0.190361	-nan	1.04802	1.52071	1	1	1	1	1	1	1.32711	1.04802	1.04802	1	1	
0.193976	-nan	1.04793	1.52613	1	1	1	1	1	1	1.33317	1.04793	1.04793	1	1	
0.19759	-nan	1.04779	1.53107	1	1	1	1	1	1	1.33915	1.04779	1.04779	1	1	
0.201205	-nan	1.04762	1.53552	1	1	1	1	1	1	1.34505	1.04762	1.04762	1	1	
0.204819	-nan	1.0474	1.5395	1	1	1	1	1	1	1.35087	1.0474	1.0474	1	1	
0.208434	-nan	1.04714	1.54301	1	1	1	1	1	1	1.35661	1.04714	1.04714	1	1	
0.212048	-nan	1.04685	1.54608	1	1	1	1	1	1	1.36227	1.04685	1.04685	1	1	
0.215663	-nan	1.04653	1.54871	1	1	1	1	1	1	1.36786	1.04653	1.04653	1	1	
0.219277	-nan	1.04618	1.55092	1	1	1	1	1	1	1.37336	1.04618	1.04618	1	1	
0.222892	-nan	1.0458	1.55272	1	1	1	1	1	1	1.3788	1.0458	1.0458	1	1	
0.226506	-nan	1.0454	1.55411	1	1	1	1	1	1	1.38416	1.0454	1.0454	1	1	
0.23012	-nan	1.04497	1.55512	1	1	1	1	1	1	1.38944	1.04497	1.04497	1	1	
0.233735	-nan	1.04451	1.55575	1	1	1	1	1	1	1.39465	1.04451	1.04451	1	1	
0.237349	-nan	1.04403	1.55602	1	1	1	1	1	1	1.39979	1.04403	1.04403	1	1	
0.240964	-nan	1.04354	1.55595	1	1	1	1	1	1	1.40486	1.04354	1.04354	1	1	
0.244578	-nan	1.04302	1.55554	1	1	1	1	1	1	1.40986	1.04302	1.04302	1	1	
0.248193	-nan	1.04248	1.55481	1	1	1	1	1	1	1.41479	1.04248	1.04248	1	1	
0.251807	-nan	1.04192	1.55377	1	1	1	1	1	1	1.41964	1.04192	1.04192	1	1	
0.255422	-nan	1.04135	1.55243	1	1	1	1	1	1	1.42443	1.04135	1.04135	1	1	
0.259036	-nan	1.04076	1.55082	1	1	1	1	1	1	1.42915	1.04076	1.04076	1	1	
0.262651	-nan	1.04015	1.54894	1	1	1	1	1	1	1.4338	1.04015	1.04015	1	1	
0.266265	-nan	1.03952	1.54682	1	1	1	1	1	1	1.43838	1.03952	1.03952	1	1	
0.26988	-nan	1.03888	1.54445	1	1	1	1	1	1	1.44289	1.03888	1.03888	1	1	
0.273494	-nan	1.03823	1.54186	1	1	1	1	1	1	1.44734	1.03823	1.03823	1	1	
0.277108	-nan	1.03756	1.53907	1	1	1	1	1	1	1.45171	1.03756	1.03756	1	1	
0.280723	-nan	1.03687	1.53607	1	1	1	1	1	1	1.45602	1.03687	1.03687	1	1	
0.284337	-nan	1.03617	1.5329	1	1	1	1	1	1	1.46027	1.03617	1.03617	1	1	
0.287952	-nan	1.03545	1.52957	1	1	1	1	1	1	1.46444	1.03545	1.03545	1	1	
0.291566	-nan	1.03472	1.52608	1	1	1	1	1	1	1.46855	1.03472	1.03472	1	1	
0.295181	-nan	1.03398	1.52246	1	1	1	1	1	1	1.47259	1.03398	1.03398	1	1	
0.298795	-nan	1.03322	1.51871	1	1	1	1	1	1	1.47656	1.03322	1.03322	1	1	
0.30241	-nan	1.03244	1.51485	1	1	1	1	1	1	1.48047	1.03244	1.03244	1	1	
0.306024	-nan	1.03165	1.5109	1	1	1	1	1	1	1.4843	1.03165	1.03165	1	1	
0.309639	-nan	1.03085	1.50686	1	1	1	1	1	1	1.48807	1.03085	1.03085	1	1	
0.313253	-nan	1.03003	1.50275	1	1	1	1	1	1	1.49177	1.03003	1.03003	1	1	
0.316867	-nan	1.0292	1.49858	1	1	1	1	1	1	1.49539	1.0292	1.0292	1	1	
0.320482	-nan	1.02836	1.49437	1	1	1	1	1	1	1.49895	1.02836	1.02836	1	1	
0.324096	-nan	1.0275	1.49012	1	1	1	1	1	1	1.50243	1.0275	1.0275	1	1	
0.327711	-nan	1.02662	1.48585	1	1	1	1	1	1	1.50585	1.02662	1.02662	1	1	
0.331325	-nan	1.02573	1.48156	1	1	1	1	1	1	1.50918	1.02573	1.02573	1	1	
0.33494	-nan	1.02483	1.47728	1	1	1	1	1	1	1.51245	1.02483	1.02483	1	1	
0.338554	-nan	1.02391	1.473	1	1	1	1	1	1	1.51563	1.02391	1.02391	1	1	
0.342169	-nan	1.02298	1.46874	1	1	1	1	1	1	1.51874	1.02298	1.02298	1	1	
0.345783	-nan	1.02203	1.46451	1	1	1	1	1	1	1.52177	1.02203	1.02203	1	1	
0.349398	-nan	1.02107	1.46031	1	1	1	1	1	1	1.52472	1.02107	1.02107	1	1	
0.353012	-nan	1.02009	1.45616	1	1	1	1	1	1	1.52759	1.02009	1.02009	1	1	
0.356627	-nan	1.01909	1.45205	1	1	1	1	1	1	1.53038	1.01909	1.01909	1	1	
0.360241	-nan	1.01809	1.44801	1	1	1	1	1	1	1.53307	1.01809	1.01809	1	1	
0.363855	-nan	1.01706	1.44402	1	1	1	1	1	1	1.53568	1.01706	1.01706	1	1	
0.36747	-nan	1.01602	1.44011	1	1	1	1	1	1	1.5382	1.01602	1.01602	1	1	
0.371084	-nan	1.01497	1.43627	1	1	1	1	1	1	1.54063	1.01497	1.01497	1	1	
0.374699	-nan	1.0139	1.43252	1	1	1	1	1	1	1.54296	1.0139	1.0139	1	1	
0.378313	-nan	1.01281	1.42884	1	1	1	1	1	1	1.54519	1.01281	1.01281	1	1	
0.381928	-nan	1.01171	1.42526	1	1	1	1	1	1	1.54732	1.01171	1.01171	1	1	
0.385542	-nan	1.0106	1.42177	1	1	1	1	1	1	1.54934	1.0106	1.0106	1	1	
0.389157	-nan	1.00947	1.41837	1	1	1	1	1	1	1.55126	1.00947	1.00947	1	1	
0.392771	-nan	1.00832	1.41507	1	1	1	1	1	1	1.55306	1.00832	1.00832	1	1	
0.396386	-nan	1.00715	1.41187	1	1	1	1	1	1	1.55475	1.00715	1.00715	1	1	
0.4	-nan	1.00597	1.40877	1	1	1	1	1	1	1.55632	1.00597	1.00597	1	1	
0.403614	-nan	1.00478	1.40577	1	1	1	1	1	1	1.55776	1.00478	1.00478	1	1	
0.407229	-nan	1.00357	1.40288	1	1	1	1	1	1	1.55908	1.00357	1.00357	1	1	
0.410843	-nan	1.00234	1.40009	1	1	1	1	1	1	1.56026	1.00234	1.00234	1	1	
0.414458	-nan	1.0011	1.39741	1	1	1	1	1	1	1.56131	1.0011	1.0011	1	1	
0.418072	-nan	0.99984	1.39483	1	1	1	1	1	1	1.56221	0.99984	0.99984	1	1	
0.421687	-nan	0.998565	1.39236	1	1	1	1	1	1	1.56297	0.998565	0.998565	1	1	
0.425301	-nan	0.997274	1.38999	1	1	1	1	1	1	1.56358	0.997274	0.997274	1	1	
0.428916	-nan	0.995968	1.38773	1	1	1	1	1	1	1.56402	0.995968	0.995968	1	1	
0.43253	-nan	0.994645	1.38557	1	1	1	1	1	1	1.5643	0.994645	0.994645	1	1	
0.436145	-nan	0.993306	1.38351	1	1	1	1	1	1	1.56441	0.993306	0.993306	1	1	
0.439759	-nan	0.991952	1.38156	1	1	1	1	1	1	1.56435	0.991952	0.991952	1	1	
0.443373	-nan	0.990581	1.3797	1	1	1	1	1	1	1.5641	0.990581	0.990581	1	1	
0.446988	-nan	0.989195	1.37794	1	1	1	1	1	1	1.56366	0.989195	0.989195	1	1	
0.450602	-nan	0.987792	1.37628	1	1	1	1	1	1	1.56303	0.987792	0.987792	1	1	
0.454217	-nan	0.986374	1.37471	1	1	1	1	1	1	1.56219	0.986374	0.986374	1	1	
0.457831	-nan	0.98494	1.37324	1	1	1	1	1	1	1.56114	0.98494	0.98494	1	1	
0.461446	-nan	0.98349	1.37186	1	1	1	1	1	1	1.55988	0.98349	0.98349	1	1	
0.46506	-nan	0.982024	1.37056	1	1	1	1	1	1	1.55839	0.982024	0.982024	1	1	
0.468675	-nan	0.980543	1.36935	1	1	1	1	1	1	1.55667	0.980543	0.980543	1	1	
0.472289	-nan	0.979046	1.36823	1	1	1	1	1	1	1.55471	0.979046	0.979046	1	1	
0.475904	-nan	0.977533	1.36719	1	1	1	1	1	1	1.55251	0.977533	0.977533	1	1	
0.479518	-nan	0.976004	1.36622	1	1	1	1	1	1	1.55005	0.976004	0.976004	1	1	
0.483133	-nan	0.97446	1.36534	1	1	1	1	1	1	1.54734	0.97446	0.97446	1	1	
0.486747	-nan	0.972901	1.36453	1	1	1	1	1	1	1.54435	0.972901	0.972901	1	1	
0.490361	-nan	0.971326	1.3638	1	1	1	1	1	1	1.5411	0.971326	0.971326	1	1	
0.493976	-nan	0.969735	1.36313	1	1	1	1	1	1	1.53756	0.969735	0.969735	1	1	
0.49759	-nan	0.96813	1.36253	1	1	1	1	1	1	1.53374	0.96813	0.96813	1	1	
0.501205	-nan	0.966509	1.362	1	1	1	1	1	1	1.52963	0.966509	0.966509	1	1	
0.504819	-nan	0.964873	1.36154	1	1	1	1	1	1	1.52522	0.964873	0.964873	1	1	
0.508434	-nan	0.963221	1.36113	1	1	1	1	1	1	1.52051	0.963221	0.963221	1	1	
0.512048	-nan	0.961555	1.36078	1	1	1	1	1	1	1.51549	0.961555	0.961555	1	1	
0.515663	-nan	0.959874	1.36049	1	1	1	1	1	1	1.51017	0.959874	0.959874	1	1	
0.519277	-nan	0.958178	1.36026	1	1	1	1	1	1	1.50453	0.958178	0.958178	1	1	
0.522892	-nan	0.956467	1.36008	1	1	1	1	1	1	1.49858	0.956467	0.956467	1	1	
0.526506	-nan	0.954741	1.35994	1	1	1	1	1	1	1.49232	0.954741	0.954741	1	1	
0.53012	-nan	0.953001	1.35986	1	1	1	1	1	1	1.48574	0.953001	0.953001	1	1	
0.533735	-nan	0.951246	1.35982	1	1	1	1	1	1	1.47886	0.951246	0.951246	1	1	
0.537349	-nan	0.949477	1.35983	1	1	1	1	1	1	1.47166	0.949477	0.949477	1	1	
0.540964	-nan	0.947694	1.35988	1	1	1	1	1	1	1.46415	0.947694	0.947694	1	1	
0.544578	-nan	0.945896	1.35997	1	1	1	1	1	1	1.45635	0.945896	0.945896	1	1	
0.548193	-nan	0.944084	1.3601	1	1	1	1	1	1	1.44825	0.944084	0.944084	1	1	
0.551807	-nan	0.942258	1.36027	1	1	1	1	1	1	1.43986	0.942258	0.942258	1	1	
0.555422	-nan	0.940418	1.36047	1	1	1	1	1	1	1.43119	0.940418	0.940418	1	1	
0.559036	-nan	0.938565	1.3607	1	1	1	1	1	1	1.42226	0.938565	0.938565	1	1	
0.562651	-nan	0.936697	1.36097	1	1	1	1	1	1	1.41306	0.936697	0.936697	1	1	
0.566265	-nan	0.934816	1.36126	1	1	1	1	1	1	1.40363	0.934816	0.934816	1	1	
0.56988	-nan	0.932922	1.36159	1	1	1	1	1	1	1.39396	0.932922	0.932922	1	1	
0.573494	-nan	0.931014	1.36194	1	1	1	1	1	1	1.38409	0.931014	0.931014	1	1	
0.577108	-nan	0.929093	1.36231	1	1	1	1	1	1	1.37401	0.929093	0.929093	1	1	
0.580723	-nan	0.927159	1.36271	1	1	1	1	1	1	1.36376	0.927159	0.927159	1	1	
0.584337	-nan	0.925212	1.36314	1	1	1	1	1	1	1.35335	0.925212	0.925212	1	1	
0.587952	-nan	0.923252	1.36358	1	1	1	1	1	1	1.3428	0.923252	0.923252	1	1	
0.591566	-nan	0.921279	1.36404	1	1	1	1	1	1	1.33213	0.921279	0.921279	1	1	
0.595181	-nan	0.919293	1.36453	1	1	1	1	1	1	1.32137	0.919293	0.919293	1	1	
0.598795	-nan	0.917295	1.36503	1	1	1	1	1	1	1.31053	0.917295	0.917295	1	1	
0.60241	-nan	0.915285	1.36554	1	1	1	1	1	1	1.29964	0.915285	0.915285	1	1	
0.606024	-nan	0.913263	1.36608	1	1	1	1	1	1	1.28872	0.913263	0.913263	1	1	
0.609639	-nan	0.911228	1.36662	1	1	1	1	1	1	1.27779	0.911228	0.911228	1	1	
0.613253	-nan	0.909181	1.36718	1	1	1	1	1	1	1.26688	0.909181	0.909181	1	1	
0.616867	-nan	0.907123	1.36775	1	1	1	1	1	1	1.256	0.907123	0.907123	1	1	
0.620482	-nan	0.905053	1.36834	1	1	1	1	1	1	1.24518	0.905053	0.905053	1	1	
0.624096	-nan	0.902971	1.36893	1	1	1	1	1	1	1.23444	0.902971	0.902971	1	1	
0.627711	-nan	0.900878	1.36953	1	1	1	1	1	1	1.22379	0.900878	0.900878	1	1	
0.631325	-nan	0.898773	1.37014	1	1	1	1	1	1	1.21327	0.898773	0.898773	1	1	
0.63494	-nan	0.896658	1.37076	1	1	1	1	1	1	1.20288	0.896658	0.896658	1	1	
0.638554	-nan	0.894531	1.37139	1	1	1	1	1	1	1.19264	0.894531	0.894531	1	1	
0.642169	-nan	0.892394	1.37202	1	1	1	1	1	1	1.18256	0.892394	0.892394	1	1	
0.645783	-nan	0.890246	1.37265	1	1	1	1	1	1	1.17267	0.890246	0.890246	1	1	
0.649398	-nan	0.888087	1.3733	1	1	1	1	1	1	1.16297	0.888087	0.888087	1	1	
0.653012	-nan	0.885918	1.37394	1	1	1	1	1	1	1.15348	0.885918	0.885918	1	1	
0.656627	-nan	0.883739	1.37459	1	1	1	1	1	1	1.14421	0.883739	0.883739	1	1	
0.660241	-nan	0.881549	1.37524	1	1	1	1	1	1	1.13516	0.881549	0.881549	1	1	
0.663855	-nan	0.87935	1.3759	1	1	1	1	1	1	1.12634	0.87935	0.87935	1	1	
0.66747	-nan	0.877141	1.37655	1	1	1	1	1	1	1.11776	0.877141	0.877141	1	1	
0.671084	-nan	0.874922	1.37721	1	1	1	1	1	1	1.10942	0.874922	0.874922	1	1	
0.674699	-nan	0.872694	1.37786	1	1	1	1	1	1	1.10133	0.872694	0.872694	1	1	
0.678313	-nan	0.870457	1.37852	1	1	1	1	1	1	1.09349	0.870457	0.870457	1	1	
0.681928	-nan	0.86821	1.37918	1	1	1	1	1	1	1.0859	0.86821	0.86821	1	1	
0.685542	-nan	0.865955	1.37984	1	1	1	1	1	1	1.07857	0.865955	0.865955	1	1	
0.689157	-nan	0.863691	1.38049	1	1	1	1	1	1	1.07148	0.863691	0.863691	1	1	
0.692771	-nan	0.861418	1.38114	1	1	1	1	1	1	1.06465	0.861418	0.861418	1	1	
0.696386	-nan	0.859136	1.3818	1	1	1	1	1	1	1.05806	0.859136	0.859136	1	1	
0.7	-nan	0.856847	1.38245	1	1	1	1	1	1	1.05172	0.856847	0.856847	1	1	
0.703614	-nan	0.854549	1.38309	1	1	1	1	1	1	1.04563	0.854549	0.854549	1	1	
0.707229	-nan	0.852243	1.38374	1	1	1	1	1	1	1.03977	0.852243	0.852243	1	1	
0.710843	-nan	0.849929	1.38438	1	1	1	1	1	1	1.03415	0.849929	0.849929	1	1	
0.714458	-nan	0.847608	1.38501	1	1	1	1	1	1	1.02875	0.847608	0.847608	1	1	
0.718072	-nan	0.845279	1.38565	1	1	1	1	1	1	1.02359	0.845279	0.845279	1	1	
0.721687	-nan	0.842943	1.38628	1	1	1	1	1	1	1.01864	0.842943	0.842943	1	1	
0.725301	-nan	0.8406	1.3869	1	1	1	1	1	1	1.0139	0.8406	0.8406	1	1	
0.728916	-nan	0.83825	1.38752	1	1	1	1	1	1	1.00937	0.83825	0.83825	1	1	
0.73253	-nan	0.835893	1.38814	1	1	1	1	1	1	1.00504	0.835893	0.835893	1	1	
0.736145	-nan	0.83353	1.38875	1	1	1	1	1	1	1.00091	0.83353	0.83353	1	1	
0.739759	-nan	0.83116	1.38935	1	1	1	1	1	1	0.996968	0.83116	0.83116	1	1	
0.743373	-nan	0.828784	1.38995	1	1	1	1	1	1	0.993209	0.828784	0.828784	1	1	
0.746988	-nan	0.826401	1.39055	1	1	1	1	1	1	0.989626	0.826401	0.826401	1	1	
0.750602	-nan	0.824013	1.39113	1	1	1	1	1	1	0.986214	0.824013	0.824013	1	1	
0.754217	-nan	0.821619	1.39172	1	1	1	1	1	1	0.982966	0.821619	0.821619	1	1	
0.757831	-nan	0.81922	1.39229	1	1	1	1	1	1	0.979877	0.81922	0.81922	1	1	
0.761446	-nan	0.816815	1.39286	1	1	1	1	1	1	0.97694	0.816815	0.816815	1	1	
0.76506	-nan	0.814405	1.39343	1	1	1	1	1	1	0.974149	0.814405	0.814405	1	1	
0.768675	-nan	0.811991	1.39399	1	1	1	1	1	1	0.971499	0.811991	0.811991	1	1	
0.772289	-nan	0.809571	1.39454	1	1	1	1	1	1	0.968985	0.809571	0.809571	1	1	
0.775904	-nan	0.807147	1.39508	1	1	1	1	1	1	0.966599	0.807147	0.807147	1	1	
0.779518	-nan	0.804718	1.39562	1	1	1	1	1	1	0.964339	0.804718	0.804718	1	1	
0.783133	-nan	0.802285	1.39615	1	1	1	1	1	1	0.962197	0.802285	0.802285	1	1	
0.786747	-nan	0.799848	1.39668	1	1	1	1	1	1	0.960168	0.799848	0.799848	1	1	
0.790361	-nan	0.797406	1.3972	1	1	1	1	1	1	0.958249	0.797406	0.797406	1	1	
0.793976	-nan	0.794962	1.39771	1	1	1	1	1	1	0.956435	0.794962	0.794962	1	1	
0.79759	-nan	0.792513	1.39821	1	1	1	1	1	1	0.954719	0.792513	0.792513	1	1	
0.801205	-nan	0.790062	1.39871	1	1	1	1	1	1	0.953099	0.790062	0.790062	1	1	
0.804819	-nan	0.787607	1.3992	1	1	1	1	1	1	0.95157	0.787607	0.787607	1	1	
0.808434	-nan	0.785149	1.39968	1	1	1	1	1	1	0.950128	0.785149	0.785149	1	1	
0.812048	-nan	0.782688	1.40016	1	1	1	1	1	1	0.948769	0.782688	0.782688	1	1	
0.815663	-nan	0.780225	1.40063	1	1	1	1	1	1	0.947489	0.780225	0.780225	1	1	
0.819277	-nan	0.777759	1.40109	1	1	1	1	1	1	0.946283	0.777759	0.777759	1	1	
0.822892	-nan	0.775291	1.40154	1	1	1	1	1	1	0.94515	0.775291	0.775291	1	1	
0.826506	-nan	0.772821	1.40199	1	1	1	1	1	1	0.944085	0.772821	0.772821	1	1	
0.83012	-nan	0.770349	1.40243	1	1	1	1	1	1	0.943086	0.770349	0.770349	1	1	
0.833735	-nan	0.767875	1.40286	1	1	1	1	1	1	0.942148	0.767875	0.767875	1	1	
0.837349	-nan	0.7654	1.40329	1	1	1	1	1	1	0.94127	0.7654	0.7654	1	1	
0.840964	-nan	0.762923	1.40371	1	1	1	1	1	1	0.940447	0.762923	0.762923	1	1	
0.844578	-nan	0.760445	1.40412	1	1	1	1	1	1	0.939679	0.760445	0.760445	1	1	
0.848193	-nan	0.757966	1.40452	1	1	1	1	1	1	0.938961	0.757966	0.757966	1	1	
0.851807	-nan	0.755486	1.40492	1	1	1	1	1	1	0.938291	0.755486	0.755486	1	1	
0.855422	-nan	0.753006	1.40531	1	1	1	1	1	1	0.937667	0.753006	0.753006	1	1	
0.859036	-nan	0.750525	1.40569	1	1	1	1	1	1	0.937087	0.750525	0.750525	1	1	
0.862651	-nan	0.748044	1.40607	1	1	1	1	1	1	0.936549	0.748044	0.748044	1	1	
0.866265	-nan	0.745563	1.40644	1	1	1	1	1	1	0.936049	0.745563	0.745563	1	1	
0.86988	-nan	0.743082	1.4068	1	1	1	1	1	1	0.935588	0.743082	0.743082	1	1	
0.873494	-nan	0.740601	1.40715	1	1	1	1	1	1	0.935161	0.740601	0.740601	1	1	
0.877108	-nan	0.738121	1.4075	1	1	1	1	1	1	0.934768	0.738121	0.738121	1	1	
0.880723	-nan	0.735641	1.40784	1	1	1	1	1	1	0.934407	0.735641	0.735641	1	1	
0.884337	-nan	0.733162	1.40817	1	1	1	1	1	1	0.934077	0.733162	0.733162	1	1	
0.887952	-nan	0.730683	1.40849	1	1	1	1	1	1	0.933775	0.730683	0.730683	1	1	
0.891566	-nan	0.728206	1.40881	1	1	1	1	1	1	0.9335	0.728206	0.728206	1	1	
0.895181	-nan	0.72573	1.40912	1	1	1	1	1	1	0.933251	0.72573	0.72573	1	1	
0.898795	-nan	0.723256	1.40943	1	1	1	1	1	1	0.933026	0.723256	0.723256	1	1	
0.90241	-nan	0.720783	1.40973	1	1	1	1	1	1	0.932824	0.720783	0.720783	1	1	
0.906024	-nan	0.718313	1.41002	1	1	1	1	1	1	0.932644	0.718313	0.718313	1	1	
0.909639	-nan	0.715844	1.4103	1	1	1	1	1	1	0.932484	0.715844	0.715844	1	1	
0.913253	-nan	0.713377	1.41058	1	1	1	1	1	1	0.932344	0.713377	0.713377	1	1	
0.916867	-nan	0.710912	1.41085	1	1	1	1	1	1	0.932222	0.710912	0.710912	1	1	
0.920482	-nan	0.70845	1.41112	1	1	1	1	1	1	0.932118	0.70845	0.70845	1	1	
0.924096	-nan	0.705991	1.41137	1	1	1	1	1	1	0.93203	0.705991	0.705991	1	1	
0.927711	-nan	0.703534	1.41162	1	1	1	1	1	1	0.931957	0.703534	0.703534	1	1	
0.931325	-nan	0.70108	1.41187	1	1	1	1	1	1	0.931899	0.70108	0.70108	1	1	
0.93494	-nan	0.69863	1.41211	1	1	1	1	1	1	0.931854	0.69863	0.69863	1	1	
0.938554	-nan	0.696182	1.41234	1	1	1	1	1	1	0.931823	0.696182	0.696182	1	1	
0.942169	-nan	0.693739	1.41256	1	1	1	1	1	1	0.931803	0.693739	0.693739	1	1	
0.945783	-nan	0.691298	1.41278	1	1	1	1	1	1	0.931795	0.691298	0.691298	1	1	
0.949398	-nan	0.688862	1.41299	1	1	1	1	1	1	0.931797	0.688862	0.688862	1	1	
0.953012	-nan	0.686429	1.4132	1	1	1	1	1	1	0.93181	0.686429	0.686429	1	1	
0.956627	-nan	0.684	1.4134	1	1	1	1	1	1	0.931832	0.684	0.684	1	1	
0.960241	-nan	0.681576	1.4136	1	1	1	1	1	1	0.931862	0.681576	0.681576	1	1	
0.963855	-nan	0.679155	1.41378	1	1	1	1	1	1	0.931901	0.679155	0.679155	1	1	
0.96747	-nan	0.67674	1.41397	1	1	1	1	1	1	0.931947	0.67674	0.67674	1	1	
0.971084	-nan	0.674328	1.41414	1	1	1	1	1	1	0.932001	0.674328	0.674328	1	1	
0.974699	-nan	0.671922	1.41431	1	1	1	1	1	1	0.932061	0.671922	0.671922	1	1	
0.978313	-nan	0.669521	1.41448	1	1	1	1	1	1	0.932127	0.669521	0.669521	1	1	
0.981928	-nan	0.667124	1.41463	1	1	1	1	1	1	0.932199	0.667124	0.667124	1	1	
0.985542	-nan	0.664733	1.41479	1	1	1	1	1	1	0.932276	0.664733	0.664733	1	1	
0.989157	-nan	0.662347	1.41493	1	1	1	1	1	1	0.932359	0.662347	0.662347	1	1	
0.992771	-nan	0.659967	1.41507	1	1	1	1	1	1	0.932445	0.659967	0.659967	1	1	
0.996386	-nan	0.657592	1.41521	1	1	1	1	1	1	0.932536	0.657592	0.657592	1	1	
1	-nan	-nan	-nan	-nan	-nan	-nan	-nan	-nan	-nan	-nan	-nan	-nan	-nan	-nan	
