1e-05	-nan	0.472936	0.614745	1	1	1	1	1	1	1.0459	0.472936	0.472936	1	1	
1.03753e-05	-nan	0.473131	0.614568	1	1	1	1	1	1	1.0459	0.473131	0.473131	1	1	
1.07647e-05	-nan	0.47333	0.614393	1	1	1	1	1	1	1.0459	0.47333	0.47333	1	1	
1.11686e-05	-nan	0.473532	0.61422	1	1	1	1	1	1	1.0459	0.473532	0.473532	1	1	
1.15878e-05	-nan	0.473738	0.614049	1	1	1	1	1	1	1.0459	0.473738	0.473738	1	1	
1.20226e-05	-nan	0.473947	0.613879	1	1	1	1	1	1	1.04589	0.473947	0.473947	1	1	
1.24738e-05	-nan	0.47416	0.613712	1	1	1	1	1	1	1.04589	0.47416	0.47416	1	1	
1.2942e-05	-nan	0.474376	0.613547	1	1	1	1	1	1	1.04589	0.474376	0.474376	1	1	
1.34276e-05	-nan	0.474597	0.613383	1	1	1	1	1	1	1.04589	0.474597	0.474597	1	1	
1.39316e-05	-nan	0.474821	0.613222	1	1	1	1	1	1	1.04589	0.474821	0.474821	1	1	
1.44544e-05	-nan	0.475049	0.613063	1	1	1	1	1	1	1.04588	0.475049	0.475049	1	1	
1.49968e-05	-nan	0.47528	0.612906	1	1	1	1	1	1	1.04588	0.47528	0.47528	1	1	
1.55597e-05	-nan	0.475516	0.612751	1	1	1	1	1	1	1.04588	0.475516	0.475516	1	1	
1.61436e-05	-nan	0.475756	0.612598	1	1	1	1	1	1	1.04588	0.475756	0.475756	1	1	
1.67494e-05	-nan	0.476	0.612448	1	1	1	1	1	1	1.04587	0.476	0.476	1	1	
1.7378e-05	-nan	0.476248	0.6123	1	1	1	1	1	1	1.04587	0.476248	0.476248	1	1	
1.80302e-05	-nan	0.4765	0.612154	1	1	1	1	1	1	1.04587	0.4765	0.4765	1	1	
1.87068e-05	-nan	0.476757	0.612011	1	1	1	1	1	1	1.04586	0.476757	0.476757	1	1	
1.94089e-05	-nan	0.477018	0.61187	1	1	1	1	1	1	1.04586	0.477018	0.477018	1	1	
2.01372e-05	-nan	0.477284	0.611732	1	1	1	1	1	1	1.04586	0.477284	0.477284	1	1	
2.0893e-05	-nan	0.477554	0.611596	1	1	1	1	1	1	1.04585	0.477554	0.477554	1	1	
2.1677e-05	-nan	0.477829	0.611463	1	1	1	1	1	1	1.04585	0.477829	0.477829	1	1	
2.24905e-05	-nan	0.478109	0.611332	1	1	1	1	1	1	1.04585	0.478109	0.478109	1	1	
2.33346e-05	-nan	0.478393	0.611204	1	1	1	1	1	1	1.04584	0.478393	0.478393	1	1	
2.42103e-05	-nan	0.478682	0.611079	1	1	1	1	1	1	1.04584	0.478682	0.478682	1	1	
2.51189e-05	-nan	0.478976	0.610956	1	1	1	1	1	1	1.04584	0.478976	0.478976	1	1	
2.60615e-05	-nan	0.479275	0.610836	1	1	1	1	1	1	1.04583	0.479275	0.479275	1	1	
2.70396e-05	-nan	0.47958	0.61072	1	1	1	1	1	1	1.04583	0.47958	0.47958	1	1	
2.80543e-05	-nan	0.479889	0.610606	1	1	1	1	1	1	1.04582	0.479889	0.479889	1	1	
2.91072e-05	-nan	0.480204	0.610495	1	1	1	1	1	1	1.04582	0.480204	0.480204	1	1	
3.01995e-05	-nan	0.480524	0.610387	1	1	1	1	1	1	1.04581	0.480524	0.480524	1	1	
3.13329e-05	-nan	0.48085	0.610282	1	1	1	1	1	1	1.04581	0.48085	0.48085	1	1	
3.25087e-05	-nan	0.481181	0.610181	1	1	1	1	1	1	1.0458	0.481181	0.481181	1	1	
3.37287e-05	-nan	0.481518	0.610082	1	1	1	1	1	1	1.0458	0.481518	0.481518	1	1	
3.49945e-05	-nan	0.48186	0.609987	1	1	1	1	1	1	1.04579	0.48186	0.48186	1	1	
3.63078e-05	-nan	0.482209	0.609895	1	1	1	1	1	1	1.04579	0.482209	0.482209	1	1	
3.76704e-05	-nan	0.482563	0.609807	1	1	1	1	1	1	1.04578	0.482563	0.482563	1	1	
3.90841e-05	-nan	0.482923	0.609722	1	1	1	1	1	1	1.04578	0.482923	0.482923	1	1	
4.05509e-05	-nan	0.48329	0.60964	1	1	1	1	1	1	1.04577	0.48329	0.48329	1	1	
4.20727e-05	-nan	0.483663	0.609562	1	1	1	1	1	1	1.04577	0.483663	0.483663	1	1	
4.36516e-05	-nan	0.484042	0.609488	1	1	1	1	1	1	1.04576	0.484042	0.484042	1	1	
4.52898e-05	-nan	0.484427	0.609418	1	1	1	1	1	1	1.04575	0.484427	0.484427	1	1	
4.69894e-05	-nan	0.484819	0.609351	1	1	1	1	1	1	1.04575	0.484819	0.484819	1	1	
4.87528e-05	-nan	0.485218	0.609288	1	1	1	1	1	1	1.04574	0.485218	0.485218	1	1	
5.05825e-05	-nan	0.485624	0.609229	1	1	1	1	1	1	1.04573	0.485624	0.485624	1	1	
5.24807e-05	-nan	0.486036	0.609174	1	1	1	1	1	1	1.04572	0.486036	0.486036	1	1	
5.44503e-05	-nan	0.486455	0.609124	1	1	1	1	1	1	1.04571	0.486455	0.486455	1	1	
5.64937e-05	-nan	0.486882	0.609077	1	1	1	1	1	1	1.04571	0.486882	0.486882	1	1	
5.86138e-05	-nan	0.487316	0.609035	1	1	1	1	1	1	1.0457	0.487316	0.487316	1	1	
6.08135e-05	-nan	0.487757	0.608997	1	1	1	1	1	1	1.04569	0.487757	0.487757	1	1	
6.30957e-05	-nan	0.488205	0.608963	1	1	1	1	1	1	1.04568	0.488205	0.488205	1	1	
6.54636e-05	-nan	0.488661	0.608934	1	1	1	1	1	1	1.04567	0.488661	0.488661	1	1	
6.79204e-05	-nan	0.489125	0.608909	1	1	1	1	1	1	1.04566	0.489125	0.489125	1	1	
7.04693e-05	-nan	0.489597	0.608889	1	1	1	1	1	1	1.04565	0.489597	0.489597	1	1	
7.31139e-05	-nan	0.490076	0.608874	1	1	1	1	1	1	1.04564	0.490076	0.490076	1	1	
7.58578e-05	-nan	0.490564	0.608864	1	1	1	1	1	1	1.04563	0.490564	0.490564	1	1	
7.87046e-05	-nan	0.49106	0.608859	1	1	1	1	1	1	1.04562	0.49106	0.49106	1	1	
8.16582e-05	-nan	0.491564	0.608858	1	1	1	1	1	1	1.04561	0.491564	0.491564	1	1	
8.47227e-05	-nan	0.492077	0.608863	1	1	1	1	1	1	1.04559	0.492077	0.492077	1	1	
8.79023e-05	-nan	0.492599	0.608873	1	1	1	1	1	1	1.04558	0.492599	0.492599	1	1	
9.12011e-05	-nan	0.493129	0.608889	1	1	1	1	1	1	1.04557	0.493129	0.493129	1	1	
9.46237e-05	-nan	0.493668	0.60891	1	1	1	1	1	1	1.04555	0.493668	0.493668	1	1	
9.81748e-05	-nan	0.494216	0.608936	1	1	1	1	1	1	1.04554	0.494216	0.494216	1	1	
0.000101859	-nan	0.494774	0.608968	1	1	1	1	1	1	1.04553	0.494774	0.494774	1	1	
0.000105682	-nan	0.49534	0.609006	1	1	1	1	1	1	1.04551	0.49534	0.49534	1	1	
0.000109648	-nan	0.495917	0.60905	1	1	1	1	1	1	1.04549	0.495917	0.495917	1	1	
0.000113763	-nan	0.496503	0.6091	1	1	1	1	1	1	1.04548	0.496503	0.496503	1	1	
0.000118032	-nan	0.497098	0.609156	1	1	1	1	1	1	1.04546	0.497098	0.497098	1	1	
0.000122462	-nan	0.497704	0.609218	1	1	1	1	1	1	1.04544	0.497704	0.497704	1	1	
0.000127057	-nan	0.49832	0.609286	1	1	1	1	1	1	1.04543	0.49832	0.49832	1	1	
0.000131826	-nan	0.498946	0.609361	1	1	1	1	1	1	1.04541	0.498946	0.498946	1	1	
0.000136773	-nan	0.499583	0.609443	1	1	1	1	1	1	1.04539	0.499583	0.499583	1	1	
0.000141906	-nan	0.50023	0.609531	1	1	1	1	1	1	1.04537	0.50023	0.50023	1	1	
0.000147231	-nan	0.500888	0.609627	1	1	1	1	1	1	1.04535	0.500888	0.500888	1	1	
0.000152757	-nan	0.501557	0.609729	1	1	1	1	1	1	1.04532	0.501557	0.501557	1	1	
0.000158489	-nan	0.502237	0.609838	1	1	1	1	1	1	1.0453	0.502237	0.502237	1	1	
0.000164437	-nan	0.502929	0.609955	1	1	1	1	1	1	1.04528	0.502929	0.502929	1	1	
0.000170608	-nan	0.503632	0.610079	1	1	1	1	1	1	1.04525	0.503632	0.503632	1	1	
0.000177011	-nan	0.504347	0.610211	1	1	1	1	1	1	1.04523	0.504347	0.504347	1	1	
0.000183654	-nan	0.505073	0.61035	1	1	1	1	1	1	1.0452	0.505073	0.505073	1	1	
0.000190546	-nan	0.505812	0.610497	1	1	1	1	1	1	1.04517	0.505812	0.505812	1	1	
0.000197697	-nan	0.506563	0.610653	1	1	1	1	1	1	1.04514	0.506563	0.506563	1	1	
0.000205116	-nan	0.507326	0.610816	1	1	1	1	1	1	1.04512	0.507326	0.507326	1	1	
0.000212814	-nan	0.508103	0.610988	1	1	1	1	1	1	1.04508	0.508103	0.508103	1	1	
0.0002208	-nan	0.508892	0.611168	1	1	1	1	1	1	1.04505	0.508892	0.508892	1	1	
0.000229087	-nan	0.509694	0.611358	1	1	1	1	1	1	1.04502	0.509694	0.509694	1	1	
0.000237684	-nan	0.510509	0.611556	1	1	1	1	1	1	1.04498	0.510509	0.510509	1	1	
0.000246604	-nan	0.511338	0.611763	1	1	1	1	1	1	1.04495	0.511338	0.511338	1	1	
0.000255859	-nan	0.51218	0.611979	1	1	1	1	1	1	1.04491	0.51218	0.51218	1	1	
0.000265461	-nan	0.513037	0.612205	1	1	1	1	1	1	1.04487	0.513037	0.513037	1	1	
0.000275423	-nan	0.513907	0.61244	1	1	1	1	1	1	1.04483	0.513907	0.513907	1	1	
0.000285759	-nan	0.514792	0.612685	1	1	1	1	1	1	1.04479	0.514792	0.514792	1	1	
0.000296483	-nan	0.515692	0.612941	1	1	1	1	1	1	1.04474	0.515692	0.515692	1	1	
0.00030761	-nan	0.516606	0.613206	1	1	1	1	1	1	1.0447	0.516606	0.516606	1	1	
0.000319154	-nan	0.517535	0.613482	1	1	1	1	1	1	1.04465	0.517535	0.517535	1	1	
0.000331131	-nan	0.51848	0.613768	1	1	1	1	1	1	1.0446	0.51848	0.51848	1	1	
0.000343558	-nan	0.51944	0.614066	1	1	1	1	1	1	1.04455	0.51944	0.51944	1	1	
0.000356451	-nan	0.520416	0.614374	1	1	1	1	1	1	1.0445	0.520416	0.520416	1	1	
0.000369828	-nan	0.521408	0.614694	1	1	1	1	1	1	1.04444	0.521408	0.521408	1	1	
0.000383707	-nan	0.522416	0.615025	1	1	1	1	1	1	1.04438	0.522416	0.522416	1	1	
0.000398107	-nan	0.523441	0.615368	1	1	1	1	1	1	1.04432	0.523441	0.523441	1	1	
0.000413048	-nan	0.524483	0.615723	1	1	1	1	1	1	1.04426	0.524483	0.524483	1	1	
0.000428549	-nan	0.525542	0.61609	1	1	1	1	1	1	1.04419	0.525542	0.525542	1	1	
0.000444631	-nan	0.526618	0.61647	1	1	1	1	1	1	1.04413	0.526618	0.526618	1	1	
0.000461318	-nan	0.527711	0.616862	1	1	1	1	1	1	1.04405	0.527711	0.527711	1	1	
0.00047863	-nan	0.528823	0.617267	1	1	1	1	1	1	1.04398	0.528823	0.528823	1	1	
0.000496592	-nan	0.529953	0.617686	1	1	1	1	1	1	1.0439	0.529953	0.529953	1	1	
0.000515229	-nan	0.531101	0.618118	1	1	1	1	1	1	1.04382	0.531101	0.531101	1	1	
0.000534564	-nan	0.532268	0.618564	1	1	1	1	1	1	1.04374	0.532268	0.532268	1	1	
0.000554626	-nan	0.533454	0.619025	1	1	1	1	1	1	1.04365	0.533454	0.533454	1	1	
0.00057544	-nan	0.534659	0.619499	1	1	1	1	1	1	1.04356	0.534659	0.534659	1	1	
0.000597035	-nan	0.535884	0.619988	1	1	1	1	1	1	1.04347	0.535884	0.535884	1	1	
0.000619441	-nan	0.537129	0.620493	1	1	1	1	1	1	1.04337	0.537129	0.537129	1	1	
0.000642688	-nan	0.538395	0.621012	1	1	1	1	1	1	1.04326	0.538395	0.538395	1	1	
0.000666807	-nan	0.539681	0.621547	1	1	1	1	1	1	1.04316	0.539681	0.539681	1	1	
0.000691831	-nan	0.540988	0.622099	1	1	1	1	1	1	1.04304	0.540988	0.540988	1	1	
0.000717794	-nan	0.542316	0.622666	1	1	1	1	1	1	1.04293	0.542316	0.542316	1	1	
0.000744732	-nan	0.543666	0.62325	1	1	1	1	1	1	1.0428	0.543666	0.543666	1	1	
0.000772681	-nan	0.545037	0.623851	1	1	1	1	1	1	1.04268	0.545037	0.545037	1	1	
0.000801678	-nan	0.546432	0.624469	1	1	1	1	1	1	1.04254	0.546432	0.546432	1	1	
0.000831764	-nan	0.547849	0.625105	1	1	1	1	1	1	1.0424	0.547849	0.547849	1	1	
0.000862979	-nan	0.549288	0.625759	1	1	1	1	1	1	1.04226	0.549288	0.549288	1	1	
0.000895365	-nan	0.550752	0.626432	1	1	1	1	1	1	1.04211	0.550752	0.550752	1	1	
0.000928966	-nan	0.552239	0.627123	1	1	1	1	1	1	1.04195	0.552239	0.552239	1	1	
0.000963829	-nan	0.553751	0.627833	1	1	1	1	1	1	1.04178	0.553751	0.553751	1	1	
0.001	-nan	0.555287	0.628563	1	1	1	1	1	1	1.04161	0.555287	0.555287	1	1	
0.00103753	-nan	0.556848	0.629313	1	1	1	1	1	1	1.04143	0.556848	0.556848	1	1	
0.00107647	-nan	0.558434	0.630084	1	1	1	1	1	1	1.04124	0.558434	0.558434	1	1	
0.00111686	-nan	0.560047	0.630875	1	1	1	1	1	1	1.04104	0.560047	0.560047	1	1	
0.00115878	-nan	0.561685	0.631688	1	1	1	1	1	1	1.04084	0.561685	0.561685	1	1	
0.00120226	-nan	0.563351	0.632522	1	1	1	1	1	1	1.04062	0.563351	0.563351	1	1	
0.00124738	-nan	0.565044	0.633378	1	1	1	1	1	1	1.0404	0.565044	0.565044	1	1	
0.0012942	-nan	0.566764	0.634257	1	1	1	1	1	1	1.04017	0.566764	0.566764	1	1	
0.00134276	-nan	0.568512	0.63516	1	1	1	1	1	1	1.03992	0.568512	0.568512	1	1	
0.00139316	-nan	0.570289	0.636085	1	1	1	1	1	1	1.03966	0.570289	0.570289	1	1	
0.00144544	-nan	0.572095	0.637035	1	1	1	1	1	1	1.03939	0.572095	0.572095	1	1	
0.00149968	-nan	0.573931	0.63801	1	1	1	1	1	1	1.03911	0.573931	0.573931	1	1	
0.00155597	-nan	0.575797	0.639009	1	1	1	1	1	1	1.03882	0.575797	0.575797	1	1	
0.00161436	-nan	0.577693	0.640035	1	1	1	1	1	1	1.03851	0.577693	0.577693	1	1	
0.00167494	-nan	0.579621	0.641086	1	1	1	1	1	1	1.03819	0.579621	0.579621	1	1	
0.0017378	-nan	0.581581	0.642164	1	1	1	1	1	1	1.03786	0.581581	0.581581	1	1	
0.00180302	-nan	0.583572	0.64327	1	1	1	1	1	1	1.0375	0.583572	0.583572	1	1	
0.00187068	-nan	0.585597	0.644403	1	1	1	1	1	1	1.03713	0.585597	0.585597	1	1	
0.00194089	-nan	0.587655	0.645565	1	1	1	1	1	1	1.03675	0.587655	0.587655	1	1	
0.00201372	-nan	0.589747	0.646756	1	1	1	1	1	1	1.03634	0.589747	0.589747	1	1	
0.0020893	-nan	0.591874	0.647976	1	1	1	1	1	1	1.03592	0.591874	0.591874	1	1	
0.0021677	-nan	0.594036	0.649227	1	1	1	1	1	1	1.03548	0.594036	0.594036	1	1	
0.00224905	-nan	0.596234	0.650509	1	1	1	1	1	1	1.03501	0.596234	0.596234	1	1	
0.00233346	-nan	0.598469	0.651822	1	1	1	1	1	1	1.03453	0.598469	0.598469	1	1	
0.00242103	-nan	0.600741	0.653168	1	1	1	1	1	1	1.03402	0.600741	0.600741	1	1	
0.00251189	-nan	0.603051	0.654546	1	1	1	1	1	1	1.03348	0.603051	0.603051	1	1	
0.00260615	-nan	0.6054	0.655958	1	1	1	1	1	1	1.03292	0.6054	0.6054	1	1	
0.00270396	-nan	0.607788	0.657404	1	1	1	1	1	1	1.03233	0.607788	0.607788	1	1	
0.00280543	-nan	0.610217	0.658886	1	1	1	1	1	1	1.03172	0.610217	0.610217	1	1	
0.00291072	-nan	0.612687	0.660403	1	1	1	1	1	1	1.03107	0.612687	0.612687	1	1	
0.00301995	-nan	0.615198	0.661956	1	1	1	1	1	1	1.03039	0.615198	0.615198	1	1	
0.00313329	-nan	0.617753	0.663547	1	1	1	1	1	1	1.02968	0.617753	0.617753	1	1	
0.00325087	-nan	0.62035	0.665176	1	1	1	1	1	1	1.02894	0.62035	0.62035	1	1	
0.00337287	-nan	0.622992	0.666843	1	1	1	1	1	1	1.02815	0.622992	0.622992	1	1	
0.00349945	-nan	0.62568	0.668551	1	1	1	1	1	1	1.02733	0.62568	0.62568	1	1	
0.00363078	-nan	0.628413	0.670298	1	1	1	1	1	1	1.02647	0.628413	0.628413	1	1	
0.00376704	-nan	0.631194	0.672087	1	1	1	1	1	1	1.02556	0.631194	0.631194	1	1	
0.00390841	-nan	0.634023	0.673918	1	1	1	1	1	1	1.02461	0.634023	0.634023	1	1	
0.00405509	-nan	0.636901	0.675793	1	1	1	1	1	1	1.0236	0.636901	0.636901	1	1	
0.00420727	-nan	0.639828	0.677711	1	1	1	1	1	1	1.02255	0.639828	0.639828	1	1	
0.00436516	-nan	0.642807	0.679673	1	1	1	1	1	1	1.02145	0.642807	0.642807	1	1	
0.00452898	-nan	0.645837	0.681682	1	1	1	1	1	1	1.02028	0.645837	0.645837	1	1	
0.00469894	-nan	0.648921	0.683737	1	1	1	1	1	1	1.01906	0.648921	0.648921	1	1	
0.00487528	-nan	0.652059	0.68584	1	1	1	1	1	1	1.01777	0.652059	0.652059	1	1	
0.00505825	-nan	0.655252	0.687991	1	1	1	1	1	1	1.01642	0.655252	0.655252	1	1	
0.00524807	-nan	0.658501	0.690192	1	1	1	1	1	1	1.01499	0.658501	0.658501	1	1	
0.00544503	-nan	0.661808	0.692443	1	1	1	1	1	1	1.01349	0.661808	0.661808	1	1	
0.00564937	-nan	0.665173	0.694746	1	1	1	1	1	1	1.01191	0.665173	0.665173	1	1	
0.00586138	-nan	0.668598	0.697102	1	1	1	1	1	1	1.01025	0.668598	0.668598	1	1	
0.00608135	-nan	0.672084	0.699511	1	1	1	1	1	1	1.0085	0.672084	0.672084	1	1	
0.00630957	-nan	0.675631	0.701975	1	1	1	1	1	1	1.00665	0.675631	0.675631	1	1	
0.00654636	-nan	0.679242	0.704494	1	1	1	1	1	1	1.00471	0.679242	0.679242	1	1	
0.00679204	-nan	0.682917	0.707071	1	1	1	1	1	1	1.00265	0.682917	0.682917	1	1	
0.00704693	-nan	0.686657	0.709706	1	1	1	1	1	1	1.00049	0.686657	0.686657	1	1	
0.00731139	-nan	0.690463	0.712399	1	1	1	1	1	1	0.998204	0.690463	0.690463	1	1	
0.00758578	-nan	0.694338	0.715153	1	1	1	1	1	1	0.995793	0.694338	0.694338	1	1	
0.00787046	-nan	0.69828	0.717969	1	1	1	1	1	1	0.993248	0.69828	0.69828	1	1	
0.00816582	-nan	0.702292	0.720847	1	1	1	1	1	1	0.99056	0.702292	0.702292	1	1	
0.00847227	-nan	0.706375	0.723789	1	1	1	1	1	1	0.98772	0.706375	0.706375	1	1	
0.00879023	-nan	0.710529	0.726796	1	1	1	1	1	1	0.984719	0.710529	0.710529	1	1	
0.00912011	-nan	0.714756	0.729869	1	1	1	1	1	1	0.981546	0.714756	0.714756	1	1	
0.00946237	-nan	0.719055	0.73301	1	1	1	1	1	1	0.978189	0.719055	0.719055	1	1	
0.00981748	-nan	0.723429	0.736219	1	1	1	1	1	1	0.974638	0.723429	0.723429	1	1	
0.0101859	-nan	0.727877	0.739499	1	1	1	1	1	1	0.970879	0.727877	0.727877	1	1	
0.0105682	-nan	0.7324	0.742849	1	1	1	1	1	1	0.966898	0.7324	0.7324	1	1	
0.0109648	-nan	0.736998	0.746272	1	1	1	1	1	1	0.962681	0.736998	0.736998	1	1	
0.0113763	-nan	0.741672	0.74977	1	1	1	1	1	1	0.958211	0.741672	0.741672	1	1	
0.0118032	-nan	0.746421	0.753342	1	1	1	1	1	1	0.953471	0.746421	0.746421	1	1	
0.0122462	-nan	0.751246	0.75699	1	1	1	1	1	1	0.948443	0.751246	0.751246	1	1	
0.0127057	-nan	0.756146	0.760716	1	1	1	1	1	1	0.943106	0.756146	0.756146	1	1	
0.0131826	-nan	0.761121	0.764522	1	1	1	1	1	1	0.937439	0.761121	0.761121	1	1	
0.0136773	-nan	0.76617	0.768407	1	1	1	1	1	1	0.931418	0.76617	0.76617	1	1	
0.0141906	-nan	0.771293	0.772375	1	1	1	1	1	1	0.925018	0.771293	0.771293	1	1	
0.0147231	-nan	0.776487	0.776425	1	1	1	1	1	1	0.918211	0.776487	0.776487	1	1	
0.0152757	-nan	0.781752	0.780559	1	1	1	1	1	1	0.910968	0.781752	0.781752	1	1	
0.0158489	-nan	0.787086	0.784779	1	1	1	1	1	1	0.903257	0.787086	0.787086	1	1	
0.0164437	-nan	0.792487	0.789087	1	1	1	1	1	1	0.895042	0.792487	0.792487	1	1	
0.0170608	-nan	0.797953	0.793482	1	1	1	1	1	1	0.886287	0.797953	0.797953	1	1	
0.0177011	-nan	0.80348	0.797966	1	1	1	1	1	1	0.87695	0.80348	0.80348	1	1	
0.0183654	-nan	0.809066	0.802542	1	1	1	1	1	1	0.866986	0.809066	0.809066	1	1	
0.0190546	-nan	0.814708	0.807209	1	1	1	1	1	1	0.856348	0.814708	0.814708	1	1	
0.0197697	-nan	0.820402	0.81197	1	1	1	1	1	1	0.844984	0.820402	0.820402	1	1	
0.0205116	-nan	0.826145	0.816825	1	1	1	1	1	1	0.832838	0.826145	0.826145	1	1	
0.0212814	-nan	0.831931	0.821776	1	1	1	1	1	1	0.819849	0.831931	0.831931	1	1	
0.02208	-nan	0.837756	0.826824	1	1	1	1	1	1	0.80595	0.837756	0.837756	1	1	
0.0229087	-nan	0.843615	0.831969	1	1	1	1	1	1	0.791072	0.843615	0.843615	1	1	
0.0237684	-nan	0.849504	0.837214	1	1	1	1	1	1	0.775139	0.849504	0.849504	1	1	
0.0246604	-nan	0.855416	0.842559	1	1	1	1	1	1	0.758069	0.855416	0.855416	1	1	
0.0255859	-nan	0.861346	0.848005	1	1	1	1	1	1	0.739775	0.861346	0.861346	1	1	
0.0265461	-nan	0.867288	0.853553	1	1	1	1	1	1	0.720165	0.867288	0.867288	1	1	
0.0275423	-nan	0.873235	0.859203	1	1	1	1	1	1	0.699143	0.873235	0.873235	1	1	
0.0285759	-nan	0.879182	0.864958	1	1	1	1	1	1	0.676609	0.879182	0.879182	1	1	
0.0296483	-nan	0.885122	0.870818	1	1	1	1	1	1	0.652457	0.885122	0.885122	1	1	
0.030761	-nan	0.891048	0.876782	1	1	1	1	1	1	0.626585	0.891048	0.891048	1	1	
0.0319154	-nan	0.896954	0.882853	1	1	1	1	1	1	0.598889	0.896954	0.896954	1	1	
0.0331131	-nan	0.902834	0.88903	1	1	1	1	1	1	0.569274	0.902834	0.902834	1	1	
0.0343558	-nan	0.90868	0.895315	1	1	1	1	1	1	0.537656	0.90868	0.90868	1	1	
0.0356451	-nan	0.914486	0.901707	1	1	1	1	1	1	0.503967	0.914486	0.914486	1	1	
0.0369828	-nan	0.920247	0.908206	1	1	1	1	1	1	0.468174	0.920247	0.920247	1	1	
0.0383707	-nan	0.925956	0.914813	1	1	1	1	1	1	0.430282	0.925956	0.925956	1	1	
0.0398107	-nan	0.931607	0.921529	1	1	1	1	1	1	0.390361	0.931607	0.931607	1	1	
0.0413048	-nan	0.937195	0.928352	1	1	1	1	1	1	0.348562	0.937195	0.937195	1	1	
0.0428549	-nan	0.942713	0.935283	1	1	1	1	1	1	0.305153	0.942713	0.942713	1	1	
0.0444631	-nan	0.948158	0.942321	1	1	1	1	1	1	0.260552	0.948158	0.948158	1	1	
0.0461318	-nan	0.953525	0.949466	1	1	1	1	1	1	0.215371	0.953525	0.953525	1	1	
0.047863	-nan	0.958808	0.956718	1	1	1	1	1	1	0.170471	0.958808	0.958808	1	1	
0.0496592	-nan	0.964005	0.964075	1	1	1	1	1	1	0.127017	0.964005	0.964005	1	1	
0.0515229	-nan	0.969111	0.971536	1	1	1	1	1	1	0.0865424	0.969111	0.969111	1	1	
0.0534564	-nan	0.974122	0.979101	1	1	1	1	1	1	0.0510008	0.974122	0.974122	1	1	
0.0554626	-nan	0.979037	0.986768	1	1	1	1	1	1	0.0228049	0.979037	0.979037	1	1	
0.057544	-nan	0.983852	0.994535	1	1	1	1	1	1	0.00482924	0.983852	0.983852	1	1	
0.0597035	-nan	0.988564	1.0024	1	1	1	1	1	1	0.000352971	0.988564	0.988564	1	1	
0.0619441	-nan	0.993172	1.01036	1	1	1	1	1	1	0.0129184	0.993172	0.993172	1	1	
0.0642688	-nan	0.997673	1.01842	1	1	1	1	1	1	0.0460789	0.997673	0.997673	1	1	
0.0666807	-nan	1.00207	1.02657	1	1	1	1	1	1	0.103026	1.00207	1.00207	1	1	
0.0691831	-nan	1.00635	1.03481	1	1	1	1	1	1	0.186112	1.00635	1.00635	1	1	
0.0717794	-nan	1.01052	1.04313	1	1	1	1	1	1	0.296321	1.01052	1.01052	1	1	
0.0744732	-nan	1.01458	1.05154	1	1	1	1	1	1	0.432794	1.01458	1.01458	1	1	
0.0772681	-nan	1.01853	1.06002	1	1	1	1	1	1	0.592536	1.01853	1.01853	1	1	
0.0801678	-nan	1.02236	1.06858	1	1	1	1	1	1	0.770428	1.02236	1.02236	1	1	
0.0831764	-nan	1.02608	1.07721	1	1	1	1	1	1	0.959625	1.02608	1.02608	1	1	
0.0862979	-nan	1.02968	1.08591	1	1	1	1	1	1	1.15229	1.02968	1.02968	1	1	
0.0895365	-nan	1.03317	1.09467	1	1	1	1	1	1	1.34055	1.03317	1.03317	1	1	
0.0928966	-nan	1.03653	1.10348	1	1	1	1	1	1	1.51741	1.03653	1.03653	1	1	
0.0963829	-nan	1.03977	1.11234	1	1	1	1	1	1	1.67748	1.03977	1.03977	1	1	
0.1	-nan	1.04289	1.12125	1	1	1	1	1	1	1.81734	1.04289	1.04289	1	1	
0.103614	-nan	1.04578	1.12987	1	1	1	1	1	1	1.93164	1.04578	1.04578	1	1	
0.107229	-nan	1.04846	1.13822	1	1	1	1	1	1	2.02308	1.04846	1.04846	1	1	
0.110843	-nan	1.05095	1.14631	1	1	1	1	1	1	2.09486	1.05095	1.05095	1	1	
0.114458	-nan	1.05325	1.15416	1	1	1	1	1	1	2.15026	1.05325	1.05325	1	1	
0.118072	-nan	1.05539	1.16176	1	1	1	1	1	1	2.19232	1.05539	1.05539	1	1	
0.121687	-nan	1.05736	1.16914	1	1	1	1	1	1	2.22367	1.05736	1.05736	1	1	
0.125301	-nan	1.0592	1.1763	1	1	1	1	1	1	2.24655	1.0592	1.0592	1	1	
0.128916	-nan	1.06089	1.18324	1	1	1	1	1	1	2.26275	1.06089	1.06089	1	1	
0.13253	-nan	1.06246	1.18998	1	1	1	1	1	1	2.27375	1.06246	1.06246	1	1	
0.136145	-nan	1.0639	1.19653	1	1	1	1	1	1	2.28069	1.0639	1.0639	1	1	
0.139759	-nan	1.06523	1.20288	1	1	1	1	1	1	2.28448	1.06523	1.06523	1	1	
0.143373	-nan	1.06645	1.20904	1	1	1	1	1	1	2.28585	1.06645	1.06645	1	1	
0.146988	-nan	1.06756	1.21503	1	1	1	1	1	1	2.28535	1.06756	1.06756	1	1	
0.150602	-nan	1.06858	1.22085	1	1	1	1	1	1	2.28343	1.06858	1.06858	1	1	
0.154217	-nan	1.0695	1.22649	1	1	1	1	1	1	2.28044	1.0695	1.0695	1	1	
0.157831	-nan	1.07034	1.23197	1	1	1	1	1	1	2.27666	1.07034	1.07034	1	1	
0.161446	-nan	1.07109	1.2373	1	1	1	1	1	1	2.27233	1.07109	1.07109	1	1	
0.16506	-nan	1.07175	1.24247	1	1	1	1	1	1	2.26761	1.07175	1.07175	1	1	
0.168675	-nan	1.07234	1.24749	1	1	1	1	1	1	2.26264	1.07234	1.07234	1	1	
0.172289	-nan	1.07286	1.25236	1	1	1	1	1	1	2.25753	1.07286	1.07286	1	1	
0.175904	-nan	1.0733	1.2571	1	1	1	1	1	1	2.25238	1.0733	1.0733	1	1	
0.179518	-nan	1.07367	1.26169	1	1	1	1	1	1	2.24724	1.07367	1.07367	1	1	
0.183133	-nan	1.07398	1.26615	1	1	1	1	1	1	2.24216	1.07398	1.07398	1	1	
0.186747	-nan	1.07422	1.27048	1	1	1	1	1	1	2.23718	1.07422	1.07422	1	1	
0.190361	-nan	1.0744	1.27469	1	1	1	1	1	1	2.23232	1.0744	1.0744	1	1	
0.193976	-nan	1.07452	1.27876	1	1	1	1	1	1	2.22759	1.07452	1.07452	1	1	
0.19759	-nan	1.07459	1.28272	1	1	1	1	1	1	2.22299	1.07459	1.07459	1	1	
0.201205	-nan	1.0746	1.28656	1	1	1	1	1	1	2.21853	1.0746	1.0746	1	1	
0.204819	-nan	1.07455	1.29028	1	1	1	1	1	1	2.2142	1.07455	1.07455	1	1	
0.208434	-nan	1.07445	1.29389	1	1	1	1	1	1	2.20998	1.07445	1.07445	1	1	
0.212048	-nan	1.07431	1.29739	1	1	1	1	1	1	2.20587	1.07431	1.07431	1	1	
0.215663	-nan	1.07411	1.30078	1	1	1	1	1	1	2.20185	1.07411	1.07411	1	1	
0.219277	-nan	1.07387	1.30407	1	1	1	1	1	1	2.1979	1.07387	1.07387	1	1	
0.222892	-nan	1.07358	1.30725	1	1	1	1	1	1	2.19401	1.07358	1.07358	1	1	
0.226506	-nan	1.07324	1.31033	1	1	1	1	1	1	2.19016	1.07324	1.07324	1	1	
0.23012	-nan	1.07286	1.31331	1	1	1	1	1	1	2.18632	1.07286	1.07286	1	1	
0.233735	-nan	1.07245	1.31619	1	1	1	1	1	1	2.18248	1.07245	1.07245	1	1	
0.237349	-nan	1.07199	1.31898	1	1	1	1	1	1	2.17862	1.07199	1.07199	1	1	
0.240964	-nan	1.07149	1.32167	1	1	1	1	1	1	2.17473	1.07149	1.07149	1	1	
0.244578	-nan	1.07095	1.32428	1	1	1	1	1	1	2.17077	1.07095	1.07095	1	1	
0.248193	-nan	1.07037	1.32679	1	1	1	1	1	1	2.16674	1.07037	1.07037	1	1	
0.251807	-nan	1.06976	1.32922	1	1	1	1	1	1	2.16261	1.06976	1.06976	1	1	
0.255422	-nan	1.06911	1.33155	1	1	1	1	1	1	2.15837	1.06911	1.06911	1	1	
0.259036	-nan	1.06843	1.33381	1	1	1	1	1	1	2.15398	1.06843	1.06843	1	1	
0.262651	-nan	1.06771	1.33598	1	1	1	1	1	1	2.14945	1.06771	1.06771	1	1	
0.266265	-nan	1.06696	1.33807	1	1	1	1	1	1	2.14474	1.06696	1.06696	1	1	
0.26988	-nan	1.06618	1.34008	1	1	1	1	1	1	2.13983	1.06618	1.06618	1	1	
0.273494	-nan	1.06536	1.34201	1	1	1	1	1	1	2.13471	1.06536	1.06536	1	1	
0.277108	-nan	1.06452	1.34386	1	1	1	1	1	1	2.12936	1.06452	1.06452	1	1	
0.280723	-nan	1.06365	1.34564	1	1	1	1	1	1	2.12376	1.06365	1.06365	1	1	
0.284337	-nan	1.06274	1.34734	1	1	1	1	1	1	2.11789	1.06274	1.06274	1	1	
0.287952	-nan	1.06181	1.34897	1	1	1	1	1	1	2.11173	1.06181	1.06181	1	1	
0.291566	-nan	1.06085	1.35052	1	1	1	1	1	1	2.10526	1.06085	1.06085	1	1	
0.295181	-nan	1.05987	1.35201	1	1	1	1	1	1	2.09846	1.05987	1.05987	1	1	
0.298795	-nan	1.05885	1.35342	1	1	1	1	1	1	2.09131	1.05885	1.05885	1	1	
0.30241	-nan	1.05781	1.35477	1	1	1	1	1	1	2.0838	1.05781	1.05781	1	1	
0.306024	-nan	1.05675	1.35604	1	1	1	1	1	1	2.0759	1.05675	1.05675	1	1	
0.309639	-nan	1.05566	1.35726	1	1	1	1	1	1	2.06761	1.05566	1.05566	1	1	
0.313253	-nan	1.05455	1.3584	1	1	1	1	1	1	2.0589	1.05455	1.05455	1	1	
0.316867	-nan	1.05342	1.35948	1	1	1	1	1	1	2.04976	1.05342	1.05342	1	1	
0.320482	-nan	1.05226	1.3605	1	1	1	1	1	1	2.04018	1.05226	1.05226	1	1	
0.324096	-nan	1.05108	1.36145	1	1	1	1	1	1	2.03015	1.05108	1.05108	1	1	
0.327711	-nan	1.04987	1.36234	1	1	1	1	1	1	2.01965	1.04987	1.04987	1	1	
0.331325	-nan	1.04865	1.36317	1	1	1	1	1	1	2.00869	1.04865	1.04865	1	1	
0.33494	-nan	1.0474	1.36394	1	1	1	1	1	1	1.99724	1.0474	1.0474	1	1	
0.338554	-nan	1.04614	1.36465	1	1	1	1	1	1	1.98533	1.04614	1.04614	1	1	
0.342169	-nan	1.04485	1.3653	1	1	1	1	1	1	1.97293	1.04485	1.04485	1	1	
0.345783	-nan	1.04355	1.3659	1	1	1	1	1	1	1.96006	1.04355	1.04355	1	1	
0.349398	-nan	1.04223	1.36644	1	1	1	1	1	1	1.94673	1.04223	1.04223	1	1	
0.353012	-nan	1.04089	1.36692	1	1	1	1	1	1	1.93294	1.04089	1.04089	1	1	
0.356627	-nan	1.03953	1.36734	1	1	1	1	1	1	1.91872	1.03953	1.03953	1	1	
0.360241	-nan	1.03815	1.36771	1	1	1	1	1	1	1.90407	1.03815	1.03815	1	1	
0.363855	-nan	1.03675	1.36803	1	1	1	1	1	1	1.88903	1.03675	1.03675	1	1	
0.36747	-nan	1.03534	1.3683	1	1	1	1	1	1	1.87361	1.03534	1.03534	1	1	
0.371084	-nan	1.03391	1.36851	1	1	1	1	1	1	1.85785	1.03391	1.03391	1	1	
0.374699	-nan	1.03247	1.36867	1	1	1	1	1	1	1.84178	1.03247	1.03247	1	1	
0.378313	-nan	1.03101	1.36878	1	1	1	1	1	1	1.82543	1.03101	1.03101	1	1	
0.381928	-nan	1.02954	1.36884	1	1	1	1	1	1	1.80885	1.02954	1.02954	1	1	
0.385542	-nan	1.02805	1.36884	1	1	1	1	1	1	1.79207	1.02805	1.02805	1	1	
0.389157	-nan	1.02654	1.3688	1	1	1	1	1	1	1.77514	1.02654	1.02654	1	1	
0.392771	-nan	1.02503	1.36871	1	1	1	1	1	1	1.7581	1.02503	1.02503	1	1	
0.396386	-nan	1.02349	1.36858	1	1	1	1	1	1	1.74099	1.02349	1.02349	1	1	
0.4	-nan	1.02195	1.36839	1	1	1	1	1	1	1.72387	1.02195	1.02195	1	1	
0.403614	-nan	1.02039	1.36816	1	1	1	1	1	1	1.70677	1.02039	1.02039	1	1	
0.407229	-nan	1.01882	1.36788	1	1	1	1	1	1	1.68975	1.01882	1.01882	1	1	
0.410843	-nan	1.01724	1.36756	1	1	1	1	1	1	1.67283	1.01724	1.01724	1	1	
0.414458	-nan	1.01564	1.36719	1	1	1	1	1	1	1.65608	1.01564	1.01564	1	1	
0.418072	-nan	1.01404	1.36678	1	1	1	1	1	1	1.63951	1.01404	1.01404	1	1	
0.421687	-nan	1.01242	1.36632	1	1	1	1	1	1	1.62318	1.01242	1.01242	1	1	
0.425301	-nan	1.01079	1.36582	1	1	1	1	1	1	1.60712	1.01079	1.01079	1	1	
0.428916	-nan	1.00915	1.36528	1	1	1	1	1	1	1.59135	1.00915	1.00915	1	1	
0.43253	-nan	1.0075	1.36469	1	1	1	1	1	1	1.57591	1.0075	1.0075	1	1	
0.436145	-nan	1.00584	1.36406	1	1	1	1	1	1	1.56082	1.00584	1.00584	1	1	
0.439759	-nan	1.00417	1.36339	1	1	1	1	1	1	1.5461	1.00417	1.00417	1	1	
0.443373	-nan	1.00249	1.36268	1	1	1	1	1	1	1.53177	1.00249	1.00249	1	1	
0.446988	-nan	1.0008	1.36193	1	1	1	1	1	1	1.51786	1.0008	1.0008	1	1	
0.450602	-nan	0.999103	1.36114	1	1	1	1	1	1	1.50436	0.999103	0.999103	1	1	
0.454217	-nan	0.997397	1.36031	1	1	1	1	1	1	1.49129	0.997397	0.997397	1	1	
0.457831	-nan	0.995682	1.35943	1	1	1	1	1	1	1.47866	0.995682	0.995682	1	1	
0.461446	-nan	0.993959	1.35852	1	1	1	1	1	1	1.46646	0.993959	0.993959	1	1	
0.46506	-nan	0.992229	1.35758	1	1	1	1	1	1	1.45471	0.992229	0.992229	1	1	
0.468675	-nan	0.990491	1.35659	1	1	1	1	1	1	1.4434	0.990491	0.990491	1	1	
0.472289	-nan	0.988746	1.35557	1	1	1	1	1	1	1.43253	0.988746	0.988746	1	1	
0.475904	-nan	0.986994	1.35451	1	1	1	1	1	1	1.4221	0.986994	0.986994	1	1	
0.479518	-nan	0.985235	1.35341	1	1	1	1	1	1	1.41209	0.985235	0.985235	1	1	
0.483133	-nan	0.983469	1.35227	1	1	1	1	1	1	1.4025	0.983469	0.983469	1	1	
0.486747	-nan	0.981698	1.3511	1	1	1	1	1	1	1.39333	0.981698	0.981698	1	1	
0.490361	-nan	0.97992	1.3499	1	1	1	1	1	1	1.38456	0.97992	0.97992	1	1	
0.493976	-nan	0.978137	1.34866	1	1	1	1	1	1	1.37619	0.978137	0.978137	1	1	
0.49759	-nan	0.976349	1.34738	1	1	1	1	1	1	1.3682	0.976349	0.976349	1	1	
0.501205	-nan	0.974555	1.34607	1	1	1	1	1	1	1.36058	0.974555	0.974555	1	1	
0.504819	-nan	0.972756	1.34473	1	1	1	1	1	1	1.35332	0.972756	0.972756	1	1	
0.508434	-nan	0.970953	1.34335	1	1	1	1	1	1	1.3464	0.970953	0.970953	1	1	
0.512048	-nan	0.969145	1.34194	1	1	1	1	1	1	1.33983	0.969145	0.969145	1	1	
0.515663	-nan	0.967333	1.3405	1	1	1	1	1	1	1.33357	0.967333	0.967333	1	1	
0.519277	-nan	0.965516	1.33902	1	1	1	1	1	1	1.32763	0.965516	0.965516	1	1	
0.522892	-nan	0.963696	1.33752	1	1	1	1	1	1	1.32198	0.963696	0.963696	1	1	
0.526506	-nan	0.961873	1.33598	1	1	1	1	1	1	1.31663	0.961873	0.961873	1	1	
0.53012	-nan	0.960046	1.33441	1	1	1	1	1	1	1.31154	0.960046	0.960046	1	1	
0.533735	-nan	0.958216	1.3328	1	1	1	1	1	1	1.30672	0.958216	0.958216	1	1	
0.537349	-nan	0.956383	1.33117	1	1	1	1	1	1	1.30215	0.956383	0.956383	1	1	
0.540964	-nan	0.954548	1.32951	1	1	1	1	1	1	1.29782	0.954548	0.954548	1	1	
0.544578	-nan	0.95271	1.32781	1	1	1	1	1	1	1.29372	0.95271	0.95271	1	1	
0.548193	-nan	0.95087	1.32609	1	1	1	1	1	1	1.28983	0.95087	0.95087	1	1	
0.551807	-nan	0.949027	1.32434	1	1	1	1	1	1	1.28616	0.949027	0.949027	1	1	
0.555422	-nan	0.947183	1.32256	1	1	1	1	1	1	1.28268	0.947183	0.947183	1	1	
0.559036	-nan	0.945338	1.32074	1	1	1	1	1	1	1.2794	0.945338	0.945338	1	1	
0.562651	-nan	0.94349	1.31891	1	1	1	1	1	1	1.27629	0.94349	0.94349	1	1	
0.566265	-nan	0.941642	1.31704	1	1	1	1	1	1	1.27335	0.941642	0.941642	1	1	
0.56988	-nan	0.939793	1.31514	1	1	1	1	1	1	1.27058	0.939793	0.939793	1	1	
0.573494	-nan	0.937942	1.31322	1	1	1	1	1	1	1.26796	0.937942	0.937942	1	1	
0.577108	-nan	0.936091	1.31127	1	1	1	1	1	1	1.26549	0.936091	0.936091	1	1	
0.580723	-nan	0.93424	1.30929	1	1	1	1	1	1	1.26315	0.93424	0.93424	1	1	
0.584337	-nan	0.932388	1.30729	1	1	1	1	1	1	1.26095	0.932388	0.932388	1	1	
0.587952	-nan	0.930537	1.30526	1	1	1	1	1	1	1.25888	0.930537	0.930537	1	1	
0.591566	-nan	0.928685	1.30321	1	1	1	1	1	1	1.25692	0.928685	0.928685	1	1	
0.595181	-nan	0.926834	1.30112	1	1	1	1	1	1	1.25508	0.926834	0.926834	1	1	
0.598795	-nan	0.924983	1.29902	1	1	1	1	1	1	1.25334	0.924983	0.924983	1	1	
0.60241	-nan	0.923133	1.29689	1	1	1	1	1	1	1.25171	0.923133	0.923133	1	1	
0.606024	-nan	0.921283	1.29473	1	1	1	1	1	1	1.25017	0.921283	0.921283	1	1	
0.609639	-nan	0.919435	1.29255	1	1	1	1	1	1	1.24872	0.919435	0.919435	1	1	
0.613253	-nan	0.917587	1.29034	1	1	1	1	1	1	1.24736	0.917587	0.917587	1	1	
0.616867	-nan	0.915741	1.28811	1	1	1	1	1	1	1.24608	0.915741	0.915741	1	1	
0.620482	-nan	0.913897	1.28586	1	1	1	1	1	1	1.24488	0.913897	0.913897	1	1	
0.624096	-nan	0.912054	1.28359	1	1	1	1	1	1	1.24375	0.912054	0.912054	1	1	
0.627711	-nan	0.910213	1.28129	1	1	1	1	1	1	1.24269	0.910213	0.910213	1	1	
0.631325	-nan	0.908374	1.27896	1	1	1	1	1	1	1.2417	0.908374	0.908374	1	1	
0.63494	-nan	0.906537	1.27662	1	1	1	1	1	1	1.24077	0.906537	0.906537	1	1	
0.638554	-nan	0.904702	1.27425	1	1	1	1	1	1	1.2399	0.904702	0.904702	1	1	
0.642169	-nan	0.90287	1.27187	1	1	1	1	1	1	1.23908	0.90287	0.90287	1	1	
0.645783	-nan	0.90104	1.26946	1	1	1	1	1	1	1.23832	0.90104	0.90104	1	1	
0.649398	-nan	0.899213	1.26702	1	1	1	1	1	1	1.2376	0.899213	0.899213	1	1	
0.653012	-nan	0.897389	1.26457	1	1	1	1	1	1	1.23694	0.897389	0.897389	1	1	
0.656627	-nan	0.895567	1.2621	1	1	1	1	1	1	1.23632	0.895567	0.895567	1	1	
0.660241	-nan	0.893749	1.2596	1	1	1	1	1	1	1.23574	0.893749	0.893749	1	1	
0.663855	-nan	0.891934	1.25709	1	1	1	1	1	1	1.2352	0.891934	0.891934	1	1	
0.66747	-nan	0.890123	1.25456	1	1	1	1	1	1	1.2347	0.890123	0.890123	1	1	
0.671084	-nan	0.888315	1.252	1	1	1	1	1	1	1.23423	0.888315	0.888315	1	1	
0.674699	-nan	0.886511	1.24943	1	1	1	1	1	1	1.2338	0.886511	0.886511	1	1	
0.678313	-nan	0.88471	1.24684	1	1	1	1	1	1	1.2334	0.88471	0.88471	1	1	
0.681928	-nan	0.882914	1.24422	1	1	1	1	1	1	1.23303	0.882914	0.882914	1	1	
0.685542	-nan	0.881121	1.24159	1	1	1	1	1	1	1.23269	0.881121	0.881121	1	1	
0.689157	-nan	0.879333	1.23895	1	1	1	1	1	1	1.23238	0.879333	0.879333	1	1	
0.692771	-nan	0.877549	1.23628	1	1	1	1	1	1	1.23209	0.877549	0.877549	1	1	
0.696386	-nan	0.875769	1.23359	1	1	1	1	1	1	1.23182	0.875769	0.875769	1	1	
0.7	-nan	0.873994	1.23089	1	1	1	1	1	1	1.23158	0.873994	0.873994	1	1	
0.703614	-nan	0.872223	1.22817	1	1	1	1	1	1	1.23136	0.872223	0.872223	1	1	
0.707229	-nan	0.870457	1.22544	1	1	1	1	1	1	1.23116	0.870457	0.870457	1	1	
0.710843	-nan	0.868696	1.22268	1	1	1	1	1	1	1.23098	0.868696	0.868696	1	1	
0.714458	-nan	0.86694	1.21991	1	1	1	1	1	1	1.23082	0.86694	0.86694	1	1	
0.718072	-nan	0.865189	1.21713	1	1	1	1	1	1	1.23067	0.865189	0.865189	1	1	
0.721687	-nan	0.863443	1.21432	1	1	1	1	1	1	1.23054	0.863443	0.863443	1	1	
0.725301	-nan	0.861703	1.2115	1	1	1	1	1	1	1.23043	0.861703	0.861703	1	1	
0.728916	-nan	0.859967	1.20867	1	1	1	1	1	1	1.23033	0.859967	0.859967	1	1	
0.73253	-nan	0.858237	1.20582	1	1	1	1	1	1	1.23024	0.858237	0.858237	1	1	
0.736145	-nan	0.856513	1.20296	1	1	1	1	1	1	1.23017	0.856513	0.856513	1	1	
0.739759	-nan	0.854794	1.20008	1	1	1	1	1	1	1.2301	0.854794	0.854794	1	1	
0.743373	-nan	0.853081	1.19719	1	1	1	1	1	1	1.23005	0.853081	0.853081	1	1	
0.746988	-nan	0.851374	1.19428	1	1	1	1	1	1	1.23002	0.851374	0.851374	1	1	
0.750602	-nan	0.849672	1.19136	1	1	1	1	1	1	1.22999	0.849672	0.849672	1	1	
0.754217	-nan	0.847977	1.18842	1	1	1	1	1	1	1.22997	0.847977	0.847977	1	1	
0.757831	-nan	0.846288	1.18547	1	1	1	1	1	1	1.22995	0.846288	0.846288	1	1	
0.761446	-nan	0.844604	1.18251	1	1	1	1	1	1	1.22995	0.844604	0.844604	1	1	
0.76506	-nan	0.842927	1.17953	1	1	1	1	1	1	1.22996	0.842927	0.842927	1	1	
0.768675	-nan	0.841256	1.17654	1	1	1	1	1	1	1.22997	0.841256	0.841256	1	1	
0.772289	-nan	0.839592	1.17354	1	1	1	1	1	1	1.22999	0.839592	0.839592	1	1	
0.775904	-nan	0.837933	1.17053	1	1	1	1	1	1	1.23002	0.837933	0.837933	1	1	
0.779518	-nan	0.836282	1.16751	1	1	1	1	1	1	1.23005	0.836282	0.836282	1	1	
0.783133	-nan	0.834637	1.16447	1	1	1	1	1	1	1.23009	0.834637	0.834637	1	1	
0.786747	-nan	0.832998	1.16142	1	1	1	1	1	1	1.23013	0.832998	0.832998	1	1	
0.790361	-nan	0.831366	1.15836	1	1	1	1	1	1	1.23018	0.831366	0.831366	1	1	
0.793976	-nan	0.829741	1.15529	1	1	1	1	1	1	1.23023	0.829741	0.829741	1	1	
0.79759	-nan	0.828122	1.15221	1	1	1	1	1	1	1.23029	0.828122	0.828122	1	1	
0.801205	-nan	0.826511	1.14911	1	1	1	1	1	1	1.23035	0.826511	0.826511	1	1	
0.804819	-nan	0.824906	1.14601	1	1	1	1	1	1	1.23042	0.824906	0.824906	1	1	
0.808434	-nan	0.823308	1.1429	1	1	1	1	1	1	1.23049	0.823308	0.823308	1	1	
0.812048	-nan	0.821717	1.13977	1	1	1	1	1	1	1.23056	0.821717	0.821717	1	1	
0.815663	-nan	0.820133	1.13664	1	1	1	1	1	1	1.23064	0.820133	0.820133	1	1	
0.819277	-nan	0.818556	1.1335	1	1	1	1	1	1	1.23072	0.818556	0.818556	1	1	
0.822892	-nan	0.816986	1.13035	1	1	1	1	1	1	1.2308	0.816986	0.816986	1	1	
0.826506	-nan	0.815424	1.12719	1	1	1	1	1	1	1.23088	0.815424	0.815424	1	1	
0.83012	-nan	0.813868	1.12402	1	1	1	1	1	1	1.23097	0.813868	0.813868	1	1	
0.833735	-nan	0.81232	1.12084	1	1	1	1	1	1	1.23106	0.81232	0.81232	1	1	
0.837349	-nan	0.810779	1.11766	1	1	1	1	1	1	1.23115	0.810779	0.810779	1	1	
0.840964	-nan	0.809246	1.11446	1	1	1	1	1	1	1.23124	0.809246	0.809246	1	1	
0.844578	-nan	0.807719	1.11126	1	1	1	1	1	1	1.23134	0.807719	0.807719	1	1	
0.848193	-nan	0.8062	1.10805	1	1	1	1	1	1	1.23143	0.8062	0.8062	1	1	
0.851807	-nan	0.804689	1.10483	1	1	1	1	1	1	1.23153	0.804689	0.804689	1	1	
0.855422	-nan	0.803185	1.10161	1	1	1	1	1	1	1.23163	0.803185	0.803185	1	1	
0.859036	-nan	0.801688	1.09838	1	1	1	1	1	1	1.23173	0.801688	0.801688	1	1	
0.862651	-nan	0.800199	1.09514	1	1	1	1	1	1	1.23183	0.800199	0.800199	1	1	
0.866265	-nan	0.798717	1.0919	1	1	1	1	1	1	1.23193	0.798717	0.798717	1	1	
0.86988	-nan	0.797243	1.08865	1	1	1	1	1	1	1.23203	0.797243	0.797243	1	1	
0.873494	-nan	0.795776	1.08539	1	1	1	1	1	1	1.23214	0.795776	0.795776	1	1	
0.877108	-nan	0.794317	1.08213	1	1	1	1	1	1	1.23224	0.794317	0.794317	1	1	
0.880723	-nan	0.792865	1.07886	1	1	1	1	1	1	1.23234	0.792865	0.792865	1	1	
0.884337	-nan	0.791421	1.07559	1	1	1	1	1	1	1.23245	0.791421	0.791421	1	1	
0.887952	-nan	0.789985	1.07231	1	1	1	1	1	1	1.23256	0.789985	0.789985	1	1	
0.891566	-nan	0.788556	1.06903	1	1	1	1	1	1	1.23266	0.788556	0.788556	1	1	
0.895181	-nan	0.787135	1.06574	1	1	1	1	1	1	1.23277	0.787135	0.787135	1	1	
0.898795	-nan	0.785722	1.06245	1	1	1	1	1	1	1.23287	0.785722	0.785722	1	1	
0.90241	-nan	0.784316	1.05915	1	1	1	1	1	1	1.23298	0.784316	0.784316	1	1	
0.906024	-nan	0.782917	1.05585	1	1	1	1	1	1	1.23309	0.782917	0.782917	1	1	
0.909639	-nan	0.781527	1.05255	1	1	1	1	1	1	1.23319	0.781527	0.781527	1	1	
0.913253	-nan	0.780144	1.04924	1	1	1	1	1	1	1.2333	0.780144	0.780144	1	1	
0.916867	-nan	0.778768	1.04593	1	1	1	1	1	1	1.23341	0.778768	0.778768	1	1	
0.920482	-nan	0.777401	1.04262	1	1	1	1	1	1	1.23351	0.777401	0.777401	1	1	
0.924096	-nan	0.776041	1.0393	1	1	1	1	1	1	1.23362	0.776041	0.776041	1	1	
0.927711	-nan	0.774688	1.03598	1	1	1	1	1	1	1.23373	0.774688	0.774688	1	1	
0.931325	-nan	0.773344	1.03266	1	1	1	1	1	1	1.23383	0.773344	0.773344	1	1	
0.93494	-nan	0.772007	1.02933	1	1	1	1	1	1	1.23394	0.772007	0.772007	1	1	
0.938554	-nan	0.770677	1.026	1	1	1	1	1	1	1.23404	0.770677	0.770677	1	1	
0.942169	-nan	0.769356	1.02267	1	1	1	1	1	1	1.23415	0.769356	0.769356	1	1	
0.945783	-nan	0.768041	1.01934	1	1	1	1	1	1	1.23426	0.768041	0.768041	1	1	
0.949398	-nan	0.766735	1.01601	1	1	1	1	1	1	1.23436	0.766735	0.766735	1	1	
0.953012	-nan	0.765436	1.01267	1	1	1	1	1	1	1.23446	0.765436	0.765436	1	1	
0.956627	-nan	0.764145	1.00934	1	1	1	1	1	1	1.23457	0.764145	0.764145	1	1	
0.960241	-nan	0.762861	1.006	1	1	1	1	1	1	1.23467	0.762861	0.762861	1	1	
0.963855	-nan	0.761585	1.00267	1	1	1	1	1	1	1.23477	0.761585	0.761585	1	1	
0.96747	-nan	0.760317	0.999327	1	1	1	1	1	1	1.23488	0.760317	0.760317	1	1	
0.971084	-nan	0.759056	0.995989	1	1	1	1	1	1	1.23498	0.759056	0.759056	1	1	
0.974699	-nan	0.757802	0.99265	1	1	1	1	1	1	1.23508	0.757802	0.757802	1	1	
0.978313	-nan	0.756557	0.989311	1	1	1	1	1	1	1.23518	0.756557	0.756557	1	1	
0.981928	-nan	0.755318	0.985973	1	1	1	1	1	1	1.23528	0.755318	0.755318	1	1	
0.985542	-nan	0.754087	0.982635	1	1	1	1	1	1	1.23538	0.754087	0.754087	1	1	
0.989157	-nan	0.752864	0.979297	1	1	1	1	1	1	1.23548	0.752864	0.752864	1	1	
0.992771	-nan	0.751648	0.97596	1	1	1	1	1	1	1.23558	0.751648	0.751648	1	1	
0.996386	-nan	0.75044	0.972624	1	1	1	1	1	1	1.23568	0.75044	0.75044	1	1	
1	-nan	-nan	-nan	-nan	-nan	-nan	-nan	-nan	-nan	-nan	-nan	-nan	-nan	-nan	
