1e-05	-nan	0.520915	0.97684	1	1	1	1	1	1	0.17214	0.520915	0.520915	1	1	
1.03753e-05	-nan	0.520945	0.976811	1	1	1	1	1	1	0.172572	0.520945	0.520945	1	1	
1.07647e-05	-nan	0.520975	0.976781	1	1	1	1	1	1	0.173006	0.520975	0.520975	1	1	
1.11686e-05	-nan	0.521006	0.976751	1	1	1	1	1	1	0.173441	0.521006	0.521006	1	1	
1.15878e-05	-nan	0.521037	0.97672	1	1	1	1	1	1	0.173877	0.521037	0.521037	1	1	
1.20226e-05	-nan	0.52107	0.976688	1	1	1	1	1	1	0.174314	0.52107	0.52107	1	1	
1.24738e-05	-nan	0.521104	0.976656	1	1	1	1	1	1	0.174752	0.521104	0.521104	1	1	
1.2942e-05	-nan	0.521139	0.976623	1	1	1	1	1	1	0.175192	0.521139	0.521139	1	1	
1.34276e-05	-nan	0.521174	0.976589	1	1	1	1	1	1	0.175632	0.521174	0.521174	1	1	
1.39316e-05	-nan	0.521211	0.976554	1	1	1	1	1	1	0.176074	0.521211	0.521211	1	1	
1.44544e-05	-nan	0.521249	0.976519	1	1	1	1	1	1	0.176517	0.521249	0.521249	1	1	
1.49968e-05	-nan	0.521288	0.976483	1	1	1	1	1	1	0.176961	0.521288	0.521288	1	1	
1.55597e-05	-nan	0.521328	0.976446	1	1	1	1	1	1	0.177407	0.521328	0.521328	1	1	
1.61436e-05	-nan	0.521369	0.976408	1	1	1	1	1	1	0.177853	0.521369	0.521369	1	1	
1.67494e-05	-nan	0.521411	0.97637	1	1	1	1	1	1	0.178301	0.521411	0.521411	1	1	
1.7378e-05	-nan	0.521454	0.976331	1	1	1	1	1	1	0.17875	0.521454	0.521454	1	1	
1.80302e-05	-nan	0.521499	0.976291	1	1	1	1	1	1	0.1792	0.521499	0.521499	1	1	
1.87068e-05	-nan	0.521545	0.97625	1	1	1	1	1	1	0.179652	0.521545	0.521545	1	1	
1.94089e-05	-nan	0.521593	0.976208	1	1	1	1	1	1	0.180104	0.521593	0.521593	1	1	
2.01372e-05	-nan	0.521641	0.976165	1	1	1	1	1	1	0.180558	0.521641	0.521641	1	1	
2.0893e-05	-nan	0.521692	0.976122	1	1	1	1	1	1	0.181013	0.521692	0.521692	1	1	
2.1677e-05	-nan	0.521743	0.976077	1	1	1	1	1	1	0.181469	0.521743	0.521743	1	1	
2.24905e-05	-nan	0.521796	0.976032	1	1	1	1	1	1	0.181927	0.521796	0.521796	1	1	
2.33346e-05	-nan	0.521851	0.975985	1	1	1	1	1	1	0.182386	0.521851	0.521851	1	1	
2.42103e-05	-nan	0.521907	0.975938	1	1	1	1	1	1	0.182846	0.521907	0.521907	1	1	
2.51189e-05	-nan	0.521965	0.97589	1	1	1	1	1	1	0.183307	0.521965	0.521965	1	1	
2.60615e-05	-nan	0.522024	0.97584	1	1	1	1	1	1	0.183769	0.522024	0.522024	1	1	
2.70396e-05	-nan	0.522086	0.97579	1	1	1	1	1	1	0.184233	0.522086	0.522086	1	1	
2.80543e-05	-nan	0.522149	0.975738	1	1	1	1	1	1	0.184698	0.522149	0.522149	1	1	
2.91072e-05	-nan	0.522213	0.975686	1	1	1	1	1	1	0.185164	0.522213	0.522213	1	1	
3.01995e-05	-nan	0.52228	0.975632	1	1	1	1	1	1	0.185631	0.52228	0.52228	1	1	
3.13329e-05	-nan	0.522348	0.975577	1	1	1	1	1	1	0.1861	0.522348	0.522348	1	1	
3.25087e-05	-nan	0.522419	0.975521	1	1	1	1	1	1	0.18657	0.522419	0.522419	1	1	
3.37287e-05	-nan	0.522492	0.975464	1	1	1	1	1	1	0.187041	0.522492	0.522492	1	1	
3.49945e-05	-nan	0.522566	0.975405	1	1	1	1	1	1	0.187513	0.522566	0.522566	1	1	
3.63078e-05	-nan	0.522643	0.975346	1	1	1	1	1	1	0.187987	0.522643	0.522643	1	1	
3.76704e-05	-nan	0.522722	0.975285	1	1	1	1	1	1	0.188462	0.522722	0.522722	1	1	
3.90841e-05	-nan	0.522803	0.975223	1	1	1	1	1	1	0.188939	0.522803	0.522803	1	1	
4.05509e-05	-nan	0.522887	0.97516	1	1	1	1	1	1	0.189416	0.522887	0.522887	1	1	
4.20727e-05	-nan	0.522973	0.975095	1	1	1	1	1	1	0.189895	0.522973	0.522973	1	1	
4.36516e-05	-nan	0.523062	0.975029	1	1	1	1	1	1	0.190375	0.523062	0.523062	1	1	
4.52898e-05	-nan	0.523153	0.974961	1	1	1	1	1	1	0.190857	0.523153	0.523153	1	1	
4.69894e-05	-nan	0.523246	0.974893	1	1	1	1	1	1	0.19134	0.523246	0.523246	1	1	
4.87528e-05	-nan	0.523343	0.974822	1	1	1	1	1	1	0.191824	0.523343	0.523343	1	1	
5.05825e-05	-nan	0.523442	0.974751	1	1	1	1	1	1	0.19231	0.523442	0.523442	1	1	
5.24807e-05	-nan	0.523544	0.974678	1	1	1	1	1	1	0.192797	0.523544	0.523544	1	1	
5.44503e-05	-nan	0.523649	0.974603	1	1	1	1	1	1	0.193285	0.523649	0.523649	1	1	
5.64937e-05	-nan	0.523757	0.974527	1	1	1	1	1	1	0.193775	0.523757	0.523757	1	1	
5.86138e-05	-nan	0.523868	0.974449	1	1	1	1	1	1	0.194266	0.523868	0.523868	1	1	
6.08135e-05	-nan	0.523982	0.97437	1	1	1	1	1	1	0.194758	0.523982	0.523982	1	1	
6.30957e-05	-nan	0.5241	0.974289	1	1	1	1	1	1	0.195252	0.5241	0.5241	1	1	
6.54636e-05	-nan	0.524221	0.974206	1	1	1	1	1	1	0.195747	0.524221	0.524221	1	1	
6.79204e-05	-nan	0.524345	0.974122	1	1	1	1	1	1	0.196244	0.524345	0.524345	1	1	
7.04693e-05	-nan	0.524473	0.974036	1	1	1	1	1	1	0.196742	0.524473	0.524473	1	1	
7.31139e-05	-nan	0.524605	0.973948	1	1	1	1	1	1	0.197241	0.524605	0.524605	1	1	
7.58578e-05	-nan	0.52474	0.973859	1	1	1	1	1	1	0.197742	0.52474	0.52474	1	1	
7.87046e-05	-nan	0.52488	0.973767	1	1	1	1	1	1	0.198244	0.52488	0.52488	1	1	
8.16582e-05	-nan	0.525023	0.973674	1	1	1	1	1	1	0.198748	0.525023	0.525023	1	1	
8.47227e-05	-nan	0.525171	0.973579	1	1	1	1	1	1	0.199253	0.525171	0.525171	1	1	
8.79023e-05	-nan	0.525323	0.973482	1	1	1	1	1	1	0.19976	0.525323	0.525323	1	1	
9.12011e-05	-nan	0.525479	0.973383	1	1	1	1	1	1	0.200268	0.525479	0.525479	1	1	
9.46237e-05	-nan	0.525639	0.973282	1	1	1	1	1	1	0.200778	0.525639	0.525639	1	1	
9.81748e-05	-nan	0.525805	0.97318	1	1	1	1	1	1	0.201289	0.525805	0.525805	1	1	
0.000101859	-nan	0.525975	0.973075	1	1	1	1	1	1	0.201802	0.525975	0.525975	1	1	
0.000105682	-nan	0.52615	0.972968	1	1	1	1	1	1	0.202317	0.52615	0.52615	1	1	
0.000109648	-nan	0.526329	0.972859	1	1	1	1	1	1	0.202832	0.526329	0.526329	1	1	
0.000113763	-nan	0.526515	0.972747	1	1	1	1	1	1	0.20335	0.526515	0.526515	1	1	
0.000118032	-nan	0.526705	0.972634	1	1	1	1	1	1	0.203869	0.526705	0.526705	1	1	
0.000122462	-nan	0.526901	0.972518	1	1	1	1	1	1	0.20439	0.526901	0.526901	1	1	
0.000127057	-nan	0.527102	0.9724	1	1	1	1	1	1	0.204912	0.527102	0.527102	1	1	
0.000131826	-nan	0.52731	0.97228	1	1	1	1	1	1	0.205436	0.52731	0.52731	1	1	
0.000136773	-nan	0.527523	0.972157	1	1	1	1	1	1	0.205962	0.527523	0.527523	1	1	
0.000141906	-nan	0.527742	0.972032	1	1	1	1	1	1	0.206489	0.527742	0.527742	1	1	
0.000147231	-nan	0.527968	0.971905	1	1	1	1	1	1	0.207018	0.527968	0.527968	1	1	
0.000152757	-nan	0.5282	0.971775	1	1	1	1	1	1	0.207549	0.5282	0.5282	1	1	
0.000158489	-nan	0.528439	0.971642	1	1	1	1	1	1	0.208081	0.528439	0.528439	1	1	
0.000164437	-nan	0.528684	0.971507	1	1	1	1	1	1	0.208615	0.528684	0.528684	1	1	
0.000170608	-nan	0.528937	0.97137	1	1	1	1	1	1	0.209151	0.528937	0.528937	1	1	
0.000177011	-nan	0.529197	0.97123	1	1	1	1	1	1	0.209689	0.529197	0.529197	1	1	
0.000183654	-nan	0.529464	0.971087	1	1	1	1	1	1	0.210229	0.529464	0.529464	1	1	
0.000190546	-nan	0.529739	0.970941	1	1	1	1	1	1	0.21077	0.529739	0.529739	1	1	
0.000197697	-nan	0.530022	0.970793	1	1	1	1	1	1	0.211314	0.530022	0.530022	1	1	
0.000205116	-nan	0.530313	0.970642	1	1	1	1	1	1	0.211859	0.530313	0.530313	1	1	
0.000212814	-nan	0.530613	0.970488	1	1	1	1	1	1	0.212406	0.530613	0.530613	1	1	
0.0002208	-nan	0.530921	0.970331	1	1	1	1	1	1	0.212955	0.530921	0.530921	1	1	
0.000229087	-nan	0.531237	0.970171	1	1	1	1	1	1	0.213506	0.531237	0.531237	1	1	
0.000237684	-nan	0.531563	0.970008	1	1	1	1	1	1	0.214059	0.531563	0.531563	1	1	
0.000246604	-nan	0.531898	0.969843	1	1	1	1	1	1	0.214614	0.531898	0.531898	1	1	
0.000255859	-nan	0.532243	0.969674	1	1	1	1	1	1	0.215171	0.532243	0.532243	1	1	
0.000265461	-nan	0.532597	0.969502	1	1	1	1	1	1	0.215731	0.532597	0.532597	1	1	
0.000275423	-nan	0.532962	0.969327	1	1	1	1	1	1	0.216292	0.532962	0.532962	1	1	
0.000285759	-nan	0.533337	0.969148	1	1	1	1	1	1	0.216856	0.533337	0.533337	1	1	
0.000296483	-nan	0.533722	0.968967	1	1	1	1	1	1	0.217421	0.533722	0.533722	1	1	
0.00030761	-nan	0.534119	0.968782	1	1	1	1	1	1	0.217989	0.534119	0.534119	1	1	
0.000319154	-nan	0.534527	0.968594	1	1	1	1	1	1	0.218559	0.534527	0.534527	1	1	
0.000331131	-nan	0.534947	0.968402	1	1	1	1	1	1	0.219132	0.534947	0.534947	1	1	
0.000343558	-nan	0.535378	0.968207	1	1	1	1	1	1	0.219707	0.535378	0.535378	1	1	
0.000356451	-nan	0.535822	0.968009	1	1	1	1	1	1	0.220284	0.535822	0.535822	1	1	
0.000369828	-nan	0.536278	0.967807	1	1	1	1	1	1	0.220864	0.536278	0.536278	1	1	
0.000383707	-nan	0.536748	0.967602	1	1	1	1	1	1	0.221446	0.536748	0.536748	1	1	
0.000398107	-nan	0.53723	0.967393	1	1	1	1	1	1	0.222031	0.53723	0.53723	1	1	
0.000413048	-nan	0.537727	0.96718	1	1	1	1	1	1	0.222618	0.537727	0.537727	1	1	
0.000428549	-nan	0.538237	0.966964	1	1	1	1	1	1	0.223208	0.538237	0.538237	1	1	
0.000444631	-nan	0.538762	0.966743	1	1	1	1	1	1	0.223801	0.538762	0.538762	1	1	
0.000461318	-nan	0.539302	0.96652	1	1	1	1	1	1	0.224396	0.539302	0.539302	1	1	
0.00047863	-nan	0.539857	0.966292	1	1	1	1	1	1	0.224994	0.539857	0.539857	1	1	
0.000496592	-nan	0.540428	0.96606	1	1	1	1	1	1	0.225595	0.540428	0.540428	1	1	
0.000515229	-nan	0.541014	0.965825	1	1	1	1	1	1	0.226199	0.541014	0.541014	1	1	
0.000534564	-nan	0.541618	0.965586	1	1	1	1	1	1	0.226806	0.541618	0.541618	1	1	
0.000554626	-nan	0.542238	0.965343	1	1	1	1	1	1	0.227416	0.542238	0.542238	1	1	
0.00057544	-nan	0.542876	0.965095	1	1	1	1	1	1	0.228029	0.542876	0.542876	1	1	
0.000597035	-nan	0.543532	0.964844	1	1	1	1	1	1	0.228645	0.543532	0.543532	1	1	
0.000619441	-nan	0.544206	0.964589	1	1	1	1	1	1	0.229264	0.544206	0.544206	1	1	
0.000642688	-nan	0.544899	0.964329	1	1	1	1	1	1	0.229886	0.544899	0.544899	1	1	
0.000666807	-nan	0.545612	0.964066	1	1	1	1	1	1	0.230512	0.545612	0.545612	1	1	
0.000691831	-nan	0.546345	0.963798	1	1	1	1	1	1	0.231142	0.546345	0.546345	1	1	
0.000717794	-nan	0.547098	0.963526	1	1	1	1	1	1	0.231774	0.547098	0.547098	1	1	
0.000744732	-nan	0.547872	0.96325	1	1	1	1	1	1	0.232411	0.547872	0.547872	1	1	
0.000772681	-nan	0.548668	0.962969	1	1	1	1	1	1	0.233051	0.548668	0.548668	1	1	
0.000801678	-nan	0.549486	0.962685	1	1	1	1	1	1	0.233695	0.549486	0.549486	1	1	
0.000831764	-nan	0.550327	0.962396	1	1	1	1	1	1	0.234342	0.550327	0.550327	1	1	
0.000862979	-nan	0.551191	0.962103	1	1	1	1	1	1	0.234994	0.551191	0.551191	1	1	
0.000895365	-nan	0.55208	0.961805	1	1	1	1	1	1	0.23565	0.55208	0.55208	1	1	
0.000928966	-nan	0.552992	0.961503	1	1	1	1	1	1	0.23631	0.552992	0.552992	1	1	
0.000963829	-nan	0.553931	0.961197	1	1	1	1	1	1	0.236974	0.553931	0.553931	1	1	
0.001	-nan	0.554895	0.960886	1	1	1	1	1	1	0.237642	0.554895	0.554895	1	1	
0.00103753	-nan	0.555886	0.960571	1	1	1	1	1	1	0.238315	0.555886	0.555886	1	1	
0.00107647	-nan	0.556904	0.960252	1	1	1	1	1	1	0.238992	0.556904	0.556904	1	1	
0.00111686	-nan	0.55795	0.959928	1	1	1	1	1	1	0.239674	0.55795	0.55795	1	1	
0.00115878	-nan	0.559025	0.9596	1	1	1	1	1	1	0.240361	0.559025	0.559025	1	1	
0.00120226	-nan	0.56013	0.959267	1	1	1	1	1	1	0.241053	0.56013	0.56013	1	1	
0.00124738	-nan	0.561264	0.958931	1	1	1	1	1	1	0.24175	0.561264	0.561264	1	1	
0.0012942	-nan	0.56243	0.958589	1	1	1	1	1	1	0.242452	0.56243	0.56243	1	1	
0.00134276	-nan	0.563628	0.958244	1	1	1	1	1	1	0.243159	0.563628	0.563628	1	1	
0.00139316	-nan	0.564858	0.957894	1	1	1	1	1	1	0.243872	0.564858	0.564858	1	1	
0.00144544	-nan	0.566121	0.95754	1	1	1	1	1	1	0.244591	0.566121	0.566121	1	1	
0.00149968	-nan	0.567419	0.957182	1	1	1	1	1	1	0.245315	0.567419	0.567419	1	1	
0.00155597	-nan	0.568752	0.95682	1	1	1	1	1	1	0.246045	0.568752	0.568752	1	1	
0.00161436	-nan	0.570121	0.956453	1	1	1	1	1	1	0.246781	0.570121	0.570121	1	1	
0.00167494	-nan	0.571526	0.956082	1	1	1	1	1	1	0.247524	0.571526	0.571526	1	1	
0.0017378	-nan	0.57297	0.955708	1	1	1	1	1	1	0.248273	0.57297	0.57297	1	1	
0.00180302	-nan	0.574452	0.955329	1	1	1	1	1	1	0.249028	0.574452	0.574452	1	1	
0.00187068	-nan	0.575973	0.954946	1	1	1	1	1	1	0.24979	0.575973	0.575973	1	1	
0.00194089	-nan	0.577535	0.95456	1	1	1	1	1	1	0.25056	0.577535	0.577535	1	1	
0.00201372	-nan	0.579139	0.95417	1	1	1	1	1	1	0.251336	0.579139	0.579139	1	1	
0.0020893	-nan	0.580785	0.953776	1	1	1	1	1	1	0.25212	0.580785	0.580785	1	1	
0.0021677	-nan	0.582474	0.953379	1	1	1	1	1	1	0.252911	0.582474	0.582474	1	1	
0.00224905	-nan	0.584208	0.952978	1	1	1	1	1	1	0.25371	0.584208	0.584208	1	1	
0.00233346	-nan	0.585987	0.952574	1	1	1	1	1	1	0.254517	0.585987	0.585987	1	1	
0.00242103	-nan	0.587812	0.952167	1	1	1	1	1	1	0.255333	0.587812	0.587812	1	1	
0.00251189	-nan	0.589685	0.951757	1	1	1	1	1	1	0.256157	0.589685	0.589685	1	1	
0.00260615	-nan	0.591607	0.951343	1	1	1	1	1	1	0.256989	0.591607	0.591607	1	1	
0.00270396	-nan	0.593577	0.950928	1	1	1	1	1	1	0.257831	0.593577	0.593577	1	1	
0.00280543	-nan	0.595599	0.950509	1	1	1	1	1	1	0.258682	0.595599	0.595599	1	1	
0.00291072	-nan	0.597672	0.950088	1	1	1	1	1	1	0.259542	0.597672	0.597672	1	1	
0.00301995	-nan	0.599798	0.949665	1	1	1	1	1	1	0.260413	0.599798	0.599798	1	1	
0.00313329	-nan	0.601978	0.949241	1	1	1	1	1	1	0.261293	0.601978	0.601978	1	1	
0.00325087	-nan	0.604212	0.948814	1	1	1	1	1	1	0.262184	0.604212	0.604212	1	1	
0.00337287	-nan	0.606503	0.948386	1	1	1	1	1	1	0.263085	0.606503	0.606503	1	1	
0.00349945	-nan	0.60885	0.947957	1	1	1	1	1	1	0.263998	0.60885	0.60885	1	1	
0.00363078	-nan	0.611256	0.947526	1	1	1	1	1	1	0.264922	0.611256	0.611256	1	1	
0.00376704	-nan	0.613721	0.947095	1	1	1	1	1	1	0.265857	0.613721	0.613721	1	1	
0.00390841	-nan	0.616247	0.946664	1	1	1	1	1	1	0.266805	0.616247	0.616247	1	1	
0.00405509	-nan	0.618833	0.946233	1	1	1	1	1	1	0.267765	0.618833	0.618833	1	1	
0.00420727	-nan	0.621483	0.945802	1	1	1	1	1	1	0.268738	0.621483	0.621483	1	1	
0.00436516	-nan	0.624196	0.945372	1	1	1	1	1	1	0.269724	0.624196	0.624196	1	1	
0.00452898	-nan	0.626973	0.944943	1	1	1	1	1	1	0.270723	0.626973	0.626973	1	1	
0.00469894	-nan	0.629817	0.944515	1	1	1	1	1	1	0.271737	0.629817	0.629817	1	1	
0.00487528	-nan	0.632727	0.944089	1	1	1	1	1	1	0.272765	0.632727	0.632727	1	1	
0.00505825	-nan	0.635704	0.943666	1	1	1	1	1	1	0.273807	0.635704	0.635704	1	1	
0.00524807	-nan	0.638751	0.943246	1	1	1	1	1	1	0.274865	0.638751	0.638751	1	1	
0.00544503	-nan	0.641867	0.942829	1	1	1	1	1	1	0.275939	0.641867	0.641867	1	1	
0.00564937	-nan	0.645053	0.942416	1	1	1	1	1	1	0.277029	0.645053	0.645053	1	1	
0.00586138	-nan	0.648312	0.942007	1	1	1	1	1	1	0.278136	0.648312	0.648312	1	1	
0.00608135	-nan	0.651642	0.941604	1	1	1	1	1	1	0.27926	0.651642	0.651642	1	1	
0.00630957	-nan	0.655046	0.941207	1	1	1	1	1	1	0.280401	0.655046	0.655046	1	1	
0.00654636	-nan	0.658524	0.940816	1	1	1	1	1	1	0.281561	0.658524	0.658524	1	1	
0.00679204	-nan	0.662076	0.940432	1	1	1	1	1	1	0.28274	0.662076	0.662076	1	1	
0.00704693	-nan	0.665704	0.940057	1	1	1	1	1	1	0.283938	0.665704	0.665704	1	1	
0.00731139	-nan	0.669408	0.939691	1	1	1	1	1	1	0.285157	0.669408	0.669408	1	1	
0.00758578	-nan	0.673188	0.939334	1	1	1	1	1	1	0.286395	0.673188	0.673188	1	1	
0.00787046	-nan	0.677045	0.938988	1	1	1	1	1	1	0.287655	0.677045	0.677045	1	1	
0.00816582	-nan	0.68098	0.938654	1	1	1	1	1	1	0.288937	0.68098	0.68098	1	1	
0.00847227	-nan	0.684993	0.938332	1	1	1	1	1	1	0.290242	0.684993	0.684993	1	1	
0.00879023	-nan	0.689083	0.938025	1	1	1	1	1	1	0.291569	0.689083	0.689083	1	1	
0.00912011	-nan	0.693252	0.937732	1	1	1	1	1	1	0.29292	0.693252	0.693252	1	1	
0.00946237	-nan	0.697499	0.937456	1	1	1	1	1	1	0.294296	0.697499	0.697499	1	1	
0.00981748	-nan	0.701825	0.937198	1	1	1	1	1	1	0.295698	0.701825	0.701825	1	1	
0.0101859	-nan	0.706228	0.936958	1	1	1	1	1	1	0.297125	0.706228	0.706228	1	1	
0.0105682	-nan	0.71071	0.93674	1	1	1	1	1	1	0.298579	0.71071	0.71071	1	1	
0.0109648	-nan	0.715268	0.936544	1	1	1	1	1	1	0.30006	0.715268	0.715268	1	1	
0.0113763	-nan	0.719904	0.936372	1	1	1	1	1	1	0.30157	0.719904	0.719904	1	1	
0.0118032	-nan	0.724617	0.936226	1	1	1	1	1	1	0.30311	0.724617	0.724617	1	1	
0.0122462	-nan	0.729404	0.936108	1	1	1	1	1	1	0.304679	0.729404	0.729404	1	1	
0.0127057	-nan	0.734267	0.936021	1	1	1	1	1	1	0.306279	0.734267	0.734267	1	1	
0.0131826	-nan	0.739203	0.935966	1	1	1	1	1	1	0.307911	0.739203	0.739203	1	1	
0.0136773	-nan	0.744212	0.935946	1	1	1	1	1	1	0.309575	0.744212	0.744212	1	1	
0.0141906	-nan	0.749291	0.935964	1	1	1	1	1	1	0.311273	0.749291	0.749291	1	1	
0.0147231	-nan	0.75444	0.936023	1	1	1	1	1	1	0.313006	0.75444	0.75444	1	1	
0.0152757	-nan	0.759657	0.936126	1	1	1	1	1	1	0.314773	0.759657	0.759657	1	1	
0.0158489	-nan	0.764939	0.936276	1	1	1	1	1	1	0.316577	0.764939	0.764939	1	1	
0.0164437	-nan	0.770285	0.936477	1	1	1	1	1	1	0.318419	0.770285	0.770285	1	1	
0.0170608	-nan	0.775692	0.936733	1	1	1	1	1	1	0.320298	0.775692	0.775692	1	1	
0.0177011	-nan	0.781158	0.937048	1	1	1	1	1	1	0.322217	0.781158	0.781158	1	1	
0.0183654	-nan	0.78668	0.937427	1	1	1	1	1	1	0.324176	0.78668	0.78668	1	1	
0.0190546	-nan	0.792255	0.937875	1	1	1	1	1	1	0.326176	0.792255	0.792255	1	1	
0.0197697	-nan	0.79788	0.938397	1	1	1	1	1	1	0.328218	0.79788	0.79788	1	1	
0.0205116	-nan	0.803552	0.939	1	1	1	1	1	1	0.330303	0.803552	0.803552	1	1	
0.0212814	-nan	0.809267	0.93969	1	1	1	1	1	1	0.332433	0.809267	0.809267	1	1	
0.02208	-nan	0.815021	0.940474	1	1	1	1	1	1	0.334607	0.815021	0.815021	1	1	
0.0229087	-nan	0.82081	0.941359	1	1	1	1	1	1	0.336827	0.82081	0.82081	1	1	
0.0237684	-nan	0.82663	0.942353	1	1	1	1	1	1	0.339094	0.82663	0.82663	1	1	
0.0246604	-nan	0.832477	0.943466	1	1	1	1	1	1	0.341409	0.832477	0.832477	1	1	
0.0255859	-nan	0.838346	0.944708	1	1	1	1	1	1	0.343773	0.838346	0.838346	1	1	
0.0265461	-nan	0.844231	0.946088	1	1	1	1	1	1	0.346186	0.844231	0.844231	1	1	
0.0275423	-nan	0.850128	0.947618	1	1	1	1	1	1	0.34865	0.850128	0.850128	1	1	
0.0285759	-nan	0.856032	0.94931	1	1	1	1	1	1	0.351164	0.856032	0.856032	1	1	
0.0296483	-nan	0.861937	0.951178	1	1	1	1	1	1	0.353731	0.861937	0.861937	1	1	
0.030761	-nan	0.867837	0.953235	1	1	1	1	1	1	0.356349	0.867837	0.867837	1	1	
0.0319154	-nan	0.873726	0.955497	1	1	1	1	1	1	0.359021	0.873726	0.873726	1	1	
0.0331131	-nan	0.879598	0.95798	1	1	1	1	1	1	0.361745	0.879598	0.879598	1	1	
0.0343558	-nan	0.885448	0.960701	1	1	1	1	1	1	0.364524	0.885448	0.885448	1	1	
0.0356451	-nan	0.891267	0.963679	1	1	1	1	1	1	0.367356	0.891267	0.891267	1	1	
0.0369828	-nan	0.897051	0.966933	1	1	1	1	1	1	0.370242	0.897051	0.897051	1	1	
0.0383707	-nan	0.902791	0.970484	1	1	1	1	1	1	0.373181	0.902791	0.902791	1	1	
0.0398107	-nan	0.908481	0.974353	1	1	1	1	1	1	0.376174	0.908481	0.908481	1	1	
0.0413048	-nan	0.914115	0.978562	1	1	1	1	1	1	0.379221	0.914115	0.914115	1	1	
0.0428549	-nan	0.919685	0.983135	1	1	1	1	1	1	0.382319	0.919685	0.919685	1	1	
0.0444631	-nan	0.925183	0.988094	1	1	1	1	1	1	0.385468	0.925183	0.925183	1	1	
0.0461318	-nan	0.930603	0.993464	1	1	1	1	1	1	0.388668	0.930603	0.930603	1	1	
0.047863	-nan	0.935937	0.999267	1	1	1	1	1	1	0.391916	0.935937	0.935937	1	1	
0.0496592	-nan	0.941178	1.00553	1	1	1	1	1	1	0.395211	0.941178	0.941178	1	1	
0.0515229	-nan	0.946319	1.01227	1	1	1	1	1	1	0.39855	0.946319	0.946319	1	1	
0.0534564	-nan	0.951352	1.01951	1	1	1	1	1	1	0.401931	0.951352	0.951352	1	1	
0.0554626	-nan	0.95627	1.02726	1	1	1	1	1	1	0.40535	0.95627	0.95627	1	1	
0.057544	-nan	0.961066	1.03556	1	1	1	1	1	1	0.408804	0.961066	0.961066	1	1	
0.0597035	-nan	0.965732	1.04439	1	1	1	1	1	1	0.412289	0.965732	0.965732	1	1	
0.0619441	-nan	0.970261	1.05379	1	1	1	1	1	1	0.4158	0.970261	0.970261	1	1	
0.0642688	-nan	0.974647	1.06374	1	1	1	1	1	1	0.419332	0.974647	0.974647	1	1	
0.0666807	-nan	0.978883	1.07424	1	1	1	1	1	1	0.422878	0.978883	0.978883	1	1	
0.0691831	-nan	0.982961	1.08529	1	1	1	1	1	1	0.426431	0.982961	0.982961	1	1	
0.0717794	-nan	0.986876	1.09687	1	1	1	1	1	1	0.429985	0.986876	0.986876	1	1	
0.0744732	-nan	0.990621	1.10896	1	1	1	1	1	1	0.43353	0.990621	0.990621	1	1	
0.0772681	-nan	0.99419	1.12152	1	1	1	1	1	1	0.437057	0.99419	0.99419	1	1	
0.0801678	-nan	0.997578	1.13452	1	1	1	1	1	1	0.440555	0.997578	0.997578	1	1	
0.0831764	-nan	1.00078	1.14791	1	1	1	1	1	1	0.444013	1.00078	1.00078	1	1	
0.0862979	-nan	1.00379	1.16164	1	1	1	1	1	1	0.447418	1.00379	1.00379	1	1	
0.0895365	-nan	1.0066	1.17565	1	1	1	1	1	1	0.450756	1.0066	1.0066	1	1	
0.0928966	-nan	1.0092	1.18987	1	1	1	1	1	1	0.454013	1.0092	1.0092	1	1	
0.0963829	-nan	1.01161	1.20423	1	1	1	1	1	1	0.457172	1.01161	1.01161	1	1	
0.1	-nan	1.0138	1.21867	1	1	1	1	1	1	0.460215	1.0138	1.0138	1	1	
0.103614	-nan	1.01571	1.2326	1	1	1	1	1	1	0.463021	1.01571	1.01571	1	1	
0.107229	-nan	1.01736	1.24599	1	1	1	1	1	1	0.465596	1.01736	1.01736	1	1	
0.110843	-nan	1.01877	1.25884	1	1	1	1	1	1	0.467944	1.01877	1.01877	1	1	
0.114458	-nan	1.01997	1.27115	1	1	1	1	1	1	0.470067	1.01997	1.01997	1	1	
0.118072	-nan	1.02097	1.28291	1	1	1	1	1	1	0.471971	1.02097	1.02097	1	1	
0.121687	-nan	1.02179	1.29414	1	1	1	1	1	1	0.473659	1.02179	1.02179	1	1	
0.125301	-nan	1.02244	1.30485	1	1	1	1	1	1	0.475136	1.02244	1.02244	1	1	
0.128916	-nan	1.02293	1.31506	1	1	1	1	1	1	0.476406	1.02293	1.02293	1	1	
0.13253	-nan	1.02327	1.3248	1	1	1	1	1	1	0.477476	1.02327	1.02327	1	1	
0.136145	-nan	1.02349	1.33408	1	1	1	1	1	1	0.478349	1.02349	1.02349	1	1	
0.139759	-nan	1.02358	1.34293	1	1	1	1	1	1	0.479033	1.02358	1.02358	1	1	
0.143373	-nan	1.02355	1.35137	1	1	1	1	1	1	0.479532	1.02355	1.02355	1	1	
0.146988	-nan	1.02343	1.35944	1	1	1	1	1	1	0.479853	1.02343	1.02343	1	1	
0.150602	-nan	1.0232	1.36715	1	1	1	1	1	1	0.480002	1.0232	1.0232	1	1	
0.154217	-nan	1.02289	1.37454	1	1	1	1	1	1	0.479987	1.02289	1.02289	1	1	
0.157831	-nan	1.02249	1.38161	1	1	1	1	1	1	0.479814	1.02249	1.02249	1	1	
0.161446	-nan	1.02201	1.38841	1	1	1	1	1	1	0.479491	1.02201	1.02201	1	1	
0.16506	-nan	1.02146	1.39494	1	1	1	1	1	1	0.479026	1.02146	1.02146	1	1	
0.168675	-nan	1.02085	1.40123	1	1	1	1	1	1	0.478425	1.02085	1.02085	1	1	
0.172289	-nan	1.02018	1.4073	1	1	1	1	1	1	0.477699	1.02018	1.02018	1	1	
0.175904	-nan	1.01945	1.41316	1	1	1	1	1	1	0.476854	1.01945	1.01945	1	1	
0.179518	-nan	1.01866	1.41883	1	1	1	1	1	1	0.475899	1.01866	1.01866	1	1	
0.183133	-nan	1.01783	1.42433	1	1	1	1	1	1	0.474843	1.01783	1.01783	1	1	
0.186747	-nan	1.01695	1.42967	1	1	1	1	1	1	0.473694	1.01695	1.01695	1	1	
0.190361	-nan	1.01604	1.43486	1	1	1	1	1	1	0.472462	1.01604	1.01604	1	1	
0.193976	-nan	1.01508	1.43991	1	1	1	1	1	1	0.471156	1.01508	1.01508	1	1	
0.19759	-nan	1.01409	1.44484	1	1	1	1	1	1	0.469785	1.01409	1.01409	1	1	
0.201205	-nan	1.01306	1.44966	1	1	1	1	1	1	0.468357	1.01306	1.01306	1	1	
0.204819	-nan	1.01201	1.45437	1	1	1	1	1	1	0.466882	1.01201	1.01201	1	1	
0.208434	-nan	1.01093	1.45898	1	1	1	1	1	1	0.465368	1.01093	1.01093	1	1	
0.212048	-nan	1.00982	1.46351	1	1	1	1	1	1	0.463826	1.00982	1.00982	1	1	
0.215663	-nan	1.00869	1.46794	1	1	1	1	1	1	0.462264	1.00869	1.00869	1	1	
0.219277	-nan	1.00754	1.47231	1	1	1	1	1	1	0.46069	1.00754	1.00754	1	1	
0.222892	-nan	1.00637	1.4766	1	1	1	1	1	1	0.459113	1.00637	1.00637	1	1	
0.226506	-nan	1.00518	1.48083	1	1	1	1	1	1	0.457543	1.00518	1.00518	1	1	
0.23012	-nan	1.00397	1.48499	1	1	1	1	1	1	0.455986	1.00397	1.00397	1	1	
0.233735	-nan	1.00275	1.4891	1	1	1	1	1	1	0.454452	1.00275	1.00275	1	1	
0.237349	-nan	1.00152	1.49315	1	1	1	1	1	1	0.452948	1.00152	1.00152	1	1	
0.240964	-nan	1.00027	1.49716	1	1	1	1	1	1	0.451481	1.00027	1.00027	1	1	
0.244578	-nan	0.999015	1.50112	1	1	1	1	1	1	0.45006	0.999015	0.999015	1	1	
0.248193	-nan	0.99775	1.50503	1	1	1	1	1	1	0.44869	0.99775	0.99775	1	1	
0.251807	-nan	0.996475	1.50891	1	1	1	1	1	1	0.44738	0.996475	0.996475	1	1	
0.255422	-nan	0.995194	1.51274	1	1	1	1	1	1	0.446134	0.995194	0.995194	1	1	
0.259036	-nan	0.993905	1.51654	1	1	1	1	1	1	0.44496	0.993905	0.993905	1	1	
0.262651	-nan	0.992612	1.52031	1	1	1	1	1	1	0.443863	0.992612	0.992612	1	1	
0.266265	-nan	0.991313	1.52404	1	1	1	1	1	1	0.442848	0.991313	0.991313	1	1	
0.26988	-nan	0.990011	1.52774	1	1	1	1	1	1	0.441921	0.990011	0.990011	1	1	
0.273494	-nan	0.988705	1.5314	1	1	1	1	1	1	0.441086	0.988705	0.988705	1	1	
0.277108	-nan	0.987397	1.53504	1	1	1	1	1	1	0.440348	0.987397	0.987397	1	1	
0.280723	-nan	0.986088	1.53866	1	1	1	1	1	1	0.439711	0.986088	0.986088	1	1	
0.284337	-nan	0.984777	1.54224	1	1	1	1	1	1	0.439178	0.984777	0.984777	1	1	
0.287952	-nan	0.983465	1.5458	1	1	1	1	1	1	0.438752	0.983465	0.983465	1	1	
0.291566	-nan	0.982154	1.54933	1	1	1	1	1	1	0.438438	0.982154	0.982154	1	1	
0.295181	-nan	0.980843	1.55284	1	1	1	1	1	1	0.438237	0.980843	0.980843	1	1	
0.298795	-nan	0.979533	1.55632	1	1	1	1	1	1	0.438153	0.979533	0.979533	1	1	
0.30241	-nan	0.978224	1.55979	1	1	1	1	1	1	0.438187	0.978224	0.978224	1	1	
0.306024	-nan	0.976918	1.56322	1	1	1	1	1	1	0.438342	0.976918	0.976918	1	1	
0.309639	-nan	0.975613	1.56664	1	1	1	1	1	1	0.438618	0.975613	0.975613	1	1	
0.313253	-nan	0.974312	1.57003	1	1	1	1	1	1	0.439018	0.974312	0.974312	1	1	
0.316867	-nan	0.973013	1.57341	1	1	1	1	1	1	0.439543	0.973013	0.973013	1	1	
0.320482	-nan	0.971718	1.57676	1	1	1	1	1	1	0.440193	0.971718	0.971718	1	1	
0.324096	-nan	0.970427	1.58009	1	1	1	1	1	1	0.44097	0.970427	0.970427	1	1	
0.327711	-nan	0.969139	1.58339	1	1	1	1	1	1	0.441873	0.969139	0.969139	1	1	
0.331325	-nan	0.967856	1.58668	1	1	1	1	1	1	0.442904	0.967856	0.967856	1	1	
0.33494	-nan	0.966577	1.58995	1	1	1	1	1	1	0.444062	0.966577	0.966577	1	1	
0.338554	-nan	0.965304	1.5932	1	1	1	1	1	1	0.445347	0.965304	0.965304	1	1	
0.342169	-nan	0.964035	1.59643	1	1	1	1	1	1	0.44676	0.964035	0.964035	1	1	
0.345783	-nan	0.962771	1.59963	1	1	1	1	1	1	0.4483	0.962771	0.962771	1	1	
0.349398	-nan	0.961513	1.60282	1	1	1	1	1	1	0.449967	0.961513	0.961513	1	1	
0.353012	-nan	0.960261	1.60599	1	1	1	1	1	1	0.451759	0.960261	0.960261	1	1	
0.356627	-nan	0.959014	1.60914	1	1	1	1	1	1	0.453677	0.959014	0.959014	1	1	
0.360241	-nan	0.957774	1.61227	1	1	1	1	1	1	0.45572	0.957774	0.957774	1	1	
0.363855	-nan	0.956539	1.61538	1	1	1	1	1	1	0.457887	0.956539	0.956539	1	1	
0.36747	-nan	0.955311	1.61847	1	1	1	1	1	1	0.460177	0.955311	0.955311	1	1	
0.371084	-nan	0.95409	1.62154	1	1	1	1	1	1	0.462588	0.95409	0.95409	1	1	
0.374699	-nan	0.952874	1.62459	1	1	1	1	1	1	0.465121	0.952874	0.952874	1	1	
0.378313	-nan	0.951666	1.62762	1	1	1	1	1	1	0.467774	0.951666	0.951666	1	1	
0.381928	-nan	0.950464	1.63064	1	1	1	1	1	1	0.470545	0.950464	0.950464	1	1	
0.385542	-nan	0.94927	1.63363	1	1	1	1	1	1	0.473433	0.94927	0.94927	1	1	
0.389157	-nan	0.948082	1.63661	1	1	1	1	1	1	0.476438	0.948082	0.948082	1	1	
0.392771	-nan	0.946901	1.63957	1	1	1	1	1	1	0.479558	0.946901	0.946901	1	1	
0.396386	-nan	0.945727	1.6425	1	1	1	1	1	1	0.482791	0.945727	0.945727	1	1	
0.4	-nan	0.944561	1.64542	1	1	1	1	1	1	0.486136	0.944561	0.944561	1	1	
0.403614	-nan	0.943402	1.64833	1	1	1	1	1	1	0.489592	0.943402	0.943402	1	1	
0.407229	-nan	0.94225	1.65121	1	1	1	1	1	1	0.493157	0.94225	0.94225	1	1	
0.410843	-nan	0.941106	1.65407	1	1	1	1	1	1	0.49683	0.941106	0.941106	1	1	
0.414458	-nan	0.939969	1.65692	1	1	1	1	1	1	0.500609	0.939969	0.939969	1	1	
0.418072	-nan	0.938839	1.65974	1	1	1	1	1	1	0.504493	0.938839	0.938839	1	1	
0.421687	-nan	0.937717	1.66255	1	1	1	1	1	1	0.508481	0.937717	0.937717	1	1	
0.425301	-nan	0.936603	1.66534	1	1	1	1	1	1	0.51257	0.936603	0.936603	1	1	
0.428916	-nan	0.935496	1.66811	1	1	1	1	1	1	0.51676	0.935496	0.935496	1	1	
0.43253	-nan	0.934397	1.67086	1	1	1	1	1	1	0.521048	0.934397	0.934397	1	1	
0.436145	-nan	0.933305	1.6736	1	1	1	1	1	1	0.525433	0.933305	0.933305	1	1	
0.439759	-nan	0.932221	1.67631	1	1	1	1	1	1	0.529914	0.932221	0.932221	1	1	
0.443373	-nan	0.931145	1.67901	1	1	1	1	1	1	0.534489	0.931145	0.931145	1	1	
0.446988	-nan	0.930076	1.68169	1	1	1	1	1	1	0.539157	0.930076	0.930076	1	1	
0.450602	-nan	0.929015	1.68435	1	1	1	1	1	1	0.543915	0.929015	0.929015	1	1	
0.454217	-nan	0.927962	1.68699	1	1	1	1	1	1	0.548763	0.927962	0.927962	1	1	
0.457831	-nan	0.926916	1.68962	1	1	1	1	1	1	0.553699	0.926916	0.926916	1	1	
0.461446	-nan	0.925878	1.69222	1	1	1	1	1	1	0.558721	0.925878	0.925878	1	1	
0.46506	-nan	0.924848	1.69481	1	1	1	1	1	1	0.563828	0.924848	0.924848	1	1	
0.468675	-nan	0.923825	1.69738	1	1	1	1	1	1	0.569017	0.923825	0.923825	1	1	
0.472289	-nan	0.92281	1.69994	1	1	1	1	1	1	0.574289	0.92281	0.92281	1	1	
0.475904	-nan	0.921803	1.70247	1	1	1	1	1	1	0.57964	0.921803	0.921803	1	1	
0.479518	-nan	0.920803	1.70499	1	1	1	1	1	1	0.58507	0.920803	0.920803	1	1	
0.483133	-nan	0.919811	1.70749	1	1	1	1	1	1	0.590576	0.919811	0.919811	1	1	
0.486747	-nan	0.918826	1.70997	1	1	1	1	1	1	0.596158	0.918826	0.918826	1	1	
0.490361	-nan	0.917849	1.71244	1	1	1	1	1	1	0.601814	0.917849	0.917849	1	1	
0.493976	-nan	0.91688	1.71488	1	1	1	1	1	1	0.607542	0.91688	0.91688	1	1	
0.49759	-nan	0.915918	1.71731	1	1	1	1	1	1	0.613341	0.915918	0.915918	1	1	
0.501205	-nan	0.914963	1.71972	1	1	1	1	1	1	0.619209	0.914963	0.914963	1	1	
0.504819	-nan	0.914016	1.72212	1	1	1	1	1	1	0.625144	0.914016	0.914016	1	1	
0.508434	-nan	0.913076	1.7245	1	1	1	1	1	1	0.631146	0.913076	0.913076	1	1	
0.512048	-nan	0.912144	1.72686	1	1	1	1	1	1	0.637212	0.912144	0.912144	1	1	
0.515663	-nan	0.911219	1.7292	1	1	1	1	1	1	0.643341	0.911219	0.911219	1	1	
0.519277	-nan	0.910302	1.73153	1	1	1	1	1	1	0.649531	0.910302	0.910302	1	1	
0.522892	-nan	0.909391	1.73384	1	1	1	1	1	1	0.655782	0.909391	0.909391	1	1	
0.526506	-nan	0.908488	1.73613	1	1	1	1	1	1	0.662091	0.908488	0.908488	1	1	
0.53012	-nan	0.907592	1.73841	1	1	1	1	1	1	0.668457	0.907592	0.907592	1	1	
0.533735	-nan	0.906704	1.74067	1	1	1	1	1	1	0.674879	0.906704	0.906704	1	1	
0.537349	-nan	0.905822	1.74291	1	1	1	1	1	1	0.681354	0.905822	0.905822	1	1	
0.540964	-nan	0.904948	1.74514	1	1	1	1	1	1	0.687882	0.904948	0.904948	1	1	
0.544578	-nan	0.904081	1.74735	1	1	1	1	1	1	0.694461	0.904081	0.904081	1	1	
0.548193	-nan	0.903221	1.74954	1	1	1	1	1	1	0.701089	0.903221	0.903221	1	1	
0.551807	-nan	0.902368	1.75172	1	1	1	1	1	1	0.707766	0.902368	0.902368	1	1	
0.555422	-nan	0.901521	1.75388	1	1	1	1	1	1	0.714489	0.901521	0.901521	1	1	
0.559036	-nan	0.900682	1.75603	1	1	1	1	1	1	0.721257	0.900682	0.900682	1	1	
0.562651	-nan	0.89985	1.75816	1	1	1	1	1	1	0.728069	0.89985	0.89985	1	1	
0.566265	-nan	0.899024	1.76027	1	1	1	1	1	1	0.734924	0.899024	0.899024	1	1	
0.56988	-nan	0.898205	1.76237	1	1	1	1	1	1	0.741818	0.898205	0.898205	1	1	
0.573494	-nan	0.897393	1.76445	1	1	1	1	1	1	0.748753	0.897393	0.897393	1	1	
0.577108	-nan	0.896588	1.76651	1	1	1	1	1	1	0.755725	0.896588	0.896588	1	1	
0.580723	-nan	0.895789	1.76856	1	1	1	1	1	1	0.762734	0.895789	0.895789	1	1	
0.584337	-nan	0.894997	1.7706	1	1	1	1	1	1	0.769778	0.894997	0.894997	1	1	
0.587952	-nan	0.894211	1.77262	1	1	1	1	1	1	0.776856	0.894211	0.894211	1	1	
0.591566	-nan	0.893432	1.77462	1	1	1	1	1	1	0.783966	0.893432	0.893432	1	1	
0.595181	-nan	0.89266	1.77661	1	1	1	1	1	1	0.791107	0.89266	0.89266	1	1	
0.598795	-nan	0.891894	1.77858	1	1	1	1	1	1	0.798277	0.891894	0.891894	1	1	
0.60241	-nan	0.891134	1.78054	1	1	1	1	1	1	0.805476	0.891134	0.891134	1	1	
0.606024	-nan	0.890381	1.78248	1	1	1	1	1	1	0.812702	0.890381	0.890381	1	1	
0.609639	-nan	0.889633	1.78441	1	1	1	1	1	1	0.819953	0.889633	0.889633	1	1	
0.613253	-nan	0.888893	1.78632	1	1	1	1	1	1	0.827228	0.888893	0.888893	1	1	
0.616867	-nan	0.888158	1.78822	1	1	1	1	1	1	0.834526	0.888158	0.888158	1	1	
0.620482	-nan	0.887429	1.79011	1	1	1	1	1	1	0.841846	0.887429	0.887429	1	1	
0.624096	-nan	0.886707	1.79198	1	1	1	1	1	1	0.849186	0.886707	0.886707	1	1	
0.627711	-nan	0.885991	1.79383	1	1	1	1	1	1	0.856545	0.885991	0.885991	1	1	
0.631325	-nan	0.885281	1.79567	1	1	1	1	1	1	0.863922	0.885281	0.885281	1	1	
0.63494	-nan	0.884576	1.7975	1	1	1	1	1	1	0.871315	0.884576	0.884576	1	1	
0.638554	-nan	0.883878	1.79931	1	1	1	1	1	1	0.878723	0.883878	0.883878	1	1	
0.642169	-nan	0.883185	1.80111	1	1	1	1	1	1	0.886145	0.883185	0.883185	1	1	
0.645783	-nan	0.882499	1.80289	1	1	1	1	1	1	0.89358	0.882499	0.882499	1	1	
0.649398	-nan	0.881818	1.80466	1	1	1	1	1	1	0.901027	0.881818	0.881818	1	1	
0.653012	-nan	0.881143	1.80641	1	1	1	1	1	1	0.908483	0.881143	0.881143	1	1	
0.656627	-nan	0.880473	1.80816	1	1	1	1	1	1	0.915949	0.880473	0.880473	1	1	
0.660241	-nan	0.879809	1.80988	1	1	1	1	1	1	0.923422	0.879809	0.879809	1	1	
0.663855	-nan	0.879151	1.8116	1	1	1	1	1	1	0.930903	0.879151	0.879151	1	1	
0.66747	-nan	0.878498	1.8133	1	1	1	1	1	1	0.938389	0.878498	0.878498	1	1	
0.671084	-nan	0.877851	1.81499	1	1	1	1	1	1	0.945879	0.877851	0.877851	1	1	
0.674699	-nan	0.87721	1.81666	1	1	1	1	1	1	0.953372	0.87721	0.87721	1	1	
0.678313	-nan	0.876573	1.81832	1	1	1	1	1	1	0.960868	0.876573	0.876573	1	1	
0.681928	-nan	0.875942	1.81997	1	1	1	1	1	1	0.968365	0.875942	0.875942	1	1	
0.685542	-nan	0.875317	1.8216	1	1	1	1	1	1	0.975862	0.875317	0.875317	1	1	
0.689157	-nan	0.874697	1.82322	1	1	1	1	1	1	0.983358	0.874697	0.874697	1	1	
0.692771	-nan	0.874082	1.82483	1	1	1	1	1	1	0.990852	0.874082	0.874082	1	1	
0.696386	-nan	0.873472	1.82643	1	1	1	1	1	1	0.998342	0.873472	0.873472	1	1	
0.7	-nan	0.872867	1.82801	1	1	1	1	1	1	1.00583	0.872867	0.872867	1	1	
0.703614	-nan	0.872268	1.82958	1	1	1	1	1	1	1.01331	0.872268	0.872268	1	1	
0.707229	-nan	0.871673	1.83114	1	1	1	1	1	1	1.02079	0.871673	0.871673	1	1	
0.710843	-nan	0.871084	1.83268	1	1	1	1	1	1	1.02825	0.871084	0.871084	1	1	
0.714458	-nan	0.870499	1.83421	1	1	1	1	1	1	1.03571	0.870499	0.870499	1	1	
0.718072	-nan	0.86992	1.83573	1	1	1	1	1	1	1.04316	0.86992	0.86992	1	1	
0.721687	-nan	0.869345	1.83724	1	1	1	1	1	1	1.05061	0.869345	0.869345	1	1	
0.725301	-nan	0.868775	1.83873	1	1	1	1	1	1	1.05804	0.868775	0.868775	1	1	
0.728916	-nan	0.868211	1.84022	1	1	1	1	1	1	1.06545	0.868211	0.868211	1	1	
0.73253	-nan	0.86765	1.84169	1	1	1	1	1	1	1.07286	0.86765	0.86765	1	1	
0.736145	-nan	0.867095	1.84315	1	1	1	1	1	1	1.08025	0.867095	0.867095	1	1	
0.739759	-nan	0.866544	1.84459	1	1	1	1	1	1	1.08763	0.866544	0.866544	1	1	
0.743373	-nan	0.865998	1.84603	1	1	1	1	1	1	1.09499	0.865998	0.865998	1	1	
0.746988	-nan	0.865457	1.84745	1	1	1	1	1	1	1.10234	0.865457	0.865457	1	1	
0.750602	-nan	0.86492	1.84886	1	1	1	1	1	1	1.10967	0.86492	0.86492	1	1	
0.754217	-nan	0.864387	1.85026	1	1	1	1	1	1	1.11698	0.864387	0.864387	1	1	
0.757831	-nan	0.86386	1.85165	1	1	1	1	1	1	1.12428	0.86386	0.86386	1	1	
0.761446	-nan	0.863336	1.85303	1	1	1	1	1	1	1.13155	0.863336	0.863336	1	1	
0.76506	-nan	0.862817	1.85439	1	1	1	1	1	1	1.13881	0.862817	0.862817	1	1	
0.768675	-nan	0.862303	1.85575	1	1	1	1	1	1	1.14604	0.862303	0.862303	1	1	
0.772289	-nan	0.861792	1.85709	1	1	1	1	1	1	1.15326	0.861792	0.861792	1	1	
0.775904	-nan	0.861286	1.85842	1	1	1	1	1	1	1.16045	0.861286	0.861286	1	1	
0.779518	-nan	0.860785	1.85974	1	1	1	1	1	1	1.16762	0.860785	0.860785	1	1	
0.783133	-nan	0.860287	1.86105	1	1	1	1	1	1	1.17476	0.860287	0.860287	1	1	
0.786747	-nan	0.859794	1.86235	1	1	1	1	1	1	1.18189	0.859794	0.859794	1	1	
0.790361	-nan	0.859305	1.86364	1	1	1	1	1	1	1.18898	0.859305	0.859305	1	1	
0.793976	-nan	0.85882	1.86492	1	1	1	1	1	1	1.19606	0.85882	0.85882	1	1	
0.79759	-nan	0.858339	1.86619	1	1	1	1	1	1	1.2031	0.858339	0.858339	1	1	
0.801205	-nan	0.857862	1.86744	1	1	1	1	1	1	1.21013	0.857862	0.857862	1	1	
0.804819	-nan	0.857389	1.86869	1	1	1	1	1	1	1.21712	0.857389	0.857389	1	1	
0.808434	-nan	0.85692	1.86992	1	1	1	1	1	1	1.22409	0.85692	0.85692	1	1	
0.812048	-nan	0.856455	1.87115	1	1	1	1	1	1	1.23103	0.856455	0.856455	1	1	
0.815663	-nan	0.855994	1.87236	1	1	1	1	1	1	1.23794	0.855994	0.855994	1	1	
0.819277	-nan	0.855537	1.87357	1	1	1	1	1	1	1.24482	0.855537	0.855537	1	1	
0.822892	-nan	0.855083	1.87476	1	1	1	1	1	1	1.25168	0.855083	0.855083	1	1	
0.826506	-nan	0.854634	1.87594	1	1	1	1	1	1	1.2585	0.854634	0.854634	1	1	
0.83012	-nan	0.854188	1.87712	1	1	1	1	1	1	1.26529	0.854188	0.854188	1	1	
0.833735	-nan	0.853746	1.87828	1	1	1	1	1	1	1.27206	0.853746	0.853746	1	1	
0.837349	-nan	0.853307	1.87944	1	1	1	1	1	1	1.27879	0.853307	0.853307	1	1	
0.840964	-nan	0.852873	1.88058	1	1	1	1	1	1	1.28549	0.852873	0.852873	1	1	
0.844578	-nan	0.852442	1.88171	1	1	1	1	1	1	1.29216	0.852442	0.852442	1	1	
0.848193	-nan	0.852014	1.88284	1	1	1	1	1	1	1.2988	0.852014	0.852014	1	1	
0.851807	-nan	0.85159	1.88395	1	1	1	1	1	1	1.3054	0.85159	0.85159	1	1	
0.855422	-nan	0.85117	1.88506	1	1	1	1	1	1	1.31197	0.85117	0.85117	1	1	
0.859036	-nan	0.850753	1.88616	1	1	1	1	1	1	1.31851	0.850753	0.850753	1	1	
0.862651	-nan	0.850339	1.88724	1	1	1	1	1	1	1.32502	0.850339	0.850339	1	1	
0.866265	-nan	0.849929	1.88832	1	1	1	1	1	1	1.33149	0.849929	0.849929	1	1	
0.86988	-nan	0.849523	1.88939	1	1	1	1	1	1	1.33793	0.849523	0.849523	1	1	
0.873494	-nan	0.84912	1.89045	1	1	1	1	1	1	1.34434	0.84912	0.84912	1	1	
0.877108	-nan	0.84872	1.8915	1	1	1	1	1	1	1.3507	0.84872	0.84872	1	1	
0.880723	-nan	0.848324	1.89254	1	1	1	1	1	1	1.35704	0.848324	0.848324	1	1	
0.884337	-nan	0.84793	1.89357	1	1	1	1	1	1	1.36334	0.84793	0.84793	1	1	
0.887952	-nan	0.84754	1.89459	1	1	1	1	1	1	1.36961	0.84754	0.84754	1	1	
0.891566	-nan	0.847154	1.8956	1	1	1	1	1	1	1.37583	0.847154	0.847154	1	1	
0.895181	-nan	0.84677	1.89661	1	1	1	1	1	1	1.38203	0.84677	0.84677	1	1	
0.898795	-nan	0.84639	1.8976	1	1	1	1	1	1	1.38819	0.84639	0.84639	1	1	
0.90241	-nan	0.846013	1.89859	1	1	1	1	1	1	1.39431	0.846013	0.846013	1	1	
0.906024	-nan	0.845639	1.89957	1	1	1	1	1	1	1.4004	0.845639	0.845639	1	1	
0.909639	-nan	0.845268	1.90054	1	1	1	1	1	1	1.40645	0.845268	0.845268	1	1	
0.913253	-nan	0.8449	1.9015	1	1	1	1	1	1	1.41246	0.8449	0.8449	1	1	
0.916867	-nan	0.844535	1.90245	1	1	1	1	1	1	1.41844	0.844535	0.844535	1	1	
0.920482	-nan	0.844174	1.9034	1	1	1	1	1	1	1.42438	0.844174	0.844174	1	1	
0.924096	-nan	0.843815	1.90433	1	1	1	1	1	1	1.43029	0.843815	0.843815	1	1	
0.927711	-nan	0.843459	1.90526	1	1	1	1	1	1	1.43615	0.843459	0.843459	1	1	
0.931325	-nan	0.843106	1.90618	1	1	1	1	1	1	1.44198	0.843106	0.843106	1	1	
0.93494	-nan	0.842756	1.90709	1	1	1	1	1	1	1.44778	0.842756	0.842756	1	1	
0.938554	-nan	0.842409	1.908	1	1	1	1	1	1	1.45354	0.842409	0.842409	1	1	
0.942169	-nan	0.842065	1.90889	1	1	1	1	1	1	1.45926	0.842065	0.842065	1	1	
0.945783	-nan	0.841724	1.90978	1	1	1	1	1	1	1.46494	0.841724	0.841724	1	1	
0.949398	-nan	0.841385	1.91066	1	1	1	1	1	1	1.47059	0.841385	0.841385	1	1	
0.953012	-nan	0.841049	1.91153	1	1	1	1	1	1	1.47619	0.841049	0.841049	1	1	
0.956627	-nan	0.840716	1.9124	1	1	1	1	1	1	1.48177	0.840716	0.840716	1	1	
0.960241	-nan	0.840386	1.91325	1	1	1	1	1	1	1.4873	0.840386	0.840386	1	1	
0.963855	-nan	0.840058	1.9141	1	1	1	1	1	1	1.4928	0.840058	0.840058	1	1	
0.96747	-nan	0.839734	1.91494	1	1	1	1	1	1	1.49826	0.839734	0.839734	1	1	
0.971084	-nan	0.839411	1.91577	1	1	1	1	1	1	1.50368	0.839411	0.839411	1	1	
0.974699	-nan	0.839092	1.9166	1	1	1	1	1	1	1.50907	0.839092	0.839092	1	1	
0.978313	-nan	0.838775	1.91742	1	1	1	1	1	1	1.51442	0.838775	0.838775	1	1	
0.981928	-nan	0.838461	1.91823	1	1	1	1	1	1	1.51973	0.838461	0.838461	1	1	
0.985542	-nan	0.838149	1.91903	1	1	1	1	1	1	1.52501	0.838149	0.838149	1	1	
0.989157	-nan	0.83784	1.91983	1	1	1	1	1	1	1.53025	0.83784	0.83784	1	1	
0.992771	-nan	0.837533	1.92062	1	1	1	1	1	1	1.53545	0.837533	0.837533	1	1	
0.996386	-nan	0.837229	1.9214	1	1	1	1	1	1	1.54062	0.837229	0.837229	1	1	
1	-nan	-nan	-nan	-nan	-nan	-nan	-nan	-nan	-nan	-nan	-nan	-nan	-nan	-nan	
