1e-05	-nan	0.567987	0.356056	1	1	1	1	1	1	0.0502463	0.567987	0.567987	1	1	
1.03753e-05	-nan	0.568077	0.355936	1	1	1	1	1	1	0.0502426	0.568077	0.568077	1	1	
1.07647e-05	-nan	0.568167	0.35582	1	1	1	1	1	1	0.0502388	0.568167	0.568167	1	1	
1.11686e-05	-nan	0.568259	0.355706	1	1	1	1	1	1	0.050235	0.568259	0.568259	1	1	
1.15878e-05	-nan	0.568352	0.355595	1	1	1	1	1	1	0.0502311	0.568352	0.568352	1	1	
1.20226e-05	-nan	0.568446	0.355487	1	1	1	1	1	1	0.0502271	0.568446	0.568446	1	1	
1.24738e-05	-nan	0.568541	0.355382	1	1	1	1	1	1	0.0502231	0.568541	0.568541	1	1	
1.2942e-05	-nan	0.568638	0.35528	1	1	1	1	1	1	0.0502191	0.568638	0.568638	1	1	
1.34276e-05	-nan	0.568736	0.355181	1	1	1	1	1	1	0.0502149	0.568736	0.568736	1	1	
1.39316e-05	-nan	0.568835	0.355085	1	1	1	1	1	1	0.0502107	0.568835	0.568835	1	1	
1.44544e-05	-nan	0.568935	0.354992	1	1	1	1	1	1	0.0502065	0.568935	0.568935	1	1	
1.49968e-05	-nan	0.569036	0.354903	1	1	1	1	1	1	0.0502022	0.569036	0.569036	1	1	
1.55597e-05	-nan	0.569139	0.354816	1	1	1	1	1	1	0.0501978	0.569139	0.569139	1	1	
1.61436e-05	-nan	0.569244	0.354733	1	1	1	1	1	1	0.0501933	0.569244	0.569244	1	1	
1.67494e-05	-nan	0.569349	0.354652	1	1	1	1	1	1	0.0501888	0.569349	0.569349	1	1	
1.7378e-05	-nan	0.569456	0.354575	1	1	1	1	1	1	0.0501842	0.569456	0.569456	1	1	
1.80302e-05	-nan	0.569565	0.354502	1	1	1	1	1	1	0.0501796	0.569565	0.569565	1	1	
1.87068e-05	-nan	0.569675	0.354431	1	1	1	1	1	1	0.0501749	0.569675	0.569675	1	1	
1.94089e-05	-nan	0.569787	0.354365	1	1	1	1	1	1	0.0501701	0.569787	0.569787	1	1	
2.01372e-05	-nan	0.5699	0.354301	1	1	1	1	1	1	0.0501652	0.5699	0.5699	1	1	
2.0893e-05	-nan	0.570014	0.354241	1	1	1	1	1	1	0.0501602	0.570014	0.570014	1	1	
2.1677e-05	-nan	0.57013	0.354185	1	1	1	1	1	1	0.0501552	0.57013	0.57013	1	1	
2.24905e-05	-nan	0.570248	0.354132	1	1	1	1	1	1	0.0501501	0.570248	0.570248	1	1	
2.33346e-05	-nan	0.570368	0.354082	1	1	1	1	1	1	0.0501449	0.570368	0.570368	1	1	
2.42103e-05	-nan	0.570489	0.354037	1	1	1	1	1	1	0.0501397	0.570489	0.570489	1	1	
2.51189e-05	-nan	0.570612	0.353995	1	1	1	1	1	1	0.0501343	0.570612	0.570612	1	1	
2.60615e-05	-nan	0.570737	0.353957	1	1	1	1	1	1	0.0501289	0.570737	0.570737	1	1	
2.70396e-05	-nan	0.570863	0.353922	1	1	1	1	1	1	0.0501234	0.570863	0.570863	1	1	
2.80543e-05	-nan	0.570992	0.353892	1	1	1	1	1	1	0.0501178	0.570992	0.570992	1	1	
2.91072e-05	-nan	0.571122	0.353865	1	1	1	1	1	1	0.0501121	0.571122	0.571122	1	1	
3.01995e-05	-nan	0.571254	0.353843	1	1	1	1	1	1	0.0501063	0.571254	0.571254	1	1	
3.13329e-05	-nan	0.571388	0.353824	1	1	1	1	1	1	0.0501005	0.571388	0.571388	1	1	
3.25087e-05	-nan	0.571524	0.35381	1	1	1	1	1	1	0.0500945	0.571524	0.571524	1	1	
3.37287e-05	-nan	0.571663	0.353799	1	1	1	1	1	1	0.0500884	0.571663	0.571663	1	1	
3.49945e-05	-nan	0.571803	0.353793	1	1	1	1	1	1	0.0500823	0.571803	0.571803	1	1	
3.63078e-05	-nan	0.571945	0.353791	1	1	1	1	1	1	0.0500761	0.571945	0.571945	1	1	
3.76704e-05	-nan	0.57209	0.353794	1	1	1	1	1	1	0.0500697	0.57209	0.57209	1	1	
3.90841e-05	-nan	0.572237	0.3538	1	1	1	1	1	1	0.0500633	0.572237	0.572237	1	1	
4.05509e-05	-nan	0.572386	0.353811	1	1	1	1	1	1	0.0500567	0.572386	0.572386	1	1	
4.20727e-05	-nan	0.572537	0.353827	1	1	1	1	1	1	0.0500501	0.572537	0.572537	1	1	
4.36516e-05	-nan	0.572691	0.353847	1	1	1	1	1	1	0.0500433	0.572691	0.572691	1	1	
4.52898e-05	-nan	0.572848	0.353872	1	1	1	1	1	1	0.0500364	0.572848	0.572848	1	1	
4.69894e-05	-nan	0.573006	0.353902	1	1	1	1	1	1	0.0500294	0.573006	0.573006	1	1	
4.87528e-05	-nan	0.573168	0.353936	1	1	1	1	1	1	0.0500224	0.573168	0.573168	1	1	
5.05825e-05	-nan	0.573331	0.353975	1	1	1	1	1	1	0.0500151	0.573331	0.573331	1	1	
5.24807e-05	-nan	0.573498	0.354019	1	1	1	1	1	1	0.0500078	0.573498	0.573498	1	1	
5.44503e-05	-nan	0.573667	0.354068	1	1	1	1	1	1	0.0500004	0.573667	0.573667	1	1	
5.64937e-05	-nan	0.573839	0.354122	1	1	1	1	1	1	0.0499928	0.573839	0.573839	1	1	
5.86138e-05	-nan	0.574014	0.354181	1	1	1	1	1	1	0.0499851	0.574014	0.574014	1	1	
6.08135e-05	-nan	0.574192	0.354246	1	1	1	1	1	1	0.0499773	0.574192	0.574192	1	1	
6.30957e-05	-nan	0.574372	0.354316	1	1	1	1	1	1	0.0499694	0.574372	0.574372	1	1	
6.54636e-05	-nan	0.574556	0.354391	1	1	1	1	1	1	0.0499613	0.574556	0.574556	1	1	
6.79204e-05	-nan	0.574743	0.354471	1	1	1	1	1	1	0.0499531	0.574743	0.574743	1	1	
7.04693e-05	-nan	0.574933	0.354557	1	1	1	1	1	1	0.0499447	0.574933	0.574933	1	1	
7.31139e-05	-nan	0.575126	0.354649	1	1	1	1	1	1	0.0499362	0.575126	0.575126	1	1	
7.58578e-05	-nan	0.575323	0.354746	1	1	1	1	1	1	0.0499276	0.575323	0.575323	1	1	
7.87046e-05	-nan	0.575522	0.354849	1	1	1	1	1	1	0.0499189	0.575522	0.575522	1	1	
8.16582e-05	-nan	0.575726	0.354958	1	1	1	1	1	1	0.0499099	0.575726	0.575726	1	1	
8.47227e-05	-nan	0.575933	0.355073	1	1	1	1	1	1	0.0499009	0.575933	0.575933	1	1	
8.79023e-05	-nan	0.576143	0.355194	1	1	1	1	1	1	0.0498917	0.576143	0.576143	1	1	
9.12011e-05	-nan	0.576357	0.355321	1	1	1	1	1	1	0.0498823	0.576357	0.576357	1	1	
9.46237e-05	-nan	0.576575	0.355455	1	1	1	1	1	1	0.0498728	0.576575	0.576575	1	1	
9.81748e-05	-nan	0.576797	0.355595	1	1	1	1	1	1	0.0498631	0.576797	0.576797	1	1	
0.000101859	-nan	0.577023	0.355741	1	1	1	1	1	1	0.0498532	0.577023	0.577023	1	1	
0.000105682	-nan	0.577253	0.355894	1	1	1	1	1	1	0.0498432	0.577253	0.577253	1	1	
0.000109648	-nan	0.577487	0.356053	1	1	1	1	1	1	0.049833	0.577487	0.577487	1	1	
0.000113763	-nan	0.577725	0.35622	1	1	1	1	1	1	0.0498226	0.577725	0.577725	1	1	
0.000118032	-nan	0.577967	0.356393	1	1	1	1	1	1	0.0498121	0.577967	0.577967	1	1	
0.000122462	-nan	0.578214	0.356573	1	1	1	1	1	1	0.0498014	0.578214	0.578214	1	1	
0.000127057	-nan	0.578466	0.356761	1	1	1	1	1	1	0.0497904	0.578466	0.578466	1	1	
0.000131826	-nan	0.578722	0.356956	1	1	1	1	1	1	0.0497793	0.578722	0.578722	1	1	
0.000136773	-nan	0.578983	0.357158	1	1	1	1	1	1	0.0497681	0.578983	0.578983	1	1	
0.000141906	-nan	0.579249	0.357367	1	1	1	1	1	1	0.0497566	0.579249	0.579249	1	1	
0.000147231	-nan	0.57952	0.357585	1	1	1	1	1	1	0.0497449	0.57952	0.57952	1	1	
0.000152757	-nan	0.579796	0.35781	1	1	1	1	1	1	0.049733	0.579796	0.579796	1	1	
0.000158489	-nan	0.580077	0.358042	1	1	1	1	1	1	0.0497209	0.580077	0.580077	1	1	
0.000164437	-nan	0.580363	0.358283	1	1	1	1	1	1	0.0497086	0.580363	0.580363	1	1	
0.000170608	-nan	0.580655	0.358533	1	1	1	1	1	1	0.049696	0.580655	0.580655	1	1	
0.000177011	-nan	0.580953	0.35879	1	1	1	1	1	1	0.0496833	0.580953	0.580953	1	1	
0.000183654	-nan	0.581256	0.359056	1	1	1	1	1	1	0.0496703	0.581256	0.581256	1	1	
0.000190546	-nan	0.581565	0.359331	1	1	1	1	1	1	0.0496571	0.581565	0.581565	1	1	
0.000197697	-nan	0.58188	0.359614	1	1	1	1	1	1	0.0496436	0.58188	0.58188	1	1	
0.000205116	-nan	0.582202	0.359906	1	1	1	1	1	1	0.04963	0.582202	0.582202	1	1	
0.000212814	-nan	0.582529	0.360208	1	1	1	1	1	1	0.049616	0.582529	0.582529	1	1	
0.0002208	-nan	0.582863	0.360519	1	1	1	1	1	1	0.0496018	0.582863	0.582863	1	1	
0.000229087	-nan	0.583204	0.360839	1	1	1	1	1	1	0.0495874	0.583204	0.583204	1	1	
0.000237684	-nan	0.583552	0.361168	1	1	1	1	1	1	0.0495727	0.583552	0.583552	1	1	
0.000246604	-nan	0.583906	0.361508	1	1	1	1	1	1	0.0495577	0.583906	0.583906	1	1	
0.000255859	-nan	0.584268	0.361857	1	1	1	1	1	1	0.0495425	0.584268	0.584268	1	1	
0.000265461	-nan	0.584636	0.362217	1	1	1	1	1	1	0.049527	0.584636	0.584636	1	1	
0.000275423	-nan	0.585013	0.362587	1	1	1	1	1	1	0.0495112	0.585013	0.585013	1	1	
0.000285759	-nan	0.585397	0.362968	1	1	1	1	1	1	0.0494951	0.585397	0.585397	1	1	
0.000296483	-nan	0.585788	0.363359	1	1	1	1	1	1	0.0494787	0.585788	0.585788	1	1	
0.00030761	-nan	0.586188	0.363761	1	1	1	1	1	1	0.049462	0.586188	0.586188	1	1	
0.000319154	-nan	0.586596	0.364174	1	1	1	1	1	1	0.049445	0.586596	0.586596	1	1	
0.000331131	-nan	0.587012	0.364599	1	1	1	1	1	1	0.0494277	0.587012	0.587012	1	1	
0.000343558	-nan	0.587437	0.365035	1	1	1	1	1	1	0.0494101	0.587437	0.587437	1	1	
0.000356451	-nan	0.587871	0.365483	1	1	1	1	1	1	0.0493921	0.587871	0.587871	1	1	
0.000369828	-nan	0.588314	0.365943	1	1	1	1	1	1	0.0493738	0.588314	0.588314	1	1	
0.000383707	-nan	0.588766	0.366416	1	1	1	1	1	1	0.0493551	0.588766	0.588766	1	1	
0.000398107	-nan	0.589228	0.366901	1	1	1	1	1	1	0.0493361	0.589228	0.589228	1	1	
0.000413048	-nan	0.589699	0.367398	1	1	1	1	1	1	0.0493168	0.589699	0.589699	1	1	
0.000428549	-nan	0.590181	0.367909	1	1	1	1	1	1	0.049297	0.590181	0.590181	1	1	
0.000444631	-nan	0.590673	0.368433	1	1	1	1	1	1	0.0492769	0.590673	0.590673	1	1	
0.000461318	-nan	0.591175	0.36897	1	1	1	1	1	1	0.0492564	0.591175	0.591175	1	1	
0.00047863	-nan	0.591688	0.369522	1	1	1	1	1	1	0.0492355	0.591688	0.591688	1	1	
0.000496592	-nan	0.592212	0.370087	1	1	1	1	1	1	0.0492142	0.592212	0.592212	1	1	
0.000515229	-nan	0.592747	0.370667	1	1	1	1	1	1	0.0491925	0.592747	0.592747	1	1	
0.000534564	-nan	0.593294	0.371261	1	1	1	1	1	1	0.0491704	0.593294	0.593294	1	1	
0.000554626	-nan	0.593852	0.37187	1	1	1	1	1	1	0.0491479	0.593852	0.593852	1	1	
0.00057544	-nan	0.594423	0.372495	1	1	1	1	1	1	0.0491249	0.594423	0.594423	1	1	
0.000597035	-nan	0.595006	0.373135	1	1	1	1	1	1	0.0491014	0.595006	0.595006	1	1	
0.000619441	-nan	0.595602	0.373792	1	1	1	1	1	1	0.0490775	0.595602	0.595602	1	1	
0.000642688	-nan	0.596212	0.374464	1	1	1	1	1	1	0.0490531	0.596212	0.596212	1	1	
0.000666807	-nan	0.596834	0.375153	1	1	1	1	1	1	0.0490283	0.596834	0.596834	1	1	
0.000691831	-nan	0.597471	0.375859	1	1	1	1	1	1	0.0490029	0.597471	0.597471	1	1	
0.000717794	-nan	0.598121	0.376582	1	1	1	1	1	1	0.048977	0.598121	0.598121	1	1	
0.000744732	-nan	0.598786	0.377324	1	1	1	1	1	1	0.0489507	0.598786	0.598786	1	1	
0.000772681	-nan	0.599466	0.378083	1	1	1	1	1	1	0.0489237	0.599466	0.599466	1	1	
0.000801678	-nan	0.600162	0.37886	1	1	1	1	1	1	0.0488963	0.600162	0.600162	1	1	
0.000831764	-nan	0.600872	0.379657	1	1	1	1	1	1	0.0488683	0.600872	0.600872	1	1	
0.000862979	-nan	0.601599	0.380473	1	1	1	1	1	1	0.0488397	0.601599	0.601599	1	1	
0.000895365	-nan	0.602342	0.381308	1	1	1	1	1	1	0.0488105	0.602342	0.602342	1	1	
0.000928966	-nan	0.603103	0.382164	1	1	1	1	1	1	0.0487807	0.603103	0.603103	1	1	
0.000963829	-nan	0.60388	0.38304	1	1	1	1	1	1	0.0487503	0.60388	0.60388	1	1	
0.001	-nan	0.604675	0.383938	1	1	1	1	1	1	0.0487193	0.604675	0.604675	1	1	
0.00103753	-nan	0.605488	0.384857	1	1	1	1	1	1	0.0486877	0.605488	0.605488	1	1	
0.00107647	-nan	0.60632	0.385798	1	1	1	1	1	1	0.0486554	0.60632	0.60632	1	1	
0.00111686	-nan	0.607171	0.386761	1	1	1	1	1	1	0.0486224	0.607171	0.607171	1	1	
0.00115878	-nan	0.608042	0.387748	1	1	1	1	1	1	0.0485887	0.608042	0.608042	1	1	
0.00120226	-nan	0.608933	0.388759	1	1	1	1	1	1	0.0485543	0.608933	0.608933	1	1	
0.00124738	-nan	0.609844	0.389793	1	1	1	1	1	1	0.0485191	0.609844	0.609844	1	1	
0.0012942	-nan	0.610777	0.390852	1	1	1	1	1	1	0.0484832	0.610777	0.610777	1	1	
0.00134276	-nan	0.611731	0.391937	1	1	1	1	1	1	0.0484466	0.611731	0.611731	1	1	
0.00139316	-nan	0.612708	0.393047	1	1	1	1	1	1	0.0484091	0.612708	0.612708	1	1	
0.00144544	-nan	0.613707	0.394184	1	1	1	1	1	1	0.0483709	0.613707	0.613707	1	1	
0.00149968	-nan	0.61473	0.395349	1	1	1	1	1	1	0.0483318	0.61473	0.61473	1	1	
0.00155597	-nan	0.615776	0.396541	1	1	1	1	1	1	0.0482919	0.615776	0.615776	1	1	
0.00161436	-nan	0.616848	0.397761	1	1	1	1	1	1	0.0482511	0.616848	0.616848	1	1	
0.00167494	-nan	0.617945	0.399011	1	1	1	1	1	1	0.0482094	0.617945	0.617945	1	1	
0.0017378	-nan	0.619067	0.400291	1	1	1	1	1	1	0.0481667	0.619067	0.619067	1	1	
0.00180302	-nan	0.620216	0.401602	1	1	1	1	1	1	0.0481231	0.620216	0.620216	1	1	
0.00187068	-nan	0.621393	0.402944	1	1	1	1	1	1	0.0480786	0.621393	0.621393	1	1	
0.00194089	-nan	0.622597	0.404318	1	1	1	1	1	1	0.048033	0.622597	0.622597	1	1	
0.00201372	-nan	0.62383	0.405725	1	1	1	1	1	1	0.0479864	0.62383	0.62383	1	1	
0.0020893	-nan	0.625093	0.407167	1	1	1	1	1	1	0.0479388	0.625093	0.625093	1	1	
0.0021677	-nan	0.626385	0.408643	1	1	1	1	1	1	0.0478901	0.626385	0.626385	1	1	
0.00224905	-nan	0.627709	0.410154	1	1	1	1	1	1	0.0478402	0.627709	0.627709	1	1	
0.00233346	-nan	0.629064	0.411703	1	1	1	1	1	1	0.0477892	0.629064	0.629064	1	1	
0.00242103	-nan	0.630452	0.413289	1	1	1	1	1	1	0.047737	0.630452	0.630452	1	1	
0.00251189	-nan	0.631873	0.414913	1	1	1	1	1	1	0.0476836	0.631873	0.631873	1	1	
0.00260615	-nan	0.633328	0.416577	1	1	1	1	1	1	0.047629	0.633328	0.633328	1	1	
0.00270396	-nan	0.634818	0.418282	1	1	1	1	1	1	0.047573	0.634818	0.634818	1	1	
0.00280543	-nan	0.636344	0.420029	1	1	1	1	1	1	0.0475158	0.636344	0.636344	1	1	
0.00291072	-nan	0.637907	0.421818	1	1	1	1	1	1	0.0474571	0.637907	0.637907	1	1	
0.00301995	-nan	0.639508	0.423652	1	1	1	1	1	1	0.0473971	0.639508	0.639508	1	1	
0.00313329	-nan	0.641147	0.42553	1	1	1	1	1	1	0.0473356	0.641147	0.641147	1	1	
0.00325087	-nan	0.642826	0.427456	1	1	1	1	1	1	0.0472726	0.642826	0.642826	1	1	
0.00337287	-nan	0.644546	0.429429	1	1	1	1	1	1	0.047208	0.644546	0.644546	1	1	
0.00349945	-nan	0.646307	0.431451	1	1	1	1	1	1	0.0471419	0.646307	0.646307	1	1	
0.00363078	-nan	0.648111	0.433524	1	1	1	1	1	1	0.0470741	0.648111	0.648111	1	1	
0.00376704	-nan	0.649959	0.435649	1	1	1	1	1	1	0.0470047	0.649959	0.649959	1	1	
0.00390841	-nan	0.651851	0.437827	1	1	1	1	1	1	0.0469334	0.651851	0.651851	1	1	
0.00405509	-nan	0.653789	0.44006	1	1	1	1	1	1	0.0468604	0.653789	0.653789	1	1	
0.00420727	-nan	0.655774	0.44235	1	1	1	1	1	1	0.0467856	0.655774	0.655774	1	1	
0.00436516	-nan	0.657807	0.444698	1	1	1	1	1	1	0.0467088	0.657807	0.657807	1	1	
0.00452898	-nan	0.65989	0.447106	1	1	1	1	1	1	0.04663	0.65989	0.65989	1	1	
0.00469894	-nan	0.662022	0.449575	1	1	1	1	1	1	0.0465492	0.662022	0.662022	1	1	
0.00487528	-nan	0.664206	0.452108	1	1	1	1	1	1	0.0464663	0.664206	0.664206	1	1	
0.00505825	-nan	0.666443	0.454707	1	1	1	1	1	1	0.0463812	0.666443	0.666443	1	1	
0.00524807	-nan	0.668733	0.457373	1	1	1	1	1	1	0.0462938	0.668733	0.668733	1	1	
0.00544503	-nan	0.671078	0.460108	1	1	1	1	1	1	0.0462041	0.671078	0.671078	1	1	
0.00564937	-nan	0.67348	0.462916	1	1	1	1	1	1	0.046112	0.67348	0.67348	1	1	
0.00586138	-nan	0.675939	0.465796	1	1	1	1	1	1	0.0460173	0.675939	0.675939	1	1	
0.00608135	-nan	0.678457	0.468753	1	1	1	1	1	1	0.0459201	0.678457	0.678457	1	1	
0.00630957	-nan	0.681035	0.471788	1	1	1	1	1	1	0.0458202	0.681035	0.681035	1	1	
0.00654636	-nan	0.683674	0.474904	1	1	1	1	1	1	0.0457175	0.683674	0.683674	1	1	
0.00679204	-nan	0.686376	0.478103	1	1	1	1	1	1	0.045612	0.686376	0.686376	1	1	
0.00704693	-nan	0.689141	0.481389	1	1	1	1	1	1	0.0455034	0.689141	0.689141	1	1	
0.00731139	-nan	0.691971	0.484763	1	1	1	1	1	1	0.0453918	0.691971	0.691971	1	1	
0.00758578	-nan	0.694868	0.488228	1	1	1	1	1	1	0.045277	0.694868	0.694868	1	1	
0.00787046	-nan	0.697832	0.491788	1	1	1	1	1	1	0.0451588	0.697832	0.697832	1	1	
0.00816582	-nan	0.700864	0.495445	1	1	1	1	1	1	0.0450372	0.700864	0.700864	1	1	
0.00847227	-nan	0.703967	0.499203	1	1	1	1	1	1	0.044912	0.703967	0.703967	1	1	
0.00879023	-nan	0.707141	0.503065	1	1	1	1	1	1	0.0447831	0.707141	0.707141	1	1	
0.00912011	-nan	0.710386	0.507033	1	1	1	1	1	1	0.0446504	0.710386	0.710386	1	1	
0.00946237	-nan	0.713706	0.511113	1	1	1	1	1	1	0.0445137	0.713706	0.713706	1	1	
0.00981748	-nan	0.7171	0.515306	1	1	1	1	1	1	0.0443728	0.7171	0.7171	1	1	
0.0101859	-nan	0.720569	0.519618	1	1	1	1	1	1	0.0442275	0.720569	0.720569	1	1	
0.0105682	-nan	0.724115	0.524051	1	1	1	1	1	1	0.0440778	0.724115	0.724115	1	1	
0.0109648	-nan	0.727739	0.528611	1	1	1	1	1	1	0.0439234	0.727739	0.727739	1	1	
0.0113763	-nan	0.731441	0.5333	1	1	1	1	1	1	0.0437642	0.731441	0.731441	1	1	
0.0118032	-nan	0.735222	0.538123	1	1	1	1	1	1	0.0435999	0.735222	0.735222	1	1	
0.0122462	-nan	0.739084	0.543085	1	1	1	1	1	1	0.0434303	0.739084	0.739084	1	1	
0.0127057	-nan	0.743026	0.54819	1	1	1	1	1	1	0.0432553	0.743026	0.743026	1	1	
0.0131826	-nan	0.747049	0.553442	1	1	1	1	1	1	0.0430745	0.747049	0.747049	1	1	
0.0136773	-nan	0.751154	0.558848	1	1	1	1	1	1	0.0428878	0.751154	0.751154	1	1	
0.0141906	-nan	0.755342	0.564411	1	1	1	1	1	1	0.042695	0.755342	0.755342	1	1	
0.0147231	-nan	0.759611	0.570136	1	1	1	1	1	1	0.0424956	0.759611	0.759611	1	1	
0.0152757	-nan	0.763964	0.576029	1	1	1	1	1	1	0.0422896	0.763964	0.763964	1	1	
0.0158489	-nan	0.768398	0.582096	1	1	1	1	1	1	0.0420766	0.768398	0.768398	1	1	
0.0164437	-nan	0.772915	0.588341	1	1	1	1	1	1	0.0418562	0.772915	0.772915	1	1	
0.0170608	-nan	0.777513	0.594771	1	1	1	1	1	1	0.0416283	0.777513	0.777513	1	1	
0.0177011	-nan	0.782193	0.601391	1	1	1	1	1	1	0.0413923	0.782193	0.782193	1	1	
0.0183654	-nan	0.786953	0.608207	1	1	1	1	1	1	0.0411481	0.786953	0.786953	1	1	
0.0190546	-nan	0.791793	0.615225	1	1	1	1	1	1	0.0408953	0.791793	0.791793	1	1	
0.0197697	-nan	0.79671	0.622451	1	1	1	1	1	1	0.0406334	0.79671	0.79671	1	1	
0.0205116	-nan	0.801705	0.629892	1	1	1	1	1	1	0.040362	0.801705	0.801705	1	1	
0.0212814	-nan	0.806774	0.637553	1	1	1	1	1	1	0.0400808	0.806774	0.806774	1	1	
0.02208	-nan	0.811916	0.64544	1	1	1	1	1	1	0.0397894	0.811916	0.811916	1	1	
0.0229087	-nan	0.817128	0.653561	1	1	1	1	1	1	0.0394872	0.817128	0.817128	1	1	
0.0237684	-nan	0.822409	0.661922	1	1	1	1	1	1	0.0391738	0.822409	0.822409	1	1	
0.0246604	-nan	0.827754	0.670528	1	1	1	1	1	1	0.0388486	0.827754	0.827754	1	1	
0.0255859	-nan	0.833161	0.679386	1	1	1	1	1	1	0.0385113	0.833161	0.833161	1	1	
0.0265461	-nan	0.838625	0.688503	1	1	1	1	1	1	0.0381611	0.838625	0.838625	1	1	
0.0275423	-nan	0.844144	0.697884	1	1	1	1	1	1	0.0377977	0.844144	0.844144	1	1	
0.0285759	-nan	0.849711	0.707535	1	1	1	1	1	1	0.0374202	0.849711	0.849711	1	1	
0.0296483	-nan	0.855323	0.717462	1	1	1	1	1	1	0.0370282	0.855323	0.855323	1	1	
0.030761	-nan	0.860973	0.72767	1	1	1	1	1	1	0.0366211	0.860973	0.860973	1	1	
0.0319154	-nan	0.866657	0.738165	1	1	1	1	1	1	0.036198	0.866657	0.866657	1	1	
0.0331131	-nan	0.872368	0.748951	1	1	1	1	1	1	0.0357584	0.872368	0.872368	1	1	
0.0343558	-nan	0.878099	0.760033	1	1	1	1	1	1	0.0353015	0.878099	0.878099	1	1	
0.0356451	-nan	0.883844	0.771414	1	1	1	1	1	1	0.0348266	0.883844	0.883844	1	1	
0.0369828	-nan	0.889595	0.783098	1	1	1	1	1	1	0.0343328	0.889595	0.889595	1	1	
0.0383707	-nan	0.895343	0.795087	1	1	1	1	1	1	0.0338195	0.895343	0.895343	1	1	
0.0398107	-nan	0.901081	0.807384	1	1	1	1	1	1	0.0332858	0.901081	0.901081	1	1	
0.0413048	-nan	0.906799	0.819988	1	1	1	1	1	1	0.0327308	0.906799	0.906799	1	1	
0.0428549	-nan	0.912488	0.832901	1	1	1	1	1	1	0.0321536	0.912488	0.912488	1	1	
0.0444631	-nan	0.918139	0.846121	1	1	1	1	1	1	0.0315535	0.918139	0.918139	1	1	
0.0461318	-nan	0.923741	0.859646	1	1	1	1	1	1	0.0309296	0.923741	0.923741	1	1	
0.047863	-nan	0.929285	0.873474	1	1	1	1	1	1	0.0302808	0.929285	0.929285	1	1	
0.0496592	-nan	0.934758	0.887599	1	1	1	1	1	1	0.0296064	0.934758	0.934758	1	1	
0.0515229	-nan	0.940151	0.902015	1	1	1	1	1	1	0.0289055	0.940151	0.940151	1	1	
0.0534564	-nan	0.945451	0.916715	1	1	1	1	1	1	0.0281771	0.945451	0.945451	1	1	
0.0554626	-nan	0.950648	0.93169	1	1	1	1	1	1	0.0274205	0.950648	0.950648	1	1	
0.057544	-nan	0.955729	0.946929	1	1	1	1	1	1	0.0266349	0.955729	0.955729	1	1	
0.0597035	-nan	0.960683	0.96242	1	1	1	1	1	1	0.0258193	0.960683	0.960683	1	1	
0.0619441	-nan	0.965498	0.978148	1	1	1	1	1	1	0.0249733	0.965498	0.965498	1	1	
0.0642688	-nan	0.970163	0.994096	1	1	1	1	1	1	0.0240962	0.970163	0.970163	1	1	
0.0666807	-nan	0.974665	1.01025	1	1	1	1	1	1	0.0231876	0.974665	0.974665	1	1	
0.0691831	-nan	0.978993	1.02658	1	1	1	1	1	1	0.022247	0.978993	0.978993	1	1	
0.0717794	-nan	0.983136	1.04307	1	1	1	1	1	1	0.0212745	0.983136	0.983136	1	1	
0.0744732	-nan	0.987083	1.0597	1	1	1	1	1	1	0.02027	0.987083	0.987083	1	1	
0.0772681	-nan	0.990824	1.07644	1	1	1	1	1	1	0.0192341	0.990824	0.990824	1	1	
0.0801678	-nan	0.994349	1.09327	1	1	1	1	1	1	0.0181674	0.994349	0.994349	1	1	
0.0831764	-nan	0.997648	1.11014	1	1	1	1	1	1	0.017071	0.997648	0.997648	1	1	
0.0862979	-nan	1.00071	1.12704	1	1	1	1	1	1	0.0159467	1.00071	1.00071	1	1	
0.0895365	-nan	1.00353	1.14392	1	1	1	1	1	1	0.0147966	1.00353	1.00353	1	1	
0.0928966	-nan	1.00611	1.16076	1	1	1	1	1	1	0.0136237	1.00611	1.00611	1	1	
0.0963829	-nan	1.00842	1.17752	1	1	1	1	1	1	0.0124319	1.00842	1.00842	1	1	
0.1	-nan	1.01048	1.19417	1	1	1	1	1	1	0.011226	1.01048	1.01048	1	1	
0.103614	-nan	1.01221	1.21006	1	1	1	1	1	1	0.0100561	1.01221	1.01221	1	1	
0.107229	-nan	1.01365	1.22525	1	1	1	1	1	1	0.00892551	1.01365	1.01365	1	1	
0.110843	-nan	1.01481	1.23975	1	1	1	1	1	1	0.00783854	1.01481	1.01481	1	1	
0.114458	-nan	1.01573	1.25359	1	1	1	1	1	1	0.00679975	1.01573	1.01573	1	1	
0.118072	-nan	1.01642	1.26679	1	1	1	1	1	1	0.00581388	1.01642	1.01642	1	1	
0.121687	-nan	1.01691	1.27937	1	1	1	1	1	1	0.00488584	1.01691	1.01691	1	1	
0.125301	-nan	1.01721	1.29137	1	1	1	1	1	1	0.00402074	1.01721	1.01721	1	1	
0.128916	-nan	1.01734	1.3028	1	1	1	1	1	1	0.00322386	1.01734	1.01734	1	1	
0.13253	-nan	1.01732	1.31368	1	1	1	1	1	1	0.00250069	1.01732	1.01732	1	1	
0.136145	-nan	1.01716	1.32405	1	1	1	1	1	1	0.00185689	1.01716	1.01716	1	1	
0.139759	-nan	1.01686	1.33391	1	1	1	1	1	1	0.00129834	1.01686	1.01686	1	1	
0.143373	-nan	1.01645	1.3433	1	1	1	1	1	1	0.000831065	1.01645	1.01645	1	1	
0.146988	-nan	1.01594	1.35223	1	1	1	1	1	1	0.000461309	1.01594	1.01594	1	1	
0.150602	-nan	1.01533	1.36073	1	1	1	1	1	1	0.00019548	1.01533	1.01533	1	1	
0.154217	-nan	1.01464	1.36881	1	1	1	1	1	1	4.01636e-05	1.01464	1.01464	1	1	
0.157831	-nan	1.01387	1.37648	1	1	1	1	1	1	2.11471e-06	1.01387	1.01387	1	1	
0.161446	-nan	1.01303	1.38378	1	1	1	1	1	1	8.82476e-05	1.01303	1.01303	1	1	
0.16506	-nan	1.01212	1.39072	1	1	1	1	1	1	0.000305628	1.01212	1.01212	1	1	
0.168675	-nan	1.01116	1.39731	1	1	1	1	1	1	0.000661459	1.01116	1.01116	1	1	
0.172289	-nan	1.01015	1.40357	1	1	1	1	1	1	0.00116307	1.01015	1.01015	1	1	
0.175904	-nan	1.0091	1.40951	1	1	1	1	1	1	0.00181791	1.0091	1.0091	1	1	
0.179518	-nan	1.00801	1.41516	1	1	1	1	1	1	0.00263351	1.00801	1.00801	1	1	
0.183133	-nan	1.00688	1.42052	1	1	1	1	1	1	0.00361749	1.00688	1.00688	1	1	
0.186747	-nan	1.00572	1.4256	1	1	1	1	1	1	0.00477751	1.00572	1.00572	1	1	
0.190361	-nan	1.00454	1.43043	1	1	1	1	1	1	0.00612128	1.00454	1.00454	1	1	
0.193976	-nan	1.00333	1.435	1	1	1	1	1	1	0.0076565	1.00333	1.00333	1	1	
0.19759	-nan	1.0021	1.43934	1	1	1	1	1	1	0.00939087	1.0021	1.0021	1	1	
0.201205	-nan	1.00086	1.44346	1	1	1	1	1	1	0.011332	1.00086	1.00086	1	1	
0.204819	-nan	0.999604	1.44736	1	1	1	1	1	1	0.0134876	0.999604	0.999604	1	1	
0.208434	-nan	0.998336	1.45106	1	1	1	1	1	1	0.0158649	0.998336	0.998336	1	1	
0.212048	-nan	0.997058	1.45457	1	1	1	1	1	1	0.0184714	0.997058	0.997058	1	1	
0.215663	-nan	0.995774	1.45788	1	1	1	1	1	1	0.0213142	0.995774	0.995774	1	1	
0.219277	-nan	0.994484	1.46103	1	1	1	1	1	1	0.0244001	0.994484	0.994484	1	1	
0.222892	-nan	0.993192	1.464	1	1	1	1	1	1	0.027736	0.993192	0.993192	1	1	
0.226506	-nan	0.991897	1.46682	1	1	1	1	1	1	0.0313281	0.991897	0.991897	1	1	
0.23012	-nan	0.990603	1.46948	1	1	1	1	1	1	0.0351826	0.990603	0.990603	1	1	
0.233735	-nan	0.98931	1.472	1	1	1	1	1	1	0.0393052	0.98931	0.98931	1	1	
0.237349	-nan	0.98802	1.47438	1	1	1	1	1	1	0.0437011	0.98802	0.98802	1	1	
0.240964	-nan	0.986733	1.47663	1	1	1	1	1	1	0.0483752	0.986733	0.986733	1	1	
0.244578	-nan	0.985451	1.47875	1	1	1	1	1	1	0.0533319	0.985451	0.985451	1	1	
0.248193	-nan	0.984174	1.48075	1	1	1	1	1	1	0.0585751	0.984174	0.984174	1	1	
0.251807	-nan	0.982904	1.48264	1	1	1	1	1	1	0.0641082	0.982904	0.982904	1	1	
0.255422	-nan	0.981641	1.48442	1	1	1	1	1	1	0.0699339	0.981641	0.981641	1	1	
0.259036	-nan	0.980386	1.4861	1	1	1	1	1	1	0.0760544	0.980386	0.980386	1	1	
0.262651	-nan	0.97914	1.48768	1	1	1	1	1	1	0.0824712	0.97914	0.97914	1	1	
0.266265	-nan	0.977902	1.48917	1	1	1	1	1	1	0.0891853	0.977902	0.977902	1	1	
0.26988	-nan	0.976674	1.49057	1	1	1	1	1	1	0.0961968	0.976674	0.976674	1	1	
0.273494	-nan	0.975457	1.49188	1	1	1	1	1	1	0.103505	0.975457	0.975457	1	1	
0.277108	-nan	0.974249	1.49311	1	1	1	1	1	1	0.11111	0.974249	0.974249	1	1	
0.280723	-nan	0.973053	1.49426	1	1	1	1	1	1	0.119008	0.973053	0.973053	1	1	
0.284337	-nan	0.971867	1.49534	1	1	1	1	1	1	0.127198	0.971867	0.971867	1	1	
0.287952	-nan	0.970693	1.49635	1	1	1	1	1	1	0.135676	0.970693	0.970693	1	1	
0.291566	-nan	0.969531	1.4973	1	1	1	1	1	1	0.144438	0.969531	0.969531	1	1	
0.295181	-nan	0.96838	1.49818	1	1	1	1	1	1	0.15348	0.96838	0.96838	1	1	
0.298795	-nan	0.967242	1.499	1	1	1	1	1	1	0.162796	0.967242	0.967242	1	1	
0.30241	-nan	0.966116	1.49976	1	1	1	1	1	1	0.172381	0.966116	0.966116	1	1	
0.306024	-nan	0.965002	1.50047	1	1	1	1	1	1	0.182227	0.965002	0.965002	1	1	
0.309639	-nan	0.9639	1.50112	1	1	1	1	1	1	0.192328	0.9639	0.9639	1	1	
0.313253	-nan	0.962811	1.50173	1	1	1	1	1	1	0.202675	0.962811	0.962811	1	1	
0.316867	-nan	0.961735	1.50229	1	1	1	1	1	1	0.213261	0.961735	0.961735	1	1	
0.320482	-nan	0.960671	1.5028	1	1	1	1	1	1	0.224076	0.960671	0.960671	1	1	
0.324096	-nan	0.95962	1.50327	1	1	1	1	1	1	0.235112	0.95962	0.95962	1	1	
0.327711	-nan	0.958581	1.5037	1	1	1	1	1	1	0.246358	0.958581	0.958581	1	1	
0.331325	-nan	0.957556	1.50409	1	1	1	1	1	1	0.257805	0.957556	0.957556	1	1	
0.33494	-nan	0.956543	1.50444	1	1	1	1	1	1	0.269441	0.956543	0.956543	1	1	
0.338554	-nan	0.955542	1.50476	1	1	1	1	1	1	0.281257	0.955542	0.955542	1	1	
0.342169	-nan	0.954554	1.50504	1	1	1	1	1	1	0.293241	0.954554	0.954554	1	1	
0.345783	-nan	0.953579	1.5053	1	1	1	1	1	1	0.305382	0.953579	0.953579	1	1	
0.349398	-nan	0.952617	1.50552	1	1	1	1	1	1	0.317668	0.952617	0.952617	1	1	
0.353012	-nan	0.951666	1.50571	1	1	1	1	1	1	0.330089	0.951666	0.951666	1	1	
0.356627	-nan	0.950728	1.50588	1	1	1	1	1	1	0.342633	0.950728	0.950728	1	1	
0.360241	-nan	0.949803	1.50602	1	1	1	1	1	1	0.355288	0.949803	0.949803	1	1	
0.363855	-nan	0.94889	1.50614	1	1	1	1	1	1	0.368042	0.94889	0.94889	1	1	
0.36747	-nan	0.947989	1.50623	1	1	1	1	1	1	0.380885	0.947989	0.947989	1	1	
0.371084	-nan	0.947099	1.5063	1	1	1	1	1	1	0.393804	0.947099	0.947099	1	1	
0.374699	-nan	0.946222	1.50635	1	1	1	1	1	1	0.406789	0.946222	0.946222	1	1	
0.378313	-nan	0.945357	1.50638	1	1	1	1	1	1	0.419828	0.945357	0.945357	1	1	
0.381928	-nan	0.944503	1.50639	1	1	1	1	1	1	0.432911	0.944503	0.944503	1	1	
0.385542	-nan	0.943662	1.50638	1	1	1	1	1	1	0.446027	0.943662	0.943662	1	1	
0.389157	-nan	0.942831	1.50636	1	1	1	1	1	1	0.459166	0.942831	0.942831	1	1	
0.392771	-nan	0.942012	1.50632	1	1	1	1	1	1	0.472317	0.942012	0.942012	1	1	
0.396386	-nan	0.941205	1.50626	1	1	1	1	1	1	0.485471	0.941205	0.941205	1	1	
0.4	-nan	0.940408	1.50619	1	1	1	1	1	1	0.498617	0.940408	0.940408	1	1	
0.403614	-nan	0.939623	1.50611	1	1	1	1	1	1	0.511748	0.939623	0.939623	1	1	
0.407229	-nan	0.938848	1.50601	1	1	1	1	1	1	0.524854	0.938848	0.938848	1	1	
0.410843	-nan	0.938084	1.5059	1	1	1	1	1	1	0.537927	0.938084	0.938084	1	1	
0.414458	-nan	0.937332	1.50578	1	1	1	1	1	1	0.550958	0.937332	0.937332	1	1	
0.418072	-nan	0.936589	1.50565	1	1	1	1	1	1	0.56394	0.936589	0.936589	1	1	
0.421687	-nan	0.935857	1.50551	1	1	1	1	1	1	0.576865	0.935857	0.935857	1	1	
0.425301	-nan	0.935136	1.50536	1	1	1	1	1	1	0.589726	0.935136	0.935136	1	1	
0.428916	-nan	0.934424	1.5052	1	1	1	1	1	1	0.602518	0.934424	0.934424	1	1	
0.43253	-nan	0.933723	1.50504	1	1	1	1	1	1	0.615232	0.933723	0.933723	1	1	
0.436145	-nan	0.933031	1.50486	1	1	1	1	1	1	0.627865	0.933031	0.933031	1	1	
0.439759	-nan	0.93235	1.50468	1	1	1	1	1	1	0.640409	0.93235	0.93235	1	1	
0.443373	-nan	0.931678	1.50449	1	1	1	1	1	1	0.652861	0.931678	0.931678	1	1	
0.446988	-nan	0.931015	1.5043	1	1	1	1	1	1	0.665214	0.931015	0.931015	1	1	
0.450602	-nan	0.930362	1.5041	1	1	1	1	1	1	0.677465	0.930362	0.930362	1	1	
0.454217	-nan	0.929719	1.5039	1	1	1	1	1	1	0.689609	0.929719	0.929719	1	1	
0.457831	-nan	0.929084	1.50369	1	1	1	1	1	1	0.701643	0.929084	0.929084	1	1	
0.461446	-nan	0.928459	1.50347	1	1	1	1	1	1	0.713563	0.928459	0.928459	1	1	
0.46506	-nan	0.927843	1.50325	1	1	1	1	1	1	0.725365	0.927843	0.927843	1	1	
0.468675	-nan	0.927235	1.50303	1	1	1	1	1	1	0.737048	0.927235	0.927235	1	1	
0.472289	-nan	0.926636	1.5028	1	1	1	1	1	1	0.748608	0.926636	0.926636	1	1	
0.475904	-nan	0.926046	1.50257	1	1	1	1	1	1	0.760043	0.926046	0.926046	1	1	
0.479518	-nan	0.925464	1.50234	1	1	1	1	1	1	0.77135	0.925464	0.925464	1	1	
0.483133	-nan	0.924891	1.50211	1	1	1	1	1	1	0.782529	0.924891	0.924891	1	1	
0.486747	-nan	0.924325	1.50187	1	1	1	1	1	1	0.793577	0.924325	0.924325	1	1	
0.490361	-nan	0.923768	1.50163	1	1	1	1	1	1	0.804493	0.923768	0.923768	1	1	
0.493976	-nan	0.923219	1.50139	1	1	1	1	1	1	0.815276	0.923219	0.923219	1	1	
0.49759	-nan	0.922678	1.50115	1	1	1	1	1	1	0.825925	0.922678	0.922678	1	1	
0.501205	-nan	0.922144	1.50091	1	1	1	1	1	1	0.836439	0.922144	0.922144	1	1	
0.504819	-nan	0.921619	1.50067	1	1	1	1	1	1	0.846817	0.921619	0.921619	1	1	
0.508434	-nan	0.9211	1.50042	1	1	1	1	1	1	0.857059	0.9211	0.9211	1	1	
0.512048	-nan	0.92059	1.50018	1	1	1	1	1	1	0.867165	0.92059	0.92059	1	1	
0.515663	-nan	0.920086	1.49993	1	1	1	1	1	1	0.877135	0.920086	0.920086	1	1	
0.519277	-nan	0.91959	1.49969	1	1	1	1	1	1	0.886968	0.91959	0.91959	1	1	
0.522892	-nan	0.919101	1.49944	1	1	1	1	1	1	0.896665	0.919101	0.919101	1	1	
0.526506	-nan	0.918619	1.4992	1	1	1	1	1	1	0.906226	0.918619	0.918619	1	1	
0.53012	-nan	0.918143	1.49896	1	1	1	1	1	1	0.915652	0.918143	0.918143	1	1	
0.533735	-nan	0.917675	1.49871	1	1	1	1	1	1	0.924942	0.917675	0.917675	1	1	
0.537349	-nan	0.917213	1.49847	1	1	1	1	1	1	0.934098	0.917213	0.917213	1	1	
0.540964	-nan	0.916758	1.49823	1	1	1	1	1	1	0.943121	0.916758	0.916758	1	1	
0.544578	-nan	0.91631	1.49799	1	1	1	1	1	1	0.95201	0.91631	0.91631	1	1	
0.548193	-nan	0.915868	1.49775	1	1	1	1	1	1	0.960767	0.915868	0.915868	1	1	
0.551807	-nan	0.915432	1.49751	1	1	1	1	1	1	0.969393	0.915432	0.915432	1	1	
0.555422	-nan	0.915002	1.49727	1	1	1	1	1	1	0.977889	0.915002	0.915002	1	1	
0.559036	-nan	0.914579	1.49704	1	1	1	1	1	1	0.986255	0.914579	0.914579	1	1	
0.562651	-nan	0.914162	1.4968	1	1	1	1	1	1	0.994493	0.914162	0.914162	1	1	
0.566265	-nan	0.91375	1.49657	1	1	1	1	1	1	1.0026	0.91375	0.91375	1	1	
0.56988	-nan	0.913345	1.49634	1	1	1	1	1	1	1.01059	0.913345	0.913345	1	1	
0.573494	-nan	0.912945	1.49611	1	1	1	1	1	1	1.01845	0.912945	0.912945	1	1	
0.577108	-nan	0.912551	1.49588	1	1	1	1	1	1	1.02619	0.912551	0.912551	1	1	
0.580723	-nan	0.912162	1.49566	1	1	1	1	1	1	1.0338	0.912162	0.912162	1	1	
0.584337	-nan	0.911779	1.49543	1	1	1	1	1	1	1.0413	0.911779	0.911779	1	1	
0.587952	-nan	0.911402	1.49521	1	1	1	1	1	1	1.04867	0.911402	0.911402	1	1	
0.591566	-nan	0.91103	1.49499	1	1	1	1	1	1	1.05593	0.91103	0.91103	1	1	
0.595181	-nan	0.910663	1.49478	1	1	1	1	1	1	1.06307	0.910663	0.910663	1	1	
0.598795	-nan	0.910301	1.49456	1	1	1	1	1	1	1.0701	0.910301	0.910301	1	1	
0.60241	-nan	0.909944	1.49435	1	1	1	1	1	1	1.07701	0.909944	0.909944	1	1	
0.606024	-nan	0.909593	1.49414	1	1	1	1	1	1	1.08381	0.909593	0.909593	1	1	
0.609639	-nan	0.909246	1.49394	1	1	1	1	1	1	1.0905	0.909246	0.909246	1	1	
0.613253	-nan	0.908905	1.49373	1	1	1	1	1	1	1.09708	0.908905	0.908905	1	1	
0.616867	-nan	0.908568	1.49353	1	1	1	1	1	1	1.10355	0.908568	0.908568	1	1	
0.620482	-nan	0.908236	1.49333	1	1	1	1	1	1	1.10991	0.908236	0.908236	1	1	
0.624096	-nan	0.907908	1.49313	1	1	1	1	1	1	1.11617	0.907908	0.907908	1	1	
0.627711	-nan	0.907585	1.49294	1	1	1	1	1	1	1.12232	0.907585	0.907585	1	1	
0.631325	-nan	0.907267	1.49275	1	1	1	1	1	1	1.12837	0.907267	0.907267	1	1	
0.63494	-nan	0.906953	1.49256	1	1	1	1	1	1	1.13433	0.906953	0.906953	1	1	
0.638554	-nan	0.906644	1.49237	1	1	1	1	1	1	1.14018	0.906644	0.906644	1	1	
0.642169	-nan	0.906339	1.49219	1	1	1	1	1	1	1.14593	0.906339	0.906339	1	1	
0.645783	-nan	0.906038	1.492	1	1	1	1	1	1	1.15159	0.906038	0.906038	1	1	
0.649398	-nan	0.905741	1.49183	1	1	1	1	1	1	1.15715	0.905741	0.905741	1	1	
0.653012	-nan	0.905449	1.49165	1	1	1	1	1	1	1.16262	0.905449	0.905449	1	1	
0.656627	-nan	0.90516	1.49148	1	1	1	1	1	1	1.16799	0.90516	0.90516	1	1	
0.660241	-nan	0.904876	1.49131	1	1	1	1	1	1	1.17327	0.904876	0.904876	1	1	
0.663855	-nan	0.904595	1.49114	1	1	1	1	1	1	1.17847	0.904595	0.904595	1	1	
0.66747	-nan	0.904318	1.49097	1	1	1	1	1	1	1.18357	0.904318	0.904318	1	1	
0.671084	-nan	0.904046	1.49081	1	1	1	1	1	1	1.18859	0.904046	0.904046	1	1	
0.674699	-nan	0.903777	1.49065	1	1	1	1	1	1	1.19352	0.903777	0.903777	1	1	
0.678313	-nan	0.903511	1.4905	1	1	1	1	1	1	1.19837	0.903511	0.903511	1	1	
0.681928	-nan	0.90325	1.49034	1	1	1	1	1	1	1.20313	0.90325	0.90325	1	1	
0.685542	-nan	0.902991	1.49019	1	1	1	1	1	1	1.20781	0.902991	0.902991	1	1	
0.689157	-nan	0.902737	1.49004	1	1	1	1	1	1	1.21241	0.902737	0.902737	1	1	
0.692771	-nan	0.902486	1.4899	1	1	1	1	1	1	1.21693	0.902486	0.902486	1	1	
0.696386	-nan	0.902238	1.48975	1	1	1	1	1	1	1.22138	0.902238	0.902238	1	1	
0.7	-nan	0.901994	1.48961	1	1	1	1	1	1	1.22574	0.901994	0.901994	1	1	
0.703614	-nan	0.901753	1.48947	1	1	1	1	1	1	1.23003	0.901753	0.901753	1	1	
0.707229	-nan	0.901516	1.48934	1	1	1	1	1	1	1.23424	0.901516	0.901516	1	1	
0.710843	-nan	0.901281	1.48921	1	1	1	1	1	1	1.23839	0.901281	0.901281	1	1	
0.714458	-nan	0.90105	1.48908	1	1	1	1	1	1	1.24245	0.90105	0.90105	1	1	
0.718072	-nan	0.900822	1.48895	1	1	1	1	1	1	1.24645	0.900822	0.900822	1	1	
0.721687	-nan	0.900597	1.48882	1	1	1	1	1	1	1.25038	0.900597	0.900597	1	1	
0.725301	-nan	0.900375	1.4887	1	1	1	1	1	1	1.25423	0.900375	0.900375	1	1	
0.728916	-nan	0.900156	1.48858	1	1	1	1	1	1	1.25802	0.900156	0.900156	1	1	
0.73253	-nan	0.89994	1.48846	1	1	1	1	1	1	1.26175	0.89994	0.89994	1	1	
0.736145	-nan	0.899727	1.48835	1	1	1	1	1	1	1.2654	0.899727	0.899727	1	1	
0.739759	-nan	0.899517	1.48824	1	1	1	1	1	1	1.26899	0.899517	0.899517	1	1	
0.743373	-nan	0.89931	1.48813	1	1	1	1	1	1	1.27252	0.89931	0.89931	1	1	
0.746988	-nan	0.899105	1.48802	1	1	1	1	1	1	1.27599	0.899105	0.899105	1	1	
0.750602	-nan	0.898903	1.48791	1	1	1	1	1	1	1.27939	0.898903	0.898903	1	1	
0.754217	-nan	0.898704	1.48781	1	1	1	1	1	1	1.28273	0.898704	0.898704	1	1	
0.757831	-nan	0.898507	1.48771	1	1	1	1	1	1	1.28601	0.898507	0.898507	1	1	
0.761446	-nan	0.898313	1.48762	1	1	1	1	1	1	1.28924	0.898313	0.898313	1	1	
0.76506	-nan	0.898122	1.48752	1	1	1	1	1	1	1.2924	0.898122	0.898122	1	1	
0.768675	-nan	0.897933	1.48743	1	1	1	1	1	1	1.29551	0.897933	0.897933	1	1	
0.772289	-nan	0.897747	1.48734	1	1	1	1	1	1	1.29856	0.897747	0.897747	1	1	
0.775904	-nan	0.897563	1.48725	1	1	1	1	1	1	1.30156	0.897563	0.897563	1	1	
0.779518	-nan	0.897382	1.48716	1	1	1	1	1	1	1.3045	0.897382	0.897382	1	1	
0.783133	-nan	0.897203	1.48708	1	1	1	1	1	1	1.30739	0.897203	0.897203	1	1	
0.786747	-nan	0.897026	1.487	1	1	1	1	1	1	1.31023	0.897026	0.897026	1	1	
0.790361	-nan	0.896851	1.48692	1	1	1	1	1	1	1.31301	0.896851	0.896851	1	1	
0.793976	-nan	0.896679	1.48684	1	1	1	1	1	1	1.31575	0.896679	0.896679	1	1	
0.79759	-nan	0.896509	1.48676	1	1	1	1	1	1	1.31843	0.896509	0.896509	1	1	
0.801205	-nan	0.896342	1.48669	1	1	1	1	1	1	1.32106	0.896342	0.896342	1	1	
0.804819	-nan	0.896176	1.48662	1	1	1	1	1	1	1.32365	0.896176	0.896176	1	1	
0.808434	-nan	0.896013	1.48655	1	1	1	1	1	1	1.32619	0.896013	0.896013	1	1	
0.812048	-nan	0.895852	1.48649	1	1	1	1	1	1	1.32868	0.895852	0.895852	1	1	
0.815663	-nan	0.895693	1.48642	1	1	1	1	1	1	1.33112	0.895693	0.895693	1	1	
0.819277	-nan	0.895536	1.48636	1	1	1	1	1	1	1.33352	0.895536	0.895536	1	1	
0.822892	-nan	0.895381	1.4863	1	1	1	1	1	1	1.33588	0.895381	0.895381	1	1	
0.826506	-nan	0.895227	1.48624	1	1	1	1	1	1	1.33819	0.895227	0.895227	1	1	
0.83012	-nan	0.895076	1.48618	1	1	1	1	1	1	1.34046	0.895076	0.895076	1	1	
0.833735	-nan	0.894927	1.48613	1	1	1	1	1	1	1.34268	0.894927	0.894927	1	1	
0.837349	-nan	0.89478	1.48607	1	1	1	1	1	1	1.34486	0.89478	0.89478	1	1	
0.840964	-nan	0.894634	1.48602	1	1	1	1	1	1	1.347	0.894634	0.894634	1	1	
0.844578	-nan	0.894491	1.48597	1	1	1	1	1	1	1.34911	0.894491	0.894491	1	1	
0.848193	-nan	0.894349	1.48592	1	1	1	1	1	1	1.35117	0.894349	0.894349	1	1	
0.851807	-nan	0.894209	1.48588	1	1	1	1	1	1	1.35319	0.894209	0.894209	1	1	
0.855422	-nan	0.894071	1.48583	1	1	1	1	1	1	1.35517	0.894071	0.894071	1	1	
0.859036	-nan	0.893935	1.48579	1	1	1	1	1	1	1.35712	0.893935	0.893935	1	1	
0.862651	-nan	0.8938	1.48575	1	1	1	1	1	1	1.35903	0.8938	0.8938	1	1	
0.866265	-nan	0.893667	1.48571	1	1	1	1	1	1	1.3609	0.893667	0.893667	1	1	
0.86988	-nan	0.893535	1.48567	1	1	1	1	1	1	1.36273	0.893535	0.893535	1	1	
0.873494	-nan	0.893406	1.48564	1	1	1	1	1	1	1.36453	0.893406	0.893406	1	1	
0.877108	-nan	0.893277	1.4856	1	1	1	1	1	1	1.3663	0.893277	0.893277	1	1	
0.880723	-nan	0.893151	1.48557	1	1	1	1	1	1	1.36803	0.893151	0.893151	1	1	
0.884337	-nan	0.893026	1.48554	1	1	1	1	1	1	1.36972	0.893026	0.893026	1	1	
0.887952	-nan	0.892903	1.48551	1	1	1	1	1	1	1.37139	0.892903	0.892903	1	1	
0.891566	-nan	0.892781	1.48548	1	1	1	1	1	1	1.37302	0.892781	0.892781	1	1	
0.895181	-nan	0.89266	1.48545	1	1	1	1	1	1	1.37462	0.89266	0.89266	1	1	
0.898795	-nan	0.892541	1.48543	1	1	1	1	1	1	1.37618	0.892541	0.892541	1	1	
0.90241	-nan	0.892424	1.4854	1	1	1	1	1	1	1.37772	0.892424	0.892424	1	1	
0.906024	-nan	0.892308	1.48538	1	1	1	1	1	1	1.37922	0.892308	0.892308	1	1	
0.909639	-nan	0.892193	1.48536	1	1	1	1	1	1	1.3807	0.892193	0.892193	1	1	
0.913253	-nan	0.89208	1.48534	1	1	1	1	1	1	1.38214	0.89208	0.89208	1	1	
0.916867	-nan	0.891968	1.48532	1	1	1	1	1	1	1.38356	0.891968	0.891968	1	1	
0.920482	-nan	0.891858	1.4853	1	1	1	1	1	1	1.38495	0.891858	0.891858	1	1	
0.924096	-nan	0.891748	1.48529	1	1	1	1	1	1	1.38631	0.891748	0.891748	1	1	
0.927711	-nan	0.89164	1.48527	1	1	1	1	1	1	1.38764	0.89164	0.89164	1	1	
0.931325	-nan	0.891534	1.48526	1	1	1	1	1	1	1.38894	0.891534	0.891534	1	1	
0.93494	-nan	0.891429	1.48525	1	1	1	1	1	1	1.39022	0.891429	0.891429	1	1	
0.938554	-nan	0.891325	1.48524	1	1	1	1	1	1	1.39147	0.891325	0.891325	1	1	
0.942169	-nan	0.891222	1.48523	1	1	1	1	1	1	1.3927	0.891222	0.891222	1	1	
0.945783	-nan	0.89112	1.48522	1	1	1	1	1	1	1.3939	0.89112	0.89112	1	1	
0.949398	-nan	0.89102	1.48521	1	1	1	1	1	1	1.39507	0.89102	0.89102	1	1	
0.953012	-nan	0.89092	1.4852	1	1	1	1	1	1	1.39622	0.89092	0.89092	1	1	
0.956627	-nan	0.890822	1.4852	1	1	1	1	1	1	1.39735	0.890822	0.890822	1	1	
0.960241	-nan	0.890726	1.48519	1	1	1	1	1	1	1.39845	0.890726	0.890726	1	1	
0.963855	-nan	0.89063	1.48519	1	1	1	1	1	1	1.39953	0.89063	0.89063	1	1	
0.96747	-nan	0.890535	1.48519	1	1	1	1	1	1	1.40059	0.890535	0.890535	1	1	
0.971084	-nan	0.890442	1.48519	1	1	1	1	1	1	1.40162	0.890442	0.890442	1	1	
0.974699	-nan	0.890349	1.48519	1	1	1	1	1	1	1.40263	0.890349	0.890349	1	1	
0.978313	-nan	0.890258	1.48519	1	1	1	1	1	1	1.40362	0.890258	0.890258	1	1	
0.981928	-nan	0.890167	1.48519	1	1	1	1	1	1	1.40459	0.890167	0.890167	1	1	
0.985542	-nan	0.890078	1.48519	1	1	1	1	1	1	1.40554	0.890078	0.890078	1	1	
0.989157	-nan	0.88999	1.4852	1	1	1	1	1	1	1.40646	0.88999	0.88999	1	1	
0.992771	-nan	0.889903	1.4852	1	1	1	1	1	1	1.40737	0.889903	0.889903	1	1	
0.996386	-nan	0.889816	1.48521	1	1	1	1	1	1	1.40825	0.889816	0.889816	1	1	
1	-nan	-nan	-nan	-nan	-nan	-nan	-nan	-nan	-nan	-nan	-nan	-nan	-nan	-nan	
