1e-05	-nan	0.452328	0.309392	1	1	1	1	1	1	0.874905	0.452328	0.452328	1	1	
1.03753e-05	-nan	0.452754	0.309446	1	1	1	1	1	1	0.875923	0.452754	0.452754	1	1	
1.07647e-05	-nan	0.453185	0.309502	1	1	1	1	1	1	0.876949	0.453185	0.453185	1	1	
1.11686e-05	-nan	0.453622	0.309558	1	1	1	1	1	1	0.877984	0.453622	0.453622	1	1	
1.15878e-05	-nan	0.454064	0.309616	1	1	1	1	1	1	0.879027	0.454064	0.454064	1	1	
1.20226e-05	-nan	0.454511	0.309674	1	1	1	1	1	1	0.880079	0.454511	0.454511	1	1	
1.24738e-05	-nan	0.454964	0.309734	1	1	1	1	1	1	0.881139	0.454964	0.454964	1	1	
1.2942e-05	-nan	0.455423	0.309795	1	1	1	1	1	1	0.882209	0.455423	0.455423	1	1	
1.34276e-05	-nan	0.455887	0.309856	1	1	1	1	1	1	0.883287	0.455887	0.455887	1	1	
1.39316e-05	-nan	0.456357	0.309919	1	1	1	1	1	1	0.884374	0.456357	0.456357	1	1	
1.44544e-05	-nan	0.456833	0.309983	1	1	1	1	1	1	0.88547	0.456833	0.456833	1	1	
1.49968e-05	-nan	0.457315	0.310048	1	1	1	1	1	1	0.886576	0.457315	0.457315	1	1	
1.55597e-05	-nan	0.457802	0.310114	1	1	1	1	1	1	0.88769	0.457802	0.457802	1	1	
1.61436e-05	-nan	0.458296	0.310182	1	1	1	1	1	1	0.888814	0.458296	0.458296	1	1	
1.67494e-05	-nan	0.458796	0.31025	1	1	1	1	1	1	0.889948	0.458796	0.458796	1	1	
1.7378e-05	-nan	0.459302	0.31032	1	1	1	1	1	1	0.891091	0.459302	0.459302	1	1	
1.80302e-05	-nan	0.459815	0.310391	1	1	1	1	1	1	0.892243	0.459815	0.459815	1	1	
1.87068e-05	-nan	0.460333	0.310464	1	1	1	1	1	1	0.893405	0.460333	0.460333	1	1	
1.94089e-05	-nan	0.460858	0.310538	1	1	1	1	1	1	0.894577	0.460858	0.460858	1	1	
2.01372e-05	-nan	0.46139	0.310613	1	1	1	1	1	1	0.895759	0.46139	0.46139	1	1	
2.0893e-05	-nan	0.461928	0.310689	1	1	1	1	1	1	0.896951	0.461928	0.461928	1	1	
2.1677e-05	-nan	0.462473	0.310767	1	1	1	1	1	1	0.898153	0.462473	0.462473	1	1	
2.24905e-05	-nan	0.463025	0.310846	1	1	1	1	1	1	0.899365	0.463025	0.463025	1	1	
2.33346e-05	-nan	0.463583	0.310927	1	1	1	1	1	1	0.900588	0.463583	0.463583	1	1	
2.42103e-05	-nan	0.464149	0.311009	1	1	1	1	1	1	0.901821	0.464149	0.464149	1	1	
2.51189e-05	-nan	0.464721	0.311093	1	1	1	1	1	1	0.903064	0.464721	0.464721	1	1	
2.60615e-05	-nan	0.465301	0.311179	1	1	1	1	1	1	0.904318	0.465301	0.465301	1	1	
2.70396e-05	-nan	0.465887	0.311265	1	1	1	1	1	1	0.905583	0.465887	0.465887	1	1	
2.80543e-05	-nan	0.466481	0.311354	1	1	1	1	1	1	0.906859	0.466481	0.466481	1	1	
2.91072e-05	-nan	0.467083	0.311444	1	1	1	1	1	1	0.908146	0.467083	0.467083	1	1	
3.01995e-05	-nan	0.467691	0.311536	1	1	1	1	1	1	0.909443	0.467691	0.467691	1	1	
3.13329e-05	-nan	0.468308	0.311629	1	1	1	1	1	1	0.910752	0.468308	0.468308	1	1	
3.25087e-05	-nan	0.468932	0.311724	1	1	1	1	1	1	0.912073	0.468932	0.468932	1	1	
3.37287e-05	-nan	0.469563	0.311821	1	1	1	1	1	1	0.913404	0.469563	0.469563	1	1	
3.49945e-05	-nan	0.470203	0.31192	1	1	1	1	1	1	0.914748	0.470203	0.470203	1	1	
3.63078e-05	-nan	0.47085	0.312021	1	1	1	1	1	1	0.916103	0.47085	0.47085	1	1	
3.76704e-05	-nan	0.471506	0.312123	1	1	1	1	1	1	0.91747	0.471506	0.471506	1	1	
3.90841e-05	-nan	0.47217	0.312228	1	1	1	1	1	1	0.918849	0.47217	0.47217	1	1	
4.05509e-05	-nan	0.472842	0.312334	1	1	1	1	1	1	0.920239	0.472842	0.472842	1	1	
4.20727e-05	-nan	0.473522	0.312443	1	1	1	1	1	1	0.921643	0.473522	0.473522	1	1	
4.36516e-05	-nan	0.47421	0.312553	1	1	1	1	1	1	0.923058	0.47421	0.47421	1	1	
4.52898e-05	-nan	0.474908	0.312666	1	1	1	1	1	1	0.924486	0.474908	0.474908	1	1	
4.69894e-05	-nan	0.475613	0.31278	1	1	1	1	1	1	0.925927	0.475613	0.475613	1	1	
4.87528e-05	-nan	0.476328	0.312897	1	1	1	1	1	1	0.92738	0.476328	0.476328	1	1	
5.05825e-05	-nan	0.477051	0.313016	1	1	1	1	1	1	0.928846	0.477051	0.477051	1	1	
5.24807e-05	-nan	0.477784	0.313138	1	1	1	1	1	1	0.930326	0.477784	0.477784	1	1	
5.44503e-05	-nan	0.478525	0.313261	1	1	1	1	1	1	0.931818	0.478525	0.478525	1	1	
5.64937e-05	-nan	0.479276	0.313387	1	1	1	1	1	1	0.933324	0.479276	0.479276	1	1	
5.86138e-05	-nan	0.480036	0.313516	1	1	1	1	1	1	0.934844	0.480036	0.480036	1	1	
6.08135e-05	-nan	0.480805	0.313647	1	1	1	1	1	1	0.936377	0.480805	0.480805	1	1	
6.30957e-05	-nan	0.481584	0.31378	1	1	1	1	1	1	0.937924	0.481584	0.481584	1	1	
6.54636e-05	-nan	0.482373	0.313916	1	1	1	1	1	1	0.939485	0.482373	0.482373	1	1	
6.79204e-05	-nan	0.483171	0.314055	1	1	1	1	1	1	0.94106	0.483171	0.483171	1	1	
7.04693e-05	-nan	0.48398	0.314196	1	1	1	1	1	1	0.942649	0.48398	0.48398	1	1	
7.31139e-05	-nan	0.484798	0.31434	1	1	1	1	1	1	0.944253	0.484798	0.484798	1	1	
7.58578e-05	-nan	0.485626	0.314487	1	1	1	1	1	1	0.945872	0.485626	0.485626	1	1	
7.87046e-05	-nan	0.486465	0.314637	1	1	1	1	1	1	0.947505	0.486465	0.486465	1	1	
8.16582e-05	-nan	0.487314	0.314789	1	1	1	1	1	1	0.949153	0.487314	0.487314	1	1	
8.47227e-05	-nan	0.488174	0.314945	1	1	1	1	1	1	0.950817	0.488174	0.488174	1	1	
8.79023e-05	-nan	0.489044	0.315104	1	1	1	1	1	1	0.952496	0.489044	0.489044	1	1	
9.12011e-05	-nan	0.489925	0.315265	1	1	1	1	1	1	0.95419	0.489925	0.489925	1	1	
9.46237e-05	-nan	0.490817	0.31543	1	1	1	1	1	1	0.9559	0.490817	0.490817	1	1	
9.81748e-05	-nan	0.49172	0.315599	1	1	1	1	1	1	0.957627	0.49172	0.49172	1	1	
0.000101859	-nan	0.492634	0.31577	1	1	1	1	1	1	0.959369	0.492634	0.492634	1	1	
0.000105682	-nan	0.49356	0.315945	1	1	1	1	1	1	0.961128	0.49356	0.49356	1	1	
0.000109648	-nan	0.494497	0.316124	1	1	1	1	1	1	0.962903	0.494497	0.494497	1	1	
0.000113763	-nan	0.495445	0.316306	1	1	1	1	1	1	0.964695	0.495445	0.495445	1	1	
0.000118032	-nan	0.496405	0.316491	1	1	1	1	1	1	0.966503	0.496405	0.496405	1	1	
0.000122462	-nan	0.497377	0.316681	1	1	1	1	1	1	0.968329	0.497377	0.497377	1	1	
0.000127057	-nan	0.498362	0.316874	1	1	1	1	1	1	0.970173	0.498362	0.498362	1	1	
0.000131826	-nan	0.499358	0.317071	1	1	1	1	1	1	0.972034	0.499358	0.499358	1	1	
0.000136773	-nan	0.500367	0.317272	1	1	1	1	1	1	0.973913	0.500367	0.500367	1	1	
0.000141906	-nan	0.501388	0.317477	1	1	1	1	1	1	0.97581	0.501388	0.501388	1	1	
0.000147231	-nan	0.502421	0.317686	1	1	1	1	1	1	0.977725	0.502421	0.502421	1	1	
0.000152757	-nan	0.503468	0.3179	1	1	1	1	1	1	0.979659	0.503468	0.503468	1	1	
0.000158489	-nan	0.504527	0.318117	1	1	1	1	1	1	0.981611	0.504527	0.504527	1	1	
0.000164437	-nan	0.5056	0.31834	1	1	1	1	1	1	0.983583	0.5056	0.5056	1	1	
0.000170608	-nan	0.506686	0.318566	1	1	1	1	1	1	0.985574	0.506686	0.506686	1	1	
0.000177011	-nan	0.507785	0.318798	1	1	1	1	1	1	0.987584	0.507785	0.507785	1	1	
0.000183654	-nan	0.508897	0.319034	1	1	1	1	1	1	0.989614	0.508897	0.508897	1	1	
0.000190546	-nan	0.510024	0.319275	1	1	1	1	1	1	0.991664	0.510024	0.510024	1	1	
0.000197697	-nan	0.511164	0.319521	1	1	1	1	1	1	0.993735	0.511164	0.511164	1	1	
0.000205116	-nan	0.512318	0.319772	1	1	1	1	1	1	0.995826	0.512318	0.512318	1	1	
0.000212814	-nan	0.513487	0.320029	1	1	1	1	1	1	0.997938	0.513487	0.513487	1	1	
0.0002208	-nan	0.51467	0.32029	1	1	1	1	1	1	1.00007	0.51467	0.51467	1	1	
0.000229087	-nan	0.515868	0.320557	1	1	1	1	1	1	1.00223	0.515868	0.515868	1	1	
0.000237684	-nan	0.51708	0.32083	1	1	1	1	1	1	1.0044	0.51708	0.51708	1	1	
0.000246604	-nan	0.518307	0.321109	1	1	1	1	1	1	1.0066	0.518307	0.518307	1	1	
0.000255859	-nan	0.519549	0.321393	1	1	1	1	1	1	1.00882	0.519549	0.519549	1	1	
0.000265461	-nan	0.520807	0.321683	1	1	1	1	1	1	1.01106	0.520807	0.520807	1	1	
0.000275423	-nan	0.52208	0.32198	1	1	1	1	1	1	1.01333	0.52208	0.52208	1	1	
0.000285759	-nan	0.523369	0.322283	1	1	1	1	1	1	1.01562	0.523369	0.523369	1	1	
0.000296483	-nan	0.524673	0.322592	1	1	1	1	1	1	1.01793	0.524673	0.524673	1	1	
0.00030761	-nan	0.525994	0.322907	1	1	1	1	1	1	1.02027	0.525994	0.525994	1	1	
0.000319154	-nan	0.52733	0.32323	1	1	1	1	1	1	1.02263	0.52733	0.52733	1	1	
0.000331131	-nan	0.528684	0.323559	1	1	1	1	1	1	1.02502	0.528684	0.528684	1	1	
0.000343558	-nan	0.530053	0.323896	1	1	1	1	1	1	1.02743	0.530053	0.530053	1	1	
0.000356451	-nan	0.53144	0.32424	1	1	1	1	1	1	1.02987	0.53144	0.53144	1	1	
0.000369828	-nan	0.532843	0.324591	1	1	1	1	1	1	1.03233	0.532843	0.532843	1	1	
0.000383707	-nan	0.534264	0.32495	1	1	1	1	1	1	1.03482	0.534264	0.534264	1	1	
0.000398107	-nan	0.535702	0.325316	1	1	1	1	1	1	1.03733	0.535702	0.535702	1	1	
0.000413048	-nan	0.537157	0.325691	1	1	1	1	1	1	1.03988	0.537157	0.537157	1	1	
0.000428549	-nan	0.538631	0.326074	1	1	1	1	1	1	1.04245	0.538631	0.538631	1	1	
0.000444631	-nan	0.540122	0.326465	1	1	1	1	1	1	1.04504	0.540122	0.540122	1	1	
0.000461318	-nan	0.541631	0.326865	1	1	1	1	1	1	1.04767	0.541631	0.541631	1	1	
0.00047863	-nan	0.543159	0.327274	1	1	1	1	1	1	1.05032	0.543159	0.543159	1	1	
0.000496592	-nan	0.544706	0.327691	1	1	1	1	1	1	1.05301	0.544706	0.544706	1	1	
0.000515229	-nan	0.546271	0.328118	1	1	1	1	1	1	1.05572	0.546271	0.546271	1	1	
0.000534564	-nan	0.547856	0.328555	1	1	1	1	1	1	1.05846	0.547856	0.547856	1	1	
0.000554626	-nan	0.549459	0.329001	1	1	1	1	1	1	1.06123	0.549459	0.549459	1	1	
0.00057544	-nan	0.551082	0.329457	1	1	1	1	1	1	1.06404	0.551082	0.551082	1	1	
0.000597035	-nan	0.552725	0.329924	1	1	1	1	1	1	1.06687	0.552725	0.552725	1	1	
0.000619441	-nan	0.554388	0.330401	1	1	1	1	1	1	1.06974	0.554388	0.554388	1	1	
0.000642688	-nan	0.556071	0.330889	1	1	1	1	1	1	1.07264	0.556071	0.556071	1	1	
0.000666807	-nan	0.557774	0.331387	1	1	1	1	1	1	1.07557	0.557774	0.557774	1	1	
0.000691831	-nan	0.559498	0.331898	1	1	1	1	1	1	1.07854	0.559498	0.559498	1	1	
0.000717794	-nan	0.561242	0.332419	1	1	1	1	1	1	1.08154	0.561242	0.561242	1	1	
0.000744732	-nan	0.563008	0.332953	1	1	1	1	1	1	1.08457	0.563008	0.563008	1	1	
0.000772681	-nan	0.564795	0.333499	1	1	1	1	1	1	1.08764	0.564795	0.564795	1	1	
0.000801678	-nan	0.566603	0.334058	1	1	1	1	1	1	1.09075	0.566603	0.566603	1	1	
0.000831764	-nan	0.568434	0.334629	1	1	1	1	1	1	1.09389	0.568434	0.568434	1	1	
0.000862979	-nan	0.570286	0.335214	1	1	1	1	1	1	1.09707	0.570286	0.570286	1	1	
0.000895365	-nan	0.57216	0.335812	1	1	1	1	1	1	1.10028	0.57216	0.57216	1	1	
0.000928966	-nan	0.574057	0.336425	1	1	1	1	1	1	1.10353	0.574057	0.574057	1	1	
0.000963829	-nan	0.575977	0.337051	1	1	1	1	1	1	1.10683	0.575977	0.575977	1	1	
0.001	-nan	0.577919	0.337693	1	1	1	1	1	1	1.11016	0.577919	0.577919	1	1	
0.00103753	-nan	0.579885	0.338349	1	1	1	1	1	1	1.11353	0.579885	0.579885	1	1	
0.00107647	-nan	0.581874	0.339021	1	1	1	1	1	1	1.11694	0.581874	0.581874	1	1	
0.00111686	-nan	0.583887	0.339709	1	1	1	1	1	1	1.12039	0.583887	0.583887	1	1	
0.00115878	-nan	0.585924	0.340414	1	1	1	1	1	1	1.12389	0.585924	0.585924	1	1	
0.00120226	-nan	0.587985	0.341135	1	1	1	1	1	1	1.12742	0.587985	0.587985	1	1	
0.00124738	-nan	0.59007	0.341873	1	1	1	1	1	1	1.13101	0.59007	0.59007	1	1	
0.0012942	-nan	0.59218	0.342629	1	1	1	1	1	1	1.13463	0.59218	0.59218	1	1	
0.00134276	-nan	0.594315	0.343404	1	1	1	1	1	1	1.1383	0.594315	0.594315	1	1	
0.00139316	-nan	0.596476	0.344197	1	1	1	1	1	1	1.14202	0.596476	0.596476	1	1	
0.00144544	-nan	0.598661	0.34501	1	1	1	1	1	1	1.14578	0.598661	0.598661	1	1	
0.00149968	-nan	0.600873	0.345842	1	1	1	1	1	1	1.14959	0.600873	0.600873	1	1	
0.00155597	-nan	0.60311	0.346695	1	1	1	1	1	1	1.15345	0.60311	0.60311	1	1	
0.00161436	-nan	0.605374	0.347568	1	1	1	1	1	1	1.15735	0.605374	0.605374	1	1	
0.00167494	-nan	0.607664	0.348463	1	1	1	1	1	1	1.16131	0.607664	0.607664	1	1	
0.0017378	-nan	0.60998	0.349381	1	1	1	1	1	1	1.16532	0.60998	0.60998	1	1	
0.00180302	-nan	0.612324	0.350321	1	1	1	1	1	1	1.16938	0.612324	0.612324	1	1	
0.00187068	-nan	0.614695	0.351284	1	1	1	1	1	1	1.17349	0.614695	0.614695	1	1	
0.00194089	-nan	0.617094	0.352271	1	1	1	1	1	1	1.17765	0.617094	0.617094	1	1	
0.00201372	-nan	0.61952	0.353284	1	1	1	1	1	1	1.18187	0.61952	0.61952	1	1	
0.0020893	-nan	0.621974	0.354322	1	1	1	1	1	1	1.18615	0.621974	0.621974	1	1	
0.0021677	-nan	0.624457	0.355386	1	1	1	1	1	1	1.19048	0.624457	0.624457	1	1	
0.00224905	-nan	0.626968	0.356477	1	1	1	1	1	1	1.19487	0.626968	0.626968	1	1	
0.00233346	-nan	0.629507	0.357595	1	1	1	1	1	1	1.19931	0.629507	0.629507	1	1	
0.00242103	-nan	0.632076	0.358743	1	1	1	1	1	1	1.20382	0.632076	0.632076	1	1	
0.00251189	-nan	0.634674	0.359919	1	1	1	1	1	1	1.20839	0.634674	0.634674	1	1	
0.00260615	-nan	0.637302	0.361127	1	1	1	1	1	1	1.21302	0.637302	0.637302	1	1	
0.00270396	-nan	0.639959	0.362365	1	1	1	1	1	1	1.21771	0.639959	0.639959	1	1	
0.00280543	-nan	0.642647	0.363635	1	1	1	1	1	1	1.22247	0.642647	0.642647	1	1	
0.00291072	-nan	0.645364	0.364939	1	1	1	1	1	1	1.22729	0.645364	0.645364	1	1	
0.00301995	-nan	0.648113	0.366276	1	1	1	1	1	1	1.23217	0.648113	0.648113	1	1	
0.00313329	-nan	0.650892	0.367649	1	1	1	1	1	1	1.23713	0.650892	0.650892	1	1	
0.00325087	-nan	0.653702	0.369058	1	1	1	1	1	1	1.24215	0.653702	0.653702	1	1	
0.00337287	-nan	0.656543	0.370504	1	1	1	1	1	1	1.24725	0.656543	0.656543	1	1	
0.00349945	-nan	0.659416	0.371989	1	1	1	1	1	1	1.25241	0.659416	0.659416	1	1	
0.00363078	-nan	0.66232	0.373513	1	1	1	1	1	1	1.25765	0.66232	0.66232	1	1	
0.00376704	-nan	0.665257	0.375078	1	1	1	1	1	1	1.26297	0.665257	0.665257	1	1	
0.00390841	-nan	0.668225	0.376685	1	1	1	1	1	1	1.26835	0.668225	0.668225	1	1	
0.00405509	-nan	0.671226	0.378335	1	1	1	1	1	1	1.27382	0.671226	0.671226	1	1	
0.00420727	-nan	0.67426	0.380031	1	1	1	1	1	1	1.27936	0.67426	0.67426	1	1	
0.00436516	-nan	0.677327	0.381772	1	1	1	1	1	1	1.28499	0.677327	0.677327	1	1	
0.00452898	-nan	0.680426	0.383561	1	1	1	1	1	1	1.29069	0.680426	0.680426	1	1	
0.00469894	-nan	0.683559	0.385399	1	1	1	1	1	1	1.29648	0.683559	0.683559	1	1	
0.00487528	-nan	0.686725	0.387287	1	1	1	1	1	1	1.30236	0.686725	0.686725	1	1	
0.00505825	-nan	0.689925	0.389228	1	1	1	1	1	1	1.30832	0.689925	0.689925	1	1	
0.00524807	-nan	0.693158	0.391223	1	1	1	1	1	1	1.31436	0.693158	0.693158	1	1	
0.00544503	-nan	0.696426	0.393273	1	1	1	1	1	1	1.3205	0.696426	0.696426	1	1	
0.00564937	-nan	0.699728	0.395381	1	1	1	1	1	1	1.32673	0.699728	0.699728	1	1	
0.00586138	-nan	0.703064	0.397548	1	1	1	1	1	1	1.33305	0.703064	0.703064	1	1	
0.00608135	-nan	0.706434	0.399777	1	1	1	1	1	1	1.33946	0.706434	0.706434	1	1	
0.00630957	-nan	0.709839	0.402068	1	1	1	1	1	1	1.34597	0.709839	0.709839	1	1	
0.00654636	-nan	0.713279	0.404425	1	1	1	1	1	1	1.35258	0.713279	0.713279	1	1	
0.00679204	-nan	0.716754	0.40685	1	1	1	1	1	1	1.35929	0.716754	0.716754	1	1	
0.00704693	-nan	0.720263	0.409344	1	1	1	1	1	1	1.36611	0.720263	0.720263	1	1	
0.00731139	-nan	0.723808	0.41191	1	1	1	1	1	1	1.37302	0.723808	0.723808	1	1	
0.00758578	-nan	0.727388	0.414551	1	1	1	1	1	1	1.38004	0.727388	0.727388	1	1	
0.00787046	-nan	0.731003	0.417269	1	1	1	1	1	1	1.38717	0.731003	0.731003	1	1	
0.00816582	-nan	0.734654	0.420066	1	1	1	1	1	1	1.39441	0.734654	0.734654	1	1	
0.00847227	-nan	0.73834	0.422945	1	1	1	1	1	1	1.40176	0.73834	0.73834	1	1	
0.00879023	-nan	0.742061	0.42591	1	1	1	1	1	1	1.40923	0.742061	0.742061	1	1	
0.00912011	-nan	0.745818	0.428962	1	1	1	1	1	1	1.41681	0.745818	0.745818	1	1	
0.00946237	-nan	0.74961	0.432105	1	1	1	1	1	1	1.42451	0.74961	0.74961	1	1	
0.00981748	-nan	0.753438	0.435343	1	1	1	1	1	1	1.43233	0.753438	0.753438	1	1	
0.0101859	-nan	0.757301	0.438678	1	1	1	1	1	1	1.44028	0.757301	0.757301	1	1	
0.0105682	-nan	0.761199	0.442113	1	1	1	1	1	1	1.44835	0.761199	0.761199	1	1	
0.0109648	-nan	0.765133	0.445653	1	1	1	1	1	1	1.45654	0.765133	0.765133	1	1	
0.0113763	-nan	0.769101	0.449301	1	1	1	1	1	1	1.46487	0.769101	0.769101	1	1	
0.0118032	-nan	0.773105	0.45306	1	1	1	1	1	1	1.47333	0.773105	0.773105	1	1	
0.0122462	-nan	0.777144	0.456935	1	1	1	1	1	1	1.48192	0.777144	0.777144	1	1	
0.0127057	-nan	0.781218	0.46093	1	1	1	1	1	1	1.49065	0.781218	0.781218	1	1	
0.0131826	-nan	0.785326	0.465049	1	1	1	1	1	1	1.49952	0.785326	0.785326	1	1	
0.0136773	-nan	0.789469	0.469297	1	1	1	1	1	1	1.50853	0.789469	0.789469	1	1	
0.0141906	-nan	0.793646	0.473678	1	1	1	1	1	1	1.51769	0.793646	0.793646	1	1	
0.0147231	-nan	0.797857	0.478197	1	1	1	1	1	1	1.527	0.797857	0.797857	1	1	
0.0152757	-nan	0.802101	0.482858	1	1	1	1	1	1	1.53645	0.802101	0.802101	1	1	
0.0158489	-nan	0.806379	0.487668	1	1	1	1	1	1	1.54606	0.806379	0.806379	1	1	
0.0164437	-nan	0.810689	0.492632	1	1	1	1	1	1	1.55582	0.810689	0.810689	1	1	
0.0170608	-nan	0.815033	0.497755	1	1	1	1	1	1	1.56574	0.815033	0.815033	1	1	
0.0177011	-nan	0.819408	0.503042	1	1	1	1	1	1	1.57581	0.819408	0.819408	1	1	
0.0183654	-nan	0.823815	0.508502	1	1	1	1	1	1	1.58606	0.823815	0.823815	1	1	
0.0190546	-nan	0.828253	0.514138	1	1	1	1	1	1	1.59647	0.828253	0.828253	1	1	
0.0197697	-nan	0.832721	0.519959	1	1	1	1	1	1	1.60704	0.832721	0.832721	1	1	
0.0205116	-nan	0.83722	0.525971	1	1	1	1	1	1	1.61779	0.83722	0.83722	1	1	
0.0212814	-nan	0.841748	0.532181	1	1	1	1	1	1	1.62871	0.841748	0.841748	1	1	
0.02208	-nan	0.846305	0.538596	1	1	1	1	1	1	1.63981	0.846305	0.846305	1	1	
0.0229087	-nan	0.850889	0.545225	1	1	1	1	1	1	1.65109	0.850889	0.850889	1	1	
0.0237684	-nan	0.855501	0.552075	1	1	1	1	1	1	1.66256	0.855501	0.855501	1	1	
0.0246604	-nan	0.860139	0.559155	1	1	1	1	1	1	1.67421	0.860139	0.860139	1	1	
0.0255859	-nan	0.864803	0.566473	1	1	1	1	1	1	1.68604	0.864803	0.864803	1	1	
0.0265461	-nan	0.869491	0.574039	1	1	1	1	1	1	1.69807	0.869491	0.869491	1	1	
0.0275423	-nan	0.874203	0.581861	1	1	1	1	1	1	1.71029	0.874203	0.874203	1	1	
0.0285759	-nan	0.878937	0.58995	1	1	1	1	1	1	1.72271	0.878937	0.878937	1	1	
0.0296483	-nan	0.883692	0.598315	1	1	1	1	1	1	1.73533	0.883692	0.883692	1	1	
0.030761	-nan	0.888467	0.606967	1	1	1	1	1	1	1.74815	0.888467	0.888467	1	1	
0.0319154	-nan	0.893262	0.615917	1	1	1	1	1	1	1.76117	0.893262	0.893262	1	1	
0.0331131	-nan	0.898073	0.625176	1	1	1	1	1	1	1.7744	0.898073	0.898073	1	1	
0.0343558	-nan	0.902901	0.634756	1	1	1	1	1	1	1.78785	0.902901	0.902901	1	1	
0.0356451	-nan	0.907744	0.644668	1	1	1	1	1	1	1.8015	0.907744	0.907744	1	1	
0.0369828	-nan	0.912599	0.654925	1	1	1	1	1	1	1.81537	0.912599	0.912599	1	1	
0.0383707	-nan	0.917466	0.665541	1	1	1	1	1	1	1.82946	0.917466	0.917466	1	1	
0.0398107	-nan	0.922343	0.676527	1	1	1	1	1	1	1.84377	0.922343	0.922343	1	1	
0.0413048	-nan	0.927228	0.687899	1	1	1	1	1	1	1.85831	0.927228	0.927228	1	1	
0.0428549	-nan	0.932118	0.699669	1	1	1	1	1	1	1.87306	0.932118	0.932118	1	1	
0.0444631	-nan	0.937013	0.711852	1	1	1	1	1	1	1.88805	0.937013	0.937013	1	1	
0.0461318	-nan	0.941909	0.724463	1	1	1	1	1	1	1.90326	0.941909	0.941909	1	1	
0.047863	-nan	0.946805	0.737518	1	1	1	1	1	1	1.91871	0.946805	0.946805	1	1	
0.0496592	-nan	0.951699	0.75103	1	1	1	1	1	1	1.93439	0.951699	0.951699	1	1	
0.0515229	-nan	0.956587	0.765016	1	1	1	1	1	1	1.95031	0.956587	0.956587	1	1	
0.0534564	-nan	0.961468	0.779493	1	1	1	1	1	1	1.96646	0.961468	0.961468	1	1	
0.0554626	-nan	0.966339	0.794474	1	1	1	1	1	1	1.98285	0.966339	0.966339	1	1	
0.057544	-nan	0.971198	0.809978	1	1	1	1	1	1	1.99948	0.971198	0.971198	1	1	
0.0597035	-nan	0.976041	0.826019	1	1	1	1	1	1	2.01636	0.976041	0.976041	1	1	
0.0619441	-nan	0.980865	0.842614	1	1	1	1	1	1	2.03347	0.980865	0.980865	1	1	
0.0642688	-nan	0.985668	0.859778	1	1	1	1	1	1	2.05083	0.985668	0.985668	1	1	
0.0666807	-nan	0.990446	0.877526	1	1	1	1	1	1	2.06843	0.990446	0.990446	1	1	
0.0691831	-nan	0.995197	0.895873	1	1	1	1	1	1	2.08628	0.995197	0.995197	1	1	
0.0717794	-nan	0.999916	0.914834	1	1	1	1	1	1	2.10438	0.999916	0.999916	1	1	
0.0744732	-nan	1.0046	0.93442	1	1	1	1	1	1	2.12271	1.0046	1.0046	1	1	
0.0772681	-nan	1.00925	0.954644	1	1	1	1	1	1	2.1413	1.00925	1.00925	1	1	
0.0801678	-nan	1.01385	0.975516	1	1	1	1	1	1	2.16013	1.01385	1.01385	1	1	
0.0831764	-nan	1.01841	0.997044	1	1	1	1	1	1	2.1792	1.01841	1.01841	1	1	
0.0862979	-nan	1.02292	1.01923	1	1	1	1	1	1	2.19852	1.02292	1.02292	1	1	
0.0895365	-nan	1.02737	1.04209	1	1	1	1	1	1	2.21808	1.02737	1.02737	1	1	
0.0928966	-nan	1.03177	1.06561	1	1	1	1	1	1	2.23788	1.03177	1.03177	1	1	
0.0963829	-nan	1.0361	1.08979	1	1	1	1	1	1	2.25792	1.0361	1.0361	1	1	
0.1	-nan	1.04037	1.11462	1	1	1	1	1	1	2.2782	1.04037	1.04037	1	1	
0.103614	-nan	1.04442	1.13915	1	1	1	1	1	1	2.29796	1.04442	1.04442	1	1	
0.107229	-nan	1.04826	1.16339	1	1	1	1	1	1	2.31726	1.04826	1.04826	1	1	
0.110843	-nan	1.05191	1.18732	1	1	1	1	1	1	2.3361	1.05191	1.05191	1	1	
0.114458	-nan	1.05538	1.21091	1	1	1	1	1	1	2.35451	1.05538	1.05538	1	1	
0.118072	-nan	1.05868	1.23415	1	1	1	1	1	1	2.37252	1.05868	1.05868	1	1	
0.121687	-nan	1.06181	1.25701	1	1	1	1	1	1	2.39012	1.06181	1.06181	1	1	
0.125301	-nan	1.06479	1.27948	1	1	1	1	1	1	2.40736	1.06479	1.06479	1	1	
0.128916	-nan	1.06763	1.30155	1	1	1	1	1	1	2.42423	1.06763	1.06763	1	1	
0.13253	-nan	1.07033	1.32318	1	1	1	1	1	1	2.44075	1.07033	1.07033	1	1	
0.136145	-nan	1.0729	1.34436	1	1	1	1	1	1	2.45694	1.0729	1.0729	1	1	
0.139759	-nan	1.07535	1.36506	1	1	1	1	1	1	2.47281	1.07535	1.07535	1	1	
0.143373	-nan	1.07767	1.38528	1	1	1	1	1	1	2.48837	1.07767	1.07767	1	1	
0.146988	-nan	1.07989	1.40499	1	1	1	1	1	1	2.50363	1.07989	1.07989	1	1	
0.150602	-nan	1.082	1.42418	1	1	1	1	1	1	2.51861	1.082	1.082	1	1	
0.154217	-nan	1.08401	1.44281	1	1	1	1	1	1	2.5333	1.08401	1.08401	1	1	
0.157831	-nan	1.08592	1.46088	1	1	1	1	1	1	2.54773	1.08592	1.08592	1	1	
0.161446	-nan	1.08774	1.47837	1	1	1	1	1	1	2.56189	1.08774	1.08774	1	1	
0.16506	-nan	1.08947	1.49526	1	1	1	1	1	1	2.57581	1.08947	1.08947	1	1	
0.168675	-nan	1.09112	1.51152	1	1	1	1	1	1	2.58948	1.09112	1.09112	1	1	
0.172289	-nan	1.09268	1.52716	1	1	1	1	1	1	2.60291	1.09268	1.09268	1	1	
0.175904	-nan	1.09417	1.54214	1	1	1	1	1	1	2.61612	1.09417	1.09417	1	1	
0.179518	-nan	1.09559	1.55645	1	1	1	1	1	1	2.6291	1.09559	1.09559	1	1	
0.183133	-nan	1.09693	1.57008	1	1	1	1	1	1	2.64186	1.09693	1.09693	1	1	
0.186747	-nan	1.09821	1.58302	1	1	1	1	1	1	2.65442	1.09821	1.09821	1	1	
0.190361	-nan	1.09942	1.59524	1	1	1	1	1	1	2.66677	1.09942	1.09942	1	1	
0.193976	-nan	1.10057	1.60674	1	1	1	1	1	1	2.67893	1.10057	1.10057	1	1	
0.19759	-nan	1.10166	1.6175	1	1	1	1	1	1	2.69089	1.10166	1.10166	1	1	
0.201205	-nan	1.10269	1.62751	1	1	1	1	1	1	2.70266	1.10269	1.10269	1	1	
0.204819	-nan	1.10367	1.63676	1	1	1	1	1	1	2.71425	1.10367	1.10367	1	1	
0.208434	-nan	1.1046	1.64524	1	1	1	1	1	1	2.72566	1.1046	1.1046	1	1	
0.212048	-nan	1.10547	1.65294	1	1	1	1	1	1	2.7369	1.10547	1.10547	1	1	
0.215663	-nan	1.1063	1.65985	1	1	1	1	1	1	2.74797	1.1063	1.1063	1	1	
0.219277	-nan	1.10708	1.66597	1	1	1	1	1	1	2.75887	1.10708	1.10708	1	1	
0.222892	-nan	1.10781	1.67128	1	1	1	1	1	1	2.76962	1.10781	1.10781	1	1	
0.226506	-nan	1.10851	1.67578	1	1	1	1	1	1	2.7802	1.10851	1.10851	1	1	
0.23012	-nan	1.10916	1.67947	1	1	1	1	1	1	2.79063	1.10916	1.10916	1	1	
0.233735	-nan	1.10977	1.68234	1	1	1	1	1	1	2.80092	1.10977	1.10977	1	1	
0.237349	-nan	1.11034	1.68438	1	1	1	1	1	1	2.81105	1.11034	1.11034	1	1	
0.240964	-nan	1.11087	1.68561	1	1	1	1	1	1	2.82105	1.11087	1.11087	1	1	
0.244578	-nan	1.11137	1.686	1	1	1	1	1	1	2.8309	1.11137	1.11137	1	1	
0.248193	-nan	1.11184	1.68557	1	1	1	1	1	1	2.84062	1.11184	1.11184	1	1	
0.251807	-nan	1.11227	1.68432	1	1	1	1	1	1	2.8502	1.11227	1.11227	1	1	
0.255422	-nan	1.11268	1.68224	1	1	1	1	1	1	2.85965	1.11268	1.11268	1	1	
0.259036	-nan	1.11305	1.67934	1	1	1	1	1	1	2.86898	1.11305	1.11305	1	1	
0.262651	-nan	1.11339	1.67562	1	1	1	1	1	1	2.87817	1.11339	1.11339	1	1	
0.266265	-nan	1.11371	1.6711	1	1	1	1	1	1	2.88725	1.11371	1.11371	1	1	
0.26988	-nan	1.11399	1.66576	1	1	1	1	1	1	2.89621	1.11399	1.11399	1	1	
0.273494	-nan	1.11425	1.65963	1	1	1	1	1	1	2.90505	1.11425	1.11425	1	1	
0.277108	-nan	1.11449	1.65271	1	1	1	1	1	1	2.91377	1.11449	1.11449	1	1	
0.280723	-nan	1.1147	1.645	1	1	1	1	1	1	2.92238	1.1147	1.1147	1	1	
0.284337	-nan	1.11489	1.63652	1	1	1	1	1	1	2.93089	1.11489	1.11489	1	1	
0.287952	-nan	1.11506	1.62728	1	1	1	1	1	1	2.93928	1.11506	1.11506	1	1	
0.291566	-nan	1.11521	1.61729	1	1	1	1	1	1	2.94757	1.11521	1.11521	1	1	
0.295181	-nan	1.11533	1.60656	1	1	1	1	1	1	2.95575	1.11533	1.11533	1	1	
0.298795	-nan	1.11544	1.59511	1	1	1	1	1	1	2.96383	1.11544	1.11544	1	1	
0.30241	-nan	1.11553	1.58295	1	1	1	1	1	1	2.97181	1.11553	1.11553	1	1	
0.306024	-nan	1.11559	1.5701	1	1	1	1	1	1	2.97969	1.11559	1.11559	1	1	
0.309639	-nan	1.11564	1.55657	1	1	1	1	1	1	2.98748	1.11564	1.11564	1	1	
0.313253	-nan	1.11568	1.54238	1	1	1	1	1	1	2.99517	1.11568	1.11568	1	1	
0.316867	-nan	1.1157	1.52755	1	1	1	1	1	1	3.00277	1.1157	1.1157	1	1	
0.320482	-nan	1.1157	1.51209	1	1	1	1	1	1	3.01028	1.1157	1.1157	1	1	
0.324096	-nan	1.11569	1.49604	1	1	1	1	1	1	3.0177	1.11569	1.11569	1	1	
0.327711	-nan	1.11566	1.47939	1	1	1	1	1	1	3.02503	1.11566	1.11566	1	1	
0.331325	-nan	1.11562	1.46219	1	1	1	1	1	1	3.03228	1.11562	1.11562	1	1	
0.33494	-nan	1.11556	1.44444	1	1	1	1	1	1	3.03944	1.11556	1.11556	1	1	
0.338554	-nan	1.1155	1.42617	1	1	1	1	1	1	3.04652	1.1155	1.1155	1	1	
0.342169	-nan	1.11542	1.40741	1	1	1	1	1	1	3.05351	1.11542	1.11542	1	1	
0.345783	-nan	1.11533	1.38817	1	1	1	1	1	1	3.06043	1.11533	1.11533	1	1	
0.349398	-nan	1.11522	1.36849	1	1	1	1	1	1	3.06726	1.11522	1.11522	1	1	
0.353012	-nan	1.11511	1.34837	1	1	1	1	1	1	3.07402	1.11511	1.11511	1	1	
0.356627	-nan	1.11499	1.32785	1	1	1	1	1	1	3.08071	1.11499	1.11499	1	1	
0.360241	-nan	1.11485	1.30696	1	1	1	1	1	1	3.08732	1.11485	1.11485	1	1	
0.363855	-nan	1.11471	1.28571	1	1	1	1	1	1	3.09385	1.11471	1.11471	1	1	
0.36747	-nan	1.11456	1.26413	1	1	1	1	1	1	3.10032	1.11456	1.11456	1	1	
0.371084	-nan	1.1144	1.24225	1	1	1	1	1	1	3.10671	1.1144	1.1144	1	1	
0.374699	-nan	1.11423	1.22009	1	1	1	1	1	1	3.11303	1.11423	1.11423	1	1	
0.378313	-nan	1.11405	1.19768	1	1	1	1	1	1	3.11928	1.11405	1.11405	1	1	
0.381928	-nan	1.11387	1.17503	1	1	1	1	1	1	3.12547	1.11387	1.11387	1	1	
0.385542	-nan	1.11367	1.15219	1	1	1	1	1	1	3.13159	1.11367	1.11367	1	1	
0.389157	-nan	1.11348	1.12917	1	1	1	1	1	1	3.13764	1.11348	1.11348	1	1	
0.392771	-nan	1.11327	1.106	1	1	1	1	1	1	3.14363	1.11327	1.11327	1	1	
0.396386	-nan	1.11306	1.0827	1	1	1	1	1	1	3.14956	1.11306	1.11306	1	1	
0.4	-nan	1.11284	1.05929	1	1	1	1	1	1	3.15542	1.11284	1.11284	1	1	
0.403614	-nan	1.11262	1.03581	1	1	1	1	1	1	3.16123	1.11262	1.11262	1	1	
0.407229	-nan	1.11239	1.01227	1	1	1	1	1	1	3.16697	1.11239	1.11239	1	1	
0.410843	-nan	1.11216	0.988704	1	1	1	1	1	1	3.17265	1.11216	1.11216	1	1	
0.414458	-nan	1.11192	0.965127	1	1	1	1	1	1	3.17828	1.11192	1.11192	1	1	
0.418072	-nan	1.11167	0.941566	1	1	1	1	1	1	3.18384	1.11167	1.11167	1	1	
0.421687	-nan	1.11143	0.918042	1	1	1	1	1	1	3.18935	1.11143	1.11143	1	1	
0.425301	-nan	1.11117	0.894578	1	1	1	1	1	1	3.19481	1.11117	1.11117	1	1	
0.428916	-nan	1.11092	0.871194	1	1	1	1	1	1	3.20021	1.11092	1.11092	1	1	
0.43253	-nan	1.11066	0.847911	1	1	1	1	1	1	3.20556	1.11066	1.11066	1	1	
0.436145	-nan	1.1104	0.82475	1	1	1	1	1	1	3.21085	1.1104	1.1104	1	1	
0.439759	-nan	1.11013	0.80173	1	1	1	1	1	1	3.21609	1.11013	1.11013	1	1	
0.443373	-nan	1.10986	0.77887	1	1	1	1	1	1	3.22128	1.10986	1.10986	1	1	
0.446988	-nan	1.10959	0.756189	1	1	1	1	1	1	3.22642	1.10959	1.10959	1	1	
0.450602	-nan	1.10932	0.733704	1	1	1	1	1	1	3.2315	1.10932	1.10932	1	1	
0.454217	-nan	1.10904	0.711431	1	1	1	1	1	1	3.23654	1.10904	1.10904	1	1	
0.457831	-nan	1.10876	0.689388	1	1	1	1	1	1	3.24153	1.10876	1.10876	1	1	
0.461446	-nan	1.10848	0.667589	1	1	1	1	1	1	3.24647	1.10848	1.10848	1	1	
0.46506	-nan	1.1082	0.64605	1	1	1	1	1	1	3.25137	1.1082	1.1082	1	1	
0.468675	-nan	1.10791	0.624784	1	1	1	1	1	1	3.25622	1.10791	1.10791	1	1	
0.472289	-nan	1.10763	0.603804	1	1	1	1	1	1	3.26102	1.10763	1.10763	1	1	
0.475904	-nan	1.10734	0.583124	1	1	1	1	1	1	3.26578	1.10734	1.10734	1	1	
0.479518	-nan	1.10705	0.562755	1	1	1	1	1	1	3.27049	1.10705	1.10705	1	1	
0.483133	-nan	1.10676	0.542708	1	1	1	1	1	1	3.27516	1.10676	1.10676	1	1	
0.486747	-nan	1.10647	0.522993	1	1	1	1	1	1	3.27979	1.10647	1.10647	1	1	
0.490361	-nan	1.10618	0.50362	1	1	1	1	1	1	3.28437	1.10618	1.10618	1	1	
0.493976	-nan	1.10588	0.484598	1	1	1	1	1	1	3.28891	1.10588	1.10588	1	1	
0.49759	-nan	1.10559	0.465934	1	1	1	1	1	1	3.29341	1.10559	1.10559	1	1	
0.501205	-nan	1.1053	0.447637	1	1	1	1	1	1	3.29787	1.1053	1.1053	1	1	
0.504819	-nan	1.105	0.429713	1	1	1	1	1	1	3.30229	1.105	1.105	1	1	
0.508434	-nan	1.10471	0.412167	1	1	1	1	1	1	3.30667	1.10471	1.10471	1	1	
0.512048	-nan	1.10441	0.395005	1	1	1	1	1	1	3.31101	1.10441	1.10441	1	1	
0.515663	-nan	1.10412	0.378233	1	1	1	1	1	1	3.31531	1.10412	1.10412	1	1	
0.519277	-nan	1.10383	0.361853	1	1	1	1	1	1	3.31957	1.10383	1.10383	1	1	
0.522892	-nan	1.10353	0.345869	1	1	1	1	1	1	3.3238	1.10353	1.10353	1	1	
0.526506	-nan	1.10324	0.330283	1	1	1	1	1	1	3.32799	1.10324	1.10324	1	1	
0.53012	-nan	1.10294	0.315099	1	1	1	1	1	1	3.33214	1.10294	1.10294	1	1	
0.533735	-nan	1.10265	0.300318	1	1	1	1	1	1	3.33626	1.10265	1.10265	1	1	
0.537349	-nan	1.10236	0.28594	1	1	1	1	1	1	3.34034	1.10236	1.10236	1	1	
0.540964	-nan	1.10207	0.271966	1	1	1	1	1	1	3.34439	1.10207	1.10207	1	1	
0.544578	-nan	1.10178	0.258395	1	1	1	1	1	1	3.3484	1.10178	1.10178	1	1	
0.548193	-nan	1.10149	0.245228	1	1	1	1	1	1	3.35238	1.10149	1.10149	1	1	
0.551807	-nan	1.1012	0.232464	1	1	1	1	1	1	3.35632	1.1012	1.1012	1	1	
0.555422	-nan	1.10091	0.2201	1	1	1	1	1	1	3.36024	1.10091	1.10091	1	1	
0.559036	-nan	1.10062	0.208135	1	1	1	1	1	1	3.36411	1.10062	1.10062	1	1	
0.562651	-nan	1.10034	0.196566	1	1	1	1	1	1	3.36796	1.10034	1.10034	1	1	
0.566265	-nan	1.10005	0.185392	1	1	1	1	1	1	3.37178	1.10005	1.10005	1	1	
0.56988	-nan	1.09977	0.174607	1	1	1	1	1	1	3.37556	1.09977	1.09977	1	1	
0.573494	-nan	1.09949	0.16421	1	1	1	1	1	1	3.37931	1.09949	1.09949	1	1	
0.577108	-nan	1.09921	0.154195	1	1	1	1	1	1	3.38303	1.09921	1.09921	1	1	
0.580723	-nan	1.09893	0.14456	1	1	1	1	1	1	3.38673	1.09893	1.09893	1	1	
0.584337	-nan	1.09865	0.135299	1	1	1	1	1	1	3.39039	1.09865	1.09865	1	1	
0.587952	-nan	1.09837	0.126408	1	1	1	1	1	1	3.39402	1.09837	1.09837	1	1	
0.591566	-nan	1.0981	0.117882	1	1	1	1	1	1	3.39762	1.0981	1.0981	1	1	
0.595181	-nan	1.09782	0.109715	1	1	1	1	1	1	3.4012	1.09782	1.09782	1	1	
0.598795	-nan	1.09755	0.101902	1	1	1	1	1	1	3.40474	1.09755	1.09755	1	1	
0.60241	-nan	1.09728	0.0944376	1	1	1	1	1	1	3.40826	1.09728	1.09728	1	1	
0.606024	-nan	1.09702	0.0873156	1	1	1	1	1	1	3.41175	1.09702	1.09702	1	1	
0.609639	-nan	1.09675	0.08053	1	1	1	1	1	1	3.41522	1.09675	1.09675	1	1	
0.613253	-nan	1.09649	0.0740747	1	1	1	1	1	1	3.41866	1.09649	1.09649	1	1	
0.616867	-nan	1.09622	0.0679432	1	1	1	1	1	1	3.42207	1.09622	1.09622	1	1	
0.620482	-nan	1.09596	0.0621292	1	1	1	1	1	1	3.42545	1.09596	1.09596	1	1	
0.624096	-nan	1.0957	0.056626	1	1	1	1	1	1	3.42881	1.0957	1.0957	1	1	
0.627711	-nan	1.09545	0.051427	1	1	1	1	1	1	3.43214	1.09545	1.09545	1	1	
0.631325	-nan	1.09519	0.0465255	1	1	1	1	1	1	3.43545	1.09519	1.09519	1	1	
0.63494	-nan	1.09494	0.0419146	1	1	1	1	1	1	3.43874	1.09494	1.09494	1	1	
0.638554	-nan	1.09469	0.0375874	1	1	1	1	1	1	3.44199	1.09469	1.09469	1	1	
0.642169	-nan	1.09444	0.0335371	1	1	1	1	1	1	3.44523	1.09444	1.09444	1	1	
0.645783	-nan	1.0942	0.0297566	1	1	1	1	1	1	3.44844	1.0942	1.0942	1	1	
0.649398	-nan	1.09396	0.0262391	1	1	1	1	1	1	3.45163	1.09396	1.09396	1	1	
0.653012	-nan	1.09371	0.0229775	1	1	1	1	1	1	3.45479	1.09371	1.09371	1	1	
0.656627	-nan	1.09348	0.0199648	1	1	1	1	1	1	3.45793	1.09348	1.09348	1	1	
0.660241	-nan	1.09324	0.0171942	1	1	1	1	1	1	3.46105	1.09324	1.09324	1	1	
0.663855	-nan	1.09301	0.0146585	1	1	1	1	1	1	3.46414	1.09301	1.09301	1	1	
0.66747	-nan	1.09277	0.012351	1	1	1	1	1	1	3.46722	1.09277	1.09277	1	1	
0.671084	-nan	1.09254	0.0102646	1	1	1	1	1	1	3.47027	1.09254	1.09254	1	1	
0.674699	-nan	1.09232	0.00839263	1	1	1	1	1	1	3.4733	1.09232	1.09232	1	1	
0.678313	-nan	1.09209	0.00672822	1	1	1	1	1	1	3.4763	1.09209	1.09209	1	1	
0.681928	-nan	1.09187	0.00526465	1	1	1	1	1	1	3.47929	1.09187	1.09187	1	1	
0.685542	-nan	1.09165	0.00399523	1	1	1	1	1	1	3.48225	1.09165	1.09165	1	1	
0.689157	-nan	1.09143	0.00291336	1	1	1	1	1	1	3.4852	1.09143	1.09143	1	1	
0.692771	-nan	1.09122	0.00201252	1	1	1	1	1	1	3.48812	1.09122	1.09122	1	1	
0.696386	-nan	1.09101	0.00128626	1	1	1	1	1	1	3.49103	1.09101	1.09101	1	1	
0.7	-nan	1.0908	0.000728215	1	1	1	1	1	1	3.49391	1.0908	1.0908	1	1	
0.703614	-nan	1.09059	0.00033211	1	1	1	1	1	1	3.49678	1.09059	1.09059	1	1	
0.707229	-nan	1.09038	9.17676e-05	1	1	1	1	1	1	3.49962	1.09038	1.09038	1	1	
0.710843	-nan	1.09018	1.10708e-06	1	1	1	1	1	1	3.50245	1.09018	1.09018	1	1	
0.714458	-nan	1.08998	5.41478e-05	1	1	1	1	1	1	3.50525	1.08998	1.08998	1	1	
0.718072	-nan	1.08978	0.000245013	1	1	1	1	1	1	3.50804	1.08978	1.08978	1	1	
0.721687	-nan	1.08959	0.000567933	1	1	1	1	1	1	3.51081	1.08959	1.08959	1	1	
0.725301	-nan	1.0894	0.00101725	1	1	1	1	1	1	3.51356	1.0894	1.0894	1	1	
0.728916	-nan	1.08921	0.0015874	1	1	1	1	1	1	3.51629	1.08921	1.08921	1	1	
0.73253	-nan	1.08902	0.00227297	1	1	1	1	1	1	3.51901	1.08902	1.08902	1	1	
0.736145	-nan	1.08884	0.00306862	1	1	1	1	1	1	3.5217	1.08884	1.08884	1	1	
0.739759	-nan	1.08866	0.00396914	1	1	1	1	1	1	3.52438	1.08866	1.08866	1	1	
0.743373	-nan	1.08848	0.00496946	1	1	1	1	1	1	3.52704	1.08848	1.08848	1	1	
0.746988	-nan	1.0883	0.00606459	1	1	1	1	1	1	3.52969	1.0883	1.0883	1	1	
0.750602	-nan	1.08813	0.00724968	1	1	1	1	1	1	3.53232	1.08813	1.08813	1	1	
0.754217	-nan	1.08796	0.00851999	1	1	1	1	1	1	3.53493	1.08796	1.08796	1	1	
0.757831	-nan	1.08779	0.00987092	1	1	1	1	1	1	3.53752	1.08779	1.08779	1	1	
0.761446	-nan	1.08762	0.011298	1	1	1	1	1	1	3.5401	1.08762	1.08762	1	1	
0.76506	-nan	1.08746	0.0127967	1	1	1	1	1	1	3.54266	1.08746	1.08746	1	1	
0.768675	-nan	1.0873	0.014363	1	1	1	1	1	1	3.5452	1.0873	1.0873	1	1	
0.772289	-nan	1.08714	0.0159925	1	1	1	1	1	1	3.54773	1.08714	1.08714	1	1	
0.775904	-nan	1.08698	0.0176814	1	1	1	1	1	1	3.55025	1.08698	1.08698	1	1	
0.779518	-nan	1.08683	0.0194257	1	1	1	1	1	1	3.55274	1.08683	1.08683	1	1	
0.783133	-nan	1.08668	0.0212215	1	1	1	1	1	1	3.55523	1.08668	1.08668	1	1	
0.786747	-nan	1.08653	0.0230653	1	1	1	1	1	1	3.55769	1.08653	1.08653	1	1	
0.790361	-nan	1.08639	0.0249534	1	1	1	1	1	1	3.56015	1.08639	1.08639	1	1	
0.793976	-nan	1.08625	0.0268825	1	1	1	1	1	1	3.56258	1.08625	1.08625	1	1	
0.79759	-nan	1.08611	0.028849	1	1	1	1	1	1	3.565	1.08611	1.08611	1	1	
0.801205	-nan	1.08597	0.03085	1	1	1	1	1	1	3.56741	1.08597	1.08597	1	1	
0.804819	-nan	1.08583	0.032882	1	1	1	1	1	1	3.56981	1.08583	1.08583	1	1	
0.808434	-nan	1.0857	0.0349423	1	1	1	1	1	1	3.57218	1.0857	1.0857	1	1	
0.812048	-nan	1.08557	0.0370278	1	1	1	1	1	1	3.57455	1.08557	1.08557	1	1	
0.815663	-nan	1.08545	0.0391358	1	1	1	1	1	1	3.5769	1.08545	1.08545	1	1	
0.819277	-nan	1.08532	0.0412635	1	1	1	1	1	1	3.57924	1.08532	1.08532	1	1	
0.822892	-nan	1.0852	0.0434083	1	1	1	1	1	1	3.58156	1.0852	1.0852	1	1	
0.826506	-nan	1.08508	0.0455677	1	1	1	1	1	1	3.58387	1.08508	1.08508	1	1	
0.83012	-nan	1.08497	0.0477393	1	1	1	1	1	1	3.58616	1.08497	1.08497	1	1	
0.833735	-nan	1.08485	0.0499207	1	1	1	1	1	1	3.58845	1.08485	1.08485	1	1	
0.837349	-nan	1.08474	0.0521097	1	1	1	1	1	1	3.59071	1.08474	1.08474	1	1	
0.840964	-nan	1.08463	0.0543042	1	1	1	1	1	1	3.59297	1.08463	1.08463	1	1	
0.844578	-nan	1.08453	0.0565022	1	1	1	1	1	1	3.59521	1.08453	1.08453	1	1	
0.848193	-nan	1.08443	0.0587015	1	1	1	1	1	1	3.59744	1.08443	1.08443	1	1	
0.851807	-nan	1.08432	0.0609004	1	1	1	1	1	1	3.59966	1.08432	1.08432	1	1	
0.855422	-nan	1.08423	0.063097	1	1	1	1	1	1	3.60187	1.08423	1.08423	1	1	
0.859036	-nan	1.08413	0.0652896	1	1	1	1	1	1	3.60406	1.08413	1.08413	1	1	
0.862651	-nan	1.08404	0.0674766	1	1	1	1	1	1	3.60624	1.08404	1.08404	1	1	
0.866265	-nan	1.08395	0.0696564	1	1	1	1	1	1	3.60841	1.08395	1.08395	1	1	
0.86988	-nan	1.08386	0.0718274	1	1	1	1	1	1	3.61056	1.08386	1.08386	1	1	
0.873494	-nan	1.08377	0.0739883	1	1	1	1	1	1	3.61271	1.08377	1.08377	1	1	
0.877108	-nan	1.08369	0.0761377	1	1	1	1	1	1	3.61484	1.08369	1.08369	1	1	
0.880723	-nan	1.08361	0.0782743	1	1	1	1	1	1	3.61696	1.08361	1.08361	1	1	
0.884337	-nan	1.08353	0.0803968	1	1	1	1	1	1	3.61907	1.08353	1.08353	1	1	
0.887952	-nan	1.08346	0.0825041	1	1	1	1	1	1	3.62117	1.08346	1.08346	1	1	
0.891566	-nan	1.08338	0.0845952	1	1	1	1	1	1	3.62325	1.08338	1.08338	1	1	
0.895181	-nan	1.08331	0.0866689	1	1	1	1	1	1	3.62533	1.08331	1.08331	1	1	
0.898795	-nan	1.08324	0.0887242	1	1	1	1	1	1	3.62739	1.08324	1.08324	1	1	
0.90241	-nan	1.08318	0.0907603	1	1	1	1	1	1	3.62944	1.08318	1.08318	1	1	
0.906024	-nan	1.08311	0.0927763	1	1	1	1	1	1	3.63148	1.08311	1.08311	1	1	
0.909639	-nan	1.08305	0.0947713	1	1	1	1	1	1	3.63351	1.08305	1.08305	1	1	
0.913253	-nan	1.083	0.0967447	1	1	1	1	1	1	3.63553	1.083	1.083	1	1	
0.916867	-nan	1.08294	0.0986955	1	1	1	1	1	1	3.63754	1.08294	1.08294	1	1	
0.920482	-nan	1.08289	0.100623	1	1	1	1	1	1	3.63954	1.08289	1.08289	1	1	
0.924096	-nan	1.08283	0.102527	1	1	1	1	1	1	3.64153	1.08283	1.08283	1	1	
0.927711	-nan	1.08279	0.104407	1	1	1	1	1	1	3.64351	1.08279	1.08279	1	1	
0.931325	-nan	1.08274	0.106262	1	1	1	1	1	1	3.64547	1.08274	1.08274	1	1	
0.93494	-nan	1.08269	0.108092	1	1	1	1	1	1	3.64743	1.08269	1.08269	1	1	
0.938554	-nan	1.08265	0.109895	1	1	1	1	1	1	3.64938	1.08265	1.08265	1	1	
0.942169	-nan	1.08261	0.111673	1	1	1	1	1	1	3.65131	1.08261	1.08261	1	1	
0.945783	-nan	1.08258	0.113424	1	1	1	1	1	1	3.65324	1.08258	1.08258	1	1	
0.949398	-nan	1.08254	0.115148	1	1	1	1	1	1	3.65515	1.08254	1.08254	1	1	
0.953012	-nan	1.08251	0.116845	1	1	1	1	1	1	3.65706	1.08251	1.08251	1	1	
0.956627	-nan	1.08248	0.118514	1	1	1	1	1	1	3.65896	1.08248	1.08248	1	1	
0.960241	-nan	1.08245	0.120155	1	1	1	1	1	1	3.66085	1.08245	1.08245	1	1	
0.963855	-nan	1.08242	0.121769	1	1	1	1	1	1	3.66272	1.08242	1.08242	1	1	
0.96747	-nan	1.0824	0.123354	1	1	1	1	1	1	3.66459	1.0824	1.0824	1	1	
0.971084	-nan	1.08238	0.124911	1	1	1	1	1	1	3.66645	1.08238	1.08238	1	1	
0.974699	-nan	1.08236	0.126439	1	1	1	1	1	1	3.6683	1.08236	1.08236	1	1	
0.978313	-nan	1.08234	0.127939	1	1	1	1	1	1	3.67014	1.08234	1.08234	1	1	
0.981928	-nan	1.08233	0.129411	1	1	1	1	1	1	3.67197	1.08233	1.08233	1	1	
0.985542	-nan	1.08231	0.130853	1	1	1	1	1	1	3.67379	1.08231	1.08231	1	1	
0.989157	-nan	1.0823	0.132267	1	1	1	1	1	1	3.67561	1.0823	1.0823	1	1	
0.992771	-nan	1.0823	0.133652	1	1	1	1	1	1	3.67741	1.0823	1.0823	1	1	
0.996386	-nan	1.08229	0.135009	1	1	1	1	1	1	3.6792	1.08229	1.08229	1	1	
1	-nan	-nan	-nan	-nan	-nan	-nan	-nan	-nan	-nan	-nan	-nan	-nan	-nan	-nan	
