1e-05	-nan	0.676516	0.303469	1	1	1	1	1	1	4.85261	0.676516	0.676516	1	1	
1.03753e-05	-nan	0.676347	0.303481	1	1	1	1	1	1	4.8542	0.676347	0.676347	1	1	
1.07647e-05	-nan	0.676178	0.303493	1	1	1	1	1	1	4.8558	0.676178	0.676178	1	1	
1.11686e-05	-nan	0.676008	0.303506	1	1	1	1	1	1	4.85742	0.676008	0.676008	1	1	
1.15878e-05	-nan	0.675837	0.303519	1	1	1	1	1	1	4.85906	0.675837	0.675837	1	1	
1.20226e-05	-nan	0.675666	0.303532	1	1	1	1	1	1	4.86071	0.675666	0.675666	1	1	
1.24738e-05	-nan	0.675494	0.303546	1	1	1	1	1	1	4.86238	0.675494	0.675494	1	1	
1.2942e-05	-nan	0.675322	0.30356	1	1	1	1	1	1	4.86407	0.675322	0.675322	1	1	
1.34276e-05	-nan	0.675149	0.303574	1	1	1	1	1	1	4.86577	0.675149	0.675149	1	1	
1.39316e-05	-nan	0.674976	0.303588	1	1	1	1	1	1	4.8675	0.674976	0.674976	1	1	
1.44544e-05	-nan	0.674803	0.303603	1	1	1	1	1	1	4.86924	0.674803	0.674803	1	1	
1.49968e-05	-nan	0.674629	0.303619	1	1	1	1	1	1	4.87099	0.674629	0.674629	1	1	
1.55597e-05	-nan	0.674455	0.303635	1	1	1	1	1	1	4.87277	0.674455	0.674455	1	1	
1.61436e-05	-nan	0.674281	0.303651	1	1	1	1	1	1	4.87457	0.674281	0.674281	1	1	
1.67494e-05	-nan	0.674106	0.303667	1	1	1	1	1	1	4.87638	0.674106	0.674106	1	1	
1.7378e-05	-nan	0.673931	0.303684	1	1	1	1	1	1	4.87822	0.673931	0.673931	1	1	
1.80302e-05	-nan	0.673755	0.303702	1	1	1	1	1	1	4.88007	0.673755	0.673755	1	1	
1.87068e-05	-nan	0.67358	0.30372	1	1	1	1	1	1	4.88195	0.67358	0.67358	1	1	
1.94089e-05	-nan	0.673404	0.303738	1	1	1	1	1	1	4.88385	0.673404	0.673404	1	1	
2.01372e-05	-nan	0.673228	0.303757	1	1	1	1	1	1	4.88576	0.673228	0.673228	1	1	
2.0893e-05	-nan	0.673052	0.303777	1	1	1	1	1	1	4.8877	0.673052	0.673052	1	1	
2.1677e-05	-nan	0.672876	0.303797	1	1	1	1	1	1	4.88966	0.672876	0.672876	1	1	
2.24905e-05	-nan	0.672699	0.303817	1	1	1	1	1	1	4.89164	0.672699	0.672699	1	1	
2.33346e-05	-nan	0.672523	0.303838	1	1	1	1	1	1	4.89364	0.672523	0.672523	1	1	
2.42103e-05	-nan	0.672346	0.30386	1	1	1	1	1	1	4.89567	0.672346	0.672346	1	1	
2.51189e-05	-nan	0.67217	0.303882	1	1	1	1	1	1	4.89772	0.67217	0.67217	1	1	
2.60615e-05	-nan	0.671994	0.303904	1	1	1	1	1	1	4.89979	0.671994	0.671994	1	1	
2.70396e-05	-nan	0.671818	0.303928	1	1	1	1	1	1	4.90189	0.671818	0.671818	1	1	
2.80543e-05	-nan	0.671641	0.303951	1	1	1	1	1	1	4.90401	0.671641	0.671641	1	1	
2.91072e-05	-nan	0.671466	0.303976	1	1	1	1	1	1	4.90615	0.671466	0.671466	1	1	
3.01995e-05	-nan	0.67129	0.304001	1	1	1	1	1	1	4.90832	0.67129	0.67129	1	1	
3.13329e-05	-nan	0.671114	0.304027	1	1	1	1	1	1	4.91052	0.671114	0.671114	1	1	
3.25087e-05	-nan	0.670939	0.304053	1	1	1	1	1	1	4.91274	0.670939	0.670939	1	1	
3.37287e-05	-nan	0.670764	0.30408	1	1	1	1	1	1	4.91499	0.670764	0.670764	1	1	
3.49945e-05	-nan	0.67059	0.304108	1	1	1	1	1	1	4.91726	0.67059	0.67059	1	1	
3.63078e-05	-nan	0.670416	0.304137	1	1	1	1	1	1	4.91956	0.670416	0.670416	1	1	
3.76704e-05	-nan	0.670242	0.304166	1	1	1	1	1	1	4.92189	0.670242	0.670242	1	1	
3.90841e-05	-nan	0.670069	0.304196	1	1	1	1	1	1	4.92425	0.670069	0.670069	1	1	
4.05509e-05	-nan	0.669897	0.304227	1	1	1	1	1	1	4.92663	0.669897	0.669897	1	1	
4.20727e-05	-nan	0.669725	0.304259	1	1	1	1	1	1	4.92905	0.669725	0.669725	1	1	
4.36516e-05	-nan	0.669554	0.304292	1	1	1	1	1	1	4.93149	0.669554	0.669554	1	1	
4.52898e-05	-nan	0.669383	0.304325	1	1	1	1	1	1	4.93397	0.669383	0.669383	1	1	
4.69894e-05	-nan	0.669214	0.304359	1	1	1	1	1	1	4.93647	0.669214	0.669214	1	1	
4.87528e-05	-nan	0.669045	0.304395	1	1	1	1	1	1	4.93901	0.669045	0.669045	1	1	
5.05825e-05	-nan	0.668877	0.304431	1	1	1	1	1	1	4.94158	0.668877	0.668877	1	1	
5.24807e-05	-nan	0.668711	0.304468	1	1	1	1	1	1	4.94418	0.668711	0.668711	1	1	
5.44503e-05	-nan	0.668545	0.304506	1	1	1	1	1	1	4.94681	0.668545	0.668545	1	1	
5.64937e-05	-nan	0.66838	0.304545	1	1	1	1	1	1	4.94948	0.66838	0.66838	1	1	
5.86138e-05	-nan	0.668217	0.304585	1	1	1	1	1	1	4.95218	0.668217	0.668217	1	1	
6.08135e-05	-nan	0.668054	0.304627	1	1	1	1	1	1	4.95492	0.668054	0.668054	1	1	
6.30957e-05	-nan	0.667893	0.304669	1	1	1	1	1	1	4.95769	0.667893	0.667893	1	1	
6.54636e-05	-nan	0.667734	0.304712	1	1	1	1	1	1	4.9605	0.667734	0.667734	1	1	
6.79204e-05	-nan	0.667576	0.304757	1	1	1	1	1	1	4.96334	0.667576	0.667576	1	1	
7.04693e-05	-nan	0.667419	0.304803	1	1	1	1	1	1	4.96622	0.667419	0.667419	1	1	
7.31139e-05	-nan	0.667264	0.30485	1	1	1	1	1	1	4.96914	0.667264	0.667264	1	1	
7.58578e-05	-nan	0.667111	0.304898	1	1	1	1	1	1	4.9721	0.667111	0.667111	1	1	
7.87046e-05	-nan	0.666959	0.304948	1	1	1	1	1	1	4.9751	0.666959	0.666959	1	1	
8.16582e-05	-nan	0.66681	0.304998	1	1	1	1	1	1	4.97813	0.66681	0.66681	1	1	
8.47227e-05	-nan	0.666662	0.305051	1	1	1	1	1	1	4.98121	0.666662	0.666662	1	1	
8.79023e-05	-nan	0.666517	0.305104	1	1	1	1	1	1	4.98433	0.666517	0.666517	1	1	
9.12011e-05	-nan	0.666373	0.305159	1	1	1	1	1	1	4.98749	0.666373	0.666373	1	1	
9.46237e-05	-nan	0.666232	0.305216	1	1	1	1	1	1	4.9907	0.666232	0.666232	1	1	
9.81748e-05	-nan	0.666093	0.305274	1	1	1	1	1	1	4.99395	0.666093	0.666093	1	1	
0.000101859	-nan	0.665956	0.305333	1	1	1	1	1	1	4.99724	0.665956	0.665956	1	1	
0.000105682	-nan	0.665822	0.305395	1	1	1	1	1	1	5.00058	0.665822	0.665822	1	1	
0.000109648	-nan	0.665691	0.305457	1	1	1	1	1	1	5.00397	0.665691	0.665691	1	1	
0.000113763	-nan	0.665562	0.305522	1	1	1	1	1	1	5.0074	0.665562	0.665562	1	1	
0.000118032	-nan	0.665436	0.305588	1	1	1	1	1	1	5.01089	0.665436	0.665436	1	1	
0.000122462	-nan	0.665313	0.305656	1	1	1	1	1	1	5.01442	0.665313	0.665313	1	1	
0.000127057	-nan	0.665194	0.305726	1	1	1	1	1	1	5.018	0.665194	0.665194	1	1	
0.000131826	-nan	0.665077	0.305798	1	1	1	1	1	1	5.02163	0.665077	0.665077	1	1	
0.000136773	-nan	0.664964	0.305871	1	1	1	1	1	1	5.02532	0.664964	0.664964	1	1	
0.000141906	-nan	0.664854	0.305947	1	1	1	1	1	1	5.02906	0.664854	0.664854	1	1	
0.000147231	-nan	0.664747	0.306025	1	1	1	1	1	1	5.03285	0.664747	0.664747	1	1	
0.000152757	-nan	0.664645	0.306105	1	1	1	1	1	1	5.03669	0.664645	0.664645	1	1	
0.000158489	-nan	0.664546	0.306187	1	1	1	1	1	1	5.0406	0.664546	0.664546	1	1	
0.000164437	-nan	0.664451	0.306271	1	1	1	1	1	1	5.04456	0.664451	0.664451	1	1	
0.000170608	-nan	0.66436	0.306357	1	1	1	1	1	1	5.04858	0.66436	0.66436	1	1	
0.000177011	-nan	0.664274	0.306446	1	1	1	1	1	1	5.05265	0.664274	0.664274	1	1	
0.000183654	-nan	0.664191	0.306537	1	1	1	1	1	1	5.05679	0.664191	0.664191	1	1	
0.000190546	-nan	0.664114	0.306631	1	1	1	1	1	1	5.06099	0.664114	0.664114	1	1	
0.000197697	-nan	0.664041	0.306727	1	1	1	1	1	1	5.06526	0.664041	0.664041	1	1	
0.000205116	-nan	0.663973	0.306826	1	1	1	1	1	1	5.06959	0.663973	0.663973	1	1	
0.000212814	-nan	0.663909	0.306928	1	1	1	1	1	1	5.07398	0.663909	0.663909	1	1	
0.0002208	-nan	0.663852	0.307032	1	1	1	1	1	1	5.07844	0.663852	0.663852	1	1	
0.000229087	-nan	0.663799	0.307139	1	1	1	1	1	1	5.08297	0.663799	0.663799	1	1	
0.000237684	-nan	0.663752	0.307249	1	1	1	1	1	1	5.08756	0.663752	0.663752	1	1	
0.000246604	-nan	0.66371	0.307363	1	1	1	1	1	1	5.09223	0.66371	0.66371	1	1	
0.000255859	-nan	0.663675	0.307479	1	1	1	1	1	1	5.09697	0.663675	0.663675	1	1	
0.000265461	-nan	0.663645	0.307598	1	1	1	1	1	1	5.10179	0.663645	0.663645	1	1	
0.000275423	-nan	0.663622	0.307721	1	1	1	1	1	1	5.10668	0.663622	0.663622	1	1	
0.000285759	-nan	0.663606	0.307847	1	1	1	1	1	1	5.11164	0.663606	0.663606	1	1	
0.000296483	-nan	0.663595	0.307977	1	1	1	1	1	1	5.11669	0.663595	0.663595	1	1	
0.00030761	-nan	0.663592	0.30811	1	1	1	1	1	1	5.12181	0.663592	0.663592	1	1	
0.000319154	-nan	0.663596	0.308247	1	1	1	1	1	1	5.12701	0.663596	0.663596	1	1	
0.000331131	-nan	0.663607	0.308388	1	1	1	1	1	1	5.1323	0.663607	0.663607	1	1	
0.000343558	-nan	0.663626	0.308532	1	1	1	1	1	1	5.13767	0.663626	0.663626	1	1	
0.000356451	-nan	0.663652	0.308681	1	1	1	1	1	1	5.14313	0.663652	0.663652	1	1	
0.000369828	-nan	0.663686	0.308834	1	1	1	1	1	1	5.14868	0.663686	0.663686	1	1	
0.000383707	-nan	0.663729	0.30899	1	1	1	1	1	1	5.15431	0.663729	0.663729	1	1	
0.000398107	-nan	0.66378	0.309152	1	1	1	1	1	1	5.16004	0.66378	0.66378	1	1	
0.000413048	-nan	0.66384	0.309318	1	1	1	1	1	1	5.16586	0.66384	0.66384	1	1	
0.000428549	-nan	0.663908	0.309488	1	1	1	1	1	1	5.17178	0.663908	0.663908	1	1	
0.000444631	-nan	0.663986	0.309663	1	1	1	1	1	1	5.17779	0.663986	0.663986	1	1	
0.000461318	-nan	0.664073	0.309844	1	1	1	1	1	1	5.1839	0.664073	0.664073	1	1	
0.00047863	-nan	0.66417	0.310029	1	1	1	1	1	1	5.19011	0.66417	0.66417	1	1	
0.000496592	-nan	0.664278	0.310219	1	1	1	1	1	1	5.19643	0.664278	0.664278	1	1	
0.000515229	-nan	0.664395	0.310415	1	1	1	1	1	1	5.20285	0.664395	0.664395	1	1	
0.000534564	-nan	0.664523	0.310617	1	1	1	1	1	1	5.20938	0.664523	0.664523	1	1	
0.000554626	-nan	0.664662	0.310824	1	1	1	1	1	1	5.21601	0.664662	0.664662	1	1	
0.00057544	-nan	0.664812	0.311037	1	1	1	1	1	1	5.22276	0.664812	0.664812	1	1	
0.000597035	-nan	0.664974	0.311256	1	1	1	1	1	1	5.22962	0.664974	0.664974	1	1	
0.000619441	-nan	0.665147	0.311481	1	1	1	1	1	1	5.2366	0.665147	0.665147	1	1	
0.000642688	-nan	0.665333	0.311712	1	1	1	1	1	1	5.2437	0.665333	0.665333	1	1	
0.000666807	-nan	0.665531	0.311951	1	1	1	1	1	1	5.25092	0.665531	0.665531	1	1	
0.000691831	-nan	0.665743	0.312196	1	1	1	1	1	1	5.25826	0.665743	0.665743	1	1	
0.000717794	-nan	0.665967	0.312448	1	1	1	1	1	1	5.26572	0.665967	0.665967	1	1	
0.000744732	-nan	0.666205	0.312707	1	1	1	1	1	1	5.27332	0.666205	0.666205	1	1	
0.000772681	-nan	0.666457	0.312974	1	1	1	1	1	1	5.28104	0.666457	0.666457	1	1	
0.000801678	-nan	0.666723	0.313249	1	1	1	1	1	1	5.2889	0.666723	0.666723	1	1	
0.000831764	-nan	0.667004	0.313531	1	1	1	1	1	1	5.2969	0.667004	0.667004	1	1	
0.000862979	-nan	0.6673	0.313822	1	1	1	1	1	1	5.30503	0.6673	0.6673	1	1	
0.000895365	-nan	0.667612	0.314121	1	1	1	1	1	1	5.31331	0.667612	0.667612	1	1	
0.000928966	-nan	0.66794	0.314429	1	1	1	1	1	1	5.32173	0.66794	0.66794	1	1	
0.000963829	-nan	0.668284	0.314746	1	1	1	1	1	1	5.3303	0.668284	0.668284	1	1	
0.001	-nan	0.668645	0.315072	1	1	1	1	1	1	5.33901	0.668645	0.668645	1	1	
0.00103753	-nan	0.669023	0.315407	1	1	1	1	1	1	5.34789	0.669023	0.669023	1	1	
0.00107647	-nan	0.669419	0.315753	1	1	1	1	1	1	5.35692	0.669419	0.669419	1	1	
0.00111686	-nan	0.669833	0.316109	1	1	1	1	1	1	5.3661	0.669833	0.669833	1	1	
0.00115878	-nan	0.670266	0.316475	1	1	1	1	1	1	5.37545	0.670266	0.670266	1	1	
0.00120226	-nan	0.670718	0.316852	1	1	1	1	1	1	5.38497	0.670718	0.670718	1	1	
0.00124738	-nan	0.67119	0.31724	1	1	1	1	1	1	5.39466	0.67119	0.67119	1	1	
0.0012942	-nan	0.671682	0.31764	1	1	1	1	1	1	5.40452	0.671682	0.671682	1	1	
0.00134276	-nan	0.672194	0.318052	1	1	1	1	1	1	5.41455	0.672194	0.672194	1	1	
0.00139316	-nan	0.672728	0.318476	1	1	1	1	1	1	5.42477	0.672728	0.672728	1	1	
0.00144544	-nan	0.673284	0.318913	1	1	1	1	1	1	5.43517	0.673284	0.673284	1	1	
0.00149968	-nan	0.673862	0.319364	1	1	1	1	1	1	5.44575	0.673862	0.673862	1	1	
0.00155597	-nan	0.674463	0.319827	1	1	1	1	1	1	5.45653	0.674463	0.674463	1	1	
0.00161436	-nan	0.675088	0.320305	1	1	1	1	1	1	5.4675	0.675088	0.675088	1	1	
0.00167494	-nan	0.675737	0.320798	1	1	1	1	1	1	5.47867	0.675737	0.675737	1	1	
0.0017378	-nan	0.67641	0.321305	1	1	1	1	1	1	5.49004	0.67641	0.67641	1	1	
0.00180302	-nan	0.677109	0.321828	1	1	1	1	1	1	5.50162	0.677109	0.677109	1	1	
0.00187068	-nan	0.677835	0.322367	1	1	1	1	1	1	5.51341	0.677835	0.677835	1	1	
0.00194089	-nan	0.678586	0.322923	1	1	1	1	1	1	5.52541	0.678586	0.678586	1	1	
0.00201372	-nan	0.679366	0.323496	1	1	1	1	1	1	5.53763	0.679366	0.679366	1	1	
0.0020893	-nan	0.680173	0.324086	1	1	1	1	1	1	5.55007	0.680173	0.680173	1	1	
0.0021677	-nan	0.681009	0.324695	1	1	1	1	1	1	5.56274	0.681009	0.681009	1	1	
0.00224905	-nan	0.681875	0.325323	1	1	1	1	1	1	5.57564	0.681875	0.681875	1	1	
0.00233346	-nan	0.682771	0.325971	1	1	1	1	1	1	5.58877	0.682771	0.682771	1	1	
0.00242103	-nan	0.683698	0.32664	1	1	1	1	1	1	5.60214	0.683698	0.683698	1	1	
0.00251189	-nan	0.684657	0.327329	1	1	1	1	1	1	5.61576	0.684657	0.684657	1	1	
0.00260615	-nan	0.685649	0.32804	1	1	1	1	1	1	5.62963	0.685649	0.685649	1	1	
0.00270396	-nan	0.686674	0.328774	1	1	1	1	1	1	5.64375	0.686674	0.686674	1	1	
0.00280543	-nan	0.687734	0.329532	1	1	1	1	1	1	5.65812	0.687734	0.687734	1	1	
0.00291072	-nan	0.688828	0.330314	1	1	1	1	1	1	5.67276	0.688828	0.688828	1	1	
0.00301995	-nan	0.689959	0.331121	1	1	1	1	1	1	5.68767	0.689959	0.689959	1	1	
0.00313329	-nan	0.691127	0.331954	1	1	1	1	1	1	5.70285	0.691127	0.691127	1	1	
0.00325087	-nan	0.692332	0.332815	1	1	1	1	1	1	5.7183	0.692332	0.692332	1	1	
0.00337287	-nan	0.693576	0.333703	1	1	1	1	1	1	5.73404	0.693576	0.693576	1	1	
0.00349945	-nan	0.69486	0.334621	1	1	1	1	1	1	5.75006	0.69486	0.69486	1	1	
0.00363078	-nan	0.696184	0.335569	1	1	1	1	1	1	5.76638	0.696184	0.696184	1	1	
0.00376704	-nan	0.697551	0.336548	1	1	1	1	1	1	5.78299	0.697551	0.697551	1	1	
0.00390841	-nan	0.69896	0.33756	1	1	1	1	1	1	5.7999	0.69896	0.69896	1	1	
0.00405509	-nan	0.700412	0.338606	1	1	1	1	1	1	5.81712	0.700412	0.700412	1	1	
0.00420727	-nan	0.70191	0.339687	1	1	1	1	1	1	5.83465	0.70191	0.70191	1	1	
0.00436516	-nan	0.703453	0.340805	1	1	1	1	1	1	5.85249	0.703453	0.703453	1	1	
0.00452898	-nan	0.705043	0.341961	1	1	1	1	1	1	5.87066	0.705043	0.705043	1	1	
0.00469894	-nan	0.706682	0.343156	1	1	1	1	1	1	5.88915	0.706682	0.706682	1	1	
0.00487528	-nan	0.708369	0.344392	1	1	1	1	1	1	5.90797	0.708369	0.708369	1	1	
0.00505825	-nan	0.710107	0.345671	1	1	1	1	1	1	5.92713	0.710107	0.710107	1	1	
0.00524807	-nan	0.711897	0.346994	1	1	1	1	1	1	5.94663	0.711897	0.711897	1	1	
0.00544503	-nan	0.713739	0.348363	1	1	1	1	1	1	5.96648	0.713739	0.713739	1	1	
0.00564937	-nan	0.715636	0.34978	1	1	1	1	1	1	5.98667	0.715636	0.715636	1	1	
0.00586138	-nan	0.717588	0.351247	1	1	1	1	1	1	6.00722	0.717588	0.717588	1	1	
0.00608135	-nan	0.719596	0.352766	1	1	1	1	1	1	6.02813	0.719596	0.719596	1	1	
0.00630957	-nan	0.721663	0.354339	1	1	1	1	1	1	6.04941	0.721663	0.721663	1	1	
0.00654636	-nan	0.723789	0.355968	1	1	1	1	1	1	6.07105	0.723789	0.723789	1	1	
0.00679204	-nan	0.725975	0.357657	1	1	1	1	1	1	6.09307	0.725975	0.725975	1	1	
0.00704693	-nan	0.728223	0.359406	1	1	1	1	1	1	6.11546	0.728223	0.728223	1	1	
0.00731139	-nan	0.730535	0.361219	1	1	1	1	1	1	6.13824	0.730535	0.730535	1	1	
0.00758578	-nan	0.732912	0.363099	1	1	1	1	1	1	6.1614	0.732912	0.732912	1	1	
0.00787046	-nan	0.735355	0.365048	1	1	1	1	1	1	6.18495	0.735355	0.735355	1	1	
0.00816582	-nan	0.737865	0.367069	1	1	1	1	1	1	6.20889	0.737865	0.737865	1	1	
0.00847227	-nan	0.740445	0.369166	1	1	1	1	1	1	6.23323	0.740445	0.740445	1	1	
0.00879023	-nan	0.743096	0.371342	1	1	1	1	1	1	6.25797	0.743096	0.743096	1	1	
0.00912011	-nan	0.745818	0.3736	1	1	1	1	1	1	6.28311	0.745818	0.745818	1	1	
0.00946237	-nan	0.748615	0.375944	1	1	1	1	1	1	6.30865	0.748615	0.748615	1	1	
0.00981748	-nan	0.751487	0.378378	1	1	1	1	1	1	6.3346	0.751487	0.751487	1	1	
0.0101859	-nan	0.754436	0.380906	1	1	1	1	1	1	6.36096	0.754436	0.754436	1	1	
0.0105682	-nan	0.757463	0.383532	1	1	1	1	1	1	6.38773	0.757463	0.757463	1	1	
0.0109648	-nan	0.760571	0.386261	1	1	1	1	1	1	6.41491	0.760571	0.760571	1	1	
0.0113763	-nan	0.76376	0.389097	1	1	1	1	1	1	6.4425	0.76376	0.76376	1	1	
0.0118032	-nan	0.767032	0.392046	1	1	1	1	1	1	6.4705	0.767032	0.767032	1	1	
0.0122462	-nan	0.77039	0.395112	1	1	1	1	1	1	6.49891	0.77039	0.77039	1	1	
0.0127057	-nan	0.773834	0.398301	1	1	1	1	1	1	6.52773	0.773834	0.773834	1	1	
0.0131826	-nan	0.777366	0.40162	1	1	1	1	1	1	6.55696	0.777366	0.777366	1	1	
0.0136773	-nan	0.780988	0.405074	1	1	1	1	1	1	6.5866	0.780988	0.780988	1	1	
0.0141906	-nan	0.784702	0.408669	1	1	1	1	1	1	6.61664	0.784702	0.784702	1	1	
0.0147231	-nan	0.788508	0.412413	1	1	1	1	1	1	6.64708	0.788508	0.788508	1	1	
0.0152757	-nan	0.79241	0.416313	1	1	1	1	1	1	6.67791	0.79241	0.79241	1	1	
0.0158489	-nan	0.796407	0.420376	1	1	1	1	1	1	6.70914	0.796407	0.796407	1	1	
0.0164437	-nan	0.800503	0.424611	1	1	1	1	1	1	6.74075	0.800503	0.800503	1	1	
0.0170608	-nan	0.804697	0.429026	1	1	1	1	1	1	6.77274	0.804697	0.804697	1	1	
0.0177011	-nan	0.808993	0.43363	1	1	1	1	1	1	6.8051	0.808993	0.808993	1	1	
0.0183654	-nan	0.813391	0.438432	1	1	1	1	1	1	6.83781	0.813391	0.813391	1	1	
0.0190546	-nan	0.817893	0.443444	1	1	1	1	1	1	6.87088	0.817893	0.817893	1	1	
0.0197697	-nan	0.822499	0.448675	1	1	1	1	1	1	6.90429	0.822499	0.822499	1	1	
0.0205116	-nan	0.827213	0.454136	1	1	1	1	1	1	6.93802	0.827213	0.827213	1	1	
0.0212814	-nan	0.832034	0.45984	1	1	1	1	1	1	6.97206	0.832034	0.832034	1	1	
0.02208	-nan	0.836964	0.465799	1	1	1	1	1	1	7.0064	0.836964	0.836964	1	1	
0.0229087	-nan	0.842004	0.472027	1	1	1	1	1	1	7.04102	0.842004	0.842004	1	1	
0.0237684	-nan	0.847155	0.478537	1	1	1	1	1	1	7.0759	0.847155	0.847155	1	1	
0.0246604	-nan	0.852418	0.485345	1	1	1	1	1	1	7.11102	0.852418	0.852418	1	1	
0.0255859	-nan	0.857794	0.492466	1	1	1	1	1	1	7.14636	0.857794	0.857794	1	1	
0.0265461	-nan	0.863284	0.499917	1	1	1	1	1	1	7.18189	0.863284	0.863284	1	1	
0.0275423	-nan	0.868888	0.507716	1	1	1	1	1	1	7.21759	0.868888	0.868888	1	1	
0.0285759	-nan	0.874606	0.51588	1	1	1	1	1	1	7.25344	0.874606	0.874606	1	1	
0.0296483	-nan	0.88044	0.524431	1	1	1	1	1	1	7.28939	0.88044	0.88044	1	1	
0.030761	-nan	0.886388	0.533388	1	1	1	1	1	1	7.32542	0.886388	0.886388	1	1	
0.0319154	-nan	0.892451	0.542773	1	1	1	1	1	1	7.3615	0.892451	0.892451	1	1	
0.0331131	-nan	0.898629	0.55261	1	1	1	1	1	1	7.39758	0.898629	0.898629	1	1	
0.0343558	-nan	0.904922	0.562923	1	1	1	1	1	1	7.43363	0.904922	0.904922	1	1	
0.0356451	-nan	0.911328	0.573737	1	1	1	1	1	1	7.4696	0.911328	0.911328	1	1	
0.0369828	-nan	0.917847	0.58508	1	1	1	1	1	1	7.50545	0.917847	0.917847	1	1	
0.0383707	-nan	0.924477	0.596979	1	1	1	1	1	1	7.54113	0.924477	0.924477	1	1	
0.0398107	-nan	0.931218	0.609464	1	1	1	1	1	1	7.57659	0.931218	0.931218	1	1	
0.0413048	-nan	0.938067	0.622566	1	1	1	1	1	1	7.61177	0.938067	0.938067	1	1	
0.0428549	-nan	0.945022	0.636318	1	1	1	1	1	1	7.64662	0.945022	0.945022	1	1	
0.0444631	-nan	0.952081	0.650752	1	1	1	1	1	1	7.68107	0.952081	0.952081	1	1	
0.0461318	-nan	0.959242	0.665904	1	1	1	1	1	1	7.71505	0.959242	0.959242	1	1	
0.047863	-nan	0.966501	0.681808	1	1	1	1	1	1	7.7485	0.966501	0.966501	1	1	
0.0496592	-nan	0.973855	0.698503	1	1	1	1	1	1	7.78135	0.973855	0.973855	1	1	
0.0515229	-nan	0.981299	0.716025	1	1	1	1	1	1	7.8135	0.981299	0.981299	1	1	
0.0534564	-nan	0.98883	0.734413	1	1	1	1	1	1	7.84489	0.98883	0.98883	1	1	
0.0554626	-nan	0.996443	0.753704	1	1	1	1	1	1	7.87543	0.996443	0.996443	1	1	
0.057544	-nan	1.00413	0.773938	1	1	1	1	1	1	7.90501	1.00413	1.00413	1	1	
0.0597035	-nan	1.01189	0.79515	1	1	1	1	1	1	7.93356	1.01189	1.01189	1	1	
0.0619441	-nan	1.01972	0.817377	1	1	1	1	1	1	7.96095	1.01972	1.01972	1	1	
0.0642688	-nan	1.0276	0.840653	1	1	1	1	1	1	7.9871	1.0276	1.0276	1	1	
0.0666807	-nan	1.03553	0.865009	1	1	1	1	1	1	8.01188	1.03553	1.03553	1	1	
0.0691831	-nan	1.04351	0.890471	1	1	1	1	1	1	8.03517	1.04351	1.04351	1	1	
0.0717794	-nan	1.05152	0.917062	1	1	1	1	1	1	8.05686	1.05152	1.05152	1	1	
0.0744732	-nan	1.05955	0.944795	1	1	1	1	1	1	8.07681	1.05955	1.05955	1	1	
0.0772681	-nan	1.0676	0.973678	1	1	1	1	1	1	8.09488	1.0676	1.0676	1	1	
0.0801678	-nan	1.07566	1.00371	1	1	1	1	1	1	8.11094	1.07566	1.07566	1	1	
0.0831764	-nan	1.08371	1.03486	1	1	1	1	1	1	8.12483	1.08371	1.08371	1	1	
0.0862979	-nan	1.09174	1.06712	1	1	1	1	1	1	8.1364	1.09174	1.09174	1	1	
0.0895365	-nan	1.09974	1.10043	1	1	1	1	1	1	8.14548	1.09974	1.09974	1	1	
0.0928966	-nan	1.10769	1.13473	1	1	1	1	1	1	8.15191	1.10769	1.10769	1	1	
0.0963829	-nan	1.11559	1.16993	1	1	1	1	1	1	8.15551	1.11559	1.11559	1	1	
0.1	-nan	1.12341	1.20591	1	1	1	1	1	1	8.1561	1.12341	1.12341	1	1	
0.103614	-nan	1.13087	1.24121	1	1	1	1	1	1	8.15363	1.13087	1.13087	1	1	
0.107229	-nan	1.13798	1.27572	1	1	1	1	1	1	8.14826	1.13798	1.13798	1	1	
0.110843	-nan	1.14476	1.30935	1	1	1	1	1	1	8.14011	1.14476	1.14476	1	1	
0.114458	-nan	1.15121	1.34198	1	1	1	1	1	1	8.12932	1.15121	1.15121	1	1	
0.118072	-nan	1.15735	1.37352	1	1	1	1	1	1	8.11599	1.15735	1.15735	1	1	
0.121687	-nan	1.1632	1.40388	1	1	1	1	1	1	8.10024	1.1632	1.1632	1	1	
0.125301	-nan	1.16875	1.43298	1	1	1	1	1	1	8.08218	1.16875	1.16875	1	1	
0.128916	-nan	1.17403	1.46075	1	1	1	1	1	1	8.06189	1.17403	1.17403	1	1	
0.13253	-nan	1.17904	1.48712	1	1	1	1	1	1	8.03948	1.17904	1.17904	1	1	
0.136145	-nan	1.18379	1.51206	1	1	1	1	1	1	8.01503	1.18379	1.18379	1	1	
0.139759	-nan	1.18828	1.5355	1	1	1	1	1	1	7.98862	1.18828	1.18828	1	1	
0.143373	-nan	1.19254	1.55744	1	1	1	1	1	1	7.96034	1.19254	1.19254	1	1	
0.146988	-nan	1.19656	1.57783	1	1	1	1	1	1	7.93025	1.19656	1.19656	1	1	
0.150602	-nan	1.20035	1.59669	1	1	1	1	1	1	7.89844	1.20035	1.20035	1	1	
0.154217	-nan	1.20392	1.61399	1	1	1	1	1	1	7.86497	1.20392	1.20392	1	1	
0.157831	-nan	1.20727	1.62975	1	1	1	1	1	1	7.82991	1.20727	1.20727	1	1	
0.161446	-nan	1.21042	1.64398	1	1	1	1	1	1	7.79332	1.21042	1.21042	1	1	
0.16506	-nan	1.21337	1.6567	1	1	1	1	1	1	7.75526	1.21337	1.21337	1	1	
0.168675	-nan	1.21612	1.66794	1	1	1	1	1	1	7.7158	1.21612	1.21612	1	1	
0.172289	-nan	1.21869	1.67773	1	1	1	1	1	1	7.67499	1.21869	1.21869	1	1	
0.175904	-nan	1.22107	1.6861	1	1	1	1	1	1	7.63289	1.22107	1.22107	1	1	
0.179518	-nan	1.22327	1.69311	1	1	1	1	1	1	7.58954	1.22327	1.22327	1	1	
0.183133	-nan	1.2253	1.69878	1	1	1	1	1	1	7.54501	1.2253	1.2253	1	1	
0.186747	-nan	1.22717	1.70318	1	1	1	1	1	1	7.49935	1.22717	1.22717	1	1	
0.190361	-nan	1.22887	1.70636	1	1	1	1	1	1	7.45259	1.22887	1.22887	1	1	
0.193976	-nan	1.23041	1.70835	1	1	1	1	1	1	7.4048	1.23041	1.23041	1	1	
0.19759	-nan	1.23181	1.70923	1	1	1	1	1	1	7.35601	1.23181	1.23181	1	1	
0.201205	-nan	1.23305	1.70904	1	1	1	1	1	1	7.30628	1.23305	1.23305	1	1	
0.204819	-nan	1.23414	1.70784	1	1	1	1	1	1	7.25564	1.23414	1.23414	1	1	
0.208434	-nan	1.2351	1.70569	1	1	1	1	1	1	7.20414	1.2351	1.2351	1	1	
0.212048	-nan	1.23592	1.70264	1	1	1	1	1	1	7.15183	1.23592	1.23592	1	1	
0.215663	-nan	1.2366	1.69875	1	1	1	1	1	1	7.09874	1.2366	1.2366	1	1	
0.219277	-nan	1.23716	1.69406	1	1	1	1	1	1	7.04492	1.23716	1.23716	1	1	
0.222892	-nan	1.23759	1.68865	1	1	1	1	1	1	6.9904	1.23759	1.23759	1	1	
0.226506	-nan	1.2379	1.68255	1	1	1	1	1	1	6.93523	1.2379	1.2379	1	1	
0.23012	-nan	1.23809	1.67582	1	1	1	1	1	1	6.87944	1.23809	1.23809	1	1	
0.233735	-nan	1.23816	1.66851	1	1	1	1	1	1	6.82307	1.23816	1.23816	1	1	
0.237349	-nan	1.23812	1.66067	1	1	1	1	1	1	6.76616	1.23812	1.23812	1	1	
0.240964	-nan	1.23797	1.65234	1	1	1	1	1	1	6.70874	1.23797	1.23797	1	1	
0.244578	-nan	1.23772	1.64358	1	1	1	1	1	1	6.65085	1.23772	1.23772	1	1	
0.248193	-nan	1.23735	1.63443	1	1	1	1	1	1	6.59252	1.23735	1.23735	1	1	
0.251807	-nan	1.23689	1.62493	1	1	1	1	1	1	6.5338	1.23689	1.23689	1	1	
0.255422	-nan	1.23633	1.61512	1	1	1	1	1	1	6.4747	1.23633	1.23633	1	1	
0.259036	-nan	1.23567	1.60503	1	1	1	1	1	1	6.41527	1.23567	1.23567	1	1	
0.262651	-nan	1.23492	1.59472	1	1	1	1	1	1	6.35554	1.23492	1.23492	1	1	
0.266265	-nan	1.23408	1.5842	1	1	1	1	1	1	6.29554	1.23408	1.23408	1	1	
0.26988	-nan	1.23315	1.57353	1	1	1	1	1	1	6.2353	1.23315	1.23315	1	1	
0.273494	-nan	1.23213	1.56272	1	1	1	1	1	1	6.17485	1.23213	1.23213	1	1	
0.277108	-nan	1.23103	1.55181	1	1	1	1	1	1	6.11422	1.23103	1.23103	1	1	
0.280723	-nan	1.22985	1.54083	1	1	1	1	1	1	6.05345	1.22985	1.22985	1	1	
0.284337	-nan	1.22858	1.52981	1	1	1	1	1	1	5.99256	1.22858	1.22858	1	1	
0.287952	-nan	1.22724	1.51876	1	1	1	1	1	1	5.93158	1.22724	1.22724	1	1	
0.291566	-nan	1.22582	1.50773	1	1	1	1	1	1	5.87054	1.22582	1.22582	1	1	
0.295181	-nan	1.22433	1.49672	1	1	1	1	1	1	5.80946	1.22433	1.22433	1	1	
0.298795	-nan	1.22277	1.48576	1	1	1	1	1	1	5.74838	1.22277	1.22277	1	1	
0.30241	-nan	1.22113	1.47486	1	1	1	1	1	1	5.68731	1.22113	1.22113	1	1	
0.306024	-nan	1.21943	1.46406	1	1	1	1	1	1	5.62629	1.21943	1.21943	1	1	
0.309639	-nan	1.21766	1.45336	1	1	1	1	1	1	5.56534	1.21766	1.21766	1	1	
0.313253	-nan	1.21583	1.44278	1	1	1	1	1	1	5.50449	1.21583	1.21583	1	1	
0.316867	-nan	1.21393	1.43233	1	1	1	1	1	1	5.44375	1.21393	1.21393	1	1	
0.320482	-nan	1.21197	1.42203	1	1	1	1	1	1	5.38316	1.21197	1.21197	1	1	
0.324096	-nan	1.20995	1.41189	1	1	1	1	1	1	5.32274	1.20995	1.20995	1	1	
0.327711	-nan	1.20787	1.40192	1	1	1	1	1	1	5.2625	1.20787	1.20787	1	1	
0.331325	-nan	1.20573	1.39212	1	1	1	1	1	1	5.20247	1.20573	1.20573	1	1	
0.33494	-nan	1.20354	1.38252	1	1	1	1	1	1	5.14267	1.20354	1.20354	1	1	
0.338554	-nan	1.2013	1.37312	1	1	1	1	1	1	5.08312	1.2013	1.2013	1	1	
0.342169	-nan	1.199	1.36391	1	1	1	1	1	1	5.02384	1.199	1.199	1	1	
0.345783	-nan	1.19665	1.35492	1	1	1	1	1	1	4.96485	1.19665	1.19665	1	1	
0.349398	-nan	1.19425	1.34614	1	1	1	1	1	1	4.90617	1.19425	1.19425	1	1	
0.353012	-nan	1.1918	1.33759	1	1	1	1	1	1	4.84782	1.1918	1.1918	1	1	
0.356627	-nan	1.18931	1.32925	1	1	1	1	1	1	4.78981	1.18931	1.18931	1	1	
0.360241	-nan	1.18677	1.32115	1	1	1	1	1	1	4.73216	1.18677	1.18677	1	1	
0.363855	-nan	1.18418	1.31327	1	1	1	1	1	1	4.67489	1.18418	1.18418	1	1	
0.36747	-nan	1.18155	1.30563	1	1	1	1	1	1	4.618	1.18155	1.18155	1	1	
0.371084	-nan	1.17888	1.29822	1	1	1	1	1	1	4.56153	1.17888	1.17888	1	1	
0.374699	-nan	1.17616	1.29105	1	1	1	1	1	1	4.50547	1.17616	1.17616	1	1	
0.378313	-nan	1.17341	1.28411	1	1	1	1	1	1	4.44985	1.17341	1.17341	1	1	
0.381928	-nan	1.17061	1.27741	1	1	1	1	1	1	4.39468	1.17061	1.17061	1	1	
0.385542	-nan	1.16778	1.27094	1	1	1	1	1	1	4.33996	1.16778	1.16778	1	1	
0.389157	-nan	1.16491	1.26471	1	1	1	1	1	1	4.28572	1.16491	1.16491	1	1	
0.392771	-nan	1.16201	1.25871	1	1	1	1	1	1	4.23196	1.16201	1.16201	1	1	
0.396386	-nan	1.15906	1.25294	1	1	1	1	1	1	4.17869	1.15906	1.15906	1	1	
0.4	-nan	1.15609	1.24741	1	1	1	1	1	1	4.12592	1.15609	1.15609	1	1	
0.403614	-nan	1.15308	1.24211	1	1	1	1	1	1	4.07366	1.15308	1.15308	1	1	
0.407229	-nan	1.15004	1.23703	1	1	1	1	1	1	4.02192	1.15004	1.15004	1	1	
0.410843	-nan	1.14697	1.23218	1	1	1	1	1	1	3.97071	1.14697	1.14697	1	1	
0.414458	-nan	1.14387	1.22755	1	1	1	1	1	1	3.92003	1.14387	1.14387	1	1	
0.418072	-nan	1.14074	1.22314	1	1	1	1	1	1	3.86989	1.14074	1.14074	1	1	
0.421687	-nan	1.13758	1.21895	1	1	1	1	1	1	3.8203	1.13758	1.13758	1	1	
0.425301	-nan	1.13439	1.21498	1	1	1	1	1	1	3.77127	1.13439	1.13439	1	1	
0.428916	-nan	1.13118	1.21121	1	1	1	1	1	1	3.72279	1.13118	1.13118	1	1	
0.43253	-nan	1.12794	1.20766	1	1	1	1	1	1	3.67488	1.12794	1.12794	1	1	
0.436145	-nan	1.12467	1.20431	1	1	1	1	1	1	3.62753	1.12467	1.12467	1	1	
0.439759	-nan	1.12138	1.20117	1	1	1	1	1	1	3.58075	1.12138	1.12138	1	1	
0.443373	-nan	1.11807	1.19822	1	1	1	1	1	1	3.53455	1.11807	1.11807	1	1	
0.446988	-nan	1.11473	1.19547	1	1	1	1	1	1	3.48892	1.11473	1.11473	1	1	
0.450602	-nan	1.11137	1.19291	1	1	1	1	1	1	3.44387	1.11137	1.11137	1	1	
0.454217	-nan	1.10799	1.19055	1	1	1	1	1	1	3.3994	1.10799	1.10799	1	1	
0.457831	-nan	1.10459	1.18836	1	1	1	1	1	1	3.35551	1.10459	1.10459	1	1	
0.461446	-nan	1.10117	1.18636	1	1	1	1	1	1	3.31221	1.10117	1.10117	1	1	
0.46506	-nan	1.09772	1.18454	1	1	1	1	1	1	3.26948	1.09772	1.09772	1	1	
0.468675	-nan	1.09427	1.1829	1	1	1	1	1	1	3.22734	1.09427	1.09427	1	1	
0.472289	-nan	1.09079	1.18143	1	1	1	1	1	1	3.18578	1.09079	1.09079	1	1	
0.475904	-nan	1.08729	1.18013	1	1	1	1	1	1	3.14479	1.08729	1.08729	1	1	
0.479518	-nan	1.08378	1.17899	1	1	1	1	1	1	3.10439	1.08378	1.08378	1	1	
0.483133	-nan	1.08025	1.17802	1	1	1	1	1	1	3.06457	1.08025	1.08025	1	1	
0.486747	-nan	1.07671	1.1772	1	1	1	1	1	1	3.02532	1.07671	1.07671	1	1	
0.490361	-nan	1.07315	1.17654	1	1	1	1	1	1	2.98664	1.07315	1.07315	1	1	
0.493976	-nan	1.06958	1.17603	1	1	1	1	1	1	2.94854	1.06958	1.06958	1	1	
0.49759	-nan	1.06599	1.17567	1	1	1	1	1	1	2.911	1.06599	1.06599	1	1	
0.501205	-nan	1.0624	1.17546	1	1	1	1	1	1	2.87403	1.0624	1.0624	1	1	
0.504819	-nan	1.05878	1.17539	1	1	1	1	1	1	2.83762	1.05878	1.05878	1	1	
0.508434	-nan	1.05516	1.17546	1	1	1	1	1	1	2.80177	1.05516	1.05516	1	1	
0.512048	-nan	1.05153	1.17567	1	1	1	1	1	1	2.76648	1.05153	1.05153	1	1	
0.515663	-nan	1.04788	1.17601	1	1	1	1	1	1	2.73173	1.04788	1.04788	1	1	
0.519277	-nan	1.04422	1.17648	1	1	1	1	1	1	2.69753	1.04422	1.04422	1	1	
0.522892	-nan	1.04056	1.17708	1	1	1	1	1	1	2.66387	1.04056	1.04056	1	1	
0.526506	-nan	1.03688	1.1778	1	1	1	1	1	1	2.63074	1.03688	1.03688	1	1	
0.53012	-nan	1.0332	1.17865	1	1	1	1	1	1	2.59815	1.0332	1.0332	1	1	
0.533735	-nan	1.02951	1.17961	1	1	1	1	1	1	2.56609	1.02951	1.02951	1	1	
0.537349	-nan	1.0258	1.18069	1	1	1	1	1	1	2.53454	1.0258	1.0258	1	1	
0.540964	-nan	1.0221	1.18189	1	1	1	1	1	1	2.50351	1.0221	1.0221	1	1	
0.544578	-nan	1.01838	1.18319	1	1	1	1	1	1	2.47299	1.01838	1.01838	1	1	
0.548193	-nan	1.01466	1.18461	1	1	1	1	1	1	2.44298	1.01466	1.01466	1	1	
0.551807	-nan	1.01093	1.18613	1	1	1	1	1	1	2.41347	1.01093	1.01093	1	1	
0.555422	-nan	1.0072	1.18775	1	1	1	1	1	1	2.38445	1.0072	1.0072	1	1	
0.559036	-nan	1.00346	1.18947	1	1	1	1	1	1	2.35591	1.00346	1.00346	1	1	
0.562651	-nan	0.999719	1.1913	1	1	1	1	1	1	2.32786	0.999719	0.999719	1	1	
0.566265	-nan	0.995972	1.19321	1	1	1	1	1	1	2.30029	0.995972	0.995972	1	1	
0.56988	-nan	0.99222	1.19523	1	1	1	1	1	1	2.27318	0.99222	0.99222	1	1	
0.573494	-nan	0.988466	1.19733	1	1	1	1	1	1	2.24654	0.988466	0.988466	1	1	
0.577108	-nan	0.984708	1.19952	1	1	1	1	1	1	2.22035	0.984708	0.984708	1	1	
0.580723	-nan	0.980947	1.20181	1	1	1	1	1	1	2.19461	0.980947	0.980947	1	1	
0.584337	-nan	0.977184	1.20417	1	1	1	1	1	1	2.16932	0.977184	0.977184	1	1	
0.587952	-nan	0.973419	1.20662	1	1	1	1	1	1	2.14447	0.973419	0.973419	1	1	
0.591566	-nan	0.969653	1.20915	1	1	1	1	1	1	2.12005	0.969653	0.969653	1	1	
0.595181	-nan	0.965885	1.21176	1	1	1	1	1	1	2.09605	0.965885	0.965885	1	1	
0.598795	-nan	0.962116	1.21444	1	1	1	1	1	1	2.07248	0.962116	0.962116	1	1	
0.60241	-nan	0.958347	1.2172	1	1	1	1	1	1	2.04932	0.958347	0.958347	1	1	
0.606024	-nan	0.954577	1.22004	1	1	1	1	1	1	2.02656	0.954577	0.954577	1	1	
0.609639	-nan	0.950808	1.22294	1	1	1	1	1	1	2.00421	0.950808	0.950808	1	1	
0.613253	-nan	0.947039	1.22591	1	1	1	1	1	1	1.98224	0.947039	0.947039	1	1	
0.616867	-nan	0.943271	1.22896	1	1	1	1	1	1	1.96067	0.943271	0.943271	1	1	
0.620482	-nan	0.939504	1.23206	1	1	1	1	1	1	1.93948	0.939504	0.939504	1	1	
0.624096	-nan	0.935738	1.23524	1	1	1	1	1	1	1.91867	0.935738	0.935738	1	1	
0.627711	-nan	0.931974	1.23847	1	1	1	1	1	1	1.89822	0.931974	0.931974	1	1	
0.631325	-nan	0.928212	1.24177	1	1	1	1	1	1	1.87814	0.928212	0.928212	1	1	
0.63494	-nan	0.924453	1.24512	1	1	1	1	1	1	1.85841	0.924453	0.924453	1	1	
0.638554	-nan	0.920696	1.24853	1	1	1	1	1	1	1.83904	0.920696	0.920696	1	1	
0.642169	-nan	0.916942	1.252	1	1	1	1	1	1	1.82001	0.916942	0.916942	1	1	
0.645783	-nan	0.913191	1.25552	1	1	1	1	1	1	1.80132	0.913191	0.913191	1	1	
0.649398	-nan	0.909443	1.2591	1	1	1	1	1	1	1.78296	0.909443	0.909443	1	1	
0.653012	-nan	0.905699	1.26273	1	1	1	1	1	1	1.76494	0.905699	0.905699	1	1	
0.656627	-nan	0.901959	1.26641	1	1	1	1	1	1	1.74723	0.901959	0.901959	1	1	
0.660241	-nan	0.898224	1.27014	1	1	1	1	1	1	1.72984	0.898224	0.898224	1	1	
0.663855	-nan	0.894492	1.27391	1	1	1	1	1	1	1.71276	0.894492	0.894492	1	1	
0.66747	-nan	0.890766	1.27773	1	1	1	1	1	1	1.69599	0.890766	0.890766	1	1	
0.671084	-nan	0.887044	1.2816	1	1	1	1	1	1	1.67952	0.887044	0.887044	1	1	
0.674699	-nan	0.883328	1.28551	1	1	1	1	1	1	1.66334	0.883328	0.883328	1	1	
0.678313	-nan	0.879617	1.28947	1	1	1	1	1	1	1.64745	0.879617	0.879617	1	1	
0.681928	-nan	0.875912	1.29346	1	1	1	1	1	1	1.63185	0.875912	0.875912	1	1	
0.685542	-nan	0.872213	1.2975	1	1	1	1	1	1	1.61652	0.872213	0.872213	1	1	
0.689157	-nan	0.86852	1.30157	1	1	1	1	1	1	1.60147	0.86852	0.86852	1	1	
0.692771	-nan	0.864833	1.30569	1	1	1	1	1	1	1.58668	0.864833	0.864833	1	1	
0.696386	-nan	0.861153	1.30983	1	1	1	1	1	1	1.57216	0.861153	0.861153	1	1	
0.7	-nan	0.857479	1.31402	1	1	1	1	1	1	1.5579	0.857479	0.857479	1	1	
0.703614	-nan	0.853812	1.31824	1	1	1	1	1	1	1.54389	0.853812	0.853812	1	1	
0.707229	-nan	0.850153	1.32249	1	1	1	1	1	1	1.53013	0.850153	0.850153	1	1	
0.710843	-nan	0.846501	1.32678	1	1	1	1	1	1	1.51662	0.846501	0.846501	1	1	
0.714458	-nan	0.842856	1.3311	1	1	1	1	1	1	1.50334	0.842856	0.842856	1	1	
0.718072	-nan	0.839219	1.33545	1	1	1	1	1	1	1.4903	0.839219	0.839219	1	1	
0.721687	-nan	0.83559	1.33983	1	1	1	1	1	1	1.47749	0.83559	0.83559	1	1	
0.725301	-nan	0.831969	1.34423	1	1	1	1	1	1	1.46491	0.831969	0.831969	1	1	
0.728916	-nan	0.828357	1.34867	1	1	1	1	1	1	1.45255	0.828357	0.828357	1	1	
0.73253	-nan	0.824753	1.35313	1	1	1	1	1	1	1.44041	0.824753	0.824753	1	1	
0.736145	-nan	0.821157	1.35762	1	1	1	1	1	1	1.42848	0.821157	0.821157	1	1	
0.739759	-nan	0.81757	1.36213	1	1	1	1	1	1	1.41676	0.81757	0.81757	1	1	
0.743373	-nan	0.813992	1.36667	1	1	1	1	1	1	1.40525	0.813992	0.813992	1	1	
0.746988	-nan	0.810423	1.37123	1	1	1	1	1	1	1.39393	0.810423	0.810423	1	1	
0.750602	-nan	0.806864	1.37582	1	1	1	1	1	1	1.38282	0.806864	0.806864	1	1	
0.754217	-nan	0.803313	1.38042	1	1	1	1	1	1	1.3719	0.803313	0.803313	1	1	
0.757831	-nan	0.799773	1.38505	1	1	1	1	1	1	1.36117	0.799773	0.799773	1	1	
0.761446	-nan	0.796241	1.3897	1	1	1	1	1	1	1.35063	0.796241	0.796241	1	1	
0.76506	-nan	0.79272	1.39437	1	1	1	1	1	1	1.34027	0.79272	0.79272	1	1	
0.768675	-nan	0.789209	1.39905	1	1	1	1	1	1	1.33009	0.789209	0.789209	1	1	
0.772289	-nan	0.785707	1.40376	1	1	1	1	1	1	1.32008	0.785707	0.785707	1	1	
0.775904	-nan	0.782216	1.40848	1	1	1	1	1	1	1.31025	0.782216	0.782216	1	1	
0.779518	-nan	0.778735	1.41322	1	1	1	1	1	1	1.30059	0.778735	0.778735	1	1	
0.783133	-nan	0.775265	1.41797	1	1	1	1	1	1	1.29109	0.775265	0.775265	1	1	
0.786747	-nan	0.771805	1.42274	1	1	1	1	1	1	1.28176	0.771805	0.771805	1	1	
0.790361	-nan	0.768356	1.42753	1	1	1	1	1	1	1.27259	0.768356	0.768356	1	1	
0.793976	-nan	0.764917	1.43233	1	1	1	1	1	1	1.26357	0.764917	0.764917	1	1	
0.79759	-nan	0.76149	1.43714	1	1	1	1	1	1	1.2547	0.76149	0.76149	1	1	
0.801205	-nan	0.758073	1.44197	1	1	1	1	1	1	1.24599	0.758073	0.758073	1	1	
0.804819	-nan	0.754668	1.44681	1	1	1	1	1	1	1.23743	0.754668	0.754668	1	1	
0.808434	-nan	0.751274	1.45166	1	1	1	1	1	1	1.229	0.751274	0.751274	1	1	
0.812048	-nan	0.747891	1.45653	1	1	1	1	1	1	1.22073	0.747891	0.747891	1	1	
0.815663	-nan	0.744519	1.4614	1	1	1	1	1	1	1.21259	0.744519	0.744519	1	1	
0.819277	-nan	0.741159	1.46628	1	1	1	1	1	1	1.20458	0.741159	0.741159	1	1	
0.822892	-nan	0.737811	1.47118	1	1	1	1	1	1	1.19671	0.737811	0.737811	1	1	
0.826506	-nan	0.734474	1.47608	1	1	1	1	1	1	1.18898	0.734474	0.734474	1	1	
0.83012	-nan	0.731149	1.48099	1	1	1	1	1	1	1.18137	0.731149	0.731149	1	1	
0.833735	-nan	0.727836	1.48591	1	1	1	1	1	1	1.17389	0.727836	0.727836	1	1	
0.837349	-nan	0.724534	1.49084	1	1	1	1	1	1	1.16653	0.724534	0.724534	1	1	
0.840964	-nan	0.721245	1.49577	1	1	1	1	1	1	1.15929	0.721245	0.721245	1	1	
0.844578	-nan	0.717968	1.50071	1	1	1	1	1	1	1.15217	0.717968	0.717968	1	1	
0.848193	-nan	0.714702	1.50566	1	1	1	1	1	1	1.14517	0.714702	0.714702	1	1	
0.851807	-nan	0.711449	1.51061	1	1	1	1	1	1	1.13829	0.711449	0.711449	1	1	
0.855422	-nan	0.708209	1.51557	1	1	1	1	1	1	1.13151	0.708209	0.708209	1	1	
0.859036	-nan	0.70498	1.52054	1	1	1	1	1	1	1.12485	0.70498	0.70498	1	1	
0.862651	-nan	0.701764	1.5255	1	1	1	1	1	1	1.1183	0.701764	0.701764	1	1	
0.866265	-nan	0.698561	1.53048	1	1	1	1	1	1	1.11185	0.698561	0.698561	1	1	
0.86988	-nan	0.69537	1.53545	1	1	1	1	1	1	1.1055	0.69537	0.69537	1	1	
0.873494	-nan	0.692191	1.54043	1	1	1	1	1	1	1.09926	0.692191	0.692191	1	1	
0.877108	-nan	0.689025	1.54541	1	1	1	1	1	1	1.09312	0.689025	0.689025	1	1	
0.880723	-nan	0.685872	1.5504	1	1	1	1	1	1	1.08708	0.685872	0.685872	1	1	
0.884337	-nan	0.682731	1.55539	1	1	1	1	1	1	1.08113	0.682731	0.682731	1	1	
0.887952	-nan	0.679603	1.56037	1	1	1	1	1	1	1.07528	0.679603	0.679603	1	1	
0.891566	-nan	0.676488	1.56536	1	1	1	1	1	1	1.06952	0.676488	0.676488	1	1	
0.895181	-nan	0.673386	1.57036	1	1	1	1	1	1	1.06385	0.673386	0.673386	1	1	
0.898795	-nan	0.670297	1.57535	1	1	1	1	1	1	1.05827	0.670297	0.670297	1	1	
0.90241	-nan	0.66722	1.58034	1	1	1	1	1	1	1.05278	0.66722	0.66722	1	1	
0.906024	-nan	0.664157	1.58533	1	1	1	1	1	1	1.04738	0.664157	0.664157	1	1	
0.909639	-nan	0.661106	1.59033	1	1	1	1	1	1	1.04206	0.661106	0.661106	1	1	
0.913253	-nan	0.658069	1.59532	1	1	1	1	1	1	1.03682	0.658069	0.658069	1	1	
0.916867	-nan	0.655044	1.60031	1	1	1	1	1	1	1.03167	0.655044	0.655044	1	1	
0.920482	-nan	0.652033	1.6053	1	1	1	1	1	1	1.02659	0.652033	0.652033	1	1	
0.924096	-nan	0.649035	1.61029	1	1	1	1	1	1	1.02159	0.649035	0.649035	1	1	
0.927711	-nan	0.64605	1.61527	1	1	1	1	1	1	1.01667	0.64605	0.64605	1	1	
0.931325	-nan	0.643078	1.62026	1	1	1	1	1	1	1.01183	0.643078	0.643078	1	1	
0.93494	-nan	0.640119	1.62524	1	1	1	1	1	1	1.00706	0.640119	0.640119	1	1	
0.938554	-nan	0.637173	1.63022	1	1	1	1	1	1	1.00236	0.637173	0.637173	1	1	
0.942169	-nan	0.634241	1.6352	1	1	1	1	1	1	0.997737	0.634241	0.634241	1	1	
0.945783	-nan	0.631321	1.64017	1	1	1	1	1	1	0.993182	0.631321	0.631321	1	1	
0.949398	-nan	0.628415	1.64514	1	1	1	1	1	1	0.988696	0.628415	0.628415	1	1	
0.953012	-nan	0.625523	1.65011	1	1	1	1	1	1	0.984278	0.625523	0.625523	1	1	
0.956627	-nan	0.622643	1.65507	1	1	1	1	1	1	0.979926	0.622643	0.622643	1	1	
0.960241	-nan	0.619777	1.66003	1	1	1	1	1	1	0.975639	0.619777	0.619777	1	1	
0.963855	-nan	0.616924	1.66499	1	1	1	1	1	1	0.971417	0.616924	0.616924	1	1	
0.96747	-nan	0.614084	1.66994	1	1	1	1	1	1	0.967257	0.614084	0.614084	1	1	
0.971084	-nan	0.611258	1.67489	1	1	1	1	1	1	0.96316	0.611258	0.611258	1	1	
0.974699	-nan	0.608445	1.67983	1	1	1	1	1	1	0.959123	0.608445	0.608445	1	1	
0.978313	-nan	0.605645	1.68476	1	1	1	1	1	1	0.955146	0.605645	0.605645	1	1	
0.981928	-nan	0.602858	1.68969	1	1	1	1	1	1	0.951228	0.602858	0.602858	1	1	
0.985542	-nan	0.600085	1.69462	1	1	1	1	1	1	0.947367	0.600085	0.600085	1	1	
0.989157	-nan	0.597325	1.69954	1	1	1	1	1	1	0.943562	0.597325	0.597325	1	1	
0.992771	-nan	0.594579	1.70445	1	1	1	1	1	1	0.939814	0.594579	0.594579	1	1	
0.996386	-nan	0.591845	1.70936	1	1	1	1	1	1	0.936119	0.591845	0.591845	1	1	
1	-nan	-nan	-nan	-nan	-nan	-nan	-nan	-nan	-nan	-nan	-nan	-nan	-nan	-nan	
