1e-05	-nan	0.51261	0.663762	1	1	1	1	1	1	1.99889	0.51261	0.51261	1	1	
1.03753e-05	-nan	0.512772	0.663764	1	1	1	1	1	1	1.9989	0.512772	0.512772	1	1	
1.07647e-05	-nan	0.512935	0.663767	1	1	1	1	1	1	1.99892	0.512935	0.512935	1	1	
1.11686e-05	-nan	0.513102	0.66377	1	1	1	1	1	1	1.99894	0.513102	0.513102	1	1	
1.15878e-05	-nan	0.513271	0.663773	1	1	1	1	1	1	1.99896	0.513271	0.513271	1	1	
1.20226e-05	-nan	0.513443	0.663775	1	1	1	1	1	1	1.99898	0.513443	0.513443	1	1	
1.24738e-05	-nan	0.513617	0.663778	1	1	1	1	1	1	1.999	0.513617	0.513617	1	1	
1.2942e-05	-nan	0.513794	0.663781	1	1	1	1	1	1	1.99902	0.513794	0.513794	1	1	
1.34276e-05	-nan	0.513975	0.663784	1	1	1	1	1	1	1.99905	0.513975	0.513975	1	1	
1.39316e-05	-nan	0.514158	0.663788	1	1	1	1	1	1	1.99907	0.514158	0.514158	1	1	
1.44544e-05	-nan	0.514344	0.663791	1	1	1	1	1	1	1.99909	0.514344	0.514344	1	1	
1.49968e-05	-nan	0.514533	0.663794	1	1	1	1	1	1	1.99912	0.514533	0.514533	1	1	
1.55597e-05	-nan	0.514725	0.663797	1	1	1	1	1	1	1.99914	0.514725	0.514725	1	1	
1.61436e-05	-nan	0.51492	0.663801	1	1	1	1	1	1	1.99916	0.51492	0.51492	1	1	
1.67494e-05	-nan	0.515118	0.663804	1	1	1	1	1	1	1.99919	0.515118	0.515118	1	1	
1.7378e-05	-nan	0.51532	0.663808	1	1	1	1	1	1	1.99922	0.51532	0.51532	1	1	
1.80302e-05	-nan	0.515525	0.663811	1	1	1	1	1	1	1.99924	0.515525	0.515525	1	1	
1.87068e-05	-nan	0.515733	0.663815	1	1	1	1	1	1	1.99927	0.515733	0.515733	1	1	
1.94089e-05	-nan	0.515945	0.663819	1	1	1	1	1	1	1.9993	0.515945	0.515945	1	1	
2.01372e-05	-nan	0.51616	0.663823	1	1	1	1	1	1	1.99933	0.51616	0.51616	1	1	
2.0893e-05	-nan	0.516378	0.663827	1	1	1	1	1	1	1.99936	0.516378	0.516378	1	1	
2.1677e-05	-nan	0.5166	0.663831	1	1	1	1	1	1	1.99939	0.5166	0.5166	1	1	
2.24905e-05	-nan	0.516826	0.663835	1	1	1	1	1	1	1.99943	0.516826	0.516826	1	1	
2.33346e-05	-nan	0.517056	0.663839	1	1	1	1	1	1	1.99946	0.517056	0.517056	1	1	
2.42103e-05	-nan	0.517289	0.663844	1	1	1	1	1	1	1.99949	0.517289	0.517289	1	1	
2.51189e-05	-nan	0.517526	0.663848	1	1	1	1	1	1	1.99953	0.517526	0.517526	1	1	
2.60615e-05	-nan	0.517767	0.663853	1	1	1	1	1	1	1.99956	0.517767	0.517767	1	1	
2.70396e-05	-nan	0.518012	0.663857	1	1	1	1	1	1	1.9996	0.518012	0.518012	1	1	
2.80543e-05	-nan	0.518261	0.663862	1	1	1	1	1	1	1.99964	0.518261	0.518261	1	1	
2.91072e-05	-nan	0.518514	0.663867	1	1	1	1	1	1	1.99968	0.518514	0.518514	1	1	
3.01995e-05	-nan	0.518772	0.663872	1	1	1	1	1	1	1.99972	0.518772	0.518772	1	1	
3.13329e-05	-nan	0.519034	0.663877	1	1	1	1	1	1	1.99976	0.519034	0.519034	1	1	
3.25087e-05	-nan	0.5193	0.663882	1	1	1	1	1	1	1.9998	0.5193	0.5193	1	1	
3.37287e-05	-nan	0.51957	0.663888	1	1	1	1	1	1	1.99985	0.51957	0.51957	1	1	
3.49945e-05	-nan	0.519845	0.663893	1	1	1	1	1	1	1.99989	0.519845	0.519845	1	1	
3.63078e-05	-nan	0.520125	0.663899	1	1	1	1	1	1	1.99994	0.520125	0.520125	1	1	
3.76704e-05	-nan	0.520409	0.663904	1	1	1	1	1	1	1.99999	0.520409	0.520409	1	1	
3.90841e-05	-nan	0.520699	0.66391	1	1	1	1	1	1	2.00003	0.520699	0.520699	1	1	
4.05509e-05	-nan	0.520993	0.663916	1	1	1	1	1	1	2.00008	0.520993	0.520993	1	1	
4.20727e-05	-nan	0.521292	0.663922	1	1	1	1	1	1	2.00014	0.521292	0.521292	1	1	
4.36516e-05	-nan	0.521596	0.663929	1	1	1	1	1	1	2.00019	0.521596	0.521596	1	1	
4.52898e-05	-nan	0.521905	0.663935	1	1	1	1	1	1	2.00024	0.521905	0.521905	1	1	
4.69894e-05	-nan	0.522219	0.663941	1	1	1	1	1	1	2.0003	0.522219	0.522219	1	1	
4.87528e-05	-nan	0.522539	0.663948	1	1	1	1	1	1	2.00036	0.522539	0.522539	1	1	
5.05825e-05	-nan	0.522865	0.663955	1	1	1	1	1	1	2.00042	0.522865	0.522865	1	1	
5.24807e-05	-nan	0.523195	0.663962	1	1	1	1	1	1	2.00048	0.523195	0.523195	1	1	
5.44503e-05	-nan	0.523532	0.663969	1	1	1	1	1	1	2.00054	0.523532	0.523532	1	1	
5.64937e-05	-nan	0.523874	0.663976	1	1	1	1	1	1	2.0006	0.523874	0.523874	1	1	
5.86138e-05	-nan	0.524222	0.663984	1	1	1	1	1	1	2.00067	0.524222	0.524222	1	1	
6.08135e-05	-nan	0.524576	0.663991	1	1	1	1	1	1	2.00074	0.524576	0.524576	1	1	
6.30957e-05	-nan	0.524936	0.663999	1	1	1	1	1	1	2.00081	0.524936	0.524936	1	1	
6.54636e-05	-nan	0.525303	0.664007	1	1	1	1	1	1	2.00088	0.525303	0.525303	1	1	
6.79204e-05	-nan	0.525675	0.664015	1	1	1	1	1	1	2.00096	0.525675	0.525675	1	1	
7.04693e-05	-nan	0.526054	0.664023	1	1	1	1	1	1	2.00103	0.526054	0.526054	1	1	
7.31139e-05	-nan	0.52644	0.664032	1	1	1	1	1	1	2.00111	0.52644	0.52644	1	1	
7.58578e-05	-nan	0.526832	0.66404	1	1	1	1	1	1	2.00119	0.526832	0.526832	1	1	
7.87046e-05	-nan	0.527231	0.664049	1	1	1	1	1	1	2.00127	0.527231	0.527231	1	1	
8.16582e-05	-nan	0.527637	0.664058	1	1	1	1	1	1	2.00136	0.527637	0.527637	1	1	
8.47227e-05	-nan	0.528051	0.664067	1	1	1	1	1	1	2.00144	0.528051	0.528051	1	1	
8.79023e-05	-nan	0.528471	0.664077	1	1	1	1	1	1	2.00153	0.528471	0.528471	1	1	
9.12011e-05	-nan	0.528899	0.664086	1	1	1	1	1	1	2.00163	0.528899	0.528899	1	1	
9.46237e-05	-nan	0.529334	0.664096	1	1	1	1	1	1	2.00172	0.529334	0.529334	1	1	
9.81748e-05	-nan	0.529777	0.664106	1	1	1	1	1	1	2.00182	0.529777	0.529777	1	1	
0.000101859	-nan	0.530227	0.664117	1	1	1	1	1	1	2.00192	0.530227	0.530227	1	1	
0.000105682	-nan	0.530686	0.664127	1	1	1	1	1	1	2.00202	0.530686	0.530686	1	1	
0.000109648	-nan	0.531152	0.664138	1	1	1	1	1	1	2.00213	0.531152	0.531152	1	1	
0.000113763	-nan	0.531627	0.664149	1	1	1	1	1	1	2.00224	0.531627	0.531627	1	1	
0.000118032	-nan	0.532111	0.66416	1	1	1	1	1	1	2.00235	0.532111	0.532111	1	1	
0.000122462	-nan	0.532602	0.664171	1	1	1	1	1	1	2.00246	0.532602	0.532602	1	1	
0.000127057	-nan	0.533103	0.664183	1	1	1	1	1	1	2.00258	0.533103	0.533103	1	1	
0.000131826	-nan	0.533612	0.664195	1	1	1	1	1	1	2.0027	0.533612	0.533612	1	1	
0.000136773	-nan	0.534131	0.664207	1	1	1	1	1	1	2.00283	0.534131	0.534131	1	1	
0.000141906	-nan	0.534658	0.66422	1	1	1	1	1	1	2.00296	0.534658	0.534658	1	1	
0.000147231	-nan	0.535196	0.664232	1	1	1	1	1	1	2.00309	0.535196	0.535196	1	1	
0.000152757	-nan	0.535742	0.664245	1	1	1	1	1	1	2.00323	0.535742	0.535742	1	1	
0.000158489	-nan	0.536299	0.664259	1	1	1	1	1	1	2.00337	0.536299	0.536299	1	1	
0.000164437	-nan	0.536865	0.664272	1	1	1	1	1	1	2.00351	0.536865	0.536865	1	1	
0.000170608	-nan	0.537442	0.664286	1	1	1	1	1	1	2.00366	0.537442	0.537442	1	1	
0.000177011	-nan	0.538029	0.6643	1	1	1	1	1	1	2.00381	0.538029	0.538029	1	1	
0.000183654	-nan	0.538627	0.664315	1	1	1	1	1	1	2.00397	0.538627	0.538627	1	1	
0.000190546	-nan	0.539235	0.66433	1	1	1	1	1	1	2.00413	0.539235	0.539235	1	1	
0.000197697	-nan	0.539854	0.664345	1	1	1	1	1	1	2.00429	0.539854	0.539854	1	1	
0.000205116	-nan	0.540485	0.66436	1	1	1	1	1	1	2.00446	0.540485	0.540485	1	1	
0.000212814	-nan	0.541127	0.664376	1	1	1	1	1	1	2.00464	0.541127	0.541127	1	1	
0.0002208	-nan	0.541781	0.664392	1	1	1	1	1	1	2.00482	0.541781	0.541781	1	1	
0.000229087	-nan	0.542446	0.664408	1	1	1	1	1	1	2.005	0.542446	0.542446	1	1	
0.000237684	-nan	0.543124	0.664425	1	1	1	1	1	1	2.00519	0.543124	0.543124	1	1	
0.000246604	-nan	0.543814	0.664442	1	1	1	1	1	1	2.00538	0.543814	0.543814	1	1	
0.000255859	-nan	0.544516	0.664459	1	1	1	1	1	1	2.00558	0.544516	0.544516	1	1	
0.000265461	-nan	0.545232	0.664477	1	1	1	1	1	1	2.00579	0.545232	0.545232	1	1	
0.000275423	-nan	0.54596	0.664496	1	1	1	1	1	1	2.006	0.54596	0.54596	1	1	
0.000285759	-nan	0.546702	0.664514	1	1	1	1	1	1	2.00622	0.546702	0.546702	1	1	
0.000296483	-nan	0.547458	0.664533	1	1	1	1	1	1	2.00644	0.547458	0.547458	1	1	
0.00030761	-nan	0.548227	0.664552	1	1	1	1	1	1	2.00667	0.548227	0.548227	1	1	
0.000319154	-nan	0.54901	0.664572	1	1	1	1	1	1	2.00691	0.54901	0.54901	1	1	
0.000331131	-nan	0.549808	0.664592	1	1	1	1	1	1	2.00715	0.549808	0.549808	1	1	
0.000343558	-nan	0.550621	0.664613	1	1	1	1	1	1	2.0074	0.550621	0.550621	1	1	
0.000356451	-nan	0.551449	0.664634	1	1	1	1	1	1	2.00766	0.551449	0.551449	1	1	
0.000369828	-nan	0.552292	0.664656	1	1	1	1	1	1	2.00792	0.552292	0.552292	1	1	
0.000383707	-nan	0.55315	0.664678	1	1	1	1	1	1	2.0082	0.55315	0.55315	1	1	
0.000398107	-nan	0.554025	0.6647	1	1	1	1	1	1	2.00848	0.554025	0.554025	1	1	
0.000413048	-nan	0.554915	0.664723	1	1	1	1	1	1	2.00876	0.554915	0.554915	1	1	
0.000428549	-nan	0.555823	0.664746	1	1	1	1	1	1	2.00906	0.555823	0.555823	1	1	
0.000444631	-nan	0.556747	0.66477	1	1	1	1	1	1	2.00936	0.556747	0.556747	1	1	
0.000461318	-nan	0.557688	0.664794	1	1	1	1	1	1	2.00967	0.557688	0.557688	1	1	
0.00047863	-nan	0.558647	0.664819	1	1	1	1	1	1	2.01	0.558647	0.558647	1	1	
0.000496592	-nan	0.559623	0.664844	1	1	1	1	1	1	2.01033	0.559623	0.559623	1	1	
0.000515229	-nan	0.560618	0.66487	1	1	1	1	1	1	2.01066	0.560618	0.560618	1	1	
0.000534564	-nan	0.561632	0.664897	1	1	1	1	1	1	2.01101	0.561632	0.561632	1	1	
0.000554626	-nan	0.562664	0.664924	1	1	1	1	1	1	2.01137	0.562664	0.562664	1	1	
0.00057544	-nan	0.563716	0.664951	1	1	1	1	1	1	2.01174	0.563716	0.563716	1	1	
0.000597035	-nan	0.564787	0.664979	1	1	1	1	1	1	2.01212	0.564787	0.564787	1	1	
0.000619441	-nan	0.565879	0.665008	1	1	1	1	1	1	2.01251	0.565879	0.565879	1	1	
0.000642688	-nan	0.566991	0.665037	1	1	1	1	1	1	2.01291	0.566991	0.566991	1	1	
0.000666807	-nan	0.568123	0.665067	1	1	1	1	1	1	2.01332	0.568123	0.568123	1	1	
0.000691831	-nan	0.569277	0.665097	1	1	1	1	1	1	2.01374	0.569277	0.569277	1	1	
0.000717794	-nan	0.570453	0.665128	1	1	1	1	1	1	2.01418	0.570453	0.570453	1	1	
0.000744732	-nan	0.571651	0.66516	1	1	1	1	1	1	2.01463	0.571651	0.571651	1	1	
0.000772681	-nan	0.572871	0.665192	1	1	1	1	1	1	2.01509	0.572871	0.572871	1	1	
0.000801678	-nan	0.574114	0.665225	1	1	1	1	1	1	2.01556	0.574114	0.574114	1	1	
0.000831764	-nan	0.575381	0.665259	1	1	1	1	1	1	2.01605	0.575381	0.575381	1	1	
0.000862979	-nan	0.576671	0.665293	1	1	1	1	1	1	2.01655	0.576671	0.576671	1	1	
0.000895365	-nan	0.577986	0.665328	1	1	1	1	1	1	2.01706	0.577986	0.577986	1	1	
0.000928966	-nan	0.579326	0.665364	1	1	1	1	1	1	2.01759	0.579326	0.579326	1	1	
0.000963829	-nan	0.58069	0.665401	1	1	1	1	1	1	2.01813	0.58069	0.58069	1	1	
0.001	-nan	0.582081	0.665438	1	1	1	1	1	1	2.01869	0.582081	0.582081	1	1	
0.00103753	-nan	0.583497	0.665476	1	1	1	1	1	1	2.01927	0.583497	0.583497	1	1	
0.00107647	-nan	0.58494	0.665515	1	1	1	1	1	1	2.01986	0.58494	0.58494	1	1	
0.00111686	-nan	0.58641	0.665555	1	1	1	1	1	1	2.02046	0.58641	0.58641	1	1	
0.00115878	-nan	0.587908	0.665596	1	1	1	1	1	1	2.02109	0.587908	0.587908	1	1	
0.00120226	-nan	0.589434	0.665637	1	1	1	1	1	1	2.02173	0.589434	0.589434	1	1	
0.00124738	-nan	0.590989	0.66568	1	1	1	1	1	1	2.02239	0.590989	0.590989	1	1	
0.0012942	-nan	0.592573	0.665723	1	1	1	1	1	1	2.02307	0.592573	0.592573	1	1	
0.00134276	-nan	0.594187	0.665767	1	1	1	1	1	1	2.02376	0.594187	0.594187	1	1	
0.00139316	-nan	0.595831	0.665812	1	1	1	1	1	1	2.02448	0.595831	0.595831	1	1	
0.00144544	-nan	0.597505	0.665858	1	1	1	1	1	1	2.02522	0.597505	0.597505	1	1	
0.00149968	-nan	0.599211	0.665906	1	1	1	1	1	1	2.02598	0.599211	0.599211	1	1	
0.00155597	-nan	0.600949	0.665954	1	1	1	1	1	1	2.02675	0.600949	0.600949	1	1	
0.00161436	-nan	0.60272	0.666003	1	1	1	1	1	1	2.02756	0.60272	0.60272	1	1	
0.00167494	-nan	0.604523	0.666053	1	1	1	1	1	1	2.02838	0.604523	0.604523	1	1	
0.0017378	-nan	0.60636	0.666105	1	1	1	1	1	1	2.02923	0.60636	0.60636	1	1	
0.00180302	-nan	0.608231	0.666158	1	1	1	1	1	1	2.0301	0.608231	0.608231	1	1	
0.00187068	-nan	0.610137	0.666212	1	1	1	1	1	1	2.03099	0.610137	0.610137	1	1	
0.00194089	-nan	0.612079	0.666267	1	1	1	1	1	1	2.03191	0.612079	0.612079	1	1	
0.00201372	-nan	0.614056	0.666323	1	1	1	1	1	1	2.03286	0.614056	0.614056	1	1	
0.0020893	-nan	0.616069	0.666381	1	1	1	1	1	1	2.03383	0.616069	0.616069	1	1	
0.0021677	-nan	0.61812	0.66644	1	1	1	1	1	1	2.03483	0.61812	0.61812	1	1	
0.00224905	-nan	0.620209	0.666501	1	1	1	1	1	1	2.03586	0.620209	0.620209	1	1	
0.00233346	-nan	0.622336	0.666563	1	1	1	1	1	1	2.03691	0.622336	0.622336	1	1	
0.00242103	-nan	0.624502	0.666627	1	1	1	1	1	1	2.038	0.624502	0.624502	1	1	
0.00251189	-nan	0.626707	0.666693	1	1	1	1	1	1	2.03912	0.626707	0.626707	1	1	
0.00260615	-nan	0.628952	0.66676	1	1	1	1	1	1	2.04027	0.628952	0.628952	1	1	
0.00270396	-nan	0.631239	0.666829	1	1	1	1	1	1	2.04145	0.631239	0.631239	1	1	
0.00280543	-nan	0.633566	0.666899	1	1	1	1	1	1	2.04266	0.633566	0.633566	1	1	
0.00291072	-nan	0.635936	0.666972	1	1	1	1	1	1	2.04391	0.635936	0.635936	1	1	
0.00301995	-nan	0.638348	0.667047	1	1	1	1	1	1	2.04519	0.638348	0.638348	1	1	
0.00313329	-nan	0.640803	0.667124	1	1	1	1	1	1	2.04651	0.640803	0.640803	1	1	
0.00325087	-nan	0.643302	0.667203	1	1	1	1	1	1	2.04787	0.643302	0.643302	1	1	
0.00337287	-nan	0.645845	0.667285	1	1	1	1	1	1	2.04926	0.645845	0.645845	1	1	
0.00349945	-nan	0.648433	0.667369	1	1	1	1	1	1	2.05069	0.648433	0.648433	1	1	
0.00363078	-nan	0.651067	0.667455	1	1	1	1	1	1	2.05217	0.651067	0.651067	1	1	
0.00376704	-nan	0.653747	0.667545	1	1	1	1	1	1	2.05368	0.653747	0.653747	1	1	
0.00390841	-nan	0.656473	0.667637	1	1	1	1	1	1	2.05524	0.656473	0.656473	1	1	
0.00405509	-nan	0.659247	0.667732	1	1	1	1	1	1	2.05684	0.659247	0.659247	1	1	
0.00420727	-nan	0.662069	0.667831	1	1	1	1	1	1	2.05848	0.662069	0.662069	1	1	
0.00436516	-nan	0.664938	0.667933	1	1	1	1	1	1	2.06018	0.664938	0.664938	1	1	
0.00452898	-nan	0.667857	0.668038	1	1	1	1	1	1	2.06192	0.667857	0.667857	1	1	
0.00469894	-nan	0.670825	0.668148	1	1	1	1	1	1	2.0637	0.670825	0.670825	1	1	
0.00487528	-nan	0.673843	0.668261	1	1	1	1	1	1	2.06554	0.673843	0.673843	1	1	
0.00505825	-nan	0.676911	0.668379	1	1	1	1	1	1	2.06743	0.676911	0.676911	1	1	
0.00524807	-nan	0.68003	0.668502	1	1	1	1	1	1	2.06937	0.68003	0.68003	1	1	
0.00544503	-nan	0.6832	0.66863	1	1	1	1	1	1	2.07137	0.6832	0.6832	1	1	
0.00564937	-nan	0.686422	0.668762	1	1	1	1	1	1	2.07342	0.686422	0.686422	1	1	
0.00586138	-nan	0.689695	0.668901	1	1	1	1	1	1	2.07553	0.689695	0.689695	1	1	
0.00608135	-nan	0.693021	0.669045	1	1	1	1	1	1	2.0777	0.693021	0.693021	1	1	
0.00630957	-nan	0.6964	0.669196	1	1	1	1	1	1	2.07993	0.6964	0.6964	1	1	
0.00654636	-nan	0.699832	0.669354	1	1	1	1	1	1	2.08223	0.699832	0.699832	1	1	
0.00679204	-nan	0.703318	0.669519	1	1	1	1	1	1	2.08458	0.703318	0.703318	1	1	
0.00704693	-nan	0.706857	0.669693	1	1	1	1	1	1	2.087	0.706857	0.706857	1	1	
0.00731139	-nan	0.71045	0.669874	1	1	1	1	1	1	2.08949	0.71045	0.71045	1	1	
0.00758578	-nan	0.714096	0.670065	1	1	1	1	1	1	2.09205	0.714096	0.714096	1	1	
0.00787046	-nan	0.717798	0.670266	1	1	1	1	1	1	2.09468	0.717798	0.717798	1	1	
0.00816582	-nan	0.721553	0.670477	1	1	1	1	1	1	2.09739	0.721553	0.721553	1	1	
0.00847227	-nan	0.725363	0.6707	1	1	1	1	1	1	2.10017	0.725363	0.725363	1	1	
0.00879023	-nan	0.729227	0.670935	1	1	1	1	1	1	2.10303	0.729227	0.729227	1	1	
0.00912011	-nan	0.733145	0.671184	1	1	1	1	1	1	2.10596	0.733145	0.733145	1	1	
0.00946237	-nan	0.737118	0.671446	1	1	1	1	1	1	2.10898	0.737118	0.737118	1	1	
0.00981748	-nan	0.741146	0.671724	1	1	1	1	1	1	2.11208	0.741146	0.741146	1	1	
0.0101859	-nan	0.745227	0.672019	1	1	1	1	1	1	2.11527	0.745227	0.745227	1	1	
0.0105682	-nan	0.749362	0.672332	1	1	1	1	1	1	2.11855	0.749362	0.749362	1	1	
0.0109648	-nan	0.75355	0.672665	1	1	1	1	1	1	2.12192	0.75355	0.75355	1	1	
0.0113763	-nan	0.757792	0.673019	1	1	1	1	1	1	2.12538	0.757792	0.757792	1	1	
0.0118032	-nan	0.762087	0.673395	1	1	1	1	1	1	2.12894	0.762087	0.762087	1	1	
0.0122462	-nan	0.766434	0.673797	1	1	1	1	1	1	2.1326	0.766434	0.766434	1	1	
0.0127057	-nan	0.770833	0.674225	1	1	1	1	1	1	2.13635	0.770833	0.770833	1	1	
0.0131826	-nan	0.775283	0.674683	1	1	1	1	1	1	2.14021	0.775283	0.775283	1	1	
0.0136773	-nan	0.779784	0.675173	1	1	1	1	1	1	2.14418	0.779784	0.779784	1	1	
0.0141906	-nan	0.784335	0.675698	1	1	1	1	1	1	2.14826	0.784335	0.784335	1	1	
0.0147231	-nan	0.788934	0.67626	1	1	1	1	1	1	2.15245	0.788934	0.788934	1	1	
0.0152757	-nan	0.793582	0.676863	1	1	1	1	1	1	2.15676	0.793582	0.793582	1	1	
0.0158489	-nan	0.798277	0.67751	1	1	1	1	1	1	2.16118	0.798277	0.798277	1	1	
0.0164437	-nan	0.803019	0.678207	1	1	1	1	1	1	2.16573	0.803019	0.803019	1	1	
0.0170608	-nan	0.807805	0.678956	1	1	1	1	1	1	2.1704	0.807805	0.807805	1	1	
0.0177011	-nan	0.812636	0.679762	1	1	1	1	1	1	2.17519	0.812636	0.812636	1	1	
0.0183654	-nan	0.817508	0.680632	1	1	1	1	1	1	2.18012	0.817508	0.817508	1	1	
0.0190546	-nan	0.822423	0.681571	1	1	1	1	1	1	2.18519	0.822423	0.822423	1	1	
0.0197697	-nan	0.827376	0.682584	1	1	1	1	1	1	2.19039	0.827376	0.827376	1	1	
0.0205116	-nan	0.832368	0.683679	1	1	1	1	1	1	2.19573	0.832368	0.832368	1	1	
0.0212814	-nan	0.837397	0.684864	1	1	1	1	1	1	2.20122	0.837397	0.837397	1	1	
0.02208	-nan	0.84246	0.686147	1	1	1	1	1	1	2.20685	0.84246	0.84246	1	1	
0.0229087	-nan	0.847557	0.687537	1	1	1	1	1	1	2.21264	0.847557	0.847557	1	1	
0.0237684	-nan	0.852684	0.689044	1	1	1	1	1	1	2.21858	0.852684	0.852684	1	1	
0.0246604	-nan	0.857841	0.690679	1	1	1	1	1	1	2.22469	0.857841	0.857841	1	1	
0.0255859	-nan	0.863024	0.692455	1	1	1	1	1	1	2.23095	0.863024	0.863024	1	1	
0.0265461	-nan	0.868232	0.694386	1	1	1	1	1	1	2.23739	0.868232	0.868232	1	1	
0.0275423	-nan	0.873462	0.696485	1	1	1	1	1	1	2.24399	0.873462	0.873462	1	1	
0.0285759	-nan	0.878713	0.698769	1	1	1	1	1	1	2.25077	0.878713	0.878713	1	1	
0.0296483	-nan	0.88398	0.701257	1	1	1	1	1	1	2.25772	0.88398	0.88398	1	1	
0.030761	-nan	0.889263	0.703968	1	1	1	1	1	1	2.26486	0.889263	0.889263	1	1	
0.0319154	-nan	0.894557	0.706924	1	1	1	1	1	1	2.27218	0.894557	0.894557	1	1	
0.0331131	-nan	0.899861	0.710148	1	1	1	1	1	1	2.27969	0.899861	0.899861	1	1	
0.0343558	-nan	0.905171	0.713668	1	1	1	1	1	1	2.2874	0.905171	0.905171	1	1	
0.0356451	-nan	0.910485	0.717511	1	1	1	1	1	1	2.2953	0.910485	0.910485	1	1	
0.0369828	-nan	0.915798	0.72171	1	1	1	1	1	1	2.3034	0.915798	0.915798	1	1	
0.0383707	-nan	0.921109	0.726299	1	1	1	1	1	1	2.31171	0.921109	0.921109	1	1	
0.0398107	-nan	0.926413	0.731317	1	1	1	1	1	1	2.32022	0.926413	0.926413	1	1	
0.0413048	-nan	0.931707	0.736805	1	1	1	1	1	1	2.32894	0.931707	0.931707	1	1	
0.0428549	-nan	0.936989	0.742807	1	1	1	1	1	1	2.33787	0.936989	0.936989	1	1	
0.0444631	-nan	0.942253	0.749374	1	1	1	1	1	1	2.34702	0.942253	0.942253	1	1	
0.0461318	-nan	0.947496	0.756558	1	1	1	1	1	1	2.35639	0.947496	0.947496	1	1	
0.047863	-nan	0.952715	0.764417	1	1	1	1	1	1	2.36597	0.952715	0.952715	1	1	
0.0496592	-nan	0.957906	0.773012	1	1	1	1	1	1	2.37577	0.957906	0.957906	1	1	
0.0515229	-nan	0.963064	0.782409	1	1	1	1	1	1	2.38579	0.963064	0.963064	1	1	
0.0534564	-nan	0.968186	0.792678	1	1	1	1	1	1	2.39603	0.968186	0.968186	1	1	
0.0554626	-nan	0.973267	0.803892	1	1	1	1	1	1	2.40648	0.973267	0.973267	1	1	
0.057544	-nan	0.978303	0.816126	1	1	1	1	1	1	2.41716	0.978303	0.978303	1	1	
0.0597035	-nan	0.983289	0.829459	1	1	1	1	1	1	2.42804	0.983289	0.983289	1	1	
0.0619441	-nan	0.988222	0.843967	1	1	1	1	1	1	2.43914	0.988222	0.988222	1	1	
0.0642688	-nan	0.993097	0.859727	1	1	1	1	1	1	2.45044	0.993097	0.993097	1	1	
0.0666807	-nan	0.997908	0.876813	1	1	1	1	1	1	2.46193	0.997908	0.997908	1	1	
0.0691831	-nan	1.00265	0.895289	1	1	1	1	1	1	2.47361	1.00265	1.00265	1	1	
0.0717794	-nan	1.00732	0.915212	1	1	1	1	1	1	2.48547	1.00732	1.00732	1	1	
0.0744732	-nan	1.01192	0.936624	1	1	1	1	1	1	2.49749	1.01192	1.01192	1	1	
0.0772681	-nan	1.01643	0.959545	1	1	1	1	1	1	2.50966	1.01643	1.01643	1	1	
0.0801678	-nan	1.02085	0.983975	1	1	1	1	1	1	2.52194	1.02085	1.02085	1	1	
0.0831764	-nan	1.02519	1.00988	1	1	1	1	1	1	2.53433	1.02519	1.02519	1	1	
0.0862979	-nan	1.02942	1.0372	1	1	1	1	1	1	2.5468	1.02942	1.02942	1	1	
0.0895365	-nan	1.03355	1.06583	1	1	1	1	1	1	2.5593	1.03355	1.03355	1	1	
0.0928966	-nan	1.03758	1.09562	1	1	1	1	1	1	2.5718	1.03758	1.03758	1	1	
0.0963829	-nan	1.04149	1.12638	1	1	1	1	1	1	2.58426	1.04149	1.04149	1	1	
0.1	-nan	1.04528	1.15787	1	1	1	1	1	1	2.59663	1.04528	1.04528	1	1	
0.103614	-nan	1.04882	1.18868	1	1	1	1	1	1	2.6084	1.04882	1.04882	1	1	
0.107229	-nan	1.05212	1.21857	1	1	1	1	1	1	2.61957	1.05212	1.05212	1	1	
0.110843	-nan	1.05521	1.24738	1	1	1	1	1	1	2.63012	1.05521	1.05521	1	1	
0.114458	-nan	1.05808	1.27492	1	1	1	1	1	1	2.64005	1.05808	1.05808	1	1	
0.118072	-nan	1.06077	1.30107	1	1	1	1	1	1	2.64933	1.06077	1.06077	1	1	
0.121687	-nan	1.06327	1.32576	1	1	1	1	1	1	2.65796	1.06327	1.06327	1	1	
0.125301	-nan	1.0656	1.3489	1	1	1	1	1	1	2.66591	1.0656	1.0656	1	1	
0.128916	-nan	1.06777	1.3705	1	1	1	1	1	1	2.67317	1.06777	1.06777	1	1	
0.13253	-nan	1.06979	1.39053	1	1	1	1	1	1	2.67972	1.06979	1.06979	1	1	
0.136145	-nan	1.07166	1.40904	1	1	1	1	1	1	2.68556	1.07166	1.07166	1	1	
0.139759	-nan	1.0734	1.42606	1	1	1	1	1	1	2.69067	1.0734	1.0734	1	1	
0.143373	-nan	1.07501	1.44166	1	1	1	1	1	1	2.69503	1.07501	1.07501	1	1	
0.146988	-nan	1.0765	1.4559	1	1	1	1	1	1	2.69864	1.0765	1.0765	1	1	
0.150602	-nan	1.07788	1.46886	1	1	1	1	1	1	2.70149	1.07788	1.07788	1	1	
0.154217	-nan	1.07914	1.48062	1	1	1	1	1	1	2.70356	1.07914	1.07914	1	1	
0.157831	-nan	1.0803	1.49127	1	1	1	1	1	1	2.70485	1.0803	1.0803	1	1	
0.161446	-nan	1.08137	1.50089	1	1	1	1	1	1	2.70536	1.08137	1.08137	1	1	
0.16506	-nan	1.08234	1.50956	1	1	1	1	1	1	2.70508	1.08234	1.08234	1	1	
0.168675	-nan	1.08322	1.51737	1	1	1	1	1	1	2.70402	1.08322	1.08322	1	1	
0.172289	-nan	1.08402	1.52439	1	1	1	1	1	1	2.70217	1.08402	1.08402	1	1	
0.175904	-nan	1.08473	1.53069	1	1	1	1	1	1	2.69954	1.08473	1.08473	1	1	
0.179518	-nan	1.08537	1.53634	1	1	1	1	1	1	2.69614	1.08537	1.08537	1	1	
0.183133	-nan	1.08594	1.5414	1	1	1	1	1	1	2.69198	1.08594	1.08594	1	1	
0.186747	-nan	1.08644	1.54593	1	1	1	1	1	1	2.68708	1.08644	1.08644	1	1	
0.190361	-nan	1.08687	1.54998	1	1	1	1	1	1	2.68144	1.08687	1.08687	1	1	
0.193976	-nan	1.08724	1.5536	1	1	1	1	1	1	2.67509	1.08724	1.08724	1	1	
0.19759	-nan	1.08755	1.55684	1	1	1	1	1	1	2.66805	1.08755	1.08755	1	1	
0.201205	-nan	1.0878	1.55973	1	1	1	1	1	1	2.66035	1.0878	1.0878	1	1	
0.204819	-nan	1.08799	1.56231	1	1	1	1	1	1	2.65201	1.08799	1.08799	1	1	
0.208434	-nan	1.08814	1.56462	1	1	1	1	1	1	2.64307	1.08814	1.08814	1	1	
0.212048	-nan	1.08823	1.56667	1	1	1	1	1	1	2.63356	1.08823	1.08823	1	1	
0.215663	-nan	1.08828	1.56851	1	1	1	1	1	1	2.62351	1.08828	1.08828	1	1	
0.219277	-nan	1.08828	1.57015	1	1	1	1	1	1	2.61297	1.08828	1.08828	1	1	
0.222892	-nan	1.08824	1.57161	1	1	1	1	1	1	2.60197	1.08824	1.08824	1	1	
0.226506	-nan	1.08816	1.57291	1	1	1	1	1	1	2.59055	1.08816	1.08816	1	1	
0.23012	-nan	1.08803	1.57407	1	1	1	1	1	1	2.57876	1.08803	1.08803	1	1	
0.233735	-nan	1.08787	1.5751	1	1	1	1	1	1	2.56664	1.08787	1.08787	1	1	
0.237349	-nan	1.08767	1.57603	1	1	1	1	1	1	2.55424	1.08767	1.08767	1	1	
0.240964	-nan	1.08744	1.57685	1	1	1	1	1	1	2.54159	1.08744	1.08744	1	1	
0.244578	-nan	1.08718	1.57758	1	1	1	1	1	1	2.52876	1.08718	1.08718	1	1	
0.248193	-nan	1.08688	1.57823	1	1	1	1	1	1	2.51577	1.08688	1.08688	1	1	
0.251807	-nan	1.08655	1.57881	1	1	1	1	1	1	2.50268	1.08655	1.08655	1	1	
0.255422	-nan	1.0862	1.57932	1	1	1	1	1	1	2.48953	1.0862	1.0862	1	1	
0.259036	-nan	1.08582	1.57977	1	1	1	1	1	1	2.47636	1.08582	1.08582	1	1	
0.262651	-nan	1.08541	1.58018	1	1	1	1	1	1	2.46321	1.08541	1.08541	1	1	
0.266265	-nan	1.08497	1.58053	1	1	1	1	1	1	2.45013	1.08497	1.08497	1	1	
0.26988	-nan	1.08451	1.58085	1	1	1	1	1	1	2.43714	1.08451	1.08451	1	1	
0.273494	-nan	1.08403	1.58112	1	1	1	1	1	1	2.42429	1.08403	1.08403	1	1	
0.277108	-nan	1.08353	1.58137	1	1	1	1	1	1	2.4116	1.08353	1.08353	1	1	
0.280723	-nan	1.08301	1.58158	1	1	1	1	1	1	2.39912	1.08301	1.08301	1	1	
0.284337	-nan	1.08246	1.58176	1	1	1	1	1	1	2.38686	1.08246	1.08246	1	1	
0.287952	-nan	1.0819	1.58192	1	1	1	1	1	1	2.37486	1.0819	1.0819	1	1	
0.291566	-nan	1.08132	1.58206	1	1	1	1	1	1	2.36313	1.08132	1.08132	1	1	
0.295181	-nan	1.08072	1.58218	1	1	1	1	1	1	2.35171	1.08072	1.08072	1	1	
0.298795	-nan	1.08011	1.58228	1	1	1	1	1	1	2.3406	1.08011	1.08011	1	1	
0.30241	-nan	1.07948	1.58236	1	1	1	1	1	1	2.32984	1.07948	1.07948	1	1	
0.306024	-nan	1.07883	1.58242	1	1	1	1	1	1	2.31942	1.07883	1.07883	1	1	
0.309639	-nan	1.07817	1.58248	1	1	1	1	1	1	2.30937	1.07817	1.07817	1	1	
0.313253	-nan	1.0775	1.58252	1	1	1	1	1	1	2.29969	1.0775	1.0775	1	1	
0.316867	-nan	1.07681	1.58255	1	1	1	1	1	1	2.29039	1.07681	1.07681	1	1	
0.320482	-nan	1.07611	1.58257	1	1	1	1	1	1	2.28148	1.07611	1.07611	1	1	
0.324096	-nan	1.0754	1.58258	1	1	1	1	1	1	2.27296	1.0754	1.0754	1	1	
0.327711	-nan	1.07468	1.58258	1	1	1	1	1	1	2.26484	1.07468	1.07468	1	1	
0.331325	-nan	1.07395	1.58257	1	1	1	1	1	1	2.25711	1.07395	1.07395	1	1	
0.33494	-nan	1.07321	1.58256	1	1	1	1	1	1	2.24978	1.07321	1.07321	1	1	
0.338554	-nan	1.07246	1.58254	1	1	1	1	1	1	2.24285	1.07246	1.07246	1	1	
0.342169	-nan	1.0717	1.58251	1	1	1	1	1	1	2.2363	1.0717	1.0717	1	1	
0.345783	-nan	1.07093	1.58248	1	1	1	1	1	1	2.23015	1.07093	1.07093	1	1	
0.349398	-nan	1.07015	1.58244	1	1	1	1	1	1	2.22438	1.07015	1.07015	1	1	
0.353012	-nan	1.06937	1.5824	1	1	1	1	1	1	2.21898	1.06937	1.06937	1	1	
0.356627	-nan	1.06858	1.58235	1	1	1	1	1	1	2.21396	1.06858	1.06858	1	1	
0.360241	-nan	1.06778	1.5823	1	1	1	1	1	1	2.20931	1.06778	1.06778	1	1	
0.363855	-nan	1.06698	1.58225	1	1	1	1	1	1	2.20501	1.06698	1.06698	1	1	
0.36747	-nan	1.06616	1.58219	1	1	1	1	1	1	2.20106	1.06616	1.06616	1	1	
0.371084	-nan	1.06535	1.58213	1	1	1	1	1	1	2.19746	1.06535	1.06535	1	1	
0.374699	-nan	1.06453	1.58207	1	1	1	1	1	1	2.19418	1.06453	1.06453	1	1	
0.378313	-nan	1.0637	1.582	1	1	1	1	1	1	2.19123	1.0637	1.0637	1	1	
0.381928	-nan	1.06287	1.58193	1	1	1	1	1	1	2.1886	1.06287	1.06287	1	1	
0.385542	-nan	1.06203	1.58186	1	1	1	1	1	1	2.18627	1.06203	1.06203	1	1	
0.389157	-nan	1.06119	1.58179	1	1	1	1	1	1	2.18424	1.06119	1.06119	1	1	
0.392771	-nan	1.06035	1.58171	1	1	1	1	1	1	2.1825	1.06035	1.06035	1	1	
0.396386	-nan	1.0595	1.58164	1	1	1	1	1	1	2.18104	1.0595	1.0595	1	1	
0.4	-nan	1.05865	1.58156	1	1	1	1	1	1	2.17985	1.05865	1.05865	1	1	
0.403614	-nan	1.0578	1.58148	1	1	1	1	1	1	2.17891	1.0578	1.0578	1	1	
0.407229	-nan	1.05694	1.5814	1	1	1	1	1	1	2.17823	1.05694	1.05694	1	1	
0.410843	-nan	1.05609	1.58132	1	1	1	1	1	1	2.1778	1.05609	1.05609	1	1	
0.414458	-nan	1.05523	1.58124	1	1	1	1	1	1	2.17759	1.05523	1.05523	1	1	
0.418072	-nan	1.05436	1.58115	1	1	1	1	1	1	2.17761	1.05436	1.05436	1	1	
0.421687	-nan	1.0535	1.58107	1	1	1	1	1	1	2.17785	1.0535	1.0535	1	1	
0.425301	-nan	1.05263	1.58098	1	1	1	1	1	1	2.1783	1.05263	1.05263	1	1	
0.428916	-nan	1.05176	1.5809	1	1	1	1	1	1	2.17895	1.05176	1.05176	1	1	
0.43253	-nan	1.0509	1.58081	1	1	1	1	1	1	2.1798	1.0509	1.0509	1	1	
0.436145	-nan	1.05003	1.58072	1	1	1	1	1	1	2.18083	1.05003	1.05003	1	1	
0.439759	-nan	1.04916	1.58063	1	1	1	1	1	1	2.18204	1.04916	1.04916	1	1	
0.443373	-nan	1.04829	1.58055	1	1	1	1	1	1	2.18342	1.04829	1.04829	1	1	
0.446988	-nan	1.04741	1.58046	1	1	1	1	1	1	2.18497	1.04741	1.04741	1	1	
0.450602	-nan	1.04654	1.58037	1	1	1	1	1	1	2.18667	1.04654	1.04654	1	1	
0.454217	-nan	1.04567	1.58028	1	1	1	1	1	1	2.18853	1.04567	1.04567	1	1	
0.457831	-nan	1.0448	1.58019	1	1	1	1	1	1	2.19053	1.0448	1.0448	1	1	
0.461446	-nan	1.04393	1.5801	1	1	1	1	1	1	2.19267	1.04393	1.04393	1	1	
0.46506	-nan	1.04305	1.58001	1	1	1	1	1	1	2.19495	1.04305	1.04305	1	1	
0.468675	-nan	1.04218	1.57992	1	1	1	1	1	1	2.19735	1.04218	1.04218	1	1	
0.472289	-nan	1.04131	1.57983	1	1	1	1	1	1	2.19988	1.04131	1.04131	1	1	
0.475904	-nan	1.04044	1.57974	1	1	1	1	1	1	2.20252	1.04044	1.04044	1	1	
0.479518	-nan	1.03957	1.57965	1	1	1	1	1	1	2.20528	1.03957	1.03957	1	1	
0.483133	-nan	1.0387	1.57956	1	1	1	1	1	1	2.20814	1.0387	1.0387	1	1	
0.486747	-nan	1.03783	1.57947	1	1	1	1	1	1	2.21111	1.03783	1.03783	1	1	
0.490361	-nan	1.03697	1.57938	1	1	1	1	1	1	2.21418	1.03697	1.03697	1	1	
0.493976	-nan	1.0361	1.57929	1	1	1	1	1	1	2.21734	1.0361	1.0361	1	1	
0.49759	-nan	1.03524	1.57921	1	1	1	1	1	1	2.22059	1.03524	1.03524	1	1	
0.501205	-nan	1.03437	1.57912	1	1	1	1	1	1	2.22393	1.03437	1.03437	1	1	
0.504819	-nan	1.03351	1.57903	1	1	1	1	1	1	2.22735	1.03351	1.03351	1	1	
0.508434	-nan	1.03265	1.57894	1	1	1	1	1	1	2.23085	1.03265	1.03265	1	1	
0.512048	-nan	1.03179	1.57886	1	1	1	1	1	1	2.23442	1.03179	1.03179	1	1	
0.515663	-nan	1.03093	1.57877	1	1	1	1	1	1	2.23807	1.03093	1.03093	1	1	
0.519277	-nan	1.03008	1.57868	1	1	1	1	1	1	2.24178	1.03008	1.03008	1	1	
0.522892	-nan	1.02922	1.5786	1	1	1	1	1	1	2.24556	1.02922	1.02922	1	1	
0.526506	-nan	1.02837	1.57851	1	1	1	1	1	1	2.2494	1.02837	1.02837	1	1	
0.53012	-nan	1.02752	1.57843	1	1	1	1	1	1	2.25331	1.02752	1.02752	1	1	
0.533735	-nan	1.02667	1.57834	1	1	1	1	1	1	2.25727	1.02667	1.02667	1	1	
0.537349	-nan	1.02583	1.57826	1	1	1	1	1	1	2.26128	1.02583	1.02583	1	1	
0.540964	-nan	1.02498	1.57817	1	1	1	1	1	1	2.26535	1.02498	1.02498	1	1	
0.544578	-nan	1.02414	1.57809	1	1	1	1	1	1	2.26946	1.02414	1.02414	1	1	
0.548193	-nan	1.0233	1.57801	1	1	1	1	1	1	2.27363	1.0233	1.0233	1	1	
0.551807	-nan	1.02247	1.57793	1	1	1	1	1	1	2.27784	1.02247	1.02247	1	1	
0.555422	-nan	1.02163	1.57785	1	1	1	1	1	1	2.28209	1.02163	1.02163	1	1	
0.559036	-nan	1.0208	1.57776	1	1	1	1	1	1	2.28638	1.0208	1.0208	1	1	
0.562651	-nan	1.01997	1.57768	1	1	1	1	1	1	2.29071	1.01997	1.01997	1	1	
0.566265	-nan	1.01914	1.57761	1	1	1	1	1	1	2.29508	1.01914	1.01914	1	1	
0.56988	-nan	1.01832	1.57753	1	1	1	1	1	1	2.29949	1.01832	1.01832	1	1	
0.573494	-nan	1.0175	1.57745	1	1	1	1	1	1	2.30392	1.0175	1.0175	1	1	
0.577108	-nan	1.01668	1.57737	1	1	1	1	1	1	2.30839	1.01668	1.01668	1	1	
0.580723	-nan	1.01586	1.57729	1	1	1	1	1	1	2.31289	1.01586	1.01586	1	1	
0.584337	-nan	1.01504	1.57722	1	1	1	1	1	1	2.31742	1.01504	1.01504	1	1	
0.587952	-nan	1.01423	1.57714	1	1	1	1	1	1	2.32198	1.01423	1.01423	1	1	
0.591566	-nan	1.01342	1.57707	1	1	1	1	1	1	2.32656	1.01342	1.01342	1	1	
0.595181	-nan	1.01262	1.57699	1	1	1	1	1	1	2.33117	1.01262	1.01262	1	1	
0.598795	-nan	1.01181	1.57692	1	1	1	1	1	1	2.3358	1.01181	1.01181	1	1	
0.60241	-nan	1.01101	1.57685	1	1	1	1	1	1	2.34046	1.01101	1.01101	1	1	
0.606024	-nan	1.01022	1.57677	1	1	1	1	1	1	2.34513	1.01022	1.01022	1	1	
0.609639	-nan	1.00942	1.5767	1	1	1	1	1	1	2.34983	1.00942	1.00942	1	1	
0.613253	-nan	1.00863	1.57663	1	1	1	1	1	1	2.35454	1.00863	1.00863	1	1	
0.616867	-nan	1.00784	1.57656	1	1	1	1	1	1	2.35928	1.00784	1.00784	1	1	
0.620482	-nan	1.00706	1.57649	1	1	1	1	1	1	2.36402	1.00706	1.00706	1	1	
0.624096	-nan	1.00627	1.57642	1	1	1	1	1	1	2.36879	1.00627	1.00627	1	1	
0.627711	-nan	1.00549	1.57635	1	1	1	1	1	1	2.37357	1.00549	1.00549	1	1	
0.631325	-nan	1.00472	1.57629	1	1	1	1	1	1	2.37837	1.00472	1.00472	1	1	
0.63494	-nan	1.00394	1.57622	1	1	1	1	1	1	2.38317	1.00394	1.00394	1	1	
0.638554	-nan	1.00317	1.57615	1	1	1	1	1	1	2.388	1.00317	1.00317	1	1	
0.642169	-nan	1.0024	1.57609	1	1	1	1	1	1	2.39283	1.0024	1.0024	1	1	
0.645783	-nan	1.00164	1.57602	1	1	1	1	1	1	2.39767	1.00164	1.00164	1	1	
0.649398	-nan	1.00088	1.57596	1	1	1	1	1	1	2.40253	1.00088	1.00088	1	1	
0.653012	-nan	1.00012	1.5759	1	1	1	1	1	1	2.40739	1.00012	1.00012	1	1	
0.656627	-nan	0.999363	1.57583	1	1	1	1	1	1	2.41227	0.999363	0.999363	1	1	
0.660241	-nan	0.99861	1.57577	1	1	1	1	1	1	2.41715	0.99861	0.99861	1	1	
0.663855	-nan	0.997861	1.57571	1	1	1	1	1	1	2.42204	0.997861	0.997861	1	1	
0.66747	-nan	0.997115	1.57565	1	1	1	1	1	1	2.42694	0.997115	0.997115	1	1	
0.671084	-nan	0.996373	1.57559	1	1	1	1	1	1	2.43184	0.996373	0.996373	1	1	
0.674699	-nan	0.995633	1.57553	1	1	1	1	1	1	2.43675	0.995633	0.995633	1	1	
0.678313	-nan	0.994896	1.57547	1	1	1	1	1	1	2.44167	0.994896	0.994896	1	1	
0.681928	-nan	0.994163	1.57541	1	1	1	1	1	1	2.44659	0.994163	0.994163	1	1	
0.685542	-nan	0.993433	1.57536	1	1	1	1	1	1	2.45152	0.993433	0.993433	1	1	
0.689157	-nan	0.992706	1.5753	1	1	1	1	1	1	2.45645	0.992706	0.992706	1	1	
0.692771	-nan	0.991982	1.57524	1	1	1	1	1	1	2.46139	0.991982	0.991982	1	1	
0.696386	-nan	0.991262	1.57519	1	1	1	1	1	1	2.46633	0.991262	0.991262	1	1	
0.7	-nan	0.990545	1.57513	1	1	1	1	1	1	2.47127	0.990545	0.990545	1	1	
0.703614	-nan	0.989831	1.57508	1	1	1	1	1	1	2.47622	0.989831	0.989831	1	1	
0.707229	-nan	0.98912	1.57502	1	1	1	1	1	1	2.48117	0.98912	0.98912	1	1	
0.710843	-nan	0.988412	1.57497	1	1	1	1	1	1	2.48612	0.988412	0.988412	1	1	
0.714458	-nan	0.987708	1.57492	1	1	1	1	1	1	2.49107	0.987708	0.987708	1	1	
0.718072	-nan	0.987006	1.57487	1	1	1	1	1	1	2.49603	0.987006	0.987006	1	1	
0.721687	-nan	0.986309	1.57482	1	1	1	1	1	1	2.50098	0.986309	0.986309	1	1	
0.725301	-nan	0.985614	1.57477	1	1	1	1	1	1	2.50594	0.985614	0.985614	1	1	
0.728916	-nan	0.984922	1.57472	1	1	1	1	1	1	2.51089	0.984922	0.984922	1	1	
0.73253	-nan	0.984234	1.57467	1	1	1	1	1	1	2.51585	0.984234	0.984234	1	1	
0.736145	-nan	0.983549	1.57462	1	1	1	1	1	1	2.52081	0.983549	0.983549	1	1	
0.739759	-nan	0.982867	1.57457	1	1	1	1	1	1	2.52577	0.982867	0.982867	1	1	
0.743373	-nan	0.982188	1.57452	1	1	1	1	1	1	2.53072	0.982188	0.982188	1	1	
0.746988	-nan	0.981513	1.57448	1	1	1	1	1	1	2.53568	0.981513	0.981513	1	1	
0.750602	-nan	0.980841	1.57443	1	1	1	1	1	1	2.54064	0.980841	0.980841	1	1	
0.754217	-nan	0.980172	1.57438	1	1	1	1	1	1	2.54559	0.980172	0.980172	1	1	
0.757831	-nan	0.979506	1.57434	1	1	1	1	1	1	2.55054	0.979506	0.979506	1	1	
0.761446	-nan	0.978843	1.57429	1	1	1	1	1	1	2.5555	0.978843	0.978843	1	1	
0.76506	-nan	0.978184	1.57425	1	1	1	1	1	1	2.56045	0.978184	0.978184	1	1	
0.768675	-nan	0.977528	1.57421	1	1	1	1	1	1	2.5654	0.977528	0.977528	1	1	
0.772289	-nan	0.976875	1.57416	1	1	1	1	1	1	2.57034	0.976875	0.976875	1	1	
0.775904	-nan	0.976225	1.57412	1	1	1	1	1	1	2.57529	0.976225	0.976225	1	1	
0.779518	-nan	0.975578	1.57408	1	1	1	1	1	1	2.58023	0.975578	0.975578	1	1	
0.783133	-nan	0.974935	1.57404	1	1	1	1	1	1	2.58517	0.974935	0.974935	1	1	
0.786747	-nan	0.974294	1.574	1	1	1	1	1	1	2.5901	0.974294	0.974294	1	1	
0.790361	-nan	0.973657	1.57396	1	1	1	1	1	1	2.59504	0.973657	0.973657	1	1	
0.793976	-nan	0.973023	1.57392	1	1	1	1	1	1	2.59997	0.973023	0.973023	1	1	
0.79759	-nan	0.972393	1.57388	1	1	1	1	1	1	2.6049	0.972393	0.972393	1	1	
0.801205	-nan	0.971765	1.57384	1	1	1	1	1	1	2.60982	0.971765	0.971765	1	1	
0.804819	-nan	0.971141	1.5738	1	1	1	1	1	1	2.61474	0.971141	0.971141	1	1	
0.808434	-nan	0.970519	1.57376	1	1	1	1	1	1	2.61966	0.970519	0.970519	1	1	
0.812048	-nan	0.969901	1.57372	1	1	1	1	1	1	2.62458	0.969901	0.969901	1	1	
0.815663	-nan	0.969286	1.57369	1	1	1	1	1	1	2.62949	0.969286	0.969286	1	1	
0.819277	-nan	0.968674	1.57365	1	1	1	1	1	1	2.63439	0.968674	0.968674	1	1	
0.822892	-nan	0.968065	1.57361	1	1	1	1	1	1	2.6393	0.968065	0.968065	1	1	
0.826506	-nan	0.96746	1.57358	1	1	1	1	1	1	2.6442	0.96746	0.96746	1	1	
0.83012	-nan	0.966857	1.57354	1	1	1	1	1	1	2.64909	0.966857	0.966857	1	1	
0.833735	-nan	0.966258	1.57351	1	1	1	1	1	1	2.65398	0.966258	0.966258	1	1	
0.837349	-nan	0.965661	1.57347	1	1	1	1	1	1	2.65887	0.965661	0.965661	1	1	
0.840964	-nan	0.965068	1.57344	1	1	1	1	1	1	2.66375	0.965068	0.965068	1	1	
0.844578	-nan	0.964477	1.57341	1	1	1	1	1	1	2.66863	0.964477	0.964477	1	1	
0.848193	-nan	0.96389	1.57337	1	1	1	1	1	1	2.6735	0.96389	0.96389	1	1	
0.851807	-nan	0.963306	1.57334	1	1	1	1	1	1	2.67837	0.963306	0.963306	1	1	
0.855422	-nan	0.962725	1.57331	1	1	1	1	1	1	2.68323	0.962725	0.962725	1	1	
0.859036	-nan	0.962147	1.57328	1	1	1	1	1	1	2.68809	0.962147	0.962147	1	1	
0.862651	-nan	0.961572	1.57325	1	1	1	1	1	1	2.69295	0.961572	0.961572	1	1	
0.866265	-nan	0.961	1.57322	1	1	1	1	1	1	2.6978	0.961	0.961	1	1	
0.86988	-nan	0.960431	1.57319	1	1	1	1	1	1	2.70264	0.960431	0.960431	1	1	
0.873494	-nan	0.959865	1.57316	1	1	1	1	1	1	2.70748	0.959865	0.959865	1	1	
0.877108	-nan	0.959302	1.57313	1	1	1	1	1	1	2.71231	0.959302	0.959302	1	1	
0.880723	-nan	0.958742	1.5731	1	1	1	1	1	1	2.71714	0.958742	0.958742	1	1	
0.884337	-nan	0.958185	1.57307	1	1	1	1	1	1	2.72197	0.958185	0.958185	1	1	
0.887952	-nan	0.957631	1.57304	1	1	1	1	1	1	2.72678	0.957631	0.957631	1	1	
0.891566	-nan	0.957079	1.57301	1	1	1	1	1	1	2.7316	0.957079	0.957079	1	1	
0.895181	-nan	0.956531	1.57298	1	1	1	1	1	1	2.7364	0.956531	0.956531	1	1	
0.898795	-nan	0.955986	1.57296	1	1	1	1	1	1	2.74121	0.955986	0.955986	1	1	
0.90241	-nan	0.955444	1.57293	1	1	1	1	1	1	2.746	0.955444	0.955444	1	1	
0.906024	-nan	0.954904	1.5729	1	1	1	1	1	1	2.75079	0.954904	0.954904	1	1	
0.909639	-nan	0.954368	1.57288	1	1	1	1	1	1	2.75558	0.954368	0.954368	1	1	
0.913253	-nan	0.953834	1.57285	1	1	1	1	1	1	2.76036	0.953834	0.953834	1	1	
0.916867	-nan	0.953303	1.57282	1	1	1	1	1	1	2.76513	0.953303	0.953303	1	1	
0.920482	-nan	0.952776	1.5728	1	1	1	1	1	1	2.7699	0.952776	0.952776	1	1	
0.924096	-nan	0.952251	1.57277	1	1	1	1	1	1	2.77466	0.952251	0.952251	1	1	
0.927711	-nan	0.951729	1.57275	1	1	1	1	1	1	2.77942	0.951729	0.951729	1	1	
0.931325	-nan	0.951209	1.57273	1	1	1	1	1	1	2.78417	0.951209	0.951209	1	1	
0.93494	-nan	0.950693	1.5727	1	1	1	1	1	1	2.78891	0.950693	0.950693	1	1	
0.938554	-nan	0.950179	1.57268	1	1	1	1	1	1	2.79365	0.950179	0.950179	1	1	
0.942169	-nan	0.949669	1.57265	1	1	1	1	1	1	2.79838	0.949669	0.949669	1	1	
0.945783	-nan	0.949161	1.57263	1	1	1	1	1	1	2.80311	0.949161	0.949161	1	1	
0.949398	-nan	0.948656	1.57261	1	1	1	1	1	1	2.80783	0.948656	0.948656	1	1	
0.953012	-nan	0.948153	1.57259	1	1	1	1	1	1	2.81254	0.948153	0.948153	1	1	
0.956627	-nan	0.947654	1.57256	1	1	1	1	1	1	2.81725	0.947654	0.947654	1	1	
0.960241	-nan	0.947157	1.57254	1	1	1	1	1	1	2.82195	0.947157	0.947157	1	1	
0.963855	-nan	0.946663	1.57252	1	1	1	1	1	1	2.82665	0.946663	0.946663	1	1	
0.96747	-nan	0.946172	1.5725	1	1	1	1	1	1	2.83134	0.946172	0.946172	1	1	
0.971084	-nan	0.945683	1.57248	1	1	1	1	1	1	2.83602	0.945683	0.945683	1	1	
0.974699	-nan	0.945197	1.57246	1	1	1	1	1	1	2.8407	0.945197	0.945197	1	1	
0.978313	-nan	0.944714	1.57244	1	1	1	1	1	1	2.84537	0.944714	0.944714	1	1	
0.981928	-nan	0.944234	1.57242	1	1	1	1	1	1	2.85003	0.944234	0.944234	1	1	
0.985542	-nan	0.943756	1.5724	1	1	1	1	1	1	2.85469	0.943756	0.943756	1	1	
0.989157	-nan	0.943281	1.57238	1	1	1	1	1	1	2.85934	0.943281	0.943281	1	1	
0.992771	-nan	0.942809	1.57236	1	1	1	1	1	1	2.86398	0.942809	0.942809	1	1	
0.996386	-nan	0.942339	1.57234	1	1	1	1	1	1	2.86862	0.942339	0.942339	1	1	
1	-nan	-nan	-nan	-nan	-nan	-nan	-nan	-nan	-nan	-nan	-nan	-nan	-nan	-nan	
