1e-05	-nan	0.758391	0.936397	1	1	1	1	1	1	0.759039	0.758391	0.758391	1	1	
1.03753e-05	-nan	0.758532	0.935463	1	1	1	1	1	1	0.758215	0.758532	0.758532	1	1	
1.07647e-05	-nan	0.758673	0.934524	1	1	1	1	1	1	0.757388	0.758673	0.758673	1	1	
1.11686e-05	-nan	0.758817	0.93358	1	1	1	1	1	1	0.756556	0.758817	0.758817	1	1	
1.15878e-05	-nan	0.758962	0.93263	1	1	1	1	1	1	0.755721	0.758962	0.758962	1	1	
1.20226e-05	-nan	0.75911	0.931674	1	1	1	1	1	1	0.754881	0.75911	0.75911	1	1	
1.24738e-05	-nan	0.759259	0.930713	1	1	1	1	1	1	0.754038	0.759259	0.759259	1	1	
1.2942e-05	-nan	0.759409	0.929746	1	1	1	1	1	1	0.75319	0.759409	0.759409	1	1	
1.34276e-05	-nan	0.759562	0.928774	1	1	1	1	1	1	0.752338	0.759562	0.759562	1	1	
1.39316e-05	-nan	0.759717	0.927795	1	1	1	1	1	1	0.751482	0.759717	0.759717	1	1	
1.44544e-05	-nan	0.759873	0.926812	1	1	1	1	1	1	0.750622	0.759873	0.759873	1	1	
1.49968e-05	-nan	0.760031	0.925822	1	1	1	1	1	1	0.749757	0.760031	0.760031	1	1	
1.55597e-05	-nan	0.760192	0.924827	1	1	1	1	1	1	0.748889	0.760192	0.760192	1	1	
1.61436e-05	-nan	0.760354	0.923826	1	1	1	1	1	1	0.748016	0.760354	0.760354	1	1	
1.67494e-05	-nan	0.760518	0.92282	1	1	1	1	1	1	0.747139	0.760518	0.760518	1	1	
1.7378e-05	-nan	0.760685	0.921807	1	1	1	1	1	1	0.746257	0.760685	0.760685	1	1	
1.80302e-05	-nan	0.760853	0.920789	1	1	1	1	1	1	0.745371	0.760853	0.760853	1	1	
1.87068e-05	-nan	0.761024	0.919765	1	1	1	1	1	1	0.744481	0.761024	0.761024	1	1	
1.94089e-05	-nan	0.761196	0.918735	1	1	1	1	1	1	0.743587	0.761196	0.761196	1	1	
2.01372e-05	-nan	0.761371	0.917699	1	1	1	1	1	1	0.742688	0.761371	0.761371	1	1	
2.0893e-05	-nan	0.761548	0.916657	1	1	1	1	1	1	0.741785	0.761548	0.761548	1	1	
2.1677e-05	-nan	0.761727	0.91561	1	1	1	1	1	1	0.740877	0.761727	0.761727	1	1	
2.24905e-05	-nan	0.761909	0.914556	1	1	1	1	1	1	0.739965	0.761909	0.761909	1	1	
2.33346e-05	-nan	0.762093	0.913496	1	1	1	1	1	1	0.739049	0.762093	0.762093	1	1	
2.42103e-05	-nan	0.762279	0.912431	1	1	1	1	1	1	0.738128	0.762279	0.762279	1	1	
2.51189e-05	-nan	0.762467	0.911359	1	1	1	1	1	1	0.737202	0.762467	0.762467	1	1	
2.60615e-05	-nan	0.762658	0.910281	1	1	1	1	1	1	0.736272	0.762658	0.762658	1	1	
2.70396e-05	-nan	0.762852	0.909197	1	1	1	1	1	1	0.735337	0.762852	0.762852	1	1	
2.80543e-05	-nan	0.763047	0.908108	1	1	1	1	1	1	0.734398	0.763047	0.763047	1	1	
2.91072e-05	-nan	0.763246	0.907012	1	1	1	1	1	1	0.733454	0.763246	0.763246	1	1	
3.01995e-05	-nan	0.763446	0.905909	1	1	1	1	1	1	0.732506	0.763446	0.763446	1	1	
3.13329e-05	-nan	0.76365	0.904801	1	1	1	1	1	1	0.731553	0.76365	0.76365	1	1	
3.25087e-05	-nan	0.763856	0.903687	1	1	1	1	1	1	0.730595	0.763856	0.763856	1	1	
3.37287e-05	-nan	0.764064	0.902566	1	1	1	1	1	1	0.729633	0.764064	0.764064	1	1	
3.49945e-05	-nan	0.764276	0.901439	1	1	1	1	1	1	0.728666	0.764276	0.764276	1	1	
3.63078e-05	-nan	0.76449	0.900306	1	1	1	1	1	1	0.727694	0.76449	0.76449	1	1	
3.76704e-05	-nan	0.764707	0.899167	1	1	1	1	1	1	0.726717	0.764707	0.764707	1	1	
3.90841e-05	-nan	0.764926	0.898021	1	1	1	1	1	1	0.725736	0.764926	0.764926	1	1	
4.05509e-05	-nan	0.765149	0.89687	1	1	1	1	1	1	0.72475	0.765149	0.765149	1	1	
4.20727e-05	-nan	0.765374	0.895711	1	1	1	1	1	1	0.723759	0.765374	0.765374	1	1	
4.36516e-05	-nan	0.765603	0.894547	1	1	1	1	1	1	0.722763	0.765603	0.765603	1	1	
4.52898e-05	-nan	0.765834	0.893376	1	1	1	1	1	1	0.721763	0.765834	0.765834	1	1	
4.69894e-05	-nan	0.766068	0.892199	1	1	1	1	1	1	0.720757	0.766068	0.766068	1	1	
4.87528e-05	-nan	0.766306	0.891015	1	1	1	1	1	1	0.719747	0.766306	0.766306	1	1	
5.05825e-05	-nan	0.766546	0.889826	1	1	1	1	1	1	0.718732	0.766546	0.766546	1	1	
5.24807e-05	-nan	0.76679	0.888629	1	1	1	1	1	1	0.717711	0.76679	0.76679	1	1	
5.44503e-05	-nan	0.767037	0.887427	1	1	1	1	1	1	0.716686	0.767037	0.767037	1	1	
5.64937e-05	-nan	0.767287	0.886218	1	1	1	1	1	1	0.715656	0.767287	0.767287	1	1	
5.86138e-05	-nan	0.767541	0.885002	1	1	1	1	1	1	0.714621	0.767541	0.767541	1	1	
6.08135e-05	-nan	0.767797	0.88378	1	1	1	1	1	1	0.713581	0.767797	0.767797	1	1	
6.30957e-05	-nan	0.768058	0.882552	1	1	1	1	1	1	0.712536	0.768058	0.768058	1	1	
6.54636e-05	-nan	0.768321	0.881317	1	1	1	1	1	1	0.711486	0.768321	0.768321	1	1	
6.79204e-05	-nan	0.768588	0.880075	1	1	1	1	1	1	0.710431	0.768588	0.768588	1	1	
7.04693e-05	-nan	0.768859	0.878828	1	1	1	1	1	1	0.709371	0.768859	0.768859	1	1	
7.31139e-05	-nan	0.769134	0.877573	1	1	1	1	1	1	0.708306	0.769134	0.769134	1	1	
7.58578e-05	-nan	0.769412	0.876312	1	1	1	1	1	1	0.707235	0.769412	0.769412	1	1	
7.87046e-05	-nan	0.769693	0.875045	1	1	1	1	1	1	0.70616	0.769693	0.769693	1	1	
8.16582e-05	-nan	0.769979	0.873771	1	1	1	1	1	1	0.705079	0.769979	0.769979	1	1	
8.47227e-05	-nan	0.770268	0.872491	1	1	1	1	1	1	0.703994	0.770268	0.770268	1	1	
8.79023e-05	-nan	0.770562	0.871204	1	1	1	1	1	1	0.702903	0.770562	0.770562	1	1	
9.12011e-05	-nan	0.770859	0.869911	1	1	1	1	1	1	0.701807	0.770859	0.770859	1	1	
9.46237e-05	-nan	0.77116	0.868611	1	1	1	1	1	1	0.700705	0.77116	0.77116	1	1	
9.81748e-05	-nan	0.771465	0.867304	1	1	1	1	1	1	0.699599	0.771465	0.771465	1	1	
0.000101859	-nan	0.771775	0.865991	1	1	1	1	1	1	0.698487	0.771775	0.771775	1	1	
0.000105682	-nan	0.772088	0.864672	1	1	1	1	1	1	0.69737	0.772088	0.772088	1	1	
0.000109648	-nan	0.772406	0.863346	1	1	1	1	1	1	0.696248	0.772406	0.772406	1	1	
0.000113763	-nan	0.772729	0.862013	1	1	1	1	1	1	0.695121	0.772729	0.772729	1	1	
0.000118032	-nan	0.773055	0.860674	1	1	1	1	1	1	0.693988	0.773055	0.773055	1	1	
0.000122462	-nan	0.773386	0.859329	1	1	1	1	1	1	0.69285	0.773386	0.773386	1	1	
0.000127057	-nan	0.773722	0.857977	1	1	1	1	1	1	0.691707	0.773722	0.773722	1	1	
0.000131826	-nan	0.774062	0.856618	1	1	1	1	1	1	0.690558	0.774062	0.774062	1	1	
0.000136773	-nan	0.774407	0.855253	1	1	1	1	1	1	0.689404	0.774407	0.774407	1	1	
0.000141906	-nan	0.774756	0.853882	1	1	1	1	1	1	0.688245	0.774756	0.774756	1	1	
0.000147231	-nan	0.775111	0.852504	1	1	1	1	1	1	0.687081	0.775111	0.775111	1	1	
0.000152757	-nan	0.77547	0.85112	1	1	1	1	1	1	0.685911	0.77547	0.77547	1	1	
0.000158489	-nan	0.775834	0.849729	1	1	1	1	1	1	0.684736	0.775834	0.775834	1	1	
0.000164437	-nan	0.776204	0.848332	1	1	1	1	1	1	0.683555	0.776204	0.776204	1	1	
0.000170608	-nan	0.776578	0.846928	1	1	1	1	1	1	0.682369	0.776578	0.776578	1	1	
0.000177011	-nan	0.776957	0.845518	1	1	1	1	1	1	0.681178	0.776957	0.776957	1	1	
0.000183654	-nan	0.777342	0.844102	1	1	1	1	1	1	0.679981	0.777342	0.777342	1	1	
0.000190546	-nan	0.777732	0.842679	1	1	1	1	1	1	0.678779	0.777732	0.777732	1	1	
0.000197697	-nan	0.778128	0.84125	1	1	1	1	1	1	0.677572	0.778128	0.778128	1	1	
0.000205116	-nan	0.778529	0.839815	1	1	1	1	1	1	0.676359	0.778529	0.778529	1	1	
0.000212814	-nan	0.778935	0.838373	1	1	1	1	1	1	0.675141	0.778935	0.778935	1	1	
0.0002208	-nan	0.779348	0.836926	1	1	1	1	1	1	0.673917	0.779348	0.779348	1	1	
0.000229087	-nan	0.779766	0.835472	1	1	1	1	1	1	0.672688	0.779766	0.779766	1	1	
0.000237684	-nan	0.780189	0.834012	1	1	1	1	1	1	0.671454	0.780189	0.780189	1	1	
0.000246604	-nan	0.780619	0.832546	1	1	1	1	1	1	0.670214	0.780619	0.780619	1	1	
0.000255859	-nan	0.781055	0.831073	1	1	1	1	1	1	0.668969	0.781055	0.781055	1	1	
0.000265461	-nan	0.781497	0.829595	1	1	1	1	1	1	0.667718	0.781497	0.781497	1	1	
0.000275423	-nan	0.781945	0.828111	1	1	1	1	1	1	0.666462	0.781945	0.781945	1	1	
0.000285759	-nan	0.782399	0.82662	1	1	1	1	1	1	0.665201	0.782399	0.782399	1	1	
0.000296483	-nan	0.78286	0.825124	1	1	1	1	1	1	0.663934	0.78286	0.78286	1	1	
0.00030761	-nan	0.783327	0.823622	1	1	1	1	1	1	0.662662	0.783327	0.783327	1	1	
0.000319154	-nan	0.783801	0.822114	1	1	1	1	1	1	0.661385	0.783801	0.783801	1	1	
0.000331131	-nan	0.784282	0.820601	1	1	1	1	1	1	0.660102	0.784282	0.784282	1	1	
0.000343558	-nan	0.784769	0.819082	1	1	1	1	1	1	0.658814	0.784769	0.784769	1	1	
0.000356451	-nan	0.785263	0.817557	1	1	1	1	1	1	0.65752	0.785263	0.785263	1	1	
0.000369828	-nan	0.785764	0.816026	1	1	1	1	1	1	0.656221	0.785764	0.785764	1	1	
0.000383707	-nan	0.786272	0.81449	1	1	1	1	1	1	0.654917	0.786272	0.786272	1	1	
0.000398107	-nan	0.786788	0.812949	1	1	1	1	1	1	0.653607	0.786788	0.786788	1	1	
0.000413048	-nan	0.78731	0.811402	1	1	1	1	1	1	0.652293	0.78731	0.78731	1	1	
0.000428549	-nan	0.78784	0.80985	1	1	1	1	1	1	0.650972	0.78784	0.78784	1	1	
0.000444631	-nan	0.788378	0.808293	1	1	1	1	1	1	0.649647	0.788378	0.788378	1	1	
0.000461318	-nan	0.788923	0.806731	1	1	1	1	1	1	0.648316	0.788923	0.788923	1	1	
0.00047863	-nan	0.789476	0.805163	1	1	1	1	1	1	0.64698	0.789476	0.789476	1	1	
0.000496592	-nan	0.790037	0.803591	1	1	1	1	1	1	0.645639	0.790037	0.790037	1	1	
0.000515229	-nan	0.790606	0.802014	1	1	1	1	1	1	0.644292	0.790606	0.790606	1	1	
0.000534564	-nan	0.791183	0.800432	1	1	1	1	1	1	0.642941	0.791183	0.791183	1	1	
0.000554626	-nan	0.791768	0.798845	1	1	1	1	1	1	0.641584	0.791768	0.791768	1	1	
0.00057544	-nan	0.792361	0.797254	1	1	1	1	1	1	0.640222	0.792361	0.792361	1	1	
0.000597035	-nan	0.792963	0.795659	1	1	1	1	1	1	0.638855	0.792963	0.792963	1	1	
0.000619441	-nan	0.793574	0.794059	1	1	1	1	1	1	0.637483	0.793574	0.793574	1	1	
0.000642688	-nan	0.794193	0.792455	1	1	1	1	1	1	0.636105	0.794193	0.794193	1	1	
0.000666807	-nan	0.794821	0.790846	1	1	1	1	1	1	0.634723	0.794821	0.794821	1	1	
0.000691831	-nan	0.795458	0.789234	1	1	1	1	1	1	0.633335	0.795458	0.795458	1	1	
0.000717794	-nan	0.796104	0.787618	1	1	1	1	1	1	0.631943	0.796104	0.796104	1	1	
0.000744732	-nan	0.796759	0.785998	1	1	1	1	1	1	0.630546	0.796759	0.796759	1	1	
0.000772681	-nan	0.797423	0.784375	1	1	1	1	1	1	0.629143	0.797423	0.797423	1	1	
0.000801678	-nan	0.798097	0.782748	1	1	1	1	1	1	0.627736	0.798097	0.798097	1	1	
0.000831764	-nan	0.798781	0.781119	1	1	1	1	1	1	0.626324	0.798781	0.798781	1	1	
0.000862979	-nan	0.799474	0.779485	1	1	1	1	1	1	0.624907	0.799474	0.799474	1	1	
0.000895365	-nan	0.800178	0.77785	1	1	1	1	1	1	0.623485	0.800178	0.800178	1	1	
0.000928966	-nan	0.800891	0.776211	1	1	1	1	1	1	0.622059	0.800891	0.800891	1	1	
0.000963829	-nan	0.801614	0.774569	1	1	1	1	1	1	0.620628	0.801614	0.801614	1	1	
0.001	-nan	0.802348	0.772926	1	1	1	1	1	1	0.619192	0.802348	0.802348	1	1	
0.00103753	-nan	0.803092	0.77128	1	1	1	1	1	1	0.617751	0.803092	0.803092	1	1	
0.00107647	-nan	0.803847	0.769632	1	1	1	1	1	1	0.616306	0.803847	0.803847	1	1	
0.00111686	-nan	0.804613	0.767982	1	1	1	1	1	1	0.614857	0.804613	0.804613	1	1	
0.00115878	-nan	0.805389	0.76633	1	1	1	1	1	1	0.613403	0.805389	0.805389	1	1	
0.00120226	-nan	0.806177	0.764677	1	1	1	1	1	1	0.611945	0.806177	0.806177	1	1	
0.00124738	-nan	0.806975	0.763023	1	1	1	1	1	1	0.610482	0.806975	0.806975	1	1	
0.0012942	-nan	0.807786	0.761368	1	1	1	1	1	1	0.609015	0.807786	0.807786	1	1	
0.00134276	-nan	0.808607	0.759713	1	1	1	1	1	1	0.607543	0.808607	0.808607	1	1	
0.00139316	-nan	0.80944	0.758056	1	1	1	1	1	1	0.606068	0.80944	0.80944	1	1	
0.00144544	-nan	0.810285	0.7564	1	1	1	1	1	1	0.604588	0.810285	0.810285	1	1	
0.00149968	-nan	0.811142	0.754744	1	1	1	1	1	1	0.603105	0.811142	0.811142	1	1	
0.00155597	-nan	0.812011	0.753088	1	1	1	1	1	1	0.601617	0.812011	0.812011	1	1	
0.00161436	-nan	0.812893	0.751432	1	1	1	1	1	1	0.600125	0.812893	0.812893	1	1	
0.00167494	-nan	0.813787	0.749778	1	1	1	1	1	1	0.59863	0.813787	0.813787	1	1	
0.0017378	-nan	0.814693	0.748124	1	1	1	1	1	1	0.597131	0.814693	0.814693	1	1	
0.00180302	-nan	0.815613	0.746472	1	1	1	1	1	1	0.595628	0.815613	0.815613	1	1	
0.00187068	-nan	0.816545	0.744822	1	1	1	1	1	1	0.594121	0.816545	0.816545	1	1	
0.00194089	-nan	0.81749	0.743175	1	1	1	1	1	1	0.592611	0.81749	0.81749	1	1	
0.00201372	-nan	0.818449	0.741529	1	1	1	1	1	1	0.591098	0.818449	0.818449	1	1	
0.0020893	-nan	0.819421	0.739887	1	1	1	1	1	1	0.589581	0.819421	0.819421	1	1	
0.0021677	-nan	0.820406	0.738247	1	1	1	1	1	1	0.588061	0.820406	0.820406	1	1	
0.00224905	-nan	0.821405	0.736612	1	1	1	1	1	1	0.586538	0.821405	0.821405	1	1	
0.00233346	-nan	0.822419	0.73498	1	1	1	1	1	1	0.585011	0.822419	0.822419	1	1	
0.00242103	-nan	0.823446	0.733353	1	1	1	1	1	1	0.583482	0.823446	0.823446	1	1	
0.00251189	-nan	0.824488	0.73173	1	1	1	1	1	1	0.58195	0.824488	0.824488	1	1	
0.00260615	-nan	0.825544	0.730113	1	1	1	1	1	1	0.580415	0.825544	0.825544	1	1	
0.00270396	-nan	0.826614	0.728502	1	1	1	1	1	1	0.578877	0.826614	0.826614	1	1	
0.00280543	-nan	0.8277	0.726897	1	1	1	1	1	1	0.577337	0.8277	0.8277	1	1	
0.00291072	-nan	0.8288	0.725298	1	1	1	1	1	1	0.575794	0.8288	0.8288	1	1	
0.00301995	-nan	0.829916	0.723706	1	1	1	1	1	1	0.574249	0.829916	0.829916	1	1	
0.00313329	-nan	0.831046	0.722123	1	1	1	1	1	1	0.572702	0.831046	0.831046	1	1	
0.00325087	-nan	0.832192	0.720547	1	1	1	1	1	1	0.571152	0.832192	0.832192	1	1	
0.00337287	-nan	0.833354	0.71898	1	1	1	1	1	1	0.569601	0.833354	0.833354	1	1	
0.00349945	-nan	0.834532	0.717422	1	1	1	1	1	1	0.568048	0.834532	0.834532	1	1	
0.00363078	-nan	0.835725	0.715875	1	1	1	1	1	1	0.566493	0.835725	0.835725	1	1	
0.00376704	-nan	0.836934	0.714338	1	1	1	1	1	1	0.564937	0.836934	0.836934	1	1	
0.00390841	-nan	0.83816	0.712811	1	1	1	1	1	1	0.563379	0.83816	0.83816	1	1	
0.00405509	-nan	0.839402	0.711297	1	1	1	1	1	1	0.561819	0.839402	0.839402	1	1	
0.00420727	-nan	0.840661	0.709795	1	1	1	1	1	1	0.560259	0.840661	0.840661	1	1	
0.00436516	-nan	0.841936	0.708306	1	1	1	1	1	1	0.558698	0.841936	0.841936	1	1	
0.00452898	-nan	0.843228	0.706831	1	1	1	1	1	1	0.557136	0.843228	0.843228	1	1	
0.00469894	-nan	0.844538	0.705371	1	1	1	1	1	1	0.555573	0.844538	0.844538	1	1	
0.00487528	-nan	0.845864	0.703926	1	1	1	1	1	1	0.55401	0.845864	0.845864	1	1	
0.00505825	-nan	0.847208	0.702497	1	1	1	1	1	1	0.552446	0.847208	0.847208	1	1	
0.00524807	-nan	0.848569	0.701085	1	1	1	1	1	1	0.550882	0.848569	0.848569	1	1	
0.00544503	-nan	0.849947	0.699691	1	1	1	1	1	1	0.549318	0.849947	0.849947	1	1	
0.00564937	-nan	0.851344	0.698315	1	1	1	1	1	1	0.547755	0.851344	0.851344	1	1	
0.00586138	-nan	0.852758	0.696959	1	1	1	1	1	1	0.546192	0.852758	0.852758	1	1	
0.00608135	-nan	0.85419	0.695624	1	1	1	1	1	1	0.544629	0.85419	0.85419	1	1	
0.00630957	-nan	0.85564	0.69431	1	1	1	1	1	1	0.543067	0.85564	0.85564	1	1	
0.00654636	-nan	0.857109	0.693019	1	1	1	1	1	1	0.541506	0.857109	0.857109	1	1	
0.00679204	-nan	0.858595	0.691751	1	1	1	1	1	1	0.539947	0.858595	0.858595	1	1	
0.00704693	-nan	0.8601	0.690508	1	1	1	1	1	1	0.538389	0.8601	0.8601	1	1	
0.00731139	-nan	0.861624	0.689291	1	1	1	1	1	1	0.536832	0.861624	0.861624	1	1	
0.00758578	-nan	0.863165	0.688101	1	1	1	1	1	1	0.535277	0.863165	0.863165	1	1	
0.00787046	-nan	0.864726	0.686939	1	1	1	1	1	1	0.533725	0.864726	0.864726	1	1	
0.00816582	-nan	0.866305	0.685806	1	1	1	1	1	1	0.532174	0.866305	0.866305	1	1	
0.00847227	-nan	0.867903	0.684704	1	1	1	1	1	1	0.530626	0.867903	0.867903	1	1	
0.00879023	-nan	0.86952	0.683634	1	1	1	1	1	1	0.529081	0.86952	0.86952	1	1	
0.00912011	-nan	0.871156	0.682598	1	1	1	1	1	1	0.527539	0.871156	0.871156	1	1	
0.00946237	-nan	0.87281	0.681596	1	1	1	1	1	1	0.526001	0.87281	0.87281	1	1	
0.00981748	-nan	0.874484	0.680631	1	1	1	1	1	1	0.524466	0.874484	0.874484	1	1	
0.0101859	-nan	0.876176	0.679704	1	1	1	1	1	1	0.522934	0.876176	0.876176	1	1	
0.0105682	-nan	0.877887	0.678817	1	1	1	1	1	1	0.521407	0.877887	0.877887	1	1	
0.0109648	-nan	0.879617	0.677971	1	1	1	1	1	1	0.519885	0.879617	0.879617	1	1	
0.0113763	-nan	0.881366	0.677168	1	1	1	1	1	1	0.518367	0.881366	0.881366	1	1	
0.0118032	-nan	0.883134	0.67641	1	1	1	1	1	1	0.516854	0.883134	0.883134	1	1	
0.0122462	-nan	0.88492	0.675699	1	1	1	1	1	1	0.515346	0.88492	0.88492	1	1	
0.0127057	-nan	0.886725	0.675036	1	1	1	1	1	1	0.513845	0.886725	0.886725	1	1	
0.0131826	-nan	0.888549	0.674425	1	1	1	1	1	1	0.512349	0.888549	0.888549	1	1	
0.0136773	-nan	0.89039	0.673866	1	1	1	1	1	1	0.510859	0.89039	0.89039	1	1	
0.0141906	-nan	0.892251	0.673363	1	1	1	1	1	1	0.509376	0.892251	0.892251	1	1	
0.0147231	-nan	0.894129	0.672918	1	1	1	1	1	1	0.5079	0.894129	0.894129	1	1	
0.0152757	-nan	0.896025	0.672532	1	1	1	1	1	1	0.506432	0.896025	0.896025	1	1	
0.0158489	-nan	0.897939	0.672209	1	1	1	1	1	1	0.504971	0.897939	0.897939	1	1	
0.0164437	-nan	0.899871	0.671952	1	1	1	1	1	1	0.503519	0.899871	0.899871	1	1	
0.0170608	-nan	0.90182	0.671762	1	1	1	1	1	1	0.502075	0.90182	0.90182	1	1	
0.0177011	-nan	0.903785	0.671643	1	1	1	1	1	1	0.50064	0.903785	0.903785	1	1	
0.0183654	-nan	0.905768	0.671598	1	1	1	1	1	1	0.499214	0.905768	0.905768	1	1	
0.0190546	-nan	0.907767	0.67163	1	1	1	1	1	1	0.497798	0.907767	0.907767	1	1	
0.0197697	-nan	0.909781	0.671742	1	1	1	1	1	1	0.496392	0.909781	0.909781	1	1	
0.0205116	-nan	0.911812	0.671937	1	1	1	1	1	1	0.494997	0.911812	0.911812	1	1	
0.0212814	-nan	0.913858	0.67222	1	1	1	1	1	1	0.493613	0.913858	0.913858	1	1	
0.02208	-nan	0.915918	0.672594	1	1	1	1	1	1	0.49224	0.915918	0.915918	1	1	
0.0229087	-nan	0.917993	0.673063	1	1	1	1	1	1	0.49088	0.917993	0.917993	1	1	
0.0237684	-nan	0.920081	0.673631	1	1	1	1	1	1	0.489532	0.920081	0.920081	1	1	
0.0246604	-nan	0.922182	0.674302	1	1	1	1	1	1	0.488197	0.922182	0.922182	1	1	
0.0255859	-nan	0.924296	0.67508	1	1	1	1	1	1	0.486875	0.924296	0.924296	1	1	
0.0265461	-nan	0.926422	0.675972	1	1	1	1	1	1	0.485568	0.926422	0.926422	1	1	
0.0275423	-nan	0.928559	0.67698	1	1	1	1	1	1	0.484275	0.928559	0.928559	1	1	
0.0285759	-nan	0.930706	0.678112	1	1	1	1	1	1	0.482998	0.930706	0.930706	1	1	
0.0296483	-nan	0.932863	0.679371	1	1	1	1	1	1	0.481736	0.932863	0.932863	1	1	
0.030761	-nan	0.935028	0.680764	1	1	1	1	1	1	0.48049	0.935028	0.935028	1	1	
0.0319154	-nan	0.937202	0.682297	1	1	1	1	1	1	0.479262	0.937202	0.937202	1	1	
0.0331131	-nan	0.939382	0.683977	1	1	1	1	1	1	0.478051	0.939382	0.939382	1	1	
0.0343558	-nan	0.941568	0.685809	1	1	1	1	1	1	0.476858	0.941568	0.941568	1	1	
0.0356451	-nan	0.943759	0.687801	1	1	1	1	1	1	0.475684	0.943759	0.943759	1	1	
0.0369828	-nan	0.945953	0.68996	1	1	1	1	1	1	0.474529	0.945953	0.945953	1	1	
0.0383707	-nan	0.94815	0.692295	1	1	1	1	1	1	0.473395	0.94815	0.94815	1	1	
0.0398107	-nan	0.950348	0.694812	1	1	1	1	1	1	0.472282	0.950348	0.950348	1	1	
0.0413048	-nan	0.952546	0.697522	1	1	1	1	1	1	0.47119	0.952546	0.952546	1	1	
0.0428549	-nan	0.954742	0.700433	1	1	1	1	1	1	0.47012	0.954742	0.954742	1	1	
0.0444631	-nan	0.956935	0.703554	1	1	1	1	1	1	0.469074	0.956935	0.956935	1	1	
0.0461318	-nan	0.959123	0.706897	1	1	1	1	1	1	0.468052	0.959123	0.959123	1	1	
0.047863	-nan	0.961305	0.710471	1	1	1	1	1	1	0.467054	0.961305	0.961305	1	1	
0.0496592	-nan	0.963478	0.714289	1	1	1	1	1	1	0.466082	0.963478	0.963478	1	1	
0.0515229	-nan	0.965641	0.718362	1	1	1	1	1	1	0.465136	0.965641	0.965641	1	1	
0.0534564	-nan	0.967793	0.722703	1	1	1	1	1	1	0.464218	0.967793	0.967793	1	1	
0.0554626	-nan	0.96993	0.727326	1	1	1	1	1	1	0.463328	0.96993	0.96993	1	1	
0.057544	-nan	0.972051	0.732245	1	1	1	1	1	1	0.462467	0.972051	0.972051	1	1	
0.0597035	-nan	0.974154	0.737476	1	1	1	1	1	1	0.461636	0.974154	0.974154	1	1	
0.0619441	-nan	0.976236	0.743034	1	1	1	1	1	1	0.460836	0.976236	0.976236	1	1	
0.0642688	-nan	0.978294	0.748938	1	1	1	1	1	1	0.460067	0.978294	0.978294	1	1	
0.0666807	-nan	0.980327	0.755205	1	1	1	1	1	1	0.459332	0.980327	0.980327	1	1	
0.0691831	-nan	0.982331	0.761855	1	1	1	1	1	1	0.458632	0.982331	0.982331	1	1	
0.0717794	-nan	0.984303	0.768909	1	1	1	1	1	1	0.457966	0.984303	0.984303	1	1	
0.0744732	-nan	0.986241	0.776389	1	1	1	1	1	1	0.457337	0.986241	0.986241	1	1	
0.0772681	-nan	0.988141	0.784318	1	1	1	1	1	1	0.456745	0.988141	0.988141	1	1	
0.0801678	-nan	0.990001	0.792722	1	1	1	1	1	1	0.456191	0.990001	0.990001	1	1	
0.0831764	-nan	0.991816	0.801628	1	1	1	1	1	1	0.455678	0.991816	0.991816	1	1	
0.0862979	-nan	0.993583	0.811064	1	1	1	1	1	1	0.455206	0.993583	0.993583	1	1	
0.0895365	-nan	0.995298	0.821061	1	1	1	1	1	1	0.454776	0.995298	0.995298	1	1	
0.0928966	-nan	0.996958	0.831652	1	1	1	1	1	1	0.45439	0.996958	0.996958	1	1	
0.0963829	-nan	0.998559	0.842871	1	1	1	1	1	1	0.454049	0.998559	0.998559	1	1	
0.1	-nan	1.0001	0.854757	1	1	1	1	1	1	0.453755	1.0001	1.0001	1	1	
0.103614	-nan	1.00151	0.866879	1	1	1	1	1	1	0.453516	1.00151	1.00151	1	1	
0.107229	-nan	1.00282	0.879244	1	1	1	1	1	1	0.45333	1.00282	1.00282	1	1	
0.110843	-nan	1.00401	0.89185	1	1	1	1	1	1	0.453191	1.00401	1.00401	1	1	
0.114458	-nan	1.00511	0.904693	1	1	1	1	1	1	0.453097	1.00511	1.00511	1	1	
0.118072	-nan	1.00611	0.917772	1	1	1	1	1	1	0.453045	1.00611	1.00611	1	1	
0.121687	-nan	1.00702	0.931086	1	1	1	1	1	1	0.453032	1.00702	1.00702	1	1	
0.125301	-nan	1.00784	0.944632	1	1	1	1	1	1	0.453055	1.00784	1.00784	1	1	
0.128916	-nan	1.00857	0.958411	1	1	1	1	1	1	0.453112	1.00857	1.00857	1	1	
0.13253	-nan	1.00923	0.97242	1	1	1	1	1	1	0.453202	1.00923	1.00923	1	1	
0.136145	-nan	1.00981	0.986659	1	1	1	1	1	1	0.453322	1.00981	1.00981	1	1	
0.139759	-nan	1.01032	1.00113	1	1	1	1	1	1	0.453471	1.01032	1.01032	1	1	
0.143373	-nan	1.01075	1.01582	1	1	1	1	1	1	0.453646	1.01075	1.01075	1	1	
0.146988	-nan	1.01112	1.03075	1	1	1	1	1	1	0.453847	1.01112	1.01112	1	1	
0.150602	-nan	1.01142	1.0459	1	1	1	1	1	1	0.454072	1.01142	1.01142	1	1	
0.154217	-nan	1.01167	1.06128	1	1	1	1	1	1	0.45432	1.01167	1.01167	1	1	
0.157831	-nan	1.01185	1.07689	1	1	1	1	1	1	0.45459	1.01185	1.01185	1	1	
0.161446	-nan	1.01197	1.09272	1	1	1	1	1	1	0.45488	1.01197	1.01197	1	1	
0.16506	-nan	1.01204	1.10877	1	1	1	1	1	1	0.455189	1.01204	1.01204	1	1	
0.168675	-nan	1.01205	1.12506	1	1	1	1	1	1	0.455518	1.01205	1.01205	1	1	
0.172289	-nan	1.01201	1.14157	1	1	1	1	1	1	0.455864	1.01201	1.01201	1	1	
0.175904	-nan	1.01192	1.1583	1	1	1	1	1	1	0.456226	1.01192	1.01192	1	1	
0.179518	-nan	1.01179	1.17526	1	1	1	1	1	1	0.456605	1.01179	1.01179	1	1	
0.183133	-nan	1.0116	1.19244	1	1	1	1	1	1	0.456999	1.0116	1.0116	1	1	
0.186747	-nan	1.01137	1.20985	1	1	1	1	1	1	0.457408	1.01137	1.01137	1	1	
0.190361	-nan	1.0111	1.22748	1	1	1	1	1	1	0.457831	1.0111	1.0111	1	1	
0.193976	-nan	1.01078	1.24533	1	1	1	1	1	1	0.458267	1.01078	1.01078	1	1	
0.19759	-nan	1.01042	1.26341	1	1	1	1	1	1	0.458717	1.01042	1.01042	1	1	
0.201205	-nan	1.01002	1.28171	1	1	1	1	1	1	0.459178	1.01002	1.01002	1	1	
0.204819	-nan	1.00958	1.30023	1	1	1	1	1	1	0.459651	1.00958	1.00958	1	1	
0.208434	-nan	1.00911	1.31897	1	1	1	1	1	1	0.460136	1.00911	1.00911	1	1	
0.212048	-nan	1.00859	1.33794	1	1	1	1	1	1	0.460631	1.00859	1.00859	1	1	
0.215663	-nan	1.00804	1.35712	1	1	1	1	1	1	0.461137	1.00804	1.00804	1	1	
0.219277	-nan	1.00746	1.37653	1	1	1	1	1	1	0.461653	1.00746	1.00746	1	1	
0.222892	-nan	1.00684	1.39615	1	1	1	1	1	1	0.462179	1.00684	1.00684	1	1	
0.226506	-nan	1.00619	1.416	1	1	1	1	1	1	0.462713	1.00619	1.00619	1	1	
0.23012	-nan	1.0055	1.43606	1	1	1	1	1	1	0.463257	1.0055	1.0055	1	1	
0.233735	-nan	1.00479	1.45634	1	1	1	1	1	1	0.463809	1.00479	1.00479	1	1	
0.237349	-nan	1.00404	1.47683	1	1	1	1	1	1	0.46437	1.00404	1.00404	1	1	
0.240964	-nan	1.00327	1.49754	1	1	1	1	1	1	0.464938	1.00327	1.00327	1	1	
0.244578	-nan	1.00246	1.51847	1	1	1	1	1	1	0.465515	1.00246	1.00246	1	1	
0.248193	-nan	1.00163	1.53961	1	1	1	1	1	1	0.466098	1.00163	1.00163	1	1	
0.251807	-nan	1.00077	1.56096	1	1	1	1	1	1	0.466689	1.00077	1.00077	1	1	
0.255422	-nan	0.999884	1.58252	1	1	1	1	1	1	0.467286	0.999884	0.999884	1	1	
0.259036	-nan	0.99897	1.6043	1	1	1	1	1	1	0.467891	0.99897	0.99897	1	1	
0.262651	-nan	0.998031	1.62628	1	1	1	1	1	1	0.468501	0.998031	0.998031	1	1	
0.266265	-nan	0.997066	1.64847	1	1	1	1	1	1	0.469118	0.997066	0.997066	1	1	
0.26988	-nan	0.996077	1.67087	1	1	1	1	1	1	0.469741	0.996077	0.996077	1	1	
0.273494	-nan	0.995065	1.69347	1	1	1	1	1	1	0.47037	0.995065	0.995065	1	1	
0.277108	-nan	0.994028	1.71628	1	1	1	1	1	1	0.471004	0.994028	0.994028	1	1	
0.280723	-nan	0.992969	1.73929	1	1	1	1	1	1	0.471644	0.992969	0.992969	1	1	
0.284337	-nan	0.991888	1.7625	1	1	1	1	1	1	0.472289	0.991888	0.991888	1	1	
0.287952	-nan	0.990784	1.7859	1	1	1	1	1	1	0.472939	0.990784	0.990784	1	1	
0.291566	-nan	0.98966	1.80951	1	1	1	1	1	1	0.473594	0.98966	0.98966	1	1	
0.295181	-nan	0.988514	1.83331	1	1	1	1	1	1	0.474254	0.988514	0.988514	1	1	
0.298795	-nan	0.987348	1.8573	1	1	1	1	1	1	0.474918	0.987348	0.987348	1	1	
0.30241	-nan	0.986162	1.88149	1	1	1	1	1	1	0.475587	0.986162	0.986162	1	1	
0.306024	-nan	0.984956	1.90587	1	1	1	1	1	1	0.47626	0.984956	0.984956	1	1	
0.309639	-nan	0.983731	1.93043	1	1	1	1	1	1	0.476937	0.983731	0.983731	1	1	
0.313253	-nan	0.982488	1.95518	1	1	1	1	1	1	0.477619	0.982488	0.982488	1	1	
0.316867	-nan	0.981226	1.98011	1	1	1	1	1	1	0.478304	0.981226	0.981226	1	1	
0.320482	-nan	0.979946	2.00523	1	1	1	1	1	1	0.478993	0.979946	0.979946	1	1	
0.324096	-nan	0.978648	2.03052	1	1	1	1	1	1	0.479686	0.978648	0.978648	1	1	
0.327711	-nan	0.977333	2.05599	1	1	1	1	1	1	0.480382	0.977333	0.977333	1	1	
0.331325	-nan	0.976002	2.08164	1	1	1	1	1	1	0.481082	0.976002	0.976002	1	1	
0.33494	-nan	0.974654	2.10746	1	1	1	1	1	1	0.481785	0.974654	0.974654	1	1	
0.338554	-nan	0.973289	2.13344	1	1	1	1	1	1	0.482492	0.973289	0.973289	1	1	
0.342169	-nan	0.971909	2.1596	1	1	1	1	1	1	0.483201	0.971909	0.971909	1	1	
0.345783	-nan	0.970513	2.18592	1	1	1	1	1	1	0.483914	0.970513	0.970513	1	1	
0.349398	-nan	0.969102	2.21241	1	1	1	1	1	1	0.48463	0.969102	0.969102	1	1	
0.353012	-nan	0.967676	2.23905	1	1	1	1	1	1	0.485348	0.967676	0.967676	1	1	
0.356627	-nan	0.966235	2.26585	1	1	1	1	1	1	0.48607	0.966235	0.966235	1	1	
0.360241	-nan	0.96478	2.2928	1	1	1	1	1	1	0.486794	0.96478	0.96478	1	1	
0.363855	-nan	0.963311	2.31991	1	1	1	1	1	1	0.487521	0.963311	0.963311	1	1	
0.36747	-nan	0.961828	2.34717	1	1	1	1	1	1	0.48825	0.961828	0.961828	1	1	
0.371084	-nan	0.960331	2.37457	1	1	1	1	1	1	0.488982	0.960331	0.960331	1	1	
0.374699	-nan	0.958822	2.40211	1	1	1	1	1	1	0.489716	0.958822	0.958822	1	1	
0.378313	-nan	0.957299	2.4298	1	1	1	1	1	1	0.490453	0.957299	0.957299	1	1	
0.381928	-nan	0.955764	2.45762	1	1	1	1	1	1	0.491192	0.955764	0.955764	1	1	
0.385542	-nan	0.954216	2.48558	1	1	1	1	1	1	0.491933	0.954216	0.954216	1	1	
0.389157	-nan	0.952656	2.51367	1	1	1	1	1	1	0.492676	0.952656	0.952656	1	1	
0.392771	-nan	0.951084	2.54188	1	1	1	1	1	1	0.493422	0.951084	0.951084	1	1	
0.396386	-nan	0.949501	2.57023	1	1	1	1	1	1	0.494169	0.949501	0.949501	1	1	
0.4	-nan	0.947905	2.59869	1	1	1	1	1	1	0.494919	0.947905	0.947905	1	1	
0.403614	-nan	0.946299	2.62728	1	1	1	1	1	1	0.49567	0.946299	0.946299	1	1	
0.407229	-nan	0.944682	2.65598	1	1	1	1	1	1	0.496423	0.944682	0.944682	1	1	
0.410843	-nan	0.943053	2.68479	1	1	1	1	1	1	0.497178	0.943053	0.943053	1	1	
0.414458	-nan	0.941415	2.71371	1	1	1	1	1	1	0.497935	0.941415	0.941415	1	1	
0.418072	-nan	0.939765	2.74274	1	1	1	1	1	1	0.498694	0.939765	0.939765	1	1	
0.421687	-nan	0.938106	2.77188	1	1	1	1	1	1	0.499454	0.938106	0.938106	1	1	
0.425301	-nan	0.936437	2.80111	1	1	1	1	1	1	0.500216	0.936437	0.936437	1	1	
0.428916	-nan	0.934758	2.83044	1	1	1	1	1	1	0.500979	0.934758	0.934758	1	1	
0.43253	-nan	0.933069	2.85986	1	1	1	1	1	1	0.501744	0.933069	0.933069	1	1	
0.436145	-nan	0.931371	2.88938	1	1	1	1	1	1	0.50251	0.931371	0.931371	1	1	
0.439759	-nan	0.929664	2.91898	1	1	1	1	1	1	0.503278	0.929664	0.929664	1	1	
0.443373	-nan	0.927948	2.94866	1	1	1	1	1	1	0.504047	0.927948	0.927948	1	1	
0.446988	-nan	0.926223	2.97843	1	1	1	1	1	1	0.504818	0.926223	0.926223	1	1	
0.450602	-nan	0.924489	3.00827	1	1	1	1	1	1	0.505589	0.924489	0.924489	1	1	
0.454217	-nan	0.922748	3.03819	1	1	1	1	1	1	0.506362	0.922748	0.922748	1	1	
0.457831	-nan	0.920997	3.06818	1	1	1	1	1	1	0.507137	0.920997	0.920997	1	1	
0.461446	-nan	0.919239	3.09823	1	1	1	1	1	1	0.507912	0.919239	0.919239	1	1	
0.46506	-nan	0.917473	3.12835	1	1	1	1	1	1	0.508689	0.917473	0.917473	1	1	
0.468675	-nan	0.9157	3.15853	1	1	1	1	1	1	0.509466	0.9157	0.9157	1	1	
0.472289	-nan	0.913918	3.18877	1	1	1	1	1	1	0.510245	0.913918	0.913918	1	1	
0.475904	-nan	0.91213	3.21906	1	1	1	1	1	1	0.511025	0.91213	0.91213	1	1	
0.479518	-nan	0.910334	3.24941	1	1	1	1	1	1	0.511806	0.910334	0.910334	1	1	
0.483133	-nan	0.908531	3.2798	1	1	1	1	1	1	0.512588	0.908531	0.908531	1	1	
0.486747	-nan	0.906722	3.31023	1	1	1	1	1	1	0.51337	0.906722	0.906722	1	1	
0.490361	-nan	0.904905	3.34071	1	1	1	1	1	1	0.514154	0.904905	0.904905	1	1	
0.493976	-nan	0.903082	3.37123	1	1	1	1	1	1	0.514939	0.903082	0.903082	1	1	
0.49759	-nan	0.901253	3.40178	1	1	1	1	1	1	0.515724	0.901253	0.901253	1	1	
0.501205	-nan	0.899418	3.43236	1	1	1	1	1	1	0.516511	0.899418	0.899418	1	1	
0.504819	-nan	0.897576	3.46297	1	1	1	1	1	1	0.517298	0.897576	0.897576	1	1	
0.508434	-nan	0.895729	3.49361	1	1	1	1	1	1	0.518086	0.895729	0.895729	1	1	
0.512048	-nan	0.893875	3.52427	1	1	1	1	1	1	0.518874	0.893875	0.893875	1	1	
0.515663	-nan	0.892016	3.55495	1	1	1	1	1	1	0.519664	0.892016	0.892016	1	1	
0.519277	-nan	0.890152	3.58564	1	1	1	1	1	1	0.520454	0.890152	0.890152	1	1	
0.522892	-nan	0.888282	3.61635	1	1	1	1	1	1	0.521244	0.888282	0.888282	1	1	
0.526506	-nan	0.886407	3.64707	1	1	1	1	1	1	0.522036	0.886407	0.886407	1	1	
0.53012	-nan	0.884527	3.6778	1	1	1	1	1	1	0.522828	0.884527	0.884527	1	1	
0.533735	-nan	0.882643	3.70853	1	1	1	1	1	1	0.52362	0.882643	0.882643	1	1	
0.537349	-nan	0.880753	3.73926	1	1	1	1	1	1	0.524414	0.880753	0.880753	1	1	
0.540964	-nan	0.878859	3.76999	1	1	1	1	1	1	0.525207	0.878859	0.878859	1	1	
0.544578	-nan	0.87696	3.80071	1	1	1	1	1	1	0.526002	0.87696	0.87696	1	1	
0.548193	-nan	0.875057	3.83143	1	1	1	1	1	1	0.526796	0.875057	0.875057	1	1	
0.551807	-nan	0.873149	3.86214	1	1	1	1	1	1	0.527592	0.873149	0.873149	1	1	
0.555422	-nan	0.871238	3.89283	1	1	1	1	1	1	0.528387	0.871238	0.871238	1	1	
0.559036	-nan	0.869323	3.92351	1	1	1	1	1	1	0.529184	0.869323	0.869323	1	1	
0.562651	-nan	0.867403	3.95417	1	1	1	1	1	1	0.52998	0.867403	0.867403	1	1	
0.566265	-nan	0.86548	3.98481	1	1	1	1	1	1	0.530777	0.86548	0.86548	1	1	
0.56988	-nan	0.863554	4.01543	1	1	1	1	1	1	0.531575	0.863554	0.863554	1	1	
0.573494	-nan	0.861624	4.04602	1	1	1	1	1	1	0.532372	0.861624	0.861624	1	1	
0.577108	-nan	0.85969	4.07658	1	1	1	1	1	1	0.533171	0.85969	0.85969	1	1	
0.580723	-nan	0.857754	4.10711	1	1	1	1	1	1	0.533969	0.857754	0.857754	1	1	
0.584337	-nan	0.855814	4.1376	1	1	1	1	1	1	0.534768	0.855814	0.855814	1	1	
0.587952	-nan	0.853872	4.16806	1	1	1	1	1	1	0.535567	0.853872	0.853872	1	1	
0.591566	-nan	0.851926	4.19848	1	1	1	1	1	1	0.536367	0.851926	0.851926	1	1	
0.595181	-nan	0.849978	4.22886	1	1	1	1	1	1	0.537166	0.849978	0.849978	1	1	
0.598795	-nan	0.848027	4.25919	1	1	1	1	1	1	0.537966	0.848027	0.848027	1	1	
0.60241	-nan	0.846074	4.28948	1	1	1	1	1	1	0.538766	0.846074	0.846074	1	1	
0.606024	-nan	0.844118	4.31972	1	1	1	1	1	1	0.539567	0.844118	0.844118	1	1	
0.609639	-nan	0.84216	4.34991	1	1	1	1	1	1	0.540367	0.84216	0.84216	1	1	
0.613253	-nan	0.8402	4.38004	1	1	1	1	1	1	0.541168	0.8402	0.8402	1	1	
0.616867	-nan	0.838238	4.41013	1	1	1	1	1	1	0.541969	0.838238	0.838238	1	1	
0.620482	-nan	0.836274	4.44015	1	1	1	1	1	1	0.54277	0.836274	0.836274	1	1	
0.624096	-nan	0.834308	4.47012	1	1	1	1	1	1	0.543572	0.834308	0.834308	1	1	
0.627711	-nan	0.832341	4.50002	1	1	1	1	1	1	0.544373	0.832341	0.832341	1	1	
0.631325	-nan	0.830372	4.52986	1	1	1	1	1	1	0.545175	0.830372	0.830372	1	1	
0.63494	-nan	0.828401	4.55964	1	1	1	1	1	1	0.545976	0.828401	0.828401	1	1	
0.638554	-nan	0.826429	4.58935	1	1	1	1	1	1	0.546778	0.826429	0.826429	1	1	
0.642169	-nan	0.824456	4.61899	1	1	1	1	1	1	0.54758	0.824456	0.824456	1	1	
0.645783	-nan	0.822481	4.64856	1	1	1	1	1	1	0.548382	0.822481	0.822481	1	1	
0.649398	-nan	0.820506	4.67805	1	1	1	1	1	1	0.549184	0.820506	0.820506	1	1	
0.653012	-nan	0.818529	4.70748	1	1	1	1	1	1	0.549986	0.818529	0.818529	1	1	
0.656627	-nan	0.816552	4.73682	1	1	1	1	1	1	0.550788	0.816552	0.816552	1	1	
0.660241	-nan	0.814573	4.76609	1	1	1	1	1	1	0.55159	0.814573	0.814573	1	1	
0.663855	-nan	0.812595	4.79528	1	1	1	1	1	1	0.552392	0.812595	0.812595	1	1	
0.66747	-nan	0.810615	4.82439	1	1	1	1	1	1	0.553194	0.810615	0.810615	1	1	
0.671084	-nan	0.808635	4.85342	1	1	1	1	1	1	0.553996	0.808635	0.808635	1	1	
0.674699	-nan	0.806655	4.88236	1	1	1	1	1	1	0.554798	0.806655	0.806655	1	1	
0.678313	-nan	0.804674	4.91121	1	1	1	1	1	1	0.5556	0.804674	0.804674	1	1	
0.681928	-nan	0.802694	4.93998	1	1	1	1	1	1	0.556402	0.802694	0.802694	1	1	
0.685542	-nan	0.800713	4.96867	1	1	1	1	1	1	0.557204	0.800713	0.800713	1	1	
0.689157	-nan	0.798732	4.99726	1	1	1	1	1	1	0.558005	0.798732	0.798732	1	1	
0.692771	-nan	0.796751	5.02576	1	1	1	1	1	1	0.558807	0.796751	0.796751	1	1	
0.696386	-nan	0.794771	5.05417	1	1	1	1	1	1	0.559609	0.794771	0.794771	1	1	
0.7	-nan	0.79279	5.08248	1	1	1	1	1	1	0.56041	0.79279	0.79279	1	1	
0.703614	-nan	0.79081	5.1107	1	1	1	1	1	1	0.561212	0.79081	0.79081	1	1	
0.707229	-nan	0.788831	5.13882	1	1	1	1	1	1	0.562013	0.788831	0.788831	1	1	
0.710843	-nan	0.786852	5.16685	1	1	1	1	1	1	0.562814	0.786852	0.786852	1	1	
0.714458	-nan	0.784874	5.19478	1	1	1	1	1	1	0.563615	0.784874	0.784874	1	1	
0.718072	-nan	0.782896	5.22261	1	1	1	1	1	1	0.564416	0.782896	0.782896	1	1	
0.721687	-nan	0.780919	5.25034	1	1	1	1	1	1	0.565217	0.780919	0.780919	1	1	
0.725301	-nan	0.778943	5.27797	1	1	1	1	1	1	0.566017	0.778943	0.778943	1	1	
0.728916	-nan	0.776969	5.30549	1	1	1	1	1	1	0.566818	0.776969	0.776969	1	1	
0.73253	-nan	0.774995	5.33292	1	1	1	1	1	1	0.567618	0.774995	0.774995	1	1	
0.736145	-nan	0.773022	5.36024	1	1	1	1	1	1	0.568418	0.773022	0.773022	1	1	
0.739759	-nan	0.77105	5.38745	1	1	1	1	1	1	0.569218	0.77105	0.77105	1	1	
0.743373	-nan	0.76908	5.41456	1	1	1	1	1	1	0.570017	0.76908	0.76908	1	1	
0.746988	-nan	0.767111	5.44156	1	1	1	1	1	1	0.570817	0.767111	0.767111	1	1	
0.750602	-nan	0.765144	5.46845	1	1	1	1	1	1	0.571616	0.765144	0.765144	1	1	
0.754217	-nan	0.763178	5.49524	1	1	1	1	1	1	0.572415	0.763178	0.763178	1	1	
0.757831	-nan	0.761214	5.52192	1	1	1	1	1	1	0.573214	0.761214	0.761214	1	1	
0.761446	-nan	0.759251	5.54849	1	1	1	1	1	1	0.574012	0.759251	0.759251	1	1	
0.76506	-nan	0.75729	5.57495	1	1	1	1	1	1	0.57481	0.75729	0.75729	1	1	
0.768675	-nan	0.755331	5.60129	1	1	1	1	1	1	0.575608	0.755331	0.755331	1	1	
0.772289	-nan	0.753374	5.62753	1	1	1	1	1	1	0.576406	0.753374	0.753374	1	1	
0.775904	-nan	0.751419	5.65366	1	1	1	1	1	1	0.577203	0.751419	0.751419	1	1	
0.779518	-nan	0.749466	5.67967	1	1	1	1	1	1	0.578	0.749466	0.749466	1	1	
0.783133	-nan	0.747515	5.70557	1	1	1	1	1	1	0.578797	0.747515	0.747515	1	1	
0.786747	-nan	0.745566	5.73136	1	1	1	1	1	1	0.579594	0.745566	0.745566	1	1	
0.790361	-nan	0.743619	5.75703	1	1	1	1	1	1	0.58039	0.743619	0.743619	1	1	
0.793976	-nan	0.741675	5.78259	1	1	1	1	1	1	0.581186	0.741675	0.741675	1	1	
0.79759	-nan	0.739733	5.80803	1	1	1	1	1	1	0.581982	0.739733	0.739733	1	1	
0.801205	-nan	0.737794	5.83337	1	1	1	1	1	1	0.582777	0.737794	0.737794	1	1	
0.804819	-nan	0.735857	5.85858	1	1	1	1	1	1	0.583572	0.735857	0.735857	1	1	
0.808434	-nan	0.733923	5.88368	1	1	1	1	1	1	0.584366	0.733923	0.733923	1	1	
0.812048	-nan	0.731991	5.90867	1	1	1	1	1	1	0.585161	0.731991	0.731991	1	1	
0.815663	-nan	0.730062	5.93354	1	1	1	1	1	1	0.585955	0.730062	0.730062	1	1	
0.819277	-nan	0.728136	5.95829	1	1	1	1	1	1	0.586748	0.728136	0.728136	1	1	
0.822892	-nan	0.726213	5.98293	1	1	1	1	1	1	0.587542	0.726213	0.726213	1	1	
0.826506	-nan	0.724292	6.00745	1	1	1	1	1	1	0.588334	0.724292	0.724292	1	1	
0.83012	-nan	0.722375	6.03185	1	1	1	1	1	1	0.589127	0.722375	0.722375	1	1	
0.833735	-nan	0.720461	6.05614	1	1	1	1	1	1	0.589919	0.720461	0.720461	1	1	
0.837349	-nan	0.718549	6.08031	1	1	1	1	1	1	0.590711	0.718549	0.718549	1	1	
0.840964	-nan	0.716641	6.10436	1	1	1	1	1	1	0.591502	0.716641	0.716641	1	1	
0.844578	-nan	0.714736	6.1283	1	1	1	1	1	1	0.592293	0.714736	0.714736	1	1	
0.848193	-nan	0.712834	6.15212	1	1	1	1	1	1	0.593084	0.712834	0.712834	1	1	
0.851807	-nan	0.710936	6.17582	1	1	1	1	1	1	0.593874	0.710936	0.710936	1	1	
0.855422	-nan	0.709041	6.1994	1	1	1	1	1	1	0.594664	0.709041	0.709041	1	1	
0.859036	-nan	0.707149	6.22287	1	1	1	1	1	1	0.595453	0.707149	0.707149	1	1	
0.862651	-nan	0.705261	6.24622	1	1	1	1	1	1	0.596242	0.705261	0.705261	1	1	
0.866265	-nan	0.703376	6.26946	1	1	1	1	1	1	0.597031	0.703376	0.703376	1	1	
0.86988	-nan	0.701495	6.29257	1	1	1	1	1	1	0.597819	0.701495	0.701495	1	1	
0.873494	-nan	0.699617	6.31557	1	1	1	1	1	1	0.598606	0.699617	0.699617	1	1	
0.877108	-nan	0.697743	6.33846	1	1	1	1	1	1	0.599394	0.697743	0.697743	1	1	
0.880723	-nan	0.695873	6.36122	1	1	1	1	1	1	0.60018	0.695873	0.695873	1	1	
0.884337	-nan	0.694007	6.38387	1	1	1	1	1	1	0.600967	0.694007	0.694007	1	1	
0.887952	-nan	0.692144	6.40641	1	1	1	1	1	1	0.601753	0.692144	0.692144	1	1	
0.891566	-nan	0.690285	6.42882	1	1	1	1	1	1	0.602538	0.690285	0.690285	1	1	
0.895181	-nan	0.68843	6.45113	1	1	1	1	1	1	0.603323	0.68843	0.68843	1	1	
0.898795	-nan	0.686579	6.47331	1	1	1	1	1	1	0.604108	0.686579	0.686579	1	1	
0.90241	-nan	0.684732	6.49538	1	1	1	1	1	1	0.604892	0.684732	0.684732	1	1	
0.906024	-nan	0.682889	6.51733	1	1	1	1	1	1	0.605675	0.682889	0.682889	1	1	
0.909639	-nan	0.68105	6.53917	1	1	1	1	1	1	0.606458	0.68105	0.68105	1	1	
0.913253	-nan	0.679216	6.5609	1	1	1	1	1	1	0.607241	0.679216	0.679216	1	1	
0.916867	-nan	0.677385	6.58251	1	1	1	1	1	1	0.608023	0.677385	0.677385	1	1	
0.920482	-nan	0.675559	6.604	1	1	1	1	1	1	0.608805	0.675559	0.675559	1	1	
0.924096	-nan	0.673736	6.62538	1	1	1	1	1	1	0.609586	0.673736	0.673736	1	1	
0.927711	-nan	0.671918	6.64665	1	1	1	1	1	1	0.610367	0.671918	0.671918	1	1	
0.931325	-nan	0.670105	6.6678	1	1	1	1	1	1	0.611147	0.670105	0.670105	1	1	
0.93494	-nan	0.668295	6.68884	1	1	1	1	1	1	0.611926	0.668295	0.668295	1	1	
0.938554	-nan	0.66649	6.70977	1	1	1	1	1	1	0.612706	0.66649	0.66649	1	1	
0.942169	-nan	0.66469	6.73058	1	1	1	1	1	1	0.613484	0.66469	0.66469	1	1	
0.945783	-nan	0.662894	6.75128	1	1	1	1	1	1	0.614262	0.662894	0.662894	1	1	
0.949398	-nan	0.661102	6.77187	1	1	1	1	1	1	0.61504	0.661102	0.661102	1	1	
0.953012	-nan	0.659315	6.79235	1	1	1	1	1	1	0.615817	0.659315	0.659315	1	1	
0.956627	-nan	0.657533	6.81272	1	1	1	1	1	1	0.616594	0.657533	0.657533	1	1	
0.960241	-nan	0.655755	6.83297	1	1	1	1	1	1	0.61737	0.655755	0.655755	1	1	
0.963855	-nan	0.653981	6.85312	1	1	1	1	1	1	0.618145	0.653981	0.653981	1	1	
0.96747	-nan	0.652213	6.87315	1	1	1	1	1	1	0.61892	0.652213	0.652213	1	1	
0.971084	-nan	0.650449	6.89308	1	1	1	1	1	1	0.619694	0.650449	0.650449	1	1	
0.974699	-nan	0.648689	6.91289	1	1	1	1	1	1	0.620468	0.648689	0.648689	1	1	
0.978313	-nan	0.646935	6.9326	1	1	1	1	1	1	0.621242	0.646935	0.646935	1	1	
0.981928	-nan	0.645185	6.9522	1	1	1	1	1	1	0.622014	0.645185	0.645185	1	1	
0.985542	-nan	0.64344	6.97169	1	1	1	1	1	1	0.622787	0.64344	0.64344	1	1	
0.989157	-nan	0.641699	6.99107	1	1	1	1	1	1	0.623558	0.641699	0.641699	1	1	
0.992771	-nan	0.639964	7.01035	1	1	1	1	1	1	0.624329	0.639964	0.639964	1	1	
0.996386	-nan	0.638233	7.02952	1	1	1	1	1	1	0.6251	0.638233	0.638233	1	1	
1	-nan	-nan	-nan	-nan	-nan	-nan	-nan	-nan	-nan	-nan	-nan	-nan	-nan	-nan	
