1e-05	-nan	0.528607	0.840338	1	1	1	1	1	1	8.23442	0.528607	0.528607	1	1	
1.03753e-05	-nan	0.528673	0.839775	1	1	1	1	1	1	8.23143	0.528673	0.528673	1	1	
1.07647e-05	-nan	0.52874	0.839214	1	1	1	1	1	1	8.22841	0.52874	0.52874	1	1	
1.11686e-05	-nan	0.528808	0.838655	1	1	1	1	1	1	8.22536	0.528808	0.528808	1	1	
1.15878e-05	-nan	0.528877	0.838098	1	1	1	1	1	1	8.22227	0.528877	0.528877	1	1	
1.20226e-05	-nan	0.528948	0.837543	1	1	1	1	1	1	8.21915	0.528948	0.528948	1	1	
1.24738e-05	-nan	0.529021	0.836989	1	1	1	1	1	1	8.216	0.529021	0.529021	1	1	
1.2942e-05	-nan	0.529095	0.836437	1	1	1	1	1	1	8.21282	0.529095	0.529095	1	1	
1.34276e-05	-nan	0.529171	0.835887	1	1	1	1	1	1	8.20961	0.529171	0.529171	1	1	
1.39316e-05	-nan	0.529248	0.835338	1	1	1	1	1	1	8.20636	0.529248	0.529248	1	1	
1.44544e-05	-nan	0.529327	0.834792	1	1	1	1	1	1	8.20308	0.529327	0.529327	1	1	
1.49968e-05	-nan	0.529407	0.834247	1	1	1	1	1	1	8.19976	0.529407	0.529407	1	1	
1.55597e-05	-nan	0.529489	0.833704	1	1	1	1	1	1	8.19642	0.529489	0.529489	1	1	
1.61436e-05	-nan	0.529573	0.833164	1	1	1	1	1	1	8.19304	0.529573	0.529573	1	1	
1.67494e-05	-nan	0.529659	0.832624	1	1	1	1	1	1	8.18962	0.529659	0.529659	1	1	
1.7378e-05	-nan	0.529747	0.832087	1	1	1	1	1	1	8.18617	0.529747	0.529747	1	1	
1.80302e-05	-nan	0.529836	0.831552	1	1	1	1	1	1	8.18269	0.529836	0.529836	1	1	
1.87068e-05	-nan	0.529927	0.831019	1	1	1	1	1	1	8.17918	0.529927	0.529927	1	1	
1.94089e-05	-nan	0.53002	0.830487	1	1	1	1	1	1	8.17562	0.53002	0.53002	1	1	
2.01372e-05	-nan	0.530115	0.829958	1	1	1	1	1	1	8.17204	0.530115	0.530115	1	1	
2.0893e-05	-nan	0.530213	0.82943	1	1	1	1	1	1	8.16842	0.530213	0.530213	1	1	
2.1677e-05	-nan	0.530312	0.828905	1	1	1	1	1	1	8.16476	0.530312	0.530312	1	1	
2.24905e-05	-nan	0.530413	0.828381	1	1	1	1	1	1	8.16107	0.530413	0.530413	1	1	
2.33346e-05	-nan	0.530516	0.82786	1	1	1	1	1	1	8.15734	0.530516	0.530516	1	1	
2.42103e-05	-nan	0.530622	0.827341	1	1	1	1	1	1	8.15358	0.530622	0.530622	1	1	
2.51189e-05	-nan	0.53073	0.826823	1	1	1	1	1	1	8.14978	0.53073	0.53073	1	1	
2.60615e-05	-nan	0.53084	0.826308	1	1	1	1	1	1	8.14594	0.53084	0.53084	1	1	
2.70396e-05	-nan	0.530953	0.825795	1	1	1	1	1	1	8.14207	0.530953	0.530953	1	1	
2.80543e-05	-nan	0.531067	0.825284	1	1	1	1	1	1	8.13816	0.531067	0.531067	1	1	
2.91072e-05	-nan	0.531185	0.824775	1	1	1	1	1	1	8.13421	0.531185	0.531185	1	1	
3.01995e-05	-nan	0.531305	0.824268	1	1	1	1	1	1	8.13023	0.531305	0.531305	1	1	
3.13329e-05	-nan	0.531427	0.823763	1	1	1	1	1	1	8.12621	0.531427	0.531427	1	1	
3.25087e-05	-nan	0.531552	0.823261	1	1	1	1	1	1	8.12215	0.531552	0.531552	1	1	
3.37287e-05	-nan	0.53168	0.82276	1	1	1	1	1	1	8.11805	0.53168	0.53168	1	1	
3.49945e-05	-nan	0.53181	0.822262	1	1	1	1	1	1	8.11392	0.53181	0.53181	1	1	
3.63078e-05	-nan	0.531943	0.821766	1	1	1	1	1	1	8.10975	0.531943	0.531943	1	1	
3.76704e-05	-nan	0.532079	0.821273	1	1	1	1	1	1	8.10554	0.532079	0.532079	1	1	
3.90841e-05	-nan	0.532218	0.820782	1	1	1	1	1	1	8.10129	0.532218	0.532218	1	1	
4.05509e-05	-nan	0.53236	0.820293	1	1	1	1	1	1	8.09701	0.53236	0.53236	1	1	
4.20727e-05	-nan	0.532505	0.819806	1	1	1	1	1	1	8.09268	0.532505	0.532505	1	1	
4.36516e-05	-nan	0.532654	0.819322	1	1	1	1	1	1	8.08832	0.532654	0.532654	1	1	
4.52898e-05	-nan	0.532805	0.81884	1	1	1	1	1	1	8.08392	0.532805	0.532805	1	1	
4.69894e-05	-nan	0.53296	0.81836	1	1	1	1	1	1	8.07948	0.53296	0.53296	1	1	
4.87528e-05	-nan	0.533118	0.817883	1	1	1	1	1	1	8.075	0.533118	0.533118	1	1	
5.05825e-05	-nan	0.533279	0.817408	1	1	1	1	1	1	8.07048	0.533279	0.533279	1	1	
5.24807e-05	-nan	0.533444	0.816936	1	1	1	1	1	1	8.06592	0.533444	0.533444	1	1	
5.44503e-05	-nan	0.533613	0.816467	1	1	1	1	1	1	8.06133	0.533613	0.533613	1	1	
5.64937e-05	-nan	0.533785	0.815999	1	1	1	1	1	1	8.05669	0.533785	0.533785	1	1	
5.86138e-05	-nan	0.533961	0.815535	1	1	1	1	1	1	8.05201	0.533961	0.533961	1	1	
6.08135e-05	-nan	0.534141	0.815073	1	1	1	1	1	1	8.0473	0.534141	0.534141	1	1	
6.30957e-05	-nan	0.534324	0.814613	1	1	1	1	1	1	8.04254	0.534324	0.534324	1	1	
6.54636e-05	-nan	0.534512	0.814156	1	1	1	1	1	1	8.03774	0.534512	0.534512	1	1	
6.79204e-05	-nan	0.534704	0.813702	1	1	1	1	1	1	8.03291	0.534704	0.534704	1	1	
7.04693e-05	-nan	0.5349	0.813251	1	1	1	1	1	1	8.02803	0.5349	0.5349	1	1	
7.31139e-05	-nan	0.5351	0.812802	1	1	1	1	1	1	8.02311	0.5351	0.5351	1	1	
7.58578e-05	-nan	0.535305	0.812356	1	1	1	1	1	1	8.01816	0.535305	0.535305	1	1	
7.87046e-05	-nan	0.535514	0.811913	1	1	1	1	1	1	8.01316	0.535514	0.535514	1	1	
8.16582e-05	-nan	0.535728	0.811472	1	1	1	1	1	1	8.00812	0.535728	0.535728	1	1	
8.47227e-05	-nan	0.535947	0.811035	1	1	1	1	1	1	8.00305	0.535947	0.535947	1	1	
8.79023e-05	-nan	0.536171	0.8106	1	1	1	1	1	1	7.99793	0.536171	0.536171	1	1	
9.12011e-05	-nan	0.536399	0.810168	1	1	1	1	1	1	7.99277	0.536399	0.536399	1	1	
9.46237e-05	-nan	0.536633	0.80974	1	1	1	1	1	1	7.98757	0.536633	0.536633	1	1	
9.81748e-05	-nan	0.536871	0.809314	1	1	1	1	1	1	7.98233	0.536871	0.536871	1	1	
0.000101859	-nan	0.537115	0.808891	1	1	1	1	1	1	7.97705	0.537115	0.537115	1	1	
0.000105682	-nan	0.537365	0.808471	1	1	1	1	1	1	7.97173	0.537365	0.537365	1	1	
0.000109648	-nan	0.53762	0.808055	1	1	1	1	1	1	7.96636	0.53762	0.53762	1	1	
0.000113763	-nan	0.537881	0.807641	1	1	1	1	1	1	7.96096	0.537881	0.537881	1	1	
0.000118032	-nan	0.538148	0.807231	1	1	1	1	1	1	7.95552	0.538148	0.538148	1	1	
0.000122462	-nan	0.53842	0.806824	1	1	1	1	1	1	7.95003	0.53842	0.53842	1	1	
0.000127057	-nan	0.538699	0.80642	1	1	1	1	1	1	7.94451	0.538699	0.538699	1	1	
0.000131826	-nan	0.538984	0.80602	1	1	1	1	1	1	7.93895	0.538984	0.538984	1	1	
0.000136773	-nan	0.539276	0.805622	1	1	1	1	1	1	7.93334	0.539276	0.539276	1	1	
0.000141906	-nan	0.539574	0.805229	1	1	1	1	1	1	7.92769	0.539574	0.539574	1	1	
0.000147231	-nan	0.539879	0.804838	1	1	1	1	1	1	7.92201	0.539879	0.539879	1	1	
0.000152757	-nan	0.540191	0.804451	1	1	1	1	1	1	7.91628	0.540191	0.540191	1	1	
0.000158489	-nan	0.54051	0.804068	1	1	1	1	1	1	7.91052	0.54051	0.54051	1	1	
0.000164437	-nan	0.540836	0.803689	1	1	1	1	1	1	7.90471	0.540836	0.540836	1	1	
0.000170608	-nan	0.54117	0.803312	1	1	1	1	1	1	7.89886	0.54117	0.54117	1	1	
0.000177011	-nan	0.541511	0.80294	1	1	1	1	1	1	7.89297	0.541511	0.541511	1	1	
0.000183654	-nan	0.54186	0.802572	1	1	1	1	1	1	7.88705	0.54186	0.54186	1	1	
0.000190546	-nan	0.542218	0.802207	1	1	1	1	1	1	7.88108	0.542218	0.542218	1	1	
0.000197697	-nan	0.542583	0.801846	1	1	1	1	1	1	7.87508	0.542583	0.542583	1	1	
0.000205116	-nan	0.542957	0.801489	1	1	1	1	1	1	7.86903	0.542957	0.542957	1	1	
0.000212814	-nan	0.543339	0.801136	1	1	1	1	1	1	7.86295	0.543339	0.543339	1	1	
0.0002208	-nan	0.543731	0.800787	1	1	1	1	1	1	7.85682	0.543731	0.543731	1	1	
0.000229087	-nan	0.544131	0.800442	1	1	1	1	1	1	7.85066	0.544131	0.544131	1	1	
0.000237684	-nan	0.544541	0.800102	1	1	1	1	1	1	7.84446	0.544541	0.544541	1	1	
0.000246604	-nan	0.54496	0.799765	1	1	1	1	1	1	7.83822	0.54496	0.54496	1	1	
0.000255859	-nan	0.545389	0.799433	1	1	1	1	1	1	7.83194	0.545389	0.545389	1	1	
0.000265461	-nan	0.545828	0.799105	1	1	1	1	1	1	7.82562	0.545828	0.545828	1	1	
0.000275423	-nan	0.546277	0.798782	1	1	1	1	1	1	7.81927	0.546277	0.546277	1	1	
0.000285759	-nan	0.546737	0.798464	1	1	1	1	1	1	7.81287	0.546737	0.546737	1	1	
0.000296483	-nan	0.547207	0.79815	1	1	1	1	1	1	7.80644	0.547207	0.547207	1	1	
0.00030761	-nan	0.547689	0.79784	1	1	1	1	1	1	7.79997	0.547689	0.547689	1	1	
0.000319154	-nan	0.548182	0.797536	1	1	1	1	1	1	7.79347	0.548182	0.548182	1	1	
0.000331131	-nan	0.548687	0.797236	1	1	1	1	1	1	7.78693	0.548687	0.548687	1	1	
0.000343558	-nan	0.549203	0.796941	1	1	1	1	1	1	7.78035	0.549203	0.549203	1	1	
0.000356451	-nan	0.549732	0.796652	1	1	1	1	1	1	7.77373	0.549732	0.549732	1	1	
0.000369828	-nan	0.550273	0.796367	1	1	1	1	1	1	7.76708	0.550273	0.550273	1	1	
0.000383707	-nan	0.550828	0.796088	1	1	1	1	1	1	7.7604	0.550828	0.550828	1	1	
0.000398107	-nan	0.551395	0.795814	1	1	1	1	1	1	7.75367	0.551395	0.551395	1	1	
0.000413048	-nan	0.551976	0.795545	1	1	1	1	1	1	7.74692	0.551976	0.551976	1	1	
0.000428549	-nan	0.552571	0.795282	1	1	1	1	1	1	7.74013	0.552571	0.552571	1	1	
0.000444631	-nan	0.55318	0.795025	1	1	1	1	1	1	7.7333	0.55318	0.55318	1	1	
0.000461318	-nan	0.553803	0.794773	1	1	1	1	1	1	7.72644	0.553803	0.553803	1	1	
0.00047863	-nan	0.554442	0.794527	1	1	1	1	1	1	7.71954	0.554442	0.554442	1	1	
0.000496592	-nan	0.555096	0.794288	1	1	1	1	1	1	7.71262	0.555096	0.555096	1	1	
0.000515229	-nan	0.555766	0.794054	1	1	1	1	1	1	7.70566	0.555766	0.555766	1	1	
0.000534564	-nan	0.556452	0.793827	1	1	1	1	1	1	7.69866	0.556452	0.556452	1	1	
0.000554626	-nan	0.557154	0.793606	1	1	1	1	1	1	7.69164	0.557154	0.557154	1	1	
0.00057544	-nan	0.557874	0.793391	1	1	1	1	1	1	7.68458	0.557874	0.557874	1	1	
0.000597035	-nan	0.558611	0.793183	1	1	1	1	1	1	7.6775	0.558611	0.558611	1	1	
0.000619441	-nan	0.559366	0.792982	1	1	1	1	1	1	7.67038	0.559366	0.559366	1	1	
0.000642688	-nan	0.560139	0.792788	1	1	1	1	1	1	7.66323	0.560139	0.560139	1	1	
0.000666807	-nan	0.560931	0.792601	1	1	1	1	1	1	7.65605	0.560931	0.560931	1	1	
0.000691831	-nan	0.561743	0.792421	1	1	1	1	1	1	7.64884	0.561743	0.561743	1	1	
0.000717794	-nan	0.562574	0.792249	1	1	1	1	1	1	7.6416	0.562574	0.562574	1	1	
0.000744732	-nan	0.563425	0.792084	1	1	1	1	1	1	7.63434	0.563425	0.563425	1	1	
0.000772681	-nan	0.564298	0.791927	1	1	1	1	1	1	7.62704	0.564298	0.564298	1	1	
0.000801678	-nan	0.565192	0.791778	1	1	1	1	1	1	7.61972	0.565192	0.565192	1	1	
0.000831764	-nan	0.566108	0.791637	1	1	1	1	1	1	7.61237	0.566108	0.566108	1	1	
0.000862979	-nan	0.567046	0.791504	1	1	1	1	1	1	7.605	0.567046	0.567046	1	1	
0.000895365	-nan	0.568008	0.79138	1	1	1	1	1	1	7.59759	0.568008	0.568008	1	1	
0.000928966	-nan	0.568993	0.791264	1	1	1	1	1	1	7.59017	0.568993	0.568993	1	1	
0.000963829	-nan	0.570003	0.791157	1	1	1	1	1	1	7.58271	0.570003	0.570003	1	1	
0.001	-nan	0.571038	0.79106	1	1	1	1	1	1	7.57524	0.571038	0.571038	1	1	
0.00103753	-nan	0.572098	0.790972	1	1	1	1	1	1	7.56774	0.572098	0.572098	1	1	
0.00107647	-nan	0.573185	0.790893	1	1	1	1	1	1	7.56022	0.573185	0.573185	1	1	
0.00111686	-nan	0.574298	0.790824	1	1	1	1	1	1	7.55267	0.574298	0.574298	1	1	
0.00115878	-nan	0.575439	0.790766	1	1	1	1	1	1	7.5451	0.575439	0.575439	1	1	
0.00120226	-nan	0.576609	0.790717	1	1	1	1	1	1	7.53751	0.576609	0.576609	1	1	
0.00124738	-nan	0.577808	0.790679	1	1	1	1	1	1	7.5299	0.577808	0.577808	1	1	
0.0012942	-nan	0.579036	0.790652	1	1	1	1	1	1	7.52227	0.579036	0.579036	1	1	
0.00134276	-nan	0.580295	0.790637	1	1	1	1	1	1	7.51462	0.580295	0.580295	1	1	
0.00139316	-nan	0.581586	0.790633	1	1	1	1	1	1	7.50695	0.581586	0.581586	1	1	
0.00144544	-nan	0.582909	0.79064	1	1	1	1	1	1	7.49927	0.582909	0.582909	1	1	
0.00149968	-nan	0.584264	0.79066	1	1	1	1	1	1	7.49156	0.584264	0.584264	1	1	
0.00155597	-nan	0.585654	0.790692	1	1	1	1	1	1	7.48384	0.585654	0.585654	1	1	
0.00161436	-nan	0.587078	0.790736	1	1	1	1	1	1	7.4761	0.587078	0.587078	1	1	
0.00167494	-nan	0.588538	0.790794	1	1	1	1	1	1	7.46835	0.588538	0.588538	1	1	
0.0017378	-nan	0.590035	0.790866	1	1	1	1	1	1	7.46058	0.590035	0.590035	1	1	
0.00180302	-nan	0.591569	0.790951	1	1	1	1	1	1	7.4528	0.591569	0.591569	1	1	
0.00187068	-nan	0.593141	0.79105	1	1	1	1	1	1	7.445	0.593141	0.593141	1	1	
0.00194089	-nan	0.594752	0.791164	1	1	1	1	1	1	7.4372	0.594752	0.594752	1	1	
0.00201372	-nan	0.596404	0.791293	1	1	1	1	1	1	7.42938	0.596404	0.596404	1	1	
0.0020893	-nan	0.598097	0.791438	1	1	1	1	1	1	7.42154	0.598097	0.598097	1	1	
0.0021677	-nan	0.599833	0.791598	1	1	1	1	1	1	7.4137	0.599833	0.599833	1	1	
0.00224905	-nan	0.601611	0.791775	1	1	1	1	1	1	7.40585	0.601611	0.601611	1	1	
0.00233346	-nan	0.603434	0.791969	1	1	1	1	1	1	7.39799	0.603434	0.603434	1	1	
0.00242103	-nan	0.605303	0.79218	1	1	1	1	1	1	7.39011	0.605303	0.605303	1	1	
0.00251189	-nan	0.607218	0.792409	1	1	1	1	1	1	7.38224	0.607218	0.607218	1	1	
0.00260615	-nan	0.609181	0.792657	1	1	1	1	1	1	7.37435	0.609181	0.609181	1	1	
0.00270396	-nan	0.611192	0.792923	1	1	1	1	1	1	7.36646	0.611192	0.611192	1	1	
0.00280543	-nan	0.613254	0.79321	1	1	1	1	1	1	7.35856	0.613254	0.613254	1	1	
0.00291072	-nan	0.615366	0.793516	1	1	1	1	1	1	7.35066	0.615366	0.615366	1	1	
0.00301995	-nan	0.617531	0.793843	1	1	1	1	1	1	7.34275	0.617531	0.617531	1	1	
0.00313329	-nan	0.619749	0.794192	1	1	1	1	1	1	7.33485	0.619749	0.619749	1	1	
0.00325087	-nan	0.622022	0.794562	1	1	1	1	1	1	7.32693	0.622022	0.622022	1	1	
0.00337287	-nan	0.624351	0.794956	1	1	1	1	1	1	7.31902	0.624351	0.624351	1	1	
0.00349945	-nan	0.626737	0.795373	1	1	1	1	1	1	7.31111	0.626737	0.626737	1	1	
0.00363078	-nan	0.629182	0.795814	1	1	1	1	1	1	7.30319	0.629182	0.629182	1	1	
0.00376704	-nan	0.631686	0.79628	1	1	1	1	1	1	7.29528	0.631686	0.631686	1	1	
0.00390841	-nan	0.634251	0.796772	1	1	1	1	1	1	7.28737	0.634251	0.634251	1	1	
0.00405509	-nan	0.636878	0.797291	1	1	1	1	1	1	7.27946	0.636878	0.636878	1	1	
0.00420727	-nan	0.639569	0.797838	1	1	1	1	1	1	7.27155	0.639569	0.639569	1	1	
0.00436516	-nan	0.642325	0.798412	1	1	1	1	1	1	7.26365	0.642325	0.642325	1	1	
0.00452898	-nan	0.645146	0.799016	1	1	1	1	1	1	7.25575	0.645146	0.645146	1	1	
0.00469894	-nan	0.648036	0.79965	1	1	1	1	1	1	7.24786	0.648036	0.648036	1	1	
0.00487528	-nan	0.650994	0.800316	1	1	1	1	1	1	7.23997	0.650994	0.650994	1	1	
0.00505825	-nan	0.654021	0.801014	1	1	1	1	1	1	7.23209	0.654021	0.654021	1	1	
0.00524807	-nan	0.657121	0.801745	1	1	1	1	1	1	7.22422	0.657121	0.657121	1	1	
0.00544503	-nan	0.660293	0.802511	1	1	1	1	1	1	7.21635	0.660293	0.660293	1	1	
0.00564937	-nan	0.663538	0.803312	1	1	1	1	1	1	7.2085	0.663538	0.663538	1	1	
0.00586138	-nan	0.666859	0.80415	1	1	1	1	1	1	7.20065	0.666859	0.666859	1	1	
0.00608135	-nan	0.670256	0.805026	1	1	1	1	1	1	7.19281	0.670256	0.670256	1	1	
0.00630957	-nan	0.673731	0.805941	1	1	1	1	1	1	7.18499	0.673731	0.673731	1	1	
0.00654636	-nan	0.677284	0.806897	1	1	1	1	1	1	7.17718	0.677284	0.677284	1	1	
0.00679204	-nan	0.680918	0.807895	1	1	1	1	1	1	7.16938	0.680918	0.680918	1	1	
0.00704693	-nan	0.684632	0.808936	1	1	1	1	1	1	7.16159	0.684632	0.684632	1	1	
0.00731139	-nan	0.688429	0.810022	1	1	1	1	1	1	7.15382	0.688429	0.688429	1	1	
0.00758578	-nan	0.692309	0.811155	1	1	1	1	1	1	7.14607	0.692309	0.692309	1	1	
0.00787046	-nan	0.696273	0.812335	1	1	1	1	1	1	7.13832	0.696273	0.696273	1	1	
0.00816582	-nan	0.700322	0.813565	1	1	1	1	1	1	7.1306	0.700322	0.700322	1	1	
0.00847227	-nan	0.704458	0.814846	1	1	1	1	1	1	7.12289	0.704458	0.704458	1	1	
0.00879023	-nan	0.70868	0.816181	1	1	1	1	1	1	7.1152	0.70868	0.70868	1	1	
0.00912011	-nan	0.71299	0.81757	1	1	1	1	1	1	7.10753	0.71299	0.71299	1	1	
0.00946237	-nan	0.717388	0.819016	1	1	1	1	1	1	7.09987	0.717388	0.717388	1	1	
0.00981748	-nan	0.721875	0.82052	1	1	1	1	1	1	7.09224	0.721875	0.721875	1	1	
0.0101859	-nan	0.726451	0.822085	1	1	1	1	1	1	7.08462	0.726451	0.726451	1	1	
0.0105682	-nan	0.731118	0.823713	1	1	1	1	1	1	7.07702	0.731118	0.731118	1	1	
0.0109648	-nan	0.735874	0.825406	1	1	1	1	1	1	7.06945	0.735874	0.735874	1	1	
0.0113763	-nan	0.740721	0.827166	1	1	1	1	1	1	7.06189	0.740721	0.740721	1	1	
0.0118032	-nan	0.745658	0.828995	1	1	1	1	1	1	7.05436	0.745658	0.745658	1	1	
0.0122462	-nan	0.750686	0.830896	1	1	1	1	1	1	7.04685	0.750686	0.750686	1	1	
0.0127057	-nan	0.755804	0.832871	1	1	1	1	1	1	7.03936	0.755804	0.755804	1	1	
0.0131826	-nan	0.761013	0.834922	1	1	1	1	1	1	7.03189	0.761013	0.761013	1	1	
0.0136773	-nan	0.76631	0.837054	1	1	1	1	1	1	7.02445	0.76631	0.76631	1	1	
0.0141906	-nan	0.771697	0.839267	1	1	1	1	1	1	7.01702	0.771697	0.771697	1	1	
0.0147231	-nan	0.777172	0.841565	1	1	1	1	1	1	7.00962	0.777172	0.777172	1	1	
0.0152757	-nan	0.782734	0.84395	1	1	1	1	1	1	7.00224	0.782734	0.782734	1	1	
0.0158489	-nan	0.788383	0.846427	1	1	1	1	1	1	6.99489	0.788383	0.788383	1	1	
0.0164437	-nan	0.794117	0.848997	1	1	1	1	1	1	6.98755	0.794117	0.794117	1	1	
0.0170608	-nan	0.799934	0.851663	1	1	1	1	1	1	6.98024	0.799934	0.799934	1	1	
0.0177011	-nan	0.805834	0.85443	1	1	1	1	1	1	6.97295	0.805834	0.805834	1	1	
0.0183654	-nan	0.811813	0.857301	1	1	1	1	1	1	6.96568	0.811813	0.811813	1	1	
0.0190546	-nan	0.817871	0.860278	1	1	1	1	1	1	6.95843	0.817871	0.817871	1	1	
0.0197697	-nan	0.824006	0.863365	1	1	1	1	1	1	6.9512	0.824006	0.824006	1	1	
0.0205116	-nan	0.830214	0.866566	1	1	1	1	1	1	6.94399	0.830214	0.830214	1	1	
0.0212814	-nan	0.836493	0.869886	1	1	1	1	1	1	6.93679	0.836493	0.836493	1	1	
0.02208	-nan	0.84284	0.873326	1	1	1	1	1	1	6.92961	0.84284	0.84284	1	1	
0.0229087	-nan	0.849253	0.876892	1	1	1	1	1	1	6.92245	0.849253	0.849253	1	1	
0.0237684	-nan	0.855729	0.880587	1	1	1	1	1	1	6.9153	0.855729	0.855729	1	1	
0.0246604	-nan	0.862263	0.884416	1	1	1	1	1	1	6.90816	0.862263	0.862263	1	1	
0.0255859	-nan	0.868852	0.888382	1	1	1	1	1	1	6.90103	0.868852	0.868852	1	1	
0.0265461	-nan	0.875493	0.892491	1	1	1	1	1	1	6.89391	0.875493	0.875493	1	1	
0.0275423	-nan	0.882182	0.896745	1	1	1	1	1	1	6.88679	0.882182	0.882182	1	1	
0.0285759	-nan	0.888913	0.90115	1	1	1	1	1	1	6.87967	0.888913	0.888913	1	1	
0.0296483	-nan	0.895684	0.905711	1	1	1	1	1	1	6.87254	0.895684	0.895684	1	1	
0.030761	-nan	0.90249	0.910431	1	1	1	1	1	1	6.86542	0.90249	0.90249	1	1	
0.0319154	-nan	0.909325	0.915316	1	1	1	1	1	1	6.85828	0.909325	0.909325	1	1	
0.0331131	-nan	0.916186	0.92037	1	1	1	1	1	1	6.85112	0.916186	0.916186	1	1	
0.0343558	-nan	0.923066	0.925598	1	1	1	1	1	1	6.84394	0.923066	0.923066	1	1	
0.0356451	-nan	0.929961	0.931004	1	1	1	1	1	1	6.83674	0.929961	0.929961	1	1	
0.0369828	-nan	0.936866	0.936595	1	1	1	1	1	1	6.8295	0.936866	0.936866	1	1	
0.0383707	-nan	0.943776	0.942374	1	1	1	1	1	1	6.82222	0.943776	0.943776	1	1	
0.0398107	-nan	0.950684	0.948346	1	1	1	1	1	1	6.81488	0.950684	0.950684	1	1	
0.0413048	-nan	0.957586	0.954517	1	1	1	1	1	1	6.8075	0.957586	0.957586	1	1	
0.0428549	-nan	0.964475	0.960891	1	1	1	1	1	1	6.80004	0.964475	0.964475	1	1	
0.0444631	-nan	0.971347	0.967473	1	1	1	1	1	1	6.7925	0.971347	0.971347	1	1	
0.0461318	-nan	0.978194	0.974268	1	1	1	1	1	1	6.78487	0.978194	0.978194	1	1	
0.047863	-nan	0.985013	0.981281	1	1	1	1	1	1	6.77713	0.985013	0.985013	1	1	
0.0496592	-nan	0.991796	0.988516	1	1	1	1	1	1	6.76927	0.991796	0.991796	1	1	
0.0515229	-nan	0.998538	0.995977	1	1	1	1	1	1	6.76127	0.998538	0.998538	1	1	
0.0534564	-nan	1.00523	1.00367	1	1	1	1	1	1	6.75312	1.00523	1.00523	1	1	
0.0554626	-nan	1.01188	1.0116	1	1	1	1	1	1	6.74479	1.01188	1.01188	1	1	
0.057544	-nan	1.01846	1.01976	1	1	1	1	1	1	6.73625	1.01846	1.01846	1	1	
0.0597035	-nan	1.02498	1.02817	1	1	1	1	1	1	6.7275	1.02498	1.02498	1	1	
0.0619441	-nan	1.03144	1.03683	1	1	1	1	1	1	6.71849	1.03144	1.03144	1	1	
0.0642688	-nan	1.03781	1.04573	1	1	1	1	1	1	6.70919	1.03781	1.03781	1	1	
0.0666807	-nan	1.04411	1.05488	1	1	1	1	1	1	6.69958	1.04411	1.04411	1	1	
0.0691831	-nan	1.05032	1.06428	1	1	1	1	1	1	6.68962	1.05032	1.05032	1	1	
0.0717794	-nan	1.05645	1.07394	1	1	1	1	1	1	6.67925	1.05645	1.05645	1	1	
0.0744732	-nan	1.06247	1.08385	1	1	1	1	1	1	6.66844	1.06247	1.06247	1	1	
0.0772681	-nan	1.0684	1.09402	1	1	1	1	1	1	6.65714	1.0684	1.0684	1	1	
0.0801678	-nan	1.07422	1.10443	1	1	1	1	1	1	6.64529	1.07422	1.07422	1	1	
0.0831764	-nan	1.07992	1.11509	1	1	1	1	1	1	6.63282	1.07992	1.07992	1	1	
0.0862979	-nan	1.08552	1.126	1	1	1	1	1	1	6.61967	1.08552	1.08552	1	1	
0.0895365	-nan	1.09099	1.13714	1	1	1	1	1	1	6.60577	1.09099	1.09099	1	1	
0.0928966	-nan	1.09634	1.14851	1	1	1	1	1	1	6.59102	1.09634	1.09634	1	1	
0.0963829	-nan	1.10156	1.1601	1	1	1	1	1	1	6.57533	1.10156	1.10156	1	1	
0.1	-nan	1.10665	1.1719	1	1	1	1	1	1	6.5586	1.10665	1.10665	1	1	
0.103614	-nan	1.11142	1.18345	1	1	1	1	1	1	6.54138	1.11142	1.11142	1	1	
0.107229	-nan	1.11591	1.19476	1	1	1	1	1	1	6.52363	1.11591	1.11591	1	1	
0.110843	-nan	1.12012	1.20582	1	1	1	1	1	1	6.50532	1.12012	1.12012	1	1	
0.114458	-nan	1.12409	1.21663	1	1	1	1	1	1	6.4864	1.12409	1.12409	1	1	
0.118072	-nan	1.12782	1.22718	1	1	1	1	1	1	6.46685	1.12782	1.12782	1	1	
0.121687	-nan	1.13133	1.23747	1	1	1	1	1	1	6.44664	1.13133	1.13133	1	1	
0.125301	-nan	1.13464	1.24748	1	1	1	1	1	1	6.42575	1.13464	1.13464	1	1	
0.128916	-nan	1.13776	1.25722	1	1	1	1	1	1	6.40415	1.13776	1.13776	1	1	
0.13253	-nan	1.14069	1.26668	1	1	1	1	1	1	6.3818	1.14069	1.14069	1	1	
0.136145	-nan	1.14345	1.27585	1	1	1	1	1	1	6.35871	1.14345	1.14345	1	1	
0.139759	-nan	1.14605	1.28473	1	1	1	1	1	1	6.33483	1.14605	1.14605	1	1	
0.143373	-nan	1.1485	1.29332	1	1	1	1	1	1	6.31016	1.1485	1.1485	1	1	
0.146988	-nan	1.1508	1.3016	1	1	1	1	1	1	6.28467	1.1508	1.1508	1	1	
0.150602	-nan	1.15297	1.30957	1	1	1	1	1	1	6.25834	1.15297	1.15297	1	1	
0.154217	-nan	1.15501	1.31724	1	1	1	1	1	1	6.23118	1.15501	1.15501	1	1	
0.157831	-nan	1.15692	1.32459	1	1	1	1	1	1	6.20315	1.15692	1.15692	1	1	
0.161446	-nan	1.15872	1.33162	1	1	1	1	1	1	6.17426	1.15872	1.15872	1	1	
0.16506	-nan	1.1604	1.33834	1	1	1	1	1	1	6.14449	1.1604	1.1604	1	1	
0.168675	-nan	1.16198	1.34473	1	1	1	1	1	1	6.11383	1.16198	1.16198	1	1	
0.172289	-nan	1.16346	1.35081	1	1	1	1	1	1	6.08229	1.16346	1.16346	1	1	
0.175904	-nan	1.16484	1.35656	1	1	1	1	1	1	6.04985	1.16484	1.16484	1	1	
0.179518	-nan	1.16612	1.36199	1	1	1	1	1	1	6.01652	1.16612	1.16612	1	1	
0.183133	-nan	1.16732	1.3671	1	1	1	1	1	1	5.98231	1.16732	1.16732	1	1	
0.186747	-nan	1.16843	1.3719	1	1	1	1	1	1	5.94721	1.16843	1.16843	1	1	
0.190361	-nan	1.16945	1.37638	1	1	1	1	1	1	5.91123	1.16945	1.16945	1	1	
0.193976	-nan	1.1704	1.38055	1	1	1	1	1	1	5.87439	1.1704	1.1704	1	1	
0.19759	-nan	1.17127	1.38442	1	1	1	1	1	1	5.8367	1.17127	1.17127	1	1	
0.201205	-nan	1.17207	1.38799	1	1	1	1	1	1	5.79816	1.17207	1.17207	1	1	
0.204819	-nan	1.1728	1.39128	1	1	1	1	1	1	5.75881	1.1728	1.1728	1	1	
0.208434	-nan	1.17346	1.39428	1	1	1	1	1	1	5.71867	1.17346	1.17346	1	1	
0.212048	-nan	1.17405	1.39702	1	1	1	1	1	1	5.67775	1.17405	1.17405	1	1	
0.215663	-nan	1.17458	1.3995	1	1	1	1	1	1	5.63609	1.17458	1.17458	1	1	
0.219277	-nan	1.17504	1.40174	1	1	1	1	1	1	5.59372	1.17504	1.17504	1	1	
0.222892	-nan	1.17545	1.40374	1	1	1	1	1	1	5.55067	1.17545	1.17545	1	1	
0.226506	-nan	1.1758	1.40554	1	1	1	1	1	1	5.50698	1.1758	1.1758	1	1	
0.23012	-nan	1.17609	1.40713	1	1	1	1	1	1	5.4627	1.17609	1.17609	1	1	
0.233735	-nan	1.17633	1.40854	1	1	1	1	1	1	5.41786	1.17633	1.17633	1	1	
0.237349	-nan	1.17651	1.40978	1	1	1	1	1	1	5.37251	1.17651	1.17651	1	1	
0.240964	-nan	1.17664	1.41087	1	1	1	1	1	1	5.32671	1.17664	1.17664	1	1	
0.244578	-nan	1.17672	1.41184	1	1	1	1	1	1	5.2805	1.17672	1.17672	1	1	
0.248193	-nan	1.17676	1.41269	1	1	1	1	1	1	5.23394	1.17676	1.17676	1	1	
0.251807	-nan	1.17674	1.41346	1	1	1	1	1	1	5.18709	1.17674	1.17674	1	1	
0.255422	-nan	1.17668	1.41415	1	1	1	1	1	1	5.14001	1.17668	1.17668	1	1	
0.259036	-nan	1.17657	1.41479	1	1	1	1	1	1	5.09276	1.17657	1.17657	1	1	
0.262651	-nan	1.17642	1.4154	1	1	1	1	1	1	5.04539	1.17642	1.17642	1	1	
0.266265	-nan	1.17623	1.416	1	1	1	1	1	1	4.99799	1.17623	1.17623	1	1	
0.26988	-nan	1.17599	1.4166	1	1	1	1	1	1	4.9506	1.17599	1.17599	1	1	
0.273494	-nan	1.17571	1.41723	1	1	1	1	1	1	4.9033	1.17571	1.17571	1	1	
0.277108	-nan	1.17539	1.4179	1	1	1	1	1	1	4.85615	1.17539	1.17539	1	1	
0.280723	-nan	1.17503	1.41864	1	1	1	1	1	1	4.80923	1.17503	1.17503	1	1	
0.284337	-nan	1.17463	1.41945	1	1	1	1	1	1	4.76259	1.17463	1.17463	1	1	
0.287952	-nan	1.17419	1.42035	1	1	1	1	1	1	4.7163	1.17419	1.17419	1	1	
0.291566	-nan	1.17372	1.42136	1	1	1	1	1	1	4.67042	1.17372	1.17372	1	1	
0.295181	-nan	1.17321	1.4225	1	1	1	1	1	1	4.62502	1.17321	1.17321	1	1	
0.298795	-nan	1.17266	1.42377	1	1	1	1	1	1	4.58016	1.17266	1.17266	1	1	
0.30241	-nan	1.17208	1.42519	1	1	1	1	1	1	4.53589	1.17208	1.17208	1	1	
0.306024	-nan	1.17146	1.42676	1	1	1	1	1	1	4.49226	1.17146	1.17146	1	1	
0.309639	-nan	1.17081	1.42851	1	1	1	1	1	1	4.44934	1.17081	1.17081	1	1	
0.313253	-nan	1.17012	1.43044	1	1	1	1	1	1	4.40717	1.17012	1.17012	1	1	
0.316867	-nan	1.16941	1.43256	1	1	1	1	1	1	4.3658	1.16941	1.16941	1	1	
0.320482	-nan	1.16866	1.43487	1	1	1	1	1	1	4.32526	1.16866	1.16866	1	1	
0.324096	-nan	1.16787	1.43738	1	1	1	1	1	1	4.2856	1.16787	1.16787	1	1	
0.327711	-nan	1.16706	1.4401	1	1	1	1	1	1	4.24684	1.16706	1.16706	1	1	
0.331325	-nan	1.16621	1.44303	1	1	1	1	1	1	4.20902	1.16621	1.16621	1	1	
0.33494	-nan	1.16534	1.44618	1	1	1	1	1	1	4.17217	1.16534	1.16534	1	1	
0.338554	-nan	1.16443	1.44955	1	1	1	1	1	1	4.13631	1.16443	1.16443	1	1	
0.342169	-nan	1.1635	1.45314	1	1	1	1	1	1	4.10144	1.1635	1.1635	1	1	
0.345783	-nan	1.16253	1.45695	1	1	1	1	1	1	4.0676	1.16253	1.16253	1	1	
0.349398	-nan	1.16154	1.46098	1	1	1	1	1	1	4.03478	1.16154	1.16154	1	1	
0.353012	-nan	1.16051	1.46523	1	1	1	1	1	1	4.00299	1.16051	1.16051	1	1	
0.356627	-nan	1.15946	1.46971	1	1	1	1	1	1	3.97223	1.15946	1.15946	1	1	
0.360241	-nan	1.15839	1.47442	1	1	1	1	1	1	3.9425	1.15839	1.15839	1	1	
0.363855	-nan	1.15728	1.47934	1	1	1	1	1	1	3.9138	1.15728	1.15728	1	1	
0.36747	-nan	1.15615	1.48448	1	1	1	1	1	1	3.88611	1.15615	1.15615	1	1	
0.371084	-nan	1.15499	1.48984	1	1	1	1	1	1	3.85943	1.15499	1.15499	1	1	
0.374699	-nan	1.15381	1.49541	1	1	1	1	1	1	3.83373	1.15381	1.15381	1	1	
0.378313	-nan	1.15259	1.5012	1	1	1	1	1	1	3.80901	1.15259	1.15259	1	1	
0.381928	-nan	1.15136	1.50719	1	1	1	1	1	1	3.78525	1.15136	1.15136	1	1	
0.385542	-nan	1.1501	1.51339	1	1	1	1	1	1	3.76242	1.1501	1.1501	1	1	
0.389157	-nan	1.14881	1.51979	1	1	1	1	1	1	3.74049	1.14881	1.14881	1	1	
0.392771	-nan	1.1475	1.52638	1	1	1	1	1	1	3.71946	1.1475	1.1475	1	1	
0.396386	-nan	1.14616	1.53317	1	1	1	1	1	1	3.69928	1.14616	1.14616	1	1	
0.4	-nan	1.1448	1.54015	1	1	1	1	1	1	3.67994	1.1448	1.1448	1	1	
0.403614	-nan	1.14342	1.54731	1	1	1	1	1	1	3.6614	1.14342	1.14342	1	1	
0.407229	-nan	1.14201	1.55465	1	1	1	1	1	1	3.64364	1.14201	1.14201	1	1	
0.410843	-nan	1.14058	1.56216	1	1	1	1	1	1	3.62663	1.14058	1.14058	1	1	
0.414458	-nan	1.13913	1.56985	1	1	1	1	1	1	3.61033	1.13913	1.13913	1	1	
0.418072	-nan	1.13765	1.5777	1	1	1	1	1	1	3.59473	1.13765	1.13765	1	1	
0.421687	-nan	1.13615	1.58571	1	1	1	1	1	1	3.57979	1.13615	1.13615	1	1	
0.425301	-nan	1.13463	1.59388	1	1	1	1	1	1	3.56548	1.13463	1.13463	1	1	
0.428916	-nan	1.13309	1.6022	1	1	1	1	1	1	3.55177	1.13309	1.13309	1	1	
0.43253	-nan	1.13153	1.61067	1	1	1	1	1	1	3.53863	1.13153	1.13153	1	1	
0.436145	-nan	1.12994	1.61928	1	1	1	1	1	1	3.52605	1.12994	1.12994	1	1	
0.439759	-nan	1.12834	1.62803	1	1	1	1	1	1	3.51398	1.12834	1.12834	1	1	
0.443373	-nan	1.12671	1.63691	1	1	1	1	1	1	3.5024	1.12671	1.12671	1	1	
0.446988	-nan	1.12507	1.64591	1	1	1	1	1	1	3.49128	1.12507	1.12507	1	1	
0.450602	-nan	1.1234	1.65504	1	1	1	1	1	1	3.4806	1.1234	1.1234	1	1	
0.454217	-nan	1.12171	1.66429	1	1	1	1	1	1	3.47034	1.12171	1.12171	1	1	
0.457831	-nan	1.12	1.67366	1	1	1	1	1	1	3.46046	1.12	1.12	1	1	
0.461446	-nan	1.11828	1.68313	1	1	1	1	1	1	3.45095	1.11828	1.11828	1	1	
0.46506	-nan	1.11653	1.69271	1	1	1	1	1	1	3.44179	1.11653	1.11653	1	1	
0.468675	-nan	1.11477	1.7024	1	1	1	1	1	1	3.43294	1.11477	1.11477	1	1	
0.472289	-nan	1.11298	1.71217	1	1	1	1	1	1	3.42439	1.11298	1.11298	1	1	
0.475904	-nan	1.11118	1.72205	1	1	1	1	1	1	3.41612	1.11118	1.11118	1	1	
0.479518	-nan	1.10936	1.73201	1	1	1	1	1	1	3.40811	1.10936	1.10936	1	1	
0.483133	-nan	1.10753	1.74205	1	1	1	1	1	1	3.40034	1.10753	1.10753	1	1	
0.486747	-nan	1.10567	1.75218	1	1	1	1	1	1	3.3928	1.10567	1.10567	1	1	
0.490361	-nan	1.1038	1.76238	1	1	1	1	1	1	3.38545	1.1038	1.1038	1	1	
0.493976	-nan	1.10191	1.77265	1	1	1	1	1	1	3.3783	1.10191	1.10191	1	1	
0.49759	-nan	1.1	1.783	1	1	1	1	1	1	3.37132	1.1	1.1	1	1	
0.501205	-nan	1.09808	1.79341	1	1	1	1	1	1	3.36449	1.09808	1.09808	1	1	
0.504819	-nan	1.09614	1.80388	1	1	1	1	1	1	3.35781	1.09614	1.09614	1	1	
0.508434	-nan	1.09418	1.81441	1	1	1	1	1	1	3.35125	1.09418	1.09418	1	1	
0.512048	-nan	1.09221	1.82499	1	1	1	1	1	1	3.34481	1.09221	1.09221	1	1	
0.515663	-nan	1.09022	1.83563	1	1	1	1	1	1	3.33848	1.09022	1.09022	1	1	
0.519277	-nan	1.08822	1.84631	1	1	1	1	1	1	3.33223	1.08822	1.08822	1	1	
0.522892	-nan	1.0862	1.85704	1	1	1	1	1	1	3.32606	1.0862	1.0862	1	1	
0.526506	-nan	1.08416	1.86781	1	1	1	1	1	1	3.31996	1.08416	1.08416	1	1	
0.53012	-nan	1.08211	1.87862	1	1	1	1	1	1	3.31392	1.08211	1.08211	1	1	
0.533735	-nan	1.08005	1.88946	1	1	1	1	1	1	3.30792	1.08005	1.08005	1	1	
0.537349	-nan	1.07798	1.90033	1	1	1	1	1	1	3.30197	1.07798	1.07798	1	1	
0.540964	-nan	1.07588	1.91124	1	1	1	1	1	1	3.29604	1.07588	1.07588	1	1	
0.544578	-nan	1.07378	1.92217	1	1	1	1	1	1	3.29013	1.07378	1.07378	1	1	
0.548193	-nan	1.07166	1.93312	1	1	1	1	1	1	3.28424	1.07166	1.07166	1	1	
0.551807	-nan	1.06953	1.9441	1	1	1	1	1	1	3.27834	1.06953	1.06953	1	1	
0.555422	-nan	1.06739	1.95509	1	1	1	1	1	1	3.27245	1.06739	1.06739	1	1	
0.559036	-nan	1.06523	1.9661	1	1	1	1	1	1	3.26655	1.06523	1.06523	1	1	
0.562651	-nan	1.06306	1.97712	1	1	1	1	1	1	3.26063	1.06306	1.06306	1	1	
0.566265	-nan	1.06088	1.98815	1	1	1	1	1	1	3.25468	1.06088	1.06088	1	1	
0.56988	-nan	1.05869	1.99919	1	1	1	1	1	1	3.24871	1.05869	1.05869	1	1	
0.573494	-nan	1.05648	2.01023	1	1	1	1	1	1	3.2427	1.05648	1.05648	1	1	
0.577108	-nan	1.05426	2.02128	1	1	1	1	1	1	3.23665	1.05426	1.05426	1	1	
0.580723	-nan	1.05204	2.03233	1	1	1	1	1	1	3.23056	1.05204	1.05204	1	1	
0.584337	-nan	1.0498	2.04337	1	1	1	1	1	1	3.22442	1.0498	1.0498	1	1	
0.587952	-nan	1.04755	2.05442	1	1	1	1	1	1	3.21822	1.04755	1.04755	1	1	
0.591566	-nan	1.04529	2.06545	1	1	1	1	1	1	3.21197	1.04529	1.04529	1	1	
0.595181	-nan	1.04302	2.07648	1	1	1	1	1	1	3.20565	1.04302	1.04302	1	1	
0.598795	-nan	1.04074	2.0875	1	1	1	1	1	1	3.19926	1.04074	1.04074	1	1	
0.60241	-nan	1.03845	2.09851	1	1	1	1	1	1	3.19281	1.03845	1.03845	1	1	
0.606024	-nan	1.03615	2.1095	1	1	1	1	1	1	3.18628	1.03615	1.03615	1	1	
0.609639	-nan	1.03385	2.12048	1	1	1	1	1	1	3.17968	1.03385	1.03385	1	1	
0.613253	-nan	1.03153	2.13144	1	1	1	1	1	1	3.173	1.03153	1.03153	1	1	
0.616867	-nan	1.0292	2.14238	1	1	1	1	1	1	3.16623	1.0292	1.0292	1	1	
0.620482	-nan	1.02687	2.1533	1	1	1	1	1	1	3.15939	1.02687	1.02687	1	1	
0.624096	-nan	1.02453	2.16419	1	1	1	1	1	1	3.15246	1.02453	1.02453	1	1	
0.627711	-nan	1.02218	2.17507	1	1	1	1	1	1	3.14544	1.02218	1.02218	1	1	
0.631325	-nan	1.01982	2.18591	1	1	1	1	1	1	3.13833	1.01982	1.01982	1	1	
0.63494	-nan	1.01746	2.19673	1	1	1	1	1	1	3.13113	1.01746	1.01746	1	1	
0.638554	-nan	1.01509	2.20752	1	1	1	1	1	1	3.12385	1.01509	1.01509	1	1	
0.642169	-nan	1.01271	2.21827	1	1	1	1	1	1	3.11647	1.01271	1.01271	1	1	
0.645783	-nan	1.01033	2.229	1	1	1	1	1	1	3.10899	1.01033	1.01033	1	1	
0.649398	-nan	1.00794	2.23969	1	1	1	1	1	1	3.10143	1.00794	1.00794	1	1	
0.653012	-nan	1.00554	2.25035	1	1	1	1	1	1	3.09377	1.00554	1.00554	1	1	
0.656627	-nan	1.00314	2.26097	1	1	1	1	1	1	3.08601	1.00314	1.00314	1	1	
0.660241	-nan	1.00073	2.27155	1	1	1	1	1	1	3.07817	1.00073	1.00073	1	1	
0.663855	-nan	0.998314	2.2821	1	1	1	1	1	1	3.07023	0.998314	0.998314	1	1	
0.66747	-nan	0.995895	2.2926	1	1	1	1	1	1	3.06219	0.995895	0.995895	1	1	
0.671084	-nan	0.993472	2.30306	1	1	1	1	1	1	3.05407	0.993472	0.993472	1	1	
0.674699	-nan	0.991044	2.31348	1	1	1	1	1	1	3.04586	0.991044	0.991044	1	1	
0.678313	-nan	0.988612	2.32386	1	1	1	1	1	1	3.03755	0.988612	0.988612	1	1	
0.681928	-nan	0.986175	2.33419	1	1	1	1	1	1	3.02916	0.986175	0.986175	1	1	
0.685542	-nan	0.983735	2.34448	1	1	1	1	1	1	3.02068	0.983735	0.983735	1	1	
0.689157	-nan	0.981291	2.35472	1	1	1	1	1	1	3.01212	0.981291	0.981291	1	1	
0.692771	-nan	0.978844	2.36491	1	1	1	1	1	1	3.00347	0.978844	0.978844	1	1	
0.696386	-nan	0.976394	2.37506	1	1	1	1	1	1	2.99474	0.976394	0.976394	1	1	
0.7	-nan	0.973941	2.38515	1	1	1	1	1	1	2.98594	0.973941	0.973941	1	1	
0.703614	-nan	0.971486	2.39519	1	1	1	1	1	1	2.97706	0.971486	0.971486	1	1	
0.707229	-nan	0.969028	2.40519	1	1	1	1	1	1	2.96811	0.969028	0.969028	1	1	
0.710843	-nan	0.966567	2.41513	1	1	1	1	1	1	2.95908	0.966567	0.966567	1	1	
0.714458	-nan	0.964105	2.42502	1	1	1	1	1	1	2.94999	0.964105	0.964105	1	1	
0.718072	-nan	0.961641	2.43485	1	1	1	1	1	1	2.94083	0.961641	0.961641	1	1	
0.721687	-nan	0.959176	2.44463	1	1	1	1	1	1	2.93162	0.959176	0.959176	1	1	
0.725301	-nan	0.95671	2.45436	1	1	1	1	1	1	2.92234	0.95671	0.95671	1	1	
0.728916	-nan	0.954242	2.46403	1	1	1	1	1	1	2.91301	0.954242	0.954242	1	1	
0.73253	-nan	0.951774	2.47365	1	1	1	1	1	1	2.90364	0.951774	0.951774	1	1	
0.736145	-nan	0.949305	2.4832	1	1	1	1	1	1	2.89421	0.949305	0.949305	1	1	
0.739759	-nan	0.946836	2.49271	1	1	1	1	1	1	2.88474	0.946836	0.946836	1	1	
0.743373	-nan	0.944367	2.50215	1	1	1	1	1	1	2.87524	0.944367	0.944367	1	1	
0.746988	-nan	0.941897	2.51153	1	1	1	1	1	1	2.8657	0.941897	0.941897	1	1	
0.750602	-nan	0.939428	2.52086	1	1	1	1	1	1	2.85612	0.939428	0.939428	1	1	
0.754217	-nan	0.93696	2.53013	1	1	1	1	1	1	2.84653	0.93696	0.93696	1	1	
0.757831	-nan	0.934492	2.53933	1	1	1	1	1	1	2.8369	0.934492	0.934492	1	1	
0.761446	-nan	0.932026	2.54848	1	1	1	1	1	1	2.82727	0.932026	0.932026	1	1	
0.76506	-nan	0.92956	2.55757	1	1	1	1	1	1	2.81761	0.92956	0.92956	1	1	
0.768675	-nan	0.927096	2.56659	1	1	1	1	1	1	2.80795	0.927096	0.927096	1	1	
0.772289	-nan	0.924633	2.57556	1	1	1	1	1	1	2.79829	0.924633	0.924633	1	1	
0.775904	-nan	0.922173	2.58446	1	1	1	1	1	1	2.78862	0.922173	0.922173	1	1	
0.779518	-nan	0.919714	2.5933	1	1	1	1	1	1	2.77895	0.919714	0.919714	1	1	
0.783133	-nan	0.917257	2.60208	1	1	1	1	1	1	2.7693	0.917257	0.917257	1	1	
0.786747	-nan	0.914803	2.61079	1	1	1	1	1	1	2.75966	0.914803	0.914803	1	1	
0.790361	-nan	0.912351	2.61945	1	1	1	1	1	1	2.75003	0.912351	0.912351	1	1	
0.793976	-nan	0.909902	2.62804	1	1	1	1	1	1	2.74042	0.909902	0.909902	1	1	
0.79759	-nan	0.907456	2.63656	1	1	1	1	1	1	2.73084	0.907456	0.907456	1	1	
0.801205	-nan	0.905013	2.64503	1	1	1	1	1	1	2.72129	0.905013	0.905013	1	1	
0.804819	-nan	0.902573	2.65343	1	1	1	1	1	1	2.71177	0.902573	0.902573	1	1	
0.808434	-nan	0.900136	2.66177	1	1	1	1	1	1	2.70229	0.900136	0.900136	1	1	
0.812048	-nan	0.897704	2.67004	1	1	1	1	1	1	2.69285	0.897704	0.897704	1	1	
0.815663	-nan	0.895275	2.67825	1	1	1	1	1	1	2.68346	0.895275	0.895275	1	1	
0.819277	-nan	0.89285	2.68639	1	1	1	1	1	1	2.67411	0.89285	0.89285	1	1	
0.822892	-nan	0.890429	2.69448	1	1	1	1	1	1	2.66482	0.890429	0.890429	1	1	
0.826506	-nan	0.888013	2.70249	1	1	1	1	1	1	2.65558	0.888013	0.888013	1	1	
0.83012	-nan	0.885601	2.71045	1	1	1	1	1	1	2.6464	0.885601	0.885601	1	1	
0.833735	-nan	0.883194	2.71834	1	1	1	1	1	1	2.63729	0.883194	0.883194	1	1	
0.837349	-nan	0.880791	2.72616	1	1	1	1	1	1	2.62824	0.880791	0.880791	1	1	
0.840964	-nan	0.878394	2.73392	1	1	1	1	1	1	2.61925	0.878394	0.878394	1	1	
0.844578	-nan	0.876002	2.74162	1	1	1	1	1	1	2.61035	0.876002	0.876002	1	1	
0.848193	-nan	0.873615	2.74926	1	1	1	1	1	1	2.60151	0.873615	0.873615	1	1	
0.851807	-nan	0.871233	2.75683	1	1	1	1	1	1	2.59275	0.871233	0.871233	1	1	
0.855422	-nan	0.868857	2.76433	1	1	1	1	1	1	2.58408	0.868857	0.868857	1	1	
0.859036	-nan	0.866487	2.77177	1	1	1	1	1	1	2.57548	0.866487	0.866487	1	1	
0.862651	-nan	0.864122	2.77915	1	1	1	1	1	1	2.56697	0.864122	0.864122	1	1	
0.866265	-nan	0.861764	2.78647	1	1	1	1	1	1	2.55855	0.861764	0.861764	1	1	
0.86988	-nan	0.859411	2.79372	1	1	1	1	1	1	2.55021	0.859411	0.859411	1	1	
0.873494	-nan	0.857065	2.80091	1	1	1	1	1	1	2.54197	0.857065	0.857065	1	1	
0.877108	-nan	0.854725	2.80803	1	1	1	1	1	1	2.53382	0.854725	0.854725	1	1	
0.880723	-nan	0.852392	2.81509	1	1	1	1	1	1	2.52576	0.852392	0.852392	1	1	
0.884337	-nan	0.850066	2.82209	1	1	1	1	1	1	2.5178	0.850066	0.850066	1	1	
0.887952	-nan	0.847746	2.82903	1	1	1	1	1	1	2.50994	0.847746	0.847746	1	1	
0.891566	-nan	0.845433	2.8359	1	1	1	1	1	1	2.50218	0.845433	0.845433	1	1	
0.895181	-nan	0.843127	2.84271	1	1	1	1	1	1	2.49451	0.843127	0.843127	1	1	
0.898795	-nan	0.840828	2.84946	1	1	1	1	1	1	2.48695	0.840828	0.840828	1	1	
0.90241	-nan	0.838537	2.85615	1	1	1	1	1	1	2.47948	0.838537	0.838537	1	1	
0.906024	-nan	0.836252	2.86277	1	1	1	1	1	1	2.47212	0.836252	0.836252	1	1	
0.909639	-nan	0.833976	2.86934	1	1	1	1	1	1	2.46486	0.833976	0.833976	1	1	
0.913253	-nan	0.831706	2.87584	1	1	1	1	1	1	2.45771	0.831706	0.831706	1	1	
0.916867	-nan	0.829445	2.88228	1	1	1	1	1	1	2.45066	0.829445	0.829445	1	1	
0.920482	-nan	0.827191	2.88866	1	1	1	1	1	1	2.44372	0.827191	0.827191	1	1	
0.924096	-nan	0.824945	2.89498	1	1	1	1	1	1	2.43688	0.824945	0.824945	1	1	
0.927711	-nan	0.822707	2.90124	1	1	1	1	1	1	2.43014	0.822707	0.822707	1	1	
0.931325	-nan	0.820477	2.90744	1	1	1	1	1	1	2.42351	0.820477	0.820477	1	1	
0.93494	-nan	0.818255	2.91358	1	1	1	1	1	1	2.41699	0.818255	0.818255	1	1	
0.938554	-nan	0.816042	2.91966	1	1	1	1	1	1	2.41057	0.816042	0.816042	1	1	
0.942169	-nan	0.813836	2.92568	1	1	1	1	1	1	2.40425	0.813836	0.813836	1	1	
0.945783	-nan	0.811639	2.93165	1	1	1	1	1	1	2.39804	0.811639	0.811639	1	1	
0.949398	-nan	0.809451	2.93755	1	1	1	1	1	1	2.39194	0.809451	0.809451	1	1	
0.953012	-nan	0.807271	2.9434	1	1	1	1	1	1	2.38593	0.807271	0.807271	1	1	
0.956627	-nan	0.8051	2.94919	1	1	1	1	1	1	2.38003	0.8051	0.8051	1	1	
0.960241	-nan	0.802937	2.95492	1	1	1	1	1	1	2.37424	0.802937	0.802937	1	1	
0.963855	-nan	0.800783	2.96059	1	1	1	1	1	1	2.36854	0.800783	0.800783	1	1	
0.96747	-nan	0.798638	2.96621	1	1	1	1	1	1	2.36295	0.798638	0.798638	1	1	
0.971084	-nan	0.796502	2.97177	1	1	1	1	1	1	2.35746	0.796502	0.796502	1	1	
0.974699	-nan	0.794375	2.97728	1	1	1	1	1	1	2.35207	0.794375	0.794375	1	1	
0.978313	-nan	0.792257	2.98272	1	1	1	1	1	1	2.34678	0.792257	0.792257	1	1	
0.981928	-nan	0.790148	2.98812	1	1	1	1	1	1	2.34159	0.790148	0.790148	1	1	
0.985542	-nan	0.788048	2.99346	1	1	1	1	1	1	2.33649	0.788048	0.788048	1	1	
0.989157	-nan	0.785957	2.99874	1	1	1	1	1	1	2.3315	0.785957	0.785957	1	1	
0.992771	-nan	0.783875	3.00397	1	1	1	1	1	1	2.32659	0.783875	0.783875	1	1	
0.996386	-nan	0.781803	3.00914	1	1	1	1	1	1	2.32179	0.781803	0.781803	1	1	
1	-nan	-nan	-nan	-nan	-nan	-nan	-nan	-nan	-nan	-nan	-nan	-nan	-nan	-nan	
