1e-05	-nan	0.45233	0.13932	1	1	1	1	1	1	1.2275	0.45233	0.45233	1	1	
1.03753e-05	-nan	0.452967	0.137722	1	1	1	1	1	1	1.22821	0.452967	0.452967	1	1	
1.07647e-05	-nan	0.453609	0.136124	1	1	1	1	1	1	1.22892	0.453609	0.453609	1	1	
1.11686e-05	-nan	0.454255	0.134524	1	1	1	1	1	1	1.22965	0.454255	0.454255	1	1	
1.15878e-05	-nan	0.454905	0.132925	1	1	1	1	1	1	1.23038	0.454905	0.454905	1	1	
1.20226e-05	-nan	0.45556	0.131325	1	1	1	1	1	1	1.23112	0.45556	0.45556	1	1	
1.24738e-05	-nan	0.45622	0.129725	1	1	1	1	1	1	1.23188	0.45622	0.45622	1	1	
1.2942e-05	-nan	0.456884	0.128124	1	1	1	1	1	1	1.23264	0.456884	0.456884	1	1	
1.34276e-05	-nan	0.457552	0.126524	1	1	1	1	1	1	1.23341	0.457552	0.457552	1	1	
1.39316e-05	-nan	0.458226	0.124924	1	1	1	1	1	1	1.23419	0.458226	0.458226	1	1	
1.44544e-05	-nan	0.458904	0.123325	1	1	1	1	1	1	1.23499	0.458904	0.458904	1	1	
1.49968e-05	-nan	0.459586	0.121725	1	1	1	1	1	1	1.23579	0.459586	0.459586	1	1	
1.55597e-05	-nan	0.460274	0.120127	1	1	1	1	1	1	1.2366	0.460274	0.460274	1	1	
1.61436e-05	-nan	0.460966	0.118529	1	1	1	1	1	1	1.23742	0.460966	0.460966	1	1	
1.67494e-05	-nan	0.461664	0.116932	1	1	1	1	1	1	1.23826	0.461664	0.461664	1	1	
1.7378e-05	-nan	0.462366	0.115337	1	1	1	1	1	1	1.2391	0.462366	0.462366	1	1	
1.80302e-05	-nan	0.463073	0.113742	1	1	1	1	1	1	1.23996	0.463073	0.463073	1	1	
1.87068e-05	-nan	0.463785	0.112149	1	1	1	1	1	1	1.24083	0.463785	0.463785	1	1	
1.94089e-05	-nan	0.464502	0.110558	1	1	1	1	1	1	1.24171	0.464502	0.464502	1	1	
2.01372e-05	-nan	0.465225	0.108968	1	1	1	1	1	1	1.2426	0.465225	0.465225	1	1	
2.0893e-05	-nan	0.465952	0.10738	1	1	1	1	1	1	1.2435	0.465952	0.465952	1	1	
2.1677e-05	-nan	0.466685	0.105794	1	1	1	1	1	1	1.24441	0.466685	0.466685	1	1	
2.24905e-05	-nan	0.467423	0.10421	1	1	1	1	1	1	1.24534	0.467423	0.467423	1	1	
2.33346e-05	-nan	0.468166	0.102629	1	1	1	1	1	1	1.24628	0.468166	0.468166	1	1	
2.42103e-05	-nan	0.468915	0.10105	1	1	1	1	1	1	1.24723	0.468915	0.468915	1	1	
2.51189e-05	-nan	0.469669	0.0994737	1	1	1	1	1	1	1.24819	0.469669	0.469669	1	1	
2.60615e-05	-nan	0.470429	0.0979005	1	1	1	1	1	1	1.24917	0.470429	0.470429	1	1	
2.70396e-05	-nan	0.471194	0.0963303	1	1	1	1	1	1	1.25016	0.471194	0.471194	1	1	
2.80543e-05	-nan	0.471964	0.0947634	1	1	1	1	1	1	1.25116	0.471964	0.471964	1	1	
2.91072e-05	-nan	0.472741	0.0931999	1	1	1	1	1	1	1.25218	0.472741	0.472741	1	1	
3.01995e-05	-nan	0.473523	0.0916401	1	1	1	1	1	1	1.25321	0.473523	0.473523	1	1	
3.13329e-05	-nan	0.474311	0.090084	1	1	1	1	1	1	1.25425	0.474311	0.474311	1	1	
3.25087e-05	-nan	0.475104	0.088532	1	1	1	1	1	1	1.25531	0.475104	0.475104	1	1	
3.37287e-05	-nan	0.475904	0.0869842	1	1	1	1	1	1	1.25638	0.475904	0.475904	1	1	
3.49945e-05	-nan	0.476709	0.0854407	1	1	1	1	1	1	1.25747	0.476709	0.476709	1	1	
3.63078e-05	-nan	0.477521	0.0839019	1	1	1	1	1	1	1.25857	0.477521	0.477521	1	1	
3.76704e-05	-nan	0.478338	0.0823679	1	1	1	1	1	1	1.25969	0.478338	0.478338	1	1	
3.90841e-05	-nan	0.479162	0.0808389	1	1	1	1	1	1	1.26082	0.479162	0.479162	1	1	
4.05509e-05	-nan	0.479992	0.0793151	1	1	1	1	1	1	1.26197	0.479992	0.479992	1	1	
4.20727e-05	-nan	0.480828	0.0777967	1	1	1	1	1	1	1.26313	0.480828	0.480828	1	1	
4.36516e-05	-nan	0.481671	0.076284	1	1	1	1	1	1	1.26431	0.481671	0.481671	1	1	
4.52898e-05	-nan	0.482519	0.0747771	1	1	1	1	1	1	1.2655	0.482519	0.482519	1	1	
4.69894e-05	-nan	0.483375	0.0732764	1	1	1	1	1	1	1.26671	0.483375	0.483375	1	1	
4.87528e-05	-nan	0.484237	0.0717819	1	1	1	1	1	1	1.26794	0.484237	0.484237	1	1	
5.05825e-05	-nan	0.485105	0.070294	1	1	1	1	1	1	1.26919	0.485105	0.485105	1	1	
5.24807e-05	-nan	0.48598	0.0688128	1	1	1	1	1	1	1.27045	0.48598	0.48598	1	1	
5.44503e-05	-nan	0.486862	0.0673387	1	1	1	1	1	1	1.27173	0.486862	0.486862	1	1	
5.64937e-05	-nan	0.487751	0.0658718	1	1	1	1	1	1	1.27302	0.487751	0.487751	1	1	
5.86138e-05	-nan	0.488646	0.0644123	1	1	1	1	1	1	1.27434	0.488646	0.488646	1	1	
6.08135e-05	-nan	0.489549	0.0629606	1	1	1	1	1	1	1.27567	0.489549	0.489549	1	1	
6.30957e-05	-nan	0.490458	0.0615169	1	1	1	1	1	1	1.27703	0.490458	0.490458	1	1	
6.54636e-05	-nan	0.491375	0.0600814	1	1	1	1	1	1	1.2784	0.491375	0.491375	1	1	
6.79204e-05	-nan	0.492299	0.0586543	1	1	1	1	1	1	1.27979	0.492299	0.492299	1	1	
7.04693e-05	-nan	0.49323	0.057236	1	1	1	1	1	1	1.2812	0.49323	0.49323	1	1	
7.31139e-05	-nan	0.494169	0.0558267	1	1	1	1	1	1	1.28263	0.494169	0.494169	1	1	
7.58578e-05	-nan	0.495115	0.0544266	1	1	1	1	1	1	1.28408	0.495115	0.495115	1	1	
7.87046e-05	-nan	0.496068	0.0530361	1	1	1	1	1	1	1.28555	0.496068	0.496068	1	1	
8.16582e-05	-nan	0.49703	0.0516554	1	1	1	1	1	1	1.28704	0.49703	0.49703	1	1	
8.47227e-05	-nan	0.497999	0.0502847	1	1	1	1	1	1	1.28855	0.497999	0.497999	1	1	
8.79023e-05	-nan	0.498975	0.0489244	1	1	1	1	1	1	1.29008	0.498975	0.498975	1	1	
9.12011e-05	-nan	0.49996	0.0475748	1	1	1	1	1	1	1.29164	0.49996	0.49996	1	1	
9.46237e-05	-nan	0.500953	0.0462361	1	1	1	1	1	1	1.29321	0.500953	0.500953	1	1	
9.81748e-05	-nan	0.501953	0.0449086	1	1	1	1	1	1	1.29481	0.501953	0.501953	1	1	
0.000101859	-nan	0.502962	0.0435926	1	1	1	1	1	1	1.29644	0.502962	0.502962	1	1	
0.000105682	-nan	0.503979	0.0422885	1	1	1	1	1	1	1.29808	0.503979	0.503979	1	1	
0.000109648	-nan	0.505005	0.0409965	1	1	1	1	1	1	1.29975	0.505005	0.505005	1	1	
0.000113763	-nan	0.506039	0.0397169	1	1	1	1	1	1	1.30145	0.506039	0.506039	1	1	
0.000118032	-nan	0.507081	0.0384501	1	1	1	1	1	1	1.30316	0.507081	0.507081	1	1	
0.000122462	-nan	0.508133	0.0371964	1	1	1	1	1	1	1.30491	0.508133	0.508133	1	1	
0.000127057	-nan	0.509193	0.035956	1	1	1	1	1	1	1.30668	0.509193	0.509193	1	1	
0.000131826	-nan	0.510262	0.0347294	1	1	1	1	1	1	1.30847	0.510262	0.510262	1	1	
0.000136773	-nan	0.51134	0.0335169	1	1	1	1	1	1	1.31029	0.51134	0.51134	1	1	
0.000141906	-nan	0.512427	0.0323188	1	1	1	1	1	1	1.31214	0.512427	0.512427	1	1	
0.000147231	-nan	0.513523	0.0311354	1	1	1	1	1	1	1.31401	0.513523	0.513523	1	1	
0.000152757	-nan	0.514629	0.0299671	1	1	1	1	1	1	1.31591	0.514629	0.514629	1	1	
0.000158489	-nan	0.515744	0.0288143	1	1	1	1	1	1	1.31784	0.515744	0.515744	1	1	
0.000164437	-nan	0.516868	0.0276773	1	1	1	1	1	1	1.3198	0.516868	0.516868	1	1	
0.000170608	-nan	0.518003	0.0265564	1	1	1	1	1	1	1.32178	0.518003	0.518003	1	1	
0.000177011	-nan	0.519147	0.0254521	1	1	1	1	1	1	1.3238	0.519147	0.519147	1	1	
0.000183654	-nan	0.520301	0.0243648	1	1	1	1	1	1	1.32585	0.520301	0.520301	1	1	
0.000190546	-nan	0.521465	0.0232948	1	1	1	1	1	1	1.32792	0.521465	0.521465	1	1	
0.000197697	-nan	0.52264	0.0222424	1	1	1	1	1	1	1.33003	0.52264	0.52264	1	1	
0.000205116	-nan	0.523825	0.0212082	1	1	1	1	1	1	1.33217	0.523825	0.523825	1	1	
0.000212814	-nan	0.52502	0.0201925	1	1	1	1	1	1	1.33434	0.52502	0.52502	1	1	
0.0002208	-nan	0.526226	0.0191957	1	1	1	1	1	1	1.33654	0.526226	0.526226	1	1	
0.000229087	-nan	0.527442	0.0182183	1	1	1	1	1	1	1.33878	0.527442	0.527442	1	1	
0.000237684	-nan	0.52867	0.0172606	1	1	1	1	1	1	1.34105	0.52867	0.52867	1	1	
0.000246604	-nan	0.529908	0.016323	1	1	1	1	1	1	1.34335	0.529908	0.529908	1	1	
0.000255859	-nan	0.531158	0.0154061	1	1	1	1	1	1	1.34569	0.531158	0.531158	1	1	
0.000265461	-nan	0.532419	0.0145103	1	1	1	1	1	1	1.34806	0.532419	0.532419	1	1	
0.000275423	-nan	0.533692	0.013636	1	1	1	1	1	1	1.35047	0.533692	0.533692	1	1	
0.000285759	-nan	0.534976	0.0127837	1	1	1	1	1	1	1.35292	0.534976	0.534976	1	1	
0.000296483	-nan	0.536272	0.0119538	1	1	1	1	1	1	1.3554	0.536272	0.536272	1	1	
0.00030761	-nan	0.53758	0.0111469	1	1	1	1	1	1	1.35793	0.53758	0.53758	1	1	
0.000319154	-nan	0.5389	0.0103633	1	1	1	1	1	1	1.36049	0.5389	0.5389	1	1	
0.000331131	-nan	0.540233	0.00960371	1	1	1	1	1	1	1.36309	0.540233	0.540233	1	1	
0.000343558	-nan	0.541578	0.00886849	1	1	1	1	1	1	1.36573	0.541578	0.541578	1	1	
0.000356451	-nan	0.542935	0.00815819	1	1	1	1	1	1	1.36841	0.542935	0.542935	1	1	
0.000369828	-nan	0.544306	0.00747332	1	1	1	1	1	1	1.37113	0.544306	0.544306	1	1	
0.000383707	-nan	0.545689	0.00681442	1	1	1	1	1	1	1.37389	0.545689	0.545689	1	1	
0.000398107	-nan	0.547085	0.00618203	1	1	1	1	1	1	1.3767	0.547085	0.547085	1	1	
0.000413048	-nan	0.548495	0.0055767	1	1	1	1	1	1	1.37955	0.548495	0.548495	1	1	
0.000428549	-nan	0.549919	0.00499898	1	1	1	1	1	1	1.38245	0.549919	0.549919	1	1	
0.000444631	-nan	0.551356	0.00444945	1	1	1	1	1	1	1.38539	0.551356	0.551356	1	1	
0.000461318	-nan	0.552807	0.00392868	1	1	1	1	1	1	1.38838	0.552807	0.552807	1	1	
0.00047863	-nan	0.554272	0.00343728	1	1	1	1	1	1	1.39141	0.554272	0.554272	1	1	
0.000496592	-nan	0.555751	0.00297584	1	1	1	1	1	1	1.3945	0.555751	0.555751	1	1	
0.000515229	-nan	0.557245	0.00254497	1	1	1	1	1	1	1.39763	0.557245	0.557245	1	1	
0.000534564	-nan	0.558754	0.00214531	1	1	1	1	1	1	1.40081	0.558754	0.558754	1	1	
0.000554626	-nan	0.560278	0.0017775	1	1	1	1	1	1	1.40404	0.560278	0.560278	1	1	
0.00057544	-nan	0.561817	0.00144218	1	1	1	1	1	1	1.40733	0.561817	0.561817	1	1	
0.000597035	-nan	0.563371	0.00114002	1	1	1	1	1	1	1.41066	0.563371	0.563371	1	1	
0.000619441	-nan	0.564941	0.000871704	1	1	1	1	1	1	1.41405	0.564941	0.564941	1	1	
0.000642688	-nan	0.566526	0.000637917	1	1	1	1	1	1	1.41749	0.566526	0.566526	1	1	
0.000666807	-nan	0.568128	0.000439366	1	1	1	1	1	1	1.42099	0.568128	0.568128	1	1	
0.000691831	-nan	0.569746	0.000276773	1	1	1	1	1	1	1.42455	0.569746	0.569746	1	1	
0.000717794	-nan	0.57138	0.000150873	1	1	1	1	1	1	1.42816	0.57138	0.57138	1	1	
0.000744732	-nan	0.573032	6.24151e-05	1	1	1	1	1	1	1.43183	0.573032	0.573032	1	1	
0.000772681	-nan	0.5747	1.21668e-05	1	1	1	1	1	1	1.43557	0.5747	0.5747	1	1	
0.000801678	-nan	0.576385	9.10045e-07	1	1	1	1	1	1	1.43936	0.576385	0.576385	1	1	
0.000831764	-nan	0.578088	2.94435e-05	1	1	1	1	1	1	1.44321	0.578088	0.578088	1	1	
0.000862979	-nan	0.579809	9.8583e-05	1	1	1	1	1	1	1.44713	0.579809	0.579809	1	1	
0.000895365	-nan	0.581548	0.000209162	1	1	1	1	1	1	1.45111	0.581548	0.581548	1	1	
0.000928966	-nan	0.583305	0.000362031	1	1	1	1	1	1	1.45516	0.583305	0.583305	1	1	
0.000963829	-nan	0.58508	0.000558061	1	1	1	1	1	1	1.45927	0.58508	0.58508	1	1	
0.001	-nan	0.586874	0.00079814	1	1	1	1	1	1	1.46346	0.586874	0.586874	1	1	
0.00103753	-nan	0.588688	0.00108318	1	1	1	1	1	1	1.46771	0.588688	0.588688	1	1	
0.00107647	-nan	0.59052	0.0014141	1	1	1	1	1	1	1.47203	0.59052	0.59052	1	1	
0.00111686	-nan	0.592373	0.00179185	1	1	1	1	1	1	1.47643	0.592373	0.592373	1	1	
0.00115878	-nan	0.594245	0.00221741	1	1	1	1	1	1	1.4809	0.594245	0.594245	1	1	
0.00120226	-nan	0.596137	0.00269177	1	1	1	1	1	1	1.48544	0.596137	0.596137	1	1	
0.00124738	-nan	0.59805	0.00321593	1	1	1	1	1	1	1.49006	0.59805	0.59805	1	1	
0.0012942	-nan	0.599984	0.00379094	1	1	1	1	1	1	1.49476	0.599984	0.599984	1	1	
0.00134276	-nan	0.601938	0.00441786	1	1	1	1	1	1	1.49953	0.601938	0.601938	1	1	
0.00139316	-nan	0.603914	0.00509777	1	1	1	1	1	1	1.50439	0.603914	0.603914	1	1	
0.00144544	-nan	0.605911	0.00583179	1	1	1	1	1	1	1.50933	0.605911	0.605911	1	1	
0.00149968	-nan	0.607931	0.00662104	1	1	1	1	1	1	1.51436	0.607931	0.607931	1	1	
0.00155597	-nan	0.609973	0.00746668	1	1	1	1	1	1	1.51947	0.609973	0.609973	1	1	
0.00161436	-nan	0.612037	0.00836992	1	1	1	1	1	1	1.52467	0.612037	0.612037	1	1	
0.00167494	-nan	0.614124	0.00933196	1	1	1	1	1	1	1.52995	0.614124	0.614124	1	1	
0.0017378	-nan	0.616234	0.010354	1	1	1	1	1	1	1.53533	0.616234	0.616234	1	1	
0.00180302	-nan	0.618368	0.0114374	1	1	1	1	1	1	1.5408	0.618368	0.618368	1	1	
0.00187068	-nan	0.620525	0.0125835	1	1	1	1	1	1	1.54637	0.620525	0.620525	1	1	
0.00194089	-nan	0.622707	0.0137935	1	1	1	1	1	1	1.55203	0.622707	0.622707	1	1	
0.00201372	-nan	0.624913	0.0150688	1	1	1	1	1	1	1.55779	0.624913	0.624913	1	1	
0.0020893	-nan	0.627143	0.0164108	1	1	1	1	1	1	1.56366	0.627143	0.627143	1	1	
0.0021677	-nan	0.629399	0.017821	1	1	1	1	1	1	1.56962	0.629399	0.629399	1	1	
0.00224905	-nan	0.63168	0.0193008	1	1	1	1	1	1	1.57569	0.63168	0.63168	1	1	
0.00233346	-nan	0.633986	0.0208517	1	1	1	1	1	1	1.58186	0.633986	0.633986	1	1	
0.00242103	-nan	0.636319	0.0224753	1	1	1	1	1	1	1.58815	0.636319	0.636319	1	1	
0.00251189	-nan	0.638678	0.0241731	1	1	1	1	1	1	1.59454	0.638678	0.638678	1	1	
0.00260615	-nan	0.641063	0.0259467	1	1	1	1	1	1	1.60105	0.641063	0.641063	1	1	
0.00270396	-nan	0.643476	0.0277978	1	1	1	1	1	1	1.60768	0.643476	0.643476	1	1	
0.00280543	-nan	0.645915	0.0297281	1	1	1	1	1	1	1.61442	0.645915	0.645915	1	1	
0.00291072	-nan	0.648382	0.0317393	1	1	1	1	1	1	1.62128	0.648382	0.648382	1	1	
0.00301995	-nan	0.650877	0.0338331	1	1	1	1	1	1	1.62827	0.650877	0.650877	1	1	
0.00313329	-nan	0.6534	0.0360114	1	1	1	1	1	1	1.63538	0.6534	0.6534	1	1	
0.00325087	-nan	0.655951	0.038276	1	1	1	1	1	1	1.64261	0.655951	0.655951	1	1	
0.00337287	-nan	0.658532	0.0406289	1	1	1	1	1	1	1.64998	0.658532	0.658532	1	1	
0.00349945	-nan	0.661141	0.0430719	1	1	1	1	1	1	1.65748	0.661141	0.661141	1	1	
0.00363078	-nan	0.663779	0.0456071	1	1	1	1	1	1	1.66512	0.663779	0.663779	1	1	
0.00376704	-nan	0.666447	0.0482365	1	1	1	1	1	1	1.6729	0.666447	0.666447	1	1	
0.00390841	-nan	0.669145	0.0509621	1	1	1	1	1	1	1.68081	0.669145	0.669145	1	1	
0.00405509	-nan	0.671872	0.0537861	1	1	1	1	1	1	1.68888	0.671872	0.671872	1	1	
0.00420727	-nan	0.67463	0.0567107	1	1	1	1	1	1	1.69708	0.67463	0.67463	1	1	
0.00436516	-nan	0.677419	0.0597381	1	1	1	1	1	1	1.70544	0.677419	0.677419	1	1	
0.00452898	-nan	0.680239	0.0628706	1	1	1	1	1	1	1.71396	0.680239	0.680239	1	1	
0.00469894	-nan	0.683089	0.0661105	1	1	1	1	1	1	1.72263	0.683089	0.683089	1	1	
0.00487528	-nan	0.685971	0.0694603	1	1	1	1	1	1	1.73146	0.685971	0.685971	1	1	
0.00505825	-nan	0.688885	0.0729223	1	1	1	1	1	1	1.74045	0.688885	0.688885	1	1	
0.00524807	-nan	0.69183	0.076499	1	1	1	1	1	1	1.74961	0.69183	0.69183	1	1	
0.00544503	-nan	0.694807	0.080193	1	1	1	1	1	1	1.75894	0.694807	0.694807	1	1	
0.00564937	-nan	0.697816	0.0840069	1	1	1	1	1	1	1.76844	0.697816	0.697816	1	1	
0.00586138	-nan	0.700857	0.0879434	1	1	1	1	1	1	1.77812	0.700857	0.700857	1	1	
0.00608135	-nan	0.70393	0.0920052	1	1	1	1	1	1	1.78798	0.70393	0.70393	1	1	
0.00630957	-nan	0.707036	0.096195	1	1	1	1	1	1	1.79803	0.707036	0.707036	1	1	
0.00654636	-nan	0.710175	0.100516	1	1	1	1	1	1	1.80826	0.710175	0.710175	1	1	
0.00679204	-nan	0.713347	0.10497	1	1	1	1	1	1	1.81869	0.713347	0.713347	1	1	
0.00704693	-nan	0.716551	0.109562	1	1	1	1	1	1	1.82931	0.716551	0.716551	1	1	
0.00731139	-nan	0.719788	0.114293	1	1	1	1	1	1	1.84014	0.719788	0.719788	1	1	
0.00758578	-nan	0.723059	0.119167	1	1	1	1	1	1	1.85117	0.723059	0.723059	1	1	
0.00787046	-nan	0.726362	0.124187	1	1	1	1	1	1	1.86241	0.726362	0.726362	1	1	
0.00816582	-nan	0.729699	0.129356	1	1	1	1	1	1	1.87386	0.729699	0.729699	1	1	
0.00847227	-nan	0.733068	0.134678	1	1	1	1	1	1	1.88553	0.733068	0.733068	1	1	
0.00879023	-nan	0.736471	0.140155	1	1	1	1	1	1	1.89742	0.736471	0.736471	1	1	
0.00912011	-nan	0.739906	0.145792	1	1	1	1	1	1	1.90954	0.739906	0.739906	1	1	
0.00946237	-nan	0.743375	0.151591	1	1	1	1	1	1	1.92189	0.743375	0.743375	1	1	
0.00981748	-nan	0.746877	0.157557	1	1	1	1	1	1	1.93447	0.746877	0.746877	1	1	
0.0101859	-nan	0.750412	0.163692	1	1	1	1	1	1	1.9473	0.750412	0.750412	1	1	
0.0105682	-nan	0.753979	0.170001	1	1	1	1	1	1	1.96038	0.753979	0.753979	1	1	
0.0109648	-nan	0.757579	0.176487	1	1	1	1	1	1	1.9737	0.757579	0.757579	1	1	
0.0113763	-nan	0.761212	0.183154	1	1	1	1	1	1	1.98729	0.761212	0.761212	1	1	
0.0118032	-nan	0.764877	0.190005	1	1	1	1	1	1	2.00113	0.764877	0.764877	1	1	
0.0122462	-nan	0.768575	0.197045	1	1	1	1	1	1	2.01525	0.768575	0.768575	1	1	
0.0127057	-nan	0.772304	0.204278	1	1	1	1	1	1	2.02963	0.772304	0.772304	1	1	
0.0131826	-nan	0.776066	0.211707	1	1	1	1	1	1	2.0443	0.776066	0.776066	1	1	
0.0136773	-nan	0.779859	0.219336	1	1	1	1	1	1	2.05925	0.779859	0.779859	1	1	
0.0141906	-nan	0.783684	0.22717	1	1	1	1	1	1	2.07449	0.783684	0.783684	1	1	
0.0147231	-nan	0.78754	0.235214	1	1	1	1	1	1	2.09002	0.78754	0.78754	1	1	
0.0152757	-nan	0.791426	0.24347	1	1	1	1	1	1	2.10586	0.791426	0.791426	1	1	
0.0158489	-nan	0.795344	0.251943	1	1	1	1	1	1	2.12201	0.795344	0.795344	1	1	
0.0164437	-nan	0.799292	0.260639	1	1	1	1	1	1	2.13847	0.799292	0.799292	1	1	
0.0170608	-nan	0.80327	0.26956	1	1	1	1	1	1	2.15525	0.80327	0.80327	1	1	
0.0177011	-nan	0.807277	0.278712	1	1	1	1	1	1	2.17236	0.807277	0.807277	1	1	
0.0183654	-nan	0.811315	0.288098	1	1	1	1	1	1	2.18981	0.811315	0.811315	1	1	
0.0190546	-nan	0.815381	0.297724	1	1	1	1	1	1	2.20759	0.815381	0.815381	1	1	
0.0197697	-nan	0.819476	0.307594	1	1	1	1	1	1	2.22573	0.819476	0.819476	1	1	
0.0205116	-nan	0.8236	0.317712	1	1	1	1	1	1	2.24422	0.8236	0.8236	1	1	
0.0212814	-nan	0.827751	0.328083	1	1	1	1	1	1	2.26307	0.827751	0.827751	1	1	
0.02208	-nan	0.831931	0.338712	1	1	1	1	1	1	2.28229	0.831931	0.831931	1	1	
0.0229087	-nan	0.836137	0.349603	1	1	1	1	1	1	2.30188	0.836137	0.836137	1	1	
0.0237684	-nan	0.840371	0.360761	1	1	1	1	1	1	2.32186	0.840371	0.840371	1	1	
0.0246604	-nan	0.844631	0.372191	1	1	1	1	1	1	2.34223	0.844631	0.844631	1	1	
0.0255859	-nan	0.848917	0.383897	1	1	1	1	1	1	2.363	0.848917	0.848917	1	1	
0.0265461	-nan	0.853229	0.395884	1	1	1	1	1	1	2.38418	0.853229	0.853229	1	1	
0.0275423	-nan	0.857567	0.408157	1	1	1	1	1	1	2.40577	0.857567	0.857567	1	1	
0.0285759	-nan	0.86193	0.42072	1	1	1	1	1	1	2.42778	0.86193	0.86193	1	1	
0.0296483	-nan	0.866317	0.433578	1	1	1	1	1	1	2.45023	0.866317	0.866317	1	1	
0.030761	-nan	0.870729	0.446736	1	1	1	1	1	1	2.47311	0.870729	0.870729	1	1	
0.0319154	-nan	0.875165	0.460198	1	1	1	1	1	1	2.49644	0.875165	0.875165	1	1	
0.0331131	-nan	0.879624	0.473969	1	1	1	1	1	1	2.52022	0.879624	0.879624	1	1	
0.0343558	-nan	0.884107	0.488053	1	1	1	1	1	1	2.54447	0.884107	0.884107	1	1	
0.0356451	-nan	0.888613	0.502456	1	1	1	1	1	1	2.5692	0.888613	0.888613	1	1	
0.0369828	-nan	0.893141	0.517181	1	1	1	1	1	1	2.5944	0.893141	0.893141	1	1	
0.0383707	-nan	0.897692	0.532233	1	1	1	1	1	1	2.62009	0.897692	0.897692	1	1	
0.0398107	-nan	0.902264	0.547616	1	1	1	1	1	1	2.64628	0.902264	0.902264	1	1	
0.0413048	-nan	0.906859	0.563335	1	1	1	1	1	1	2.67298	0.906859	0.906859	1	1	
0.0428549	-nan	0.911475	0.579394	1	1	1	1	1	1	2.7002	0.911475	0.911475	1	1	
0.0444631	-nan	0.916113	0.595797	1	1	1	1	1	1	2.72794	0.916113	0.916113	1	1	
0.0461318	-nan	0.920771	0.612548	1	1	1	1	1	1	2.75621	0.920771	0.920771	1	1	
0.047863	-nan	0.92545	0.629651	1	1	1	1	1	1	2.78503	0.92545	0.92545	1	1	
0.0496592	-nan	0.93015	0.647109	1	1	1	1	1	1	2.8144	0.93015	0.93015	1	1	
0.0515229	-nan	0.934871	0.664927	1	1	1	1	1	1	2.84434	0.934871	0.934871	1	1	
0.0534564	-nan	0.939612	0.683108	1	1	1	1	1	1	2.87485	0.939612	0.939612	1	1	
0.0554626	-nan	0.944372	0.701655	1	1	1	1	1	1	2.90594	0.944372	0.944372	1	1	
0.057544	-nan	0.949153	0.720571	1	1	1	1	1	1	2.93761	0.949153	0.949153	1	1	
0.0597035	-nan	0.953954	0.73986	1	1	1	1	1	1	2.96989	0.953954	0.953954	1	1	
0.0619441	-nan	0.958775	0.759524	1	1	1	1	1	1	3.00278	0.958775	0.958775	1	1	
0.0642688	-nan	0.963616	0.779566	1	1	1	1	1	1	3.03629	0.963616	0.963616	1	1	
0.0666807	-nan	0.968476	0.799988	1	1	1	1	1	1	3.07043	0.968476	0.968476	1	1	
0.0691831	-nan	0.973356	0.820793	1	1	1	1	1	1	3.1052	0.973356	0.973356	1	1	
0.0717794	-nan	0.978256	0.841982	1	1	1	1	1	1	3.14062	0.978256	0.978256	1	1	
0.0744732	-nan	0.983176	0.863557	1	1	1	1	1	1	3.1767	0.983176	0.983176	1	1	
0.0772681	-nan	0.988115	0.885518	1	1	1	1	1	1	3.21344	0.988115	0.988115	1	1	
0.0801678	-nan	0.993074	0.907869	1	1	1	1	1	1	3.25086	0.993074	0.993074	1	1	
0.0831764	-nan	0.998053	0.930608	1	1	1	1	1	1	3.28896	0.998053	0.998053	1	1	
0.0862979	-nan	1.00305	0.953736	1	1	1	1	1	1	3.32775	1.00305	1.00305	1	1	
0.0895365	-nan	1.00807	0.977254	1	1	1	1	1	1	3.36725	1.00807	1.00807	1	1	
0.0928966	-nan	1.01311	1.00116	1	1	1	1	1	1	3.40745	1.01311	1.01311	1	1	
0.0963829	-nan	1.01817	1.02545	1	1	1	1	1	1	3.44837	1.01817	1.01817	1	1	
0.1	-nan	1.02325	1.05014	1	1	1	1	1	1	3.49002	1.02325	1.02325	1	1	
0.103614	-nan	1.02816	1.07429	1	1	1	1	1	1	3.53086	1.02816	1.02816	1	1	
0.107229	-nan	1.03293	1.09795	1	1	1	1	1	1	3.57095	1.03293	1.03293	1	1	
0.110843	-nan	1.03755	1.12114	1	1	1	1	1	1	3.61033	1.03755	1.03755	1	1	
0.114458	-nan	1.04204	1.14387	1	1	1	1	1	1	3.64902	1.04204	1.04204	1	1	
0.118072	-nan	1.04641	1.16618	1	1	1	1	1	1	3.68707	1.04641	1.04641	1	1	
0.121687	-nan	1.05066	1.18806	1	1	1	1	1	1	3.72449	1.05066	1.05066	1	1	
0.125301	-nan	1.05479	1.20953	1	1	1	1	1	1	3.76131	1.05479	1.05479	1	1	
0.128916	-nan	1.05883	1.23062	1	1	1	1	1	1	3.79755	1.05883	1.05883	1	1	
0.13253	-nan	1.06276	1.25133	1	1	1	1	1	1	3.83323	1.06276	1.06276	1	1	
0.136145	-nan	1.0666	1.27167	1	1	1	1	1	1	3.86838	1.0666	1.0666	1	1	
0.139759	-nan	1.07035	1.29166	1	1	1	1	1	1	3.90301	1.07035	1.07035	1	1	
0.143373	-nan	1.07401	1.3113	1	1	1	1	1	1	3.93714	1.07401	1.07401	1	1	
0.146988	-nan	1.0776	1.33062	1	1	1	1	1	1	3.97079	1.0776	1.0776	1	1	
0.150602	-nan	1.0811	1.34961	1	1	1	1	1	1	4.00398	1.0811	1.0811	1	1	
0.154217	-nan	1.08453	1.36829	1	1	1	1	1	1	4.03671	1.08453	1.08453	1	1	
0.157831	-nan	1.08789	1.38667	1	1	1	1	1	1	4.069	1.08789	1.08789	1	1	
0.161446	-nan	1.09119	1.40475	1	1	1	1	1	1	4.10087	1.09119	1.09119	1	1	
0.16506	-nan	1.09441	1.42255	1	1	1	1	1	1	4.13232	1.09441	1.09441	1	1	
0.168675	-nan	1.09758	1.44007	1	1	1	1	1	1	4.16337	1.09758	1.09758	1	1	
0.172289	-nan	1.10068	1.45732	1	1	1	1	1	1	4.19403	1.10068	1.10068	1	1	
0.175904	-nan	1.10373	1.4743	1	1	1	1	1	1	4.22432	1.10373	1.10373	1	1	
0.179518	-nan	1.10672	1.49103	1	1	1	1	1	1	4.25423	1.10672	1.10672	1	1	
0.183133	-nan	1.10966	1.50751	1	1	1	1	1	1	4.28379	1.10966	1.10966	1	1	
0.186747	-nan	1.11255	1.52374	1	1	1	1	1	1	4.31299	1.11255	1.11255	1	1	
0.190361	-nan	1.11539	1.53974	1	1	1	1	1	1	4.34186	1.11539	1.11539	1	1	
0.193976	-nan	1.11818	1.5555	1	1	1	1	1	1	4.37039	1.11818	1.11818	1	1	
0.19759	-nan	1.12092	1.57104	1	1	1	1	1	1	4.39859	1.12092	1.12092	1	1	
0.201205	-nan	1.12362	1.58636	1	1	1	1	1	1	4.42648	1.12362	1.12362	1	1	
0.204819	-nan	1.12628	1.60146	1	1	1	1	1	1	4.45406	1.12628	1.12628	1	1	
0.208434	-nan	1.1289	1.61635	1	1	1	1	1	1	4.48133	1.1289	1.1289	1	1	
0.212048	-nan	1.13147	1.63104	1	1	1	1	1	1	4.50831	1.13147	1.13147	1	1	
0.215663	-nan	1.13401	1.64552	1	1	1	1	1	1	4.53499	1.13401	1.13401	1	1	
0.219277	-nan	1.13651	1.65981	1	1	1	1	1	1	4.5614	1.13651	1.13651	1	1	
0.222892	-nan	1.13897	1.67391	1	1	1	1	1	1	4.58752	1.13897	1.13897	1	1	
0.226506	-nan	1.1414	1.68782	1	1	1	1	1	1	4.61337	1.1414	1.1414	1	1	
0.23012	-nan	1.14379	1.70155	1	1	1	1	1	1	4.63896	1.14379	1.14379	1	1	
0.233735	-nan	1.14615	1.71509	1	1	1	1	1	1	4.66428	1.14615	1.14615	1	1	
0.237349	-nan	1.14847	1.72846	1	1	1	1	1	1	4.68935	1.14847	1.14847	1	1	
0.240964	-nan	1.15077	1.74166	1	1	1	1	1	1	4.71417	1.15077	1.15077	1	1	
0.244578	-nan	1.15303	1.75469	1	1	1	1	1	1	4.73873	1.15303	1.15303	1	1	
0.248193	-nan	1.15527	1.76755	1	1	1	1	1	1	4.76306	1.15527	1.15527	1	1	
0.251807	-nan	1.15747	1.78026	1	1	1	1	1	1	4.78715	1.15747	1.15747	1	1	
0.255422	-nan	1.15965	1.7928	1	1	1	1	1	1	4.81101	1.15965	1.15965	1	1	
0.259036	-nan	1.1618	1.80519	1	1	1	1	1	1	4.83463	1.1618	1.1618	1	1	
0.262651	-nan	1.16392	1.81743	1	1	1	1	1	1	4.85803	1.16392	1.16392	1	1	
0.266265	-nan	1.16602	1.82952	1	1	1	1	1	1	4.88121	1.16602	1.16602	1	1	
0.26988	-nan	1.16809	1.84146	1	1	1	1	1	1	4.90417	1.16809	1.16809	1	1	
0.273494	-nan	1.17014	1.85326	1	1	1	1	1	1	4.92692	1.17014	1.17014	1	1	
0.277108	-nan	1.17216	1.86492	1	1	1	1	1	1	4.94945	1.17216	1.17216	1	1	
0.280723	-nan	1.17416	1.87644	1	1	1	1	1	1	4.97178	1.17416	1.17416	1	1	
0.284337	-nan	1.17614	1.88783	1	1	1	1	1	1	4.9939	1.17614	1.17614	1	1	
0.287952	-nan	1.17809	1.89908	1	1	1	1	1	1	5.01583	1.17809	1.17809	1	1	
0.291566	-nan	1.18002	1.91021	1	1	1	1	1	1	5.03755	1.18002	1.18002	1	1	
0.295181	-nan	1.18193	1.92121	1	1	1	1	1	1	5.05908	1.18193	1.18193	1	1	
0.298795	-nan	1.18383	1.93208	1	1	1	1	1	1	5.08042	1.18383	1.18383	1	1	
0.30241	-nan	1.1857	1.94283	1	1	1	1	1	1	5.10157	1.1857	1.1857	1	1	
0.306024	-nan	1.18755	1.95346	1	1	1	1	1	1	5.12253	1.18755	1.18755	1	1	
0.309639	-nan	1.18938	1.96397	1	1	1	1	1	1	5.14331	1.18938	1.18938	1	1	
0.313253	-nan	1.19119	1.97436	1	1	1	1	1	1	5.16391	1.19119	1.19119	1	1	
0.316867	-nan	1.19299	1.98464	1	1	1	1	1	1	5.18433	1.19299	1.19299	1	1	
0.320482	-nan	1.19476	1.99481	1	1	1	1	1	1	5.20457	1.19476	1.19476	1	1	
0.324096	-nan	1.19652	2.00487	1	1	1	1	1	1	5.22464	1.19652	1.19652	1	1	
0.327711	-nan	1.19827	2.01482	1	1	1	1	1	1	5.24454	1.19827	1.19827	1	1	
0.331325	-nan	1.19999	2.02466	1	1	1	1	1	1	5.26427	1.19999	1.19999	1	1	
0.33494	-nan	1.2017	2.0344	1	1	1	1	1	1	5.28384	1.2017	1.2017	1	1	
0.338554	-nan	1.20339	2.04404	1	1	1	1	1	1	5.30323	1.20339	1.20339	1	1	
0.342169	-nan	1.20507	2.05358	1	1	1	1	1	1	5.32247	1.20507	1.20507	1	1	
0.345783	-nan	1.20674	2.06302	1	1	1	1	1	1	5.34155	1.20674	1.20674	1	1	
0.349398	-nan	1.20838	2.07236	1	1	1	1	1	1	5.36046	1.20838	1.20838	1	1	
0.353012	-nan	1.21002	2.0816	1	1	1	1	1	1	5.37922	1.21002	1.21002	1	1	
0.356627	-nan	1.21164	2.09075	1	1	1	1	1	1	5.39783	1.21164	1.21164	1	1	
0.360241	-nan	1.21324	2.09981	1	1	1	1	1	1	5.41629	1.21324	1.21324	1	1	
0.363855	-nan	1.21483	2.10878	1	1	1	1	1	1	5.43459	1.21483	1.21483	1	1	
0.36747	-nan	1.21641	2.11766	1	1	1	1	1	1	5.45274	1.21641	1.21641	1	1	
0.371084	-nan	1.21798	2.12645	1	1	1	1	1	1	5.47075	1.21798	1.21798	1	1	
0.374699	-nan	1.21953	2.13515	1	1	1	1	1	1	5.48861	1.21953	1.21953	1	1	
0.378313	-nan	1.22108	2.14377	1	1	1	1	1	1	5.50633	1.22108	1.22108	1	1	
0.381928	-nan	1.2226	2.15231	1	1	1	1	1	1	5.5239	1.2226	1.2226	1	1	
0.385542	-nan	1.22412	2.16076	1	1	1	1	1	1	5.54134	1.22412	1.22412	1	1	
0.389157	-nan	1.22563	2.16913	1	1	1	1	1	1	5.55864	1.22563	1.22563	1	1	
0.392771	-nan	1.22712	2.17743	1	1	1	1	1	1	5.57579	1.22712	1.22712	1	1	
0.396386	-nan	1.22861	2.18564	1	1	1	1	1	1	5.59282	1.22861	1.22861	1	1	
0.4	-nan	1.23008	2.19378	1	1	1	1	1	1	5.6097	1.23008	1.23008	1	1	
0.403614	-nan	1.23155	2.20184	1	1	1	1	1	1	5.62646	1.23155	1.23155	1	1	
0.407229	-nan	1.233	2.20982	1	1	1	1	1	1	5.64308	1.233	1.233	1	1	
0.410843	-nan	1.23444	2.21773	1	1	1	1	1	1	5.65958	1.23444	1.23444	1	1	
0.414458	-nan	1.23588	2.22557	1	1	1	1	1	1	5.67594	1.23588	1.23588	1	1	
0.418072	-nan	1.2373	2.23334	1	1	1	1	1	1	5.69218	1.2373	1.2373	1	1	
0.421687	-nan	1.23872	2.24104	1	1	1	1	1	1	5.70829	1.23872	1.23872	1	1	
0.425301	-nan	1.24012	2.24867	1	1	1	1	1	1	5.72428	1.24012	1.24012	1	1	
0.428916	-nan	1.24152	2.25623	1	1	1	1	1	1	5.74014	1.24152	1.24152	1	1	
0.43253	-nan	1.24291	2.26372	1	1	1	1	1	1	5.75588	1.24291	1.24291	1	1	
0.436145	-nan	1.24429	2.27114	1	1	1	1	1	1	5.7715	1.24429	1.24429	1	1	
0.439759	-nan	1.24567	2.2785	1	1	1	1	1	1	5.787	1.24567	1.24567	1	1	
0.443373	-nan	1.24703	2.2858	1	1	1	1	1	1	5.80238	1.24703	1.24703	1	1	
0.446988	-nan	1.24839	2.29303	1	1	1	1	1	1	5.81764	1.24839	1.24839	1	1	
0.450602	-nan	1.24974	2.3002	1	1	1	1	1	1	5.83279	1.24974	1.24974	1	1	
0.454217	-nan	1.25108	2.30731	1	1	1	1	1	1	5.84782	1.25108	1.25108	1	1	
0.457831	-nan	1.25242	2.31435	1	1	1	1	1	1	5.86273	1.25242	1.25242	1	1	
0.461446	-nan	1.25375	2.32134	1	1	1	1	1	1	5.87754	1.25375	1.25375	1	1	
0.46506	-nan	1.25507	2.32827	1	1	1	1	1	1	5.89223	1.25507	1.25507	1	1	
0.468675	-nan	1.25639	2.33514	1	1	1	1	1	1	5.90681	1.25639	1.25639	1	1	
0.472289	-nan	1.2577	2.34195	1	1	1	1	1	1	5.92128	1.2577	1.2577	1	1	
0.475904	-nan	1.259	2.3487	1	1	1	1	1	1	5.93564	1.259	1.259	1	1	
0.479518	-nan	1.2603	2.3554	1	1	1	1	1	1	5.94989	1.2603	1.2603	1	1	
0.483133	-nan	1.26159	2.36204	1	1	1	1	1	1	5.96404	1.26159	1.26159	1	1	
0.486747	-nan	1.26288	2.36863	1	1	1	1	1	1	5.97808	1.26288	1.26288	1	1	
0.490361	-nan	1.26416	2.37516	1	1	1	1	1	1	5.99201	1.26416	1.26416	1	1	
0.493976	-nan	1.26544	2.38164	1	1	1	1	1	1	6.00584	1.26544	1.26544	1	1	
0.49759	-nan	1.26671	2.38807	1	1	1	1	1	1	6.01957	1.26671	1.26671	1	1	
0.501205	-nan	1.26798	2.39444	1	1	1	1	1	1	6.03319	1.26798	1.26798	1	1	
0.504819	-nan	1.26924	2.40076	1	1	1	1	1	1	6.04672	1.26924	1.26924	1	1	
0.508434	-nan	1.27049	2.40704	1	1	1	1	1	1	6.06014	1.27049	1.27049	1	1	
0.512048	-nan	1.27175	2.41326	1	1	1	1	1	1	6.07346	1.27175	1.27175	1	1	
0.515663	-nan	1.273	2.41943	1	1	1	1	1	1	6.08668	1.273	1.273	1	1	
0.519277	-nan	1.27424	2.42555	1	1	1	1	1	1	6.09981	1.27424	1.27424	1	1	
0.522892	-nan	1.27548	2.43163	1	1	1	1	1	1	6.11284	1.27548	1.27548	1	1	
0.526506	-nan	1.27672	2.43765	1	1	1	1	1	1	6.12577	1.27672	1.27672	1	1	
0.53012	-nan	1.27795	2.44363	1	1	1	1	1	1	6.13861	1.27795	1.27795	1	1	
0.533735	-nan	1.27918	2.44957	1	1	1	1	1	1	6.15135	1.27918	1.27918	1	1	
0.537349	-nan	1.2804	2.45545	1	1	1	1	1	1	6.16399	1.2804	1.2804	1	1	
0.540964	-nan	1.28163	2.46129	1	1	1	1	1	1	6.17655	1.28163	1.28163	1	1	
0.544578	-nan	1.28285	2.46709	1	1	1	1	1	1	6.18901	1.28285	1.28285	1	1	
0.548193	-nan	1.28406	2.47284	1	1	1	1	1	1	6.20138	1.28406	1.28406	1	1	
0.551807	-nan	1.28528	2.47854	1	1	1	1	1	1	6.21366	1.28528	1.28528	1	1	
0.555422	-nan	1.28649	2.48421	1	1	1	1	1	1	6.22584	1.28649	1.28649	1	1	
0.559036	-nan	1.28769	2.48982	1	1	1	1	1	1	6.23794	1.28769	1.28769	1	1	
0.562651	-nan	1.2889	2.4954	1	1	1	1	1	1	6.24995	1.2889	1.2889	1	1	
0.566265	-nan	1.2901	2.50093	1	1	1	1	1	1	6.26187	1.2901	1.2901	1	1	
0.56988	-nan	1.2913	2.50642	1	1	1	1	1	1	6.27371	1.2913	1.2913	1	1	
0.573494	-nan	1.2925	2.51187	1	1	1	1	1	1	6.28545	1.2925	1.2925	1	1	
0.577108	-nan	1.29369	2.51728	1	1	1	1	1	1	6.29711	1.29369	1.29369	1	1	
0.580723	-nan	1.29489	2.52265	1	1	1	1	1	1	6.30869	1.29489	1.29489	1	1	
0.584337	-nan	1.29608	2.52797	1	1	1	1	1	1	6.32018	1.29608	1.29608	1	1	
0.587952	-nan	1.29727	2.53326	1	1	1	1	1	1	6.33158	1.29727	1.29727	1	1	
0.591566	-nan	1.29846	2.5385	1	1	1	1	1	1	6.34291	1.29846	1.29846	1	1	
0.595181	-nan	1.29964	2.54371	1	1	1	1	1	1	6.35415	1.29964	1.29964	1	1	
0.598795	-nan	1.30083	2.54888	1	1	1	1	1	1	6.3653	1.30083	1.30083	1	1	
0.60241	-nan	1.30201	2.55401	1	1	1	1	1	1	6.37638	1.30201	1.30201	1	1	
0.606024	-nan	1.30319	2.5591	1	1	1	1	1	1	6.38737	1.30319	1.30319	1	1	
0.609639	-nan	1.30437	2.56415	1	1	1	1	1	1	6.39829	1.30437	1.30437	1	1	
0.613253	-nan	1.30555	2.56917	1	1	1	1	1	1	6.40912	1.30555	1.30555	1	1	
0.616867	-nan	1.30673	2.57415	1	1	1	1	1	1	6.41988	1.30673	1.30673	1	1	
0.620482	-nan	1.30791	2.57909	1	1	1	1	1	1	6.43055	1.30791	1.30791	1	1	
0.624096	-nan	1.30908	2.58399	1	1	1	1	1	1	6.44115	1.30908	1.30908	1	1	
0.627711	-nan	1.31026	2.58886	1	1	1	1	1	1	6.45167	1.31026	1.31026	1	1	
0.631325	-nan	1.31143	2.59369	1	1	1	1	1	1	6.46212	1.31143	1.31143	1	1	
0.63494	-nan	1.31261	2.59849	1	1	1	1	1	1	6.47248	1.31261	1.31261	1	1	
0.638554	-nan	1.31378	2.60325	1	1	1	1	1	1	6.48277	1.31378	1.31378	1	1	
0.642169	-nan	1.31495	2.60798	1	1	1	1	1	1	6.49299	1.31495	1.31495	1	1	
0.645783	-nan	1.31612	2.61267	1	1	1	1	1	1	6.50313	1.31612	1.31612	1	1	
0.649398	-nan	1.31729	2.61733	1	1	1	1	1	1	6.5132	1.31729	1.31729	1	1	
0.653012	-nan	1.31846	2.62195	1	1	1	1	1	1	6.52319	1.31846	1.31846	1	1	
0.656627	-nan	1.31963	2.62654	1	1	1	1	1	1	6.53311	1.31963	1.31963	1	1	
0.660241	-nan	1.3208	2.63109	1	1	1	1	1	1	6.54296	1.3208	1.3208	1	1	
0.663855	-nan	1.32197	2.63562	1	1	1	1	1	1	6.55274	1.32197	1.32197	1	1	
0.66747	-nan	1.32314	2.6401	1	1	1	1	1	1	6.56244	1.32314	1.32314	1	1	
0.671084	-nan	1.3243	2.64456	1	1	1	1	1	1	6.57208	1.3243	1.3243	1	1	
0.674699	-nan	1.32547	2.64898	1	1	1	1	1	1	6.58164	1.32547	1.32547	1	1	
0.678313	-nan	1.32664	2.65337	1	1	1	1	1	1	6.59113	1.32664	1.32664	1	1	
0.681928	-nan	1.32781	2.65773	1	1	1	1	1	1	6.60056	1.32781	1.32781	1	1	
0.685542	-nan	1.32897	2.66206	1	1	1	1	1	1	6.60991	1.32897	1.32897	1	1	
0.689157	-nan	1.33014	2.66635	1	1	1	1	1	1	6.6192	1.33014	1.33014	1	1	
0.692771	-nan	1.33131	2.67061	1	1	1	1	1	1	6.62841	1.33131	1.33131	1	1	
0.696386	-nan	1.33248	2.67485	1	1	1	1	1	1	6.63756	1.33248	1.33248	1	1	
0.7	-nan	1.33364	2.67905	1	1	1	1	1	1	6.64664	1.33364	1.33364	1	1	
0.703614	-nan	1.33481	2.68322	1	1	1	1	1	1	6.65566	1.33481	1.33481	1	1	
0.707229	-nan	1.33598	2.68736	1	1	1	1	1	1	6.66461	1.33598	1.33598	1	1	
0.710843	-nan	1.33714	2.69146	1	1	1	1	1	1	6.67349	1.33714	1.33714	1	1	
0.714458	-nan	1.33831	2.69554	1	1	1	1	1	1	6.68231	1.33831	1.33831	1	1	
0.718072	-nan	1.33948	2.69959	1	1	1	1	1	1	6.69107	1.33948	1.33948	1	1	
0.721687	-nan	1.34065	2.70361	1	1	1	1	1	1	6.69975	1.34065	1.34065	1	1	
0.725301	-nan	1.34182	2.7076	1	1	1	1	1	1	6.70838	1.34182	1.34182	1	1	
0.728916	-nan	1.34299	2.71156	1	1	1	1	1	1	6.71694	1.34299	1.34299	1	1	
0.73253	-nan	1.34415	2.71549	1	1	1	1	1	1	6.72544	1.34415	1.34415	1	1	
0.736145	-nan	1.34532	2.71939	1	1	1	1	1	1	6.73387	1.34532	1.34532	1	1	
0.739759	-nan	1.34649	2.72327	1	1	1	1	1	1	6.74225	1.34649	1.34649	1	1	
0.743373	-nan	1.34766	2.72711	1	1	1	1	1	1	6.75056	1.34766	1.34766	1	1	
0.746988	-nan	1.34883	2.73093	1	1	1	1	1	1	6.75881	1.34883	1.34883	1	1	
0.750602	-nan	1.35	2.73472	1	1	1	1	1	1	6.767	1.35	1.35	1	1	
0.754217	-nan	1.35118	2.73848	1	1	1	1	1	1	6.77512	1.35118	1.35118	1	1	
0.757831	-nan	1.35235	2.74221	1	1	1	1	1	1	6.78319	1.35235	1.35235	1	1	
0.761446	-nan	1.35352	2.74592	1	1	1	1	1	1	6.7912	1.35352	1.35352	1	1	
0.76506	-nan	1.35469	2.7496	1	1	1	1	1	1	6.79915	1.35469	1.35469	1	1	
0.768675	-nan	1.35586	2.75325	1	1	1	1	1	1	6.80704	1.35586	1.35586	1	1	
0.772289	-nan	1.35704	2.75687	1	1	1	1	1	1	6.81487	1.35704	1.35704	1	1	
0.775904	-nan	1.35821	2.76047	1	1	1	1	1	1	6.82264	1.35821	1.35821	1	1	
0.779518	-nan	1.35938	2.76404	1	1	1	1	1	1	6.83035	1.35938	1.35938	1	1	
0.783133	-nan	1.36056	2.76758	1	1	1	1	1	1	6.83801	1.36056	1.36056	1	1	
0.786747	-nan	1.36173	2.7711	1	1	1	1	1	1	6.84561	1.36173	1.36173	1	1	
0.790361	-nan	1.36291	2.77459	1	1	1	1	1	1	6.85315	1.36291	1.36291	1	1	
0.793976	-nan	1.36408	2.77806	1	1	1	1	1	1	6.86064	1.36408	1.36408	1	1	
0.79759	-nan	1.36526	2.7815	1	1	1	1	1	1	6.86807	1.36526	1.36526	1	1	
0.801205	-nan	1.36644	2.78491	1	1	1	1	1	1	6.87544	1.36644	1.36644	1	1	
0.804819	-nan	1.36761	2.7883	1	1	1	1	1	1	6.88276	1.36761	1.36761	1	1	
0.808434	-nan	1.36879	2.79166	1	1	1	1	1	1	6.89003	1.36879	1.36879	1	1	
0.812048	-nan	1.36997	2.795	1	1	1	1	1	1	6.89724	1.36997	1.36997	1	1	
0.815663	-nan	1.37115	2.79831	1	1	1	1	1	1	6.90439	1.37115	1.37115	1	1	
0.819277	-nan	1.37233	2.8016	1	1	1	1	1	1	6.9115	1.37233	1.37233	1	1	
0.822892	-nan	1.37351	2.80487	1	1	1	1	1	1	6.91854	1.37351	1.37351	1	1	
0.826506	-nan	1.37469	2.80811	1	1	1	1	1	1	6.92554	1.37469	1.37469	1	1	
0.83012	-nan	1.37587	2.81132	1	1	1	1	1	1	6.93248	1.37587	1.37587	1	1	
0.833735	-nan	1.37705	2.81451	1	1	1	1	1	1	6.93937	1.37705	1.37705	1	1	
0.837349	-nan	1.37823	2.81768	1	1	1	1	1	1	6.94621	1.37823	1.37823	1	1	
0.840964	-nan	1.37941	2.82082	1	1	1	1	1	1	6.953	1.37941	1.37941	1	1	
0.844578	-nan	1.38059	2.82394	1	1	1	1	1	1	6.95973	1.38059	1.38059	1	1	
0.848193	-nan	1.38177	2.82704	1	1	1	1	1	1	6.96641	1.38177	1.38177	1	1	
0.851807	-nan	1.38296	2.83011	1	1	1	1	1	1	6.97305	1.38296	1.38296	1	1	
0.855422	-nan	1.38414	2.83316	1	1	1	1	1	1	6.97963	1.38414	1.38414	1	1	
0.859036	-nan	1.38532	2.83619	1	1	1	1	1	1	6.98616	1.38532	1.38532	1	1	
0.862651	-nan	1.38651	2.83919	1	1	1	1	1	1	6.99264	1.38651	1.38651	1	1	
0.866265	-nan	1.38769	2.84217	1	1	1	1	1	1	6.99907	1.38769	1.38769	1	1	
0.86988	-nan	1.38888	2.84513	1	1	1	1	1	1	7.00546	1.38888	1.38888	1	1	
0.873494	-nan	1.39006	2.84807	1	1	1	1	1	1	7.01179	1.39006	1.39006	1	1	
0.877108	-nan	1.39125	2.85098	1	1	1	1	1	1	7.01808	1.39125	1.39125	1	1	
0.880723	-nan	1.39243	2.85387	1	1	1	1	1	1	7.02431	1.39243	1.39243	1	1	
0.884337	-nan	1.39362	2.85674	1	1	1	1	1	1	7.0305	1.39362	1.39362	1	1	
0.887952	-nan	1.39481	2.85959	1	1	1	1	1	1	7.03665	1.39481	1.39481	1	1	
0.891566	-nan	1.39599	2.86241	1	1	1	1	1	1	7.04274	1.39599	1.39599	1	1	
0.895181	-nan	1.39718	2.86522	1	1	1	1	1	1	7.04879	1.39718	1.39718	1	1	
0.898795	-nan	1.39837	2.868	1	1	1	1	1	1	7.05479	1.39837	1.39837	1	1	
0.90241	-nan	1.39955	2.87076	1	1	1	1	1	1	7.06074	1.39955	1.39955	1	1	
0.906024	-nan	1.40074	2.8735	1	1	1	1	1	1	7.06665	1.40074	1.40074	1	1	
0.909639	-nan	1.40193	2.87622	1	1	1	1	1	1	7.07251	1.40193	1.40193	1	1	
0.913253	-nan	1.40312	2.87892	1	1	1	1	1	1	7.07833	1.40312	1.40312	1	1	
0.916867	-nan	1.40431	2.8816	1	1	1	1	1	1	7.0841	1.40431	1.40431	1	1	
0.920482	-nan	1.4055	2.88425	1	1	1	1	1	1	7.08983	1.4055	1.4055	1	1	
0.924096	-nan	1.40668	2.88689	1	1	1	1	1	1	7.09551	1.40668	1.40668	1	1	
0.927711	-nan	1.40787	2.88951	1	1	1	1	1	1	7.10115	1.40787	1.40787	1	1	
0.931325	-nan	1.40906	2.8921	1	1	1	1	1	1	7.10674	1.40906	1.40906	1	1	
0.93494	-nan	1.41025	2.89468	1	1	1	1	1	1	7.11229	1.41025	1.41025	1	1	
0.938554	-nan	1.41144	2.89724	1	1	1	1	1	1	7.1178	1.41144	1.41144	1	1	
0.942169	-nan	1.41263	2.89977	1	1	1	1	1	1	7.12326	1.41263	1.41263	1	1	
0.945783	-nan	1.41382	2.90229	1	1	1	1	1	1	7.12868	1.41382	1.41382	1	1	
0.949398	-nan	1.41501	2.90479	1	1	1	1	1	1	7.13406	1.41501	1.41501	1	1	
0.953012	-nan	1.4162	2.90726	1	1	1	1	1	1	7.13939	1.4162	1.4162	1	1	
0.956627	-nan	1.41739	2.90972	1	1	1	1	1	1	7.14468	1.41739	1.41739	1	1	
0.960241	-nan	1.41858	2.91216	1	1	1	1	1	1	7.14993	1.41858	1.41858	1	1	
0.963855	-nan	1.41977	2.91458	1	1	1	1	1	1	7.15514	1.41977	1.41977	1	1	
0.96747	-nan	1.42096	2.91698	1	1	1	1	1	1	7.16031	1.42096	1.42096	1	1	
0.971084	-nan	1.42215	2.91937	1	1	1	1	1	1	7.16543	1.42215	1.42215	1	1	
0.974699	-nan	1.42334	2.92173	1	1	1	1	1	1	7.17052	1.42334	1.42334	1	1	
0.978313	-nan	1.42453	2.92408	1	1	1	1	1	1	7.17556	1.42453	1.42453	1	1	
0.981928	-nan	1.42572	2.9264	1	1	1	1	1	1	7.18056	1.42572	1.42572	1	1	
0.985542	-nan	1.42691	2.92871	1	1	1	1	1	1	7.18553	1.42691	1.42691	1	1	
0.989157	-nan	1.4281	2.931	1	1	1	1	1	1	7.19045	1.4281	1.4281	1	1	
0.992771	-nan	1.42929	2.93328	1	1	1	1	1	1	7.19534	1.42929	1.42929	1	1	
0.996386	-nan	1.43048	2.93553	1	1	1	1	1	1	7.20018	1.43048	1.43048	1	1	
1	-nan	-nan	-nan	-nan	-nan	-nan	-nan	-nan	-nan	-nan	-nan	-nan	-nan	-nan	
