1e-05	-nan	0.594489	0.553551	1	1	1	1	1	1	0.403228	0.594489	0.594489	1	1	
1.03753e-05	-nan	0.594673	0.5536	1	1	1	1	1	1	0.402754	0.594673	0.594673	1	1	
1.07647e-05	-nan	0.594859	0.55365	1	1	1	1	1	1	0.402276	0.594859	0.594859	1	1	
1.11686e-05	-nan	0.595047	0.553699	1	1	1	1	1	1	0.401793	0.595047	0.595047	1	1	
1.15878e-05	-nan	0.595237	0.553748	1	1	1	1	1	1	0.401306	0.595237	0.595237	1	1	
1.20226e-05	-nan	0.59543	0.553797	1	1	1	1	1	1	0.400815	0.59543	0.59543	1	1	
1.24738e-05	-nan	0.595625	0.553845	1	1	1	1	1	1	0.400319	0.595625	0.595625	1	1	
1.2942e-05	-nan	0.595823	0.553894	1	1	1	1	1	1	0.399819	0.595823	0.595823	1	1	
1.34276e-05	-nan	0.596023	0.553942	1	1	1	1	1	1	0.399314	0.596023	0.596023	1	1	
1.39316e-05	-nan	0.596225	0.553991	1	1	1	1	1	1	0.398804	0.596225	0.596225	1	1	
1.44544e-05	-nan	0.59643	0.554039	1	1	1	1	1	1	0.398291	0.59643	0.59643	1	1	
1.49968e-05	-nan	0.596637	0.554087	1	1	1	1	1	1	0.397772	0.596637	0.596637	1	1	
1.55597e-05	-nan	0.596847	0.554135	1	1	1	1	1	1	0.397249	0.596847	0.596847	1	1	
1.61436e-05	-nan	0.59706	0.554183	1	1	1	1	1	1	0.396722	0.59706	0.59706	1	1	
1.67494e-05	-nan	0.597275	0.554231	1	1	1	1	1	1	0.396189	0.597275	0.597275	1	1	
1.7378e-05	-nan	0.597493	0.554278	1	1	1	1	1	1	0.395653	0.597493	0.597493	1	1	
1.80302e-05	-nan	0.597713	0.554326	1	1	1	1	1	1	0.395111	0.597713	0.597713	1	1	
1.87068e-05	-nan	0.597936	0.554373	1	1	1	1	1	1	0.394565	0.597936	0.597936	1	1	
1.94089e-05	-nan	0.598162	0.554421	1	1	1	1	1	1	0.394014	0.598162	0.598162	1	1	
2.01372e-05	-nan	0.598391	0.554468	1	1	1	1	1	1	0.393459	0.598391	0.598391	1	1	
2.0893e-05	-nan	0.598623	0.554515	1	1	1	1	1	1	0.392899	0.598623	0.598623	1	1	
2.1677e-05	-nan	0.598857	0.554562	1	1	1	1	1	1	0.392334	0.598857	0.598857	1	1	
2.24905e-05	-nan	0.599094	0.554608	1	1	1	1	1	1	0.391764	0.599094	0.599094	1	1	
2.33346e-05	-nan	0.599334	0.554655	1	1	1	1	1	1	0.39119	0.599334	0.599334	1	1	
2.42103e-05	-nan	0.599578	0.554702	1	1	1	1	1	1	0.39061	0.599578	0.599578	1	1	
2.51189e-05	-nan	0.599824	0.554748	1	1	1	1	1	1	0.390027	0.599824	0.599824	1	1	
2.60615e-05	-nan	0.600073	0.554794	1	1	1	1	1	1	0.389438	0.600073	0.600073	1	1	
2.70396e-05	-nan	0.600325	0.554841	1	1	1	1	1	1	0.388844	0.600325	0.600325	1	1	
2.80543e-05	-nan	0.600581	0.554887	1	1	1	1	1	1	0.388246	0.600581	0.600581	1	1	
2.91072e-05	-nan	0.600839	0.554933	1	1	1	1	1	1	0.387643	0.600839	0.600839	1	1	
3.01995e-05	-nan	0.601101	0.554979	1	1	1	1	1	1	0.387035	0.601101	0.601101	1	1	
3.13329e-05	-nan	0.601366	0.555025	1	1	1	1	1	1	0.386422	0.601366	0.601366	1	1	
3.25087e-05	-nan	0.601635	0.55507	1	1	1	1	1	1	0.385804	0.601635	0.601635	1	1	
3.37287e-05	-nan	0.601906	0.555116	1	1	1	1	1	1	0.385182	0.601906	0.601906	1	1	
3.49945e-05	-nan	0.602181	0.555162	1	1	1	1	1	1	0.384555	0.602181	0.602181	1	1	
3.63078e-05	-nan	0.60246	0.555207	1	1	1	1	1	1	0.383922	0.60246	0.60246	1	1	
3.76704e-05	-nan	0.602742	0.555252	1	1	1	1	1	1	0.383285	0.602742	0.602742	1	1	
3.90841e-05	-nan	0.603027	0.555298	1	1	1	1	1	1	0.382643	0.603027	0.603027	1	1	
4.05509e-05	-nan	0.603317	0.555343	1	1	1	1	1	1	0.381996	0.603317	0.603317	1	1	
4.20727e-05	-nan	0.603609	0.555388	1	1	1	1	1	1	0.381345	0.603609	0.603609	1	1	
4.36516e-05	-nan	0.603906	0.555433	1	1	1	1	1	1	0.380688	0.603906	0.603906	1	1	
4.52898e-05	-nan	0.604206	0.555478	1	1	1	1	1	1	0.380026	0.604206	0.604206	1	1	
4.69894e-05	-nan	0.60451	0.555523	1	1	1	1	1	1	0.37936	0.60451	0.60451	1	1	
4.87528e-05	-nan	0.604817	0.555568	1	1	1	1	1	1	0.378689	0.604817	0.604817	1	1	
5.05825e-05	-nan	0.605129	0.555613	1	1	1	1	1	1	0.378012	0.605129	0.605129	1	1	
5.24807e-05	-nan	0.605444	0.555658	1	1	1	1	1	1	0.377331	0.605444	0.605444	1	1	
5.44503e-05	-nan	0.605764	0.555703	1	1	1	1	1	1	0.376645	0.605764	0.605764	1	1	
5.64937e-05	-nan	0.606087	0.555748	1	1	1	1	1	1	0.375954	0.606087	0.606087	1	1	
5.86138e-05	-nan	0.606415	0.555793	1	1	1	1	1	1	0.375259	0.606415	0.606415	1	1	
6.08135e-05	-nan	0.606747	0.555837	1	1	1	1	1	1	0.374558	0.606747	0.606747	1	1	
6.30957e-05	-nan	0.607083	0.555882	1	1	1	1	1	1	0.373852	0.607083	0.607083	1	1	
6.54636e-05	-nan	0.607423	0.555927	1	1	1	1	1	1	0.373142	0.607423	0.607423	1	1	
6.79204e-05	-nan	0.607767	0.555972	1	1	1	1	1	1	0.372427	0.607767	0.607767	1	1	
7.04693e-05	-nan	0.608116	0.556017	1	1	1	1	1	1	0.371706	0.608116	0.608116	1	1	
7.31139e-05	-nan	0.60847	0.556062	1	1	1	1	1	1	0.370981	0.60847	0.60847	1	1	
7.58578e-05	-nan	0.608827	0.556107	1	1	1	1	1	1	0.370252	0.608827	0.608827	1	1	
7.87046e-05	-nan	0.60919	0.556152	1	1	1	1	1	1	0.369517	0.60919	0.60919	1	1	
8.16582e-05	-nan	0.609557	0.556197	1	1	1	1	1	1	0.368777	0.609557	0.609557	1	1	
8.47227e-05	-nan	0.609929	0.556242	1	1	1	1	1	1	0.368033	0.609929	0.609929	1	1	
8.79023e-05	-nan	0.610305	0.556287	1	1	1	1	1	1	0.367284	0.610305	0.610305	1	1	
9.12011e-05	-nan	0.610686	0.556332	1	1	1	1	1	1	0.36653	0.610686	0.610686	1	1	
9.46237e-05	-nan	0.611073	0.556378	1	1	1	1	1	1	0.365772	0.611073	0.611073	1	1	
9.81748e-05	-nan	0.611464	0.556423	1	1	1	1	1	1	0.365008	0.611464	0.611464	1	1	
0.000101859	-nan	0.61186	0.556469	1	1	1	1	1	1	0.36424	0.61186	0.61186	1	1	
0.000105682	-nan	0.612261	0.556515	1	1	1	1	1	1	0.363467	0.612261	0.612261	1	1	
0.000109648	-nan	0.612668	0.556561	1	1	1	1	1	1	0.36269	0.612668	0.612668	1	1	
0.000113763	-nan	0.61308	0.556607	1	1	1	1	1	1	0.361907	0.61308	0.61308	1	1	
0.000118032	-nan	0.613497	0.556654	1	1	1	1	1	1	0.36112	0.613497	0.613497	1	1	
0.000122462	-nan	0.613919	0.5567	1	1	1	1	1	1	0.360329	0.613919	0.613919	1	1	
0.000127057	-nan	0.614347	0.556747	1	1	1	1	1	1	0.359533	0.614347	0.614347	1	1	
0.000131826	-nan	0.614781	0.556794	1	1	1	1	1	1	0.358732	0.614781	0.614781	1	1	
0.000136773	-nan	0.61522	0.556842	1	1	1	1	1	1	0.357927	0.61522	0.61522	1	1	
0.000141906	-nan	0.615665	0.55689	1	1	1	1	1	1	0.357117	0.615665	0.615665	1	1	
0.000147231	-nan	0.616116	0.556938	1	1	1	1	1	1	0.356303	0.616116	0.616116	1	1	
0.000152757	-nan	0.616573	0.556986	1	1	1	1	1	1	0.355484	0.616573	0.616573	1	1	
0.000158489	-nan	0.617036	0.557035	1	1	1	1	1	1	0.35466	0.617036	0.617036	1	1	
0.000164437	-nan	0.617505	0.557084	1	1	1	1	1	1	0.353833	0.617505	0.617505	1	1	
0.000170608	-nan	0.61798	0.557133	1	1	1	1	1	1	0.353001	0.61798	0.61798	1	1	
0.000177011	-nan	0.618461	0.557183	1	1	1	1	1	1	0.352164	0.618461	0.618461	1	1	
0.000183654	-nan	0.618949	0.557234	1	1	1	1	1	1	0.351323	0.618949	0.618949	1	1	
0.000190546	-nan	0.619443	0.557285	1	1	1	1	1	1	0.350478	0.619443	0.619443	1	1	
0.000197697	-nan	0.619944	0.557336	1	1	1	1	1	1	0.349629	0.619944	0.619944	1	1	
0.000205116	-nan	0.620452	0.557388	1	1	1	1	1	1	0.348775	0.620452	0.620452	1	1	
0.000212814	-nan	0.620966	0.557441	1	1	1	1	1	1	0.347917	0.620966	0.620966	1	1	
0.0002208	-nan	0.621487	0.557494	1	1	1	1	1	1	0.347055	0.621487	0.621487	1	1	
0.000229087	-nan	0.622015	0.557548	1	1	1	1	1	1	0.346189	0.622015	0.622015	1	1	
0.000237684	-nan	0.622551	0.557603	1	1	1	1	1	1	0.345319	0.622551	0.622551	1	1	
0.000246604	-nan	0.623093	0.557658	1	1	1	1	1	1	0.344444	0.623093	0.623093	1	1	
0.000255859	-nan	0.623643	0.557714	1	1	1	1	1	1	0.343566	0.623643	0.623643	1	1	
0.000265461	-nan	0.6242	0.557771	1	1	1	1	1	1	0.342684	0.6242	0.6242	1	1	
0.000275423	-nan	0.624765	0.557829	1	1	1	1	1	1	0.341798	0.624765	0.624765	1	1	
0.000285759	-nan	0.625338	0.557888	1	1	1	1	1	1	0.340908	0.625338	0.625338	1	1	
0.000296483	-nan	0.625918	0.557947	1	1	1	1	1	1	0.340014	0.625918	0.625918	1	1	
0.00030761	-nan	0.626507	0.558008	1	1	1	1	1	1	0.339116	0.626507	0.626507	1	1	
0.000319154	-nan	0.627103	0.558069	1	1	1	1	1	1	0.338215	0.627103	0.627103	1	1	
0.000331131	-nan	0.627708	0.558132	1	1	1	1	1	1	0.337309	0.627708	0.627708	1	1	
0.000343558	-nan	0.628321	0.558196	1	1	1	1	1	1	0.336401	0.628321	0.628321	1	1	
0.000356451	-nan	0.628942	0.558261	1	1	1	1	1	1	0.335488	0.628942	0.628942	1	1	
0.000369828	-nan	0.629573	0.558327	1	1	1	1	1	1	0.334572	0.629573	0.629573	1	1	
0.000383707	-nan	0.630212	0.558395	1	1	1	1	1	1	0.333653	0.630212	0.630212	1	1	
0.000398107	-nan	0.630859	0.558464	1	1	1	1	1	1	0.33273	0.630859	0.630859	1	1	
0.000413048	-nan	0.631516	0.558534	1	1	1	1	1	1	0.331804	0.631516	0.631516	1	1	
0.000428549	-nan	0.632183	0.558606	1	1	1	1	1	1	0.330874	0.632183	0.632183	1	1	
0.000444631	-nan	0.632858	0.55868	1	1	1	1	1	1	0.329941	0.632858	0.632858	1	1	
0.000461318	-nan	0.633543	0.558755	1	1	1	1	1	1	0.329005	0.633543	0.633543	1	1	
0.00047863	-nan	0.634238	0.558832	1	1	1	1	1	1	0.328066	0.634238	0.634238	1	1	
0.000496592	-nan	0.634943	0.558911	1	1	1	1	1	1	0.327124	0.634943	0.634943	1	1	
0.000515229	-nan	0.635658	0.558991	1	1	1	1	1	1	0.326178	0.635658	0.635658	1	1	
0.000534564	-nan	0.636383	0.559074	1	1	1	1	1	1	0.32523	0.636383	0.636383	1	1	
0.000554626	-nan	0.637119	0.559159	1	1	1	1	1	1	0.324278	0.637119	0.637119	1	1	
0.00057544	-nan	0.637865	0.559246	1	1	1	1	1	1	0.323324	0.637865	0.637865	1	1	
0.000597035	-nan	0.638622	0.559335	1	1	1	1	1	1	0.322367	0.638622	0.638622	1	1	
0.000619441	-nan	0.63939	0.559426	1	1	1	1	1	1	0.321407	0.63939	0.63939	1	1	
0.000642688	-nan	0.640169	0.55952	1	1	1	1	1	1	0.320445	0.640169	0.640169	1	1	
0.000666807	-nan	0.640959	0.559617	1	1	1	1	1	1	0.319479	0.640959	0.640959	1	1	
0.000691831	-nan	0.641762	0.559716	1	1	1	1	1	1	0.318512	0.641762	0.641762	1	1	
0.000717794	-nan	0.642576	0.559818	1	1	1	1	1	1	0.317541	0.642576	0.642576	1	1	
0.000744732	-nan	0.643402	0.559923	1	1	1	1	1	1	0.316569	0.643402	0.643402	1	1	
0.000772681	-nan	0.64424	0.560031	1	1	1	1	1	1	0.315594	0.64424	0.64424	1	1	
0.000801678	-nan	0.645091	0.560142	1	1	1	1	1	1	0.314616	0.645091	0.645091	1	1	
0.000831764	-nan	0.645954	0.560257	1	1	1	1	1	1	0.313637	0.645954	0.645954	1	1	
0.000862979	-nan	0.646831	0.560375	1	1	1	1	1	1	0.312655	0.646831	0.646831	1	1	
0.000895365	-nan	0.647721	0.560496	1	1	1	1	1	1	0.311671	0.647721	0.647721	1	1	
0.000928966	-nan	0.648624	0.560622	1	1	1	1	1	1	0.310685	0.648624	0.648624	1	1	
0.000963829	-nan	0.649541	0.560751	1	1	1	1	1	1	0.309697	0.649541	0.649541	1	1	
0.001	-nan	0.650472	0.560884	1	1	1	1	1	1	0.308707	0.650472	0.650472	1	1	
0.00103753	-nan	0.651418	0.561022	1	1	1	1	1	1	0.307716	0.651418	0.651418	1	1	
0.00107647	-nan	0.652378	0.561164	1	1	1	1	1	1	0.306722	0.652378	0.652378	1	1	
0.00111686	-nan	0.653352	0.561311	1	1	1	1	1	1	0.305727	0.653352	0.653352	1	1	
0.00115878	-nan	0.654342	0.561463	1	1	1	1	1	1	0.304731	0.654342	0.654342	1	1	
0.00120226	-nan	0.655348	0.56162	1	1	1	1	1	1	0.303733	0.655348	0.655348	1	1	
0.00124738	-nan	0.656369	0.561782	1	1	1	1	1	1	0.302733	0.656369	0.656369	1	1	
0.0012942	-nan	0.657406	0.561949	1	1	1	1	1	1	0.301732	0.657406	0.657406	1	1	
0.00134276	-nan	0.65846	0.562122	1	1	1	1	1	1	0.30073	0.65846	0.65846	1	1	
0.00139316	-nan	0.659531	0.562301	1	1	1	1	1	1	0.299726	0.659531	0.659531	1	1	
0.00144544	-nan	0.660618	0.562487	1	1	1	1	1	1	0.298722	0.660618	0.660618	1	1	
0.00149968	-nan	0.661724	0.562679	1	1	1	1	1	1	0.297716	0.661724	0.661724	1	1	
0.00155597	-nan	0.662847	0.562877	1	1	1	1	1	1	0.296709	0.662847	0.662847	1	1	
0.00161436	-nan	0.663988	0.563083	1	1	1	1	1	1	0.295702	0.663988	0.663988	1	1	
0.00167494	-nan	0.665148	0.563296	1	1	1	1	1	1	0.294693	0.665148	0.665148	1	1	
0.0017378	-nan	0.666326	0.563516	1	1	1	1	1	1	0.293684	0.666326	0.666326	1	1	
0.00180302	-nan	0.667525	0.563745	1	1	1	1	1	1	0.292674	0.667525	0.667525	1	1	
0.00187068	-nan	0.668743	0.563982	1	1	1	1	1	1	0.291664	0.668743	0.668743	1	1	
0.00194089	-nan	0.669981	0.564227	1	1	1	1	1	1	0.290653	0.669981	0.669981	1	1	
0.00201372	-nan	0.67124	0.564482	1	1	1	1	1	1	0.289641	0.67124	0.67124	1	1	
0.0020893	-nan	0.67252	0.564745	1	1	1	1	1	1	0.28863	0.67252	0.67252	1	1	
0.0021677	-nan	0.673822	0.565019	1	1	1	1	1	1	0.287618	0.673822	0.673822	1	1	
0.00224905	-nan	0.675145	0.565303	1	1	1	1	1	1	0.286606	0.675145	0.675145	1	1	
0.00233346	-nan	0.676492	0.565597	1	1	1	1	1	1	0.285594	0.676492	0.676492	1	1	
0.00242103	-nan	0.677861	0.565903	1	1	1	1	1	1	0.284582	0.677861	0.677861	1	1	
0.00251189	-nan	0.679254	0.566219	1	1	1	1	1	1	0.28357	0.679254	0.679254	1	1	
0.00260615	-nan	0.680671	0.566548	1	1	1	1	1	1	0.282558	0.680671	0.680671	1	1	
0.00270396	-nan	0.682113	0.56689	1	1	1	1	1	1	0.281547	0.682113	0.682113	1	1	
0.00280543	-nan	0.68358	0.567244	1	1	1	1	1	1	0.280536	0.68358	0.68358	1	1	
0.00291072	-nan	0.685072	0.567612	1	1	1	1	1	1	0.279525	0.685072	0.685072	1	1	
0.00301995	-nan	0.686592	0.567994	1	1	1	1	1	1	0.278516	0.686592	0.686592	1	1	
0.00313329	-nan	0.688138	0.568391	1	1	1	1	1	1	0.277507	0.688138	0.688138	1	1	
0.00325087	-nan	0.689711	0.568803	1	1	1	1	1	1	0.276498	0.689711	0.689711	1	1	
0.00337287	-nan	0.691313	0.569231	1	1	1	1	1	1	0.275491	0.691313	0.691313	1	1	
0.00349945	-nan	0.692944	0.569676	1	1	1	1	1	1	0.274485	0.692944	0.692944	1	1	
0.00363078	-nan	0.694604	0.570138	1	1	1	1	1	1	0.273479	0.694604	0.694604	1	1	
0.00376704	-nan	0.696295	0.570619	1	1	1	1	1	1	0.272475	0.696295	0.696295	1	1	
0.00390841	-nan	0.698016	0.571118	1	1	1	1	1	1	0.271473	0.698016	0.698016	1	1	
0.00405509	-nan	0.69977	0.571637	1	1	1	1	1	1	0.270472	0.69977	0.69977	1	1	
0.00420727	-nan	0.701555	0.572176	1	1	1	1	1	1	0.269472	0.701555	0.701555	1	1	
0.00436516	-nan	0.703374	0.572737	1	1	1	1	1	1	0.268475	0.703374	0.703374	1	1	
0.00452898	-nan	0.705226	0.57332	1	1	1	1	1	1	0.267479	0.705226	0.705226	1	1	
0.00469894	-nan	0.707114	0.573926	1	1	1	1	1	1	0.266485	0.707114	0.707114	1	1	
0.00487528	-nan	0.709037	0.574557	1	1	1	1	1	1	0.265493	0.709037	0.709037	1	1	
0.00505825	-nan	0.710996	0.575213	1	1	1	1	1	1	0.264503	0.710996	0.710996	1	1	
0.00524807	-nan	0.712993	0.575895	1	1	1	1	1	1	0.263516	0.712993	0.712993	1	1	
0.00544503	-nan	0.715027	0.576605	1	1	1	1	1	1	0.262532	0.715027	0.715027	1	1	
0.00564937	-nan	0.717101	0.577343	1	1	1	1	1	1	0.26155	0.717101	0.717101	1	1	
0.00586138	-nan	0.719214	0.578111	1	1	1	1	1	1	0.260571	0.719214	0.719214	1	1	
0.00608135	-nan	0.721369	0.578911	1	1	1	1	1	1	0.259595	0.721369	0.721369	1	1	
0.00630957	-nan	0.723565	0.579743	1	1	1	1	1	1	0.258622	0.723565	0.723565	1	1	
0.00654636	-nan	0.725803	0.580609	1	1	1	1	1	1	0.257653	0.725803	0.725803	1	1	
0.00679204	-nan	0.728086	0.581511	1	1	1	1	1	1	0.256687	0.728086	0.728086	1	1	
0.00704693	-nan	0.730413	0.582449	1	1	1	1	1	1	0.255725	0.730413	0.730413	1	1	
0.00731139	-nan	0.732786	0.583426	1	1	1	1	1	1	0.254767	0.732786	0.732786	1	1	
0.00758578	-nan	0.735205	0.584444	1	1	1	1	1	1	0.253813	0.735205	0.735205	1	1	
0.00787046	-nan	0.737672	0.585503	1	1	1	1	1	1	0.252863	0.737672	0.737672	1	1	
0.00816582	-nan	0.740188	0.586607	1	1	1	1	1	1	0.251918	0.740188	0.740188	1	1	
0.00847227	-nan	0.742754	0.587756	1	1	1	1	1	1	0.250977	0.742754	0.742754	1	1	
0.00879023	-nan	0.745371	0.588953	1	1	1	1	1	1	0.250042	0.745371	0.745371	1	1	
0.00912011	-nan	0.74804	0.590201	1	1	1	1	1	1	0.249112	0.74804	0.74804	1	1	
0.00946237	-nan	0.750761	0.5915	1	1	1	1	1	1	0.248188	0.750761	0.750761	1	1	
0.00981748	-nan	0.753537	0.592854	1	1	1	1	1	1	0.247269	0.753537	0.753537	1	1	
0.0101859	-nan	0.756368	0.594265	1	1	1	1	1	1	0.246356	0.756368	0.756368	1	1	
0.0105682	-nan	0.759255	0.595736	1	1	1	1	1	1	0.24545	0.759255	0.759255	1	1	
0.0109648	-nan	0.7622	0.597269	1	1	1	1	1	1	0.244551	0.7622	0.7622	1	1	
0.0113763	-nan	0.765203	0.598867	1	1	1	1	1	1	0.243658	0.765203	0.765203	1	1	
0.0118032	-nan	0.768265	0.600533	1	1	1	1	1	1	0.242773	0.768265	0.768265	1	1	
0.0122462	-nan	0.771387	0.60227	1	1	1	1	1	1	0.241896	0.771387	0.771387	1	1	
0.0127057	-nan	0.774571	0.604082	1	1	1	1	1	1	0.241027	0.774571	0.774571	1	1	
0.0131826	-nan	0.777817	0.605971	1	1	1	1	1	1	0.240166	0.777817	0.777817	1	1	
0.0136773	-nan	0.781126	0.607942	1	1	1	1	1	1	0.239315	0.781126	0.781126	1	1	
0.0141906	-nan	0.784499	0.609997	1	1	1	1	1	1	0.238472	0.784499	0.784499	1	1	
0.0147231	-nan	0.787937	0.612142	1	1	1	1	1	1	0.23764	0.787937	0.787937	1	1	
0.0152757	-nan	0.79144	0.61438	1	1	1	1	1	1	0.236818	0.79144	0.79144	1	1	
0.0158489	-nan	0.795009	0.616715	1	1	1	1	1	1	0.236007	0.795009	0.795009	1	1	
0.0164437	-nan	0.798645	0.619152	1	1	1	1	1	1	0.235207	0.798645	0.798645	1	1	
0.0170608	-nan	0.802347	0.621697	1	1	1	1	1	1	0.234419	0.802347	0.802347	1	1	
0.0177011	-nan	0.806117	0.624352	1	1	1	1	1	1	0.233644	0.806117	0.806117	1	1	
0.0183654	-nan	0.809954	0.627125	1	1	1	1	1	1	0.232882	0.809954	0.809954	1	1	
0.0190546	-nan	0.813859	0.630021	1	1	1	1	1	1	0.232134	0.813859	0.813859	1	1	
0.0197697	-nan	0.817831	0.633045	1	1	1	1	1	1	0.231401	0.817831	0.817831	1	1	
0.0205116	-nan	0.82187	0.636203	1	1	1	1	1	1	0.230683	0.82187	0.82187	1	1	
0.0212814	-nan	0.825975	0.639502	1	1	1	1	1	1	0.229982	0.825975	0.825975	1	1	
0.02208	-nan	0.830146	0.64295	1	1	1	1	1	1	0.229297	0.830146	0.830146	1	1	
0.0229087	-nan	0.834381	0.646551	1	1	1	1	1	1	0.22863	0.834381	0.834381	1	1	
0.0237684	-nan	0.838681	0.650316	1	1	1	1	1	1	0.227982	0.838681	0.838681	1	1	
0.0246604	-nan	0.843042	0.65425	1	1	1	1	1	1	0.227354	0.843042	0.843042	1	1	
0.0255859	-nan	0.847463	0.658363	1	1	1	1	1	1	0.226747	0.847463	0.847463	1	1	
0.0265461	-nan	0.851942	0.662662	1	1	1	1	1	1	0.226162	0.851942	0.851942	1	1	
0.0275423	-nan	0.856477	0.667158	1	1	1	1	1	1	0.225601	0.856477	0.856477	1	1	
0.0285759	-nan	0.861065	0.67186	1	1	1	1	1	1	0.225064	0.861065	0.861065	1	1	
0.0296483	-nan	0.865702	0.676778	1	1	1	1	1	1	0.224552	0.865702	0.865702	1	1	
0.030761	-nan	0.870385	0.681922	1	1	1	1	1	1	0.224068	0.870385	0.870385	1	1	
0.0319154	-nan	0.87511	0.687304	1	1	1	1	1	1	0.223613	0.87511	0.87511	1	1	
0.0331131	-nan	0.879871	0.692935	1	1	1	1	1	1	0.223189	0.879871	0.879871	1	1	
0.0343558	-nan	0.884666	0.698828	1	1	1	1	1	1	0.222796	0.884666	0.884666	1	1	
0.0356451	-nan	0.889486	0.704995	1	1	1	1	1	1	0.222437	0.889486	0.889486	1	1	
0.0369828	-nan	0.894328	0.711451	1	1	1	1	1	1	0.222115	0.894328	0.894328	1	1	
0.0383707	-nan	0.899184	0.718209	1	1	1	1	1	1	0.22183	0.899184	0.899184	1	1	
0.0398107	-nan	0.904047	0.725285	1	1	1	1	1	1	0.221585	0.904047	0.904047	1	1	
0.0413048	-nan	0.90891	0.732695	1	1	1	1	1	1	0.221383	0.90891	0.90891	1	1	
0.0428549	-nan	0.913765	0.740454	1	1	1	1	1	1	0.221226	0.913765	0.913765	1	1	
0.0444631	-nan	0.918603	0.748579	1	1	1	1	1	1	0.221116	0.918603	0.918603	1	1	
0.0461318	-nan	0.923415	0.75709	1	1	1	1	1	1	0.221056	0.923415	0.923415	1	1	
0.047863	-nan	0.928193	0.766005	1	1	1	1	1	1	0.22105	0.928193	0.928193	1	1	
0.0496592	-nan	0.932926	0.775344	1	1	1	1	1	1	0.2211	0.932926	0.932926	1	1	
0.0515229	-nan	0.937605	0.785127	1	1	1	1	1	1	0.221211	0.937605	0.937605	1	1	
0.0534564	-nan	0.942218	0.795375	1	1	1	1	1	1	0.221384	0.942218	0.942218	1	1	
0.0554626	-nan	0.946756	0.806112	1	1	1	1	1	1	0.221626	0.946756	0.946756	1	1	
0.057544	-nan	0.951208	0.81736	1	1	1	1	1	1	0.221939	0.951208	0.951208	1	1	
0.0597035	-nan	0.955562	0.829143	1	1	1	1	1	1	0.222327	0.955562	0.955562	1	1	
0.0619441	-nan	0.959809	0.841487	1	1	1	1	1	1	0.222797	0.959809	0.959809	1	1	
0.0642688	-nan	0.963937	0.854416	1	1	1	1	1	1	0.223352	0.963937	0.963937	1	1	
0.0666807	-nan	0.967936	0.867957	1	1	1	1	1	1	0.223999	0.967936	0.967936	1	1	
0.0691831	-nan	0.971796	0.882138	1	1	1	1	1	1	0.224743	0.971796	0.971796	1	1	
0.0717794	-nan	0.975507	0.896985	1	1	1	1	1	1	0.22559	0.975507	0.975507	1	1	
0.0744732	-nan	0.979061	0.912528	1	1	1	1	1	1	0.226547	0.979061	0.979061	1	1	
0.0772681	-nan	0.982447	0.928793	1	1	1	1	1	1	0.227621	0.982447	0.982447	1	1	
0.0801678	-nan	0.98566	0.945809	1	1	1	1	1	1	0.22882	0.98566	0.98566	1	1	
0.0831764	-nan	0.988692	0.963606	1	1	1	1	1	1	0.230153	0.988692	0.988692	1	1	
0.0862979	-nan	0.991536	0.98221	1	1	1	1	1	1	0.231627	0.991536	0.991536	1	1	
0.0895365	-nan	0.994188	1.00165	1	1	1	1	1	1	0.233253	0.994188	0.994188	1	1	
0.0928966	-nan	0.996644	1.02195	1	1	1	1	1	1	0.235041	0.996644	0.996644	1	1	
0.0963829	-nan	0.998901	1.04314	1	1	1	1	1	1	0.237001	0.998901	0.998901	1	1	
0.1	-nan	1.00096	1.06523	1	1	1	1	1	1	0.239147	1.00096	1.00096	1	1	
0.103614	-nan	1.00275	1.0874	1	1	1	1	1	1	0.241402	1.00275	1.00275	1	1	
0.107229	-nan	1.0043	1.10965	1	1	1	1	1	1	0.243765	1.0043	1.0043	1	1	
0.110843	-nan	1.00564	1.13195	1	1	1	1	1	1	0.246235	1.00564	1.00564	1	1	
0.114458	-nan	1.00678	1.15428	1	1	1	1	1	1	0.248811	1.00678	1.00678	1	1	
0.118072	-nan	1.00774	1.17661	1	1	1	1	1	1	0.25149	1.00774	1.00774	1	1	
0.121687	-nan	1.00855	1.19894	1	1	1	1	1	1	0.254271	1.00855	1.00855	1	1	
0.125301	-nan	1.00921	1.22123	1	1	1	1	1	1	0.257154	1.00921	1.00921	1	1	
0.128916	-nan	1.00974	1.24346	1	1	1	1	1	1	0.260137	1.00974	1.00974	1	1	
0.13253	-nan	1.01016	1.26562	1	1	1	1	1	1	0.26322	1.01016	1.01016	1	1	
0.136145	-nan	1.01047	1.28768	1	1	1	1	1	1	0.266401	1.01047	1.01047	1	1	
0.139759	-nan	1.01068	1.30962	1	1	1	1	1	1	0.269682	1.01068	1.01068	1	1	
0.143373	-nan	1.01081	1.33142	1	1	1	1	1	1	0.273059	1.01081	1.01081	1	1	
0.146988	-nan	1.01086	1.35306	1	1	1	1	1	1	0.276535	1.01086	1.01086	1	1	
0.150602	-nan	1.01084	1.37452	1	1	1	1	1	1	0.280107	1.01084	1.01084	1	1	
0.154217	-nan	1.01076	1.39578	1	1	1	1	1	1	0.283777	1.01076	1.01076	1	1	
0.157831	-nan	1.01062	1.41683	1	1	1	1	1	1	0.287542	1.01062	1.01062	1	1	
0.161446	-nan	1.01043	1.43764	1	1	1	1	1	1	0.291405	1.01043	1.01043	1	1	
0.16506	-nan	1.01019	1.45819	1	1	1	1	1	1	0.295364	1.01019	1.01019	1	1	
0.168675	-nan	1.00991	1.47847	1	1	1	1	1	1	0.299418	1.00991	1.00991	1	1	
0.172289	-nan	1.00959	1.49847	1	1	1	1	1	1	0.30357	1.00959	1.00959	1	1	
0.175904	-nan	1.00924	1.51816	1	1	1	1	1	1	0.307817	1.00924	1.00924	1	1	
0.179518	-nan	1.00886	1.53753	1	1	1	1	1	1	0.312161	1.00886	1.00886	1	1	
0.183133	-nan	1.00844	1.55656	1	1	1	1	1	1	0.316601	1.00844	1.00844	1	1	
0.186747	-nan	1.00801	1.57525	1	1	1	1	1	1	0.321138	1.00801	1.00801	1	1	
0.190361	-nan	1.00754	1.59357	1	1	1	1	1	1	0.325771	1.00754	1.00754	1	1	
0.193976	-nan	1.00706	1.61151	1	1	1	1	1	1	0.330501	1.00706	1.00706	1	1	
0.19759	-nan	1.00656	1.62906	1	1	1	1	1	1	0.335329	1.00656	1.00656	1	1	
0.201205	-nan	1.00604	1.64621	1	1	1	1	1	1	0.340253	1.00604	1.00604	1	1	
0.204819	-nan	1.0055	1.66295	1	1	1	1	1	1	0.345275	1.0055	1.0055	1	1	
0.208434	-nan	1.00494	1.67927	1	1	1	1	1	1	0.350394	1.00494	1.00494	1	1	
0.212048	-nan	1.00438	1.69515	1	1	1	1	1	1	0.355611	1.00438	1.00438	1	1	
0.215663	-nan	1.0038	1.71059	1	1	1	1	1	1	0.360926	1.0038	1.0038	1	1	
0.219277	-nan	1.0032	1.72558	1	1	1	1	1	1	0.36634	1.0032	1.0032	1	1	
0.222892	-nan	1.0026	1.74011	1	1	1	1	1	1	0.371852	1.0026	1.0026	1	1	
0.226506	-nan	1.00199	1.75417	1	1	1	1	1	1	0.377464	1.00199	1.00199	1	1	
0.23012	-nan	1.00136	1.76776	1	1	1	1	1	1	0.383175	1.00136	1.00136	1	1	
0.233735	-nan	1.00073	1.78087	1	1	1	1	1	1	0.388985	1.00073	1.00073	1	1	
0.237349	-nan	1.00009	1.7935	1	1	1	1	1	1	0.394895	1.00009	1.00009	1	1	
0.240964	-nan	0.999441	1.80564	1	1	1	1	1	1	0.400905	0.999441	0.999441	1	1	
0.244578	-nan	0.998785	1.81728	1	1	1	1	1	1	0.407016	0.998785	0.998785	1	1	
0.248193	-nan	0.998122	1.82843	1	1	1	1	1	1	0.413228	0.998122	0.998122	1	1	
0.251807	-nan	0.997453	1.83907	1	1	1	1	1	1	0.419541	0.997453	0.997453	1	1	
0.255422	-nan	0.996777	1.84922	1	1	1	1	1	1	0.425956	0.996777	0.996777	1	1	
0.259036	-nan	0.996096	1.85886	1	1	1	1	1	1	0.432473	0.996096	0.996096	1	1	
0.262651	-nan	0.995409	1.86799	1	1	1	1	1	1	0.439092	0.995409	0.995409	1	1	
0.266265	-nan	0.994717	1.87662	1	1	1	1	1	1	0.445813	0.994717	0.994717	1	1	
0.26988	-nan	0.994021	1.88474	1	1	1	1	1	1	0.452638	0.994021	0.994021	1	1	
0.273494	-nan	0.99332	1.89236	1	1	1	1	1	1	0.459566	0.99332	0.99332	1	1	
0.277108	-nan	0.992614	1.89947	1	1	1	1	1	1	0.466597	0.992614	0.992614	1	1	
0.280723	-nan	0.991905	1.90607	1	1	1	1	1	1	0.473732	0.991905	0.991905	1	1	
0.284337	-nan	0.991191	1.91217	1	1	1	1	1	1	0.480972	0.991191	0.991191	1	1	
0.287952	-nan	0.990474	1.91777	1	1	1	1	1	1	0.488316	0.990474	0.990474	1	1	
0.291566	-nan	0.989754	1.92287	1	1	1	1	1	1	0.495766	0.989754	0.989754	1	1	
0.295181	-nan	0.98903	1.92748	1	1	1	1	1	1	0.50332	0.98903	0.98903	1	1	
0.298795	-nan	0.988303	1.93159	1	1	1	1	1	1	0.51098	0.988303	0.988303	1	1	
0.30241	-nan	0.987573	1.93521	1	1	1	1	1	1	0.518746	0.987573	0.987573	1	1	
0.306024	-nan	0.986841	1.93834	1	1	1	1	1	1	0.526618	0.986841	0.986841	1	1	
0.309639	-nan	0.986106	1.941	1	1	1	1	1	1	0.534597	0.986106	0.986106	1	1	
0.313253	-nan	0.985369	1.94318	1	1	1	1	1	1	0.542682	0.985369	0.985369	1	1	
0.316867	-nan	0.98463	1.94488	1	1	1	1	1	1	0.550874	0.98463	0.98463	1	1	
0.320482	-nan	0.983888	1.94612	1	1	1	1	1	1	0.559174	0.983888	0.983888	1	1	
0.324096	-nan	0.983145	1.9469	1	1	1	1	1	1	0.56758	0.983145	0.983145	1	1	
0.327711	-nan	0.9824	1.94722	1	1	1	1	1	1	0.576095	0.9824	0.9824	1	1	
0.331325	-nan	0.981653	1.9471	1	1	1	1	1	1	0.584717	0.981653	0.981653	1	1	
0.33494	-nan	0.980905	1.94653	1	1	1	1	1	1	0.593447	0.980905	0.980905	1	1	
0.338554	-nan	0.980155	1.94552	1	1	1	1	1	1	0.602285	0.980155	0.980155	1	1	
0.342169	-nan	0.979405	1.94409	1	1	1	1	1	1	0.611231	0.979405	0.979405	1	1	
0.345783	-nan	0.978653	1.94223	1	1	1	1	1	1	0.620286	0.978653	0.978653	1	1	
0.349398	-nan	0.977901	1.93995	1	1	1	1	1	1	0.629449	0.977901	0.977901	1	1	
0.353012	-nan	0.977147	1.93727	1	1	1	1	1	1	0.63872	0.977147	0.977147	1	1	
0.356627	-nan	0.976394	1.93419	1	1	1	1	1	1	0.6481	0.976394	0.976394	1	1	
0.360241	-nan	0.975639	1.93071	1	1	1	1	1	1	0.657588	0.975639	0.975639	1	1	
0.363855	-nan	0.974884	1.92685	1	1	1	1	1	1	0.667184	0.974884	0.974884	1	1	
0.36747	-nan	0.974129	1.92261	1	1	1	1	1	1	0.676889	0.974129	0.974129	1	1	
0.371084	-nan	0.973374	1.918	1	1	1	1	1	1	0.686702	0.973374	0.973374	1	1	
0.374699	-nan	0.972619	1.91303	1	1	1	1	1	1	0.696623	0.972619	0.972619	1	1	
0.378313	-nan	0.971864	1.9077	1	1	1	1	1	1	0.706651	0.971864	0.971864	1	1	
0.381928	-nan	0.97111	1.90204	1	1	1	1	1	1	0.716787	0.97111	0.97111	1	1	
0.385542	-nan	0.970356	1.89603	1	1	1	1	1	1	0.72703	0.970356	0.970356	1	1	
0.389157	-nan	0.969602	1.8897	1	1	1	1	1	1	0.73738	0.969602	0.969602	1	1	
0.392771	-nan	0.968849	1.88305	1	1	1	1	1	1	0.747836	0.968849	0.968849	1	1	
0.396386	-nan	0.968096	1.87609	1	1	1	1	1	1	0.758399	0.968096	0.968096	1	1	
0.4	-nan	0.967345	1.86883	1	1	1	1	1	1	0.769067	0.967345	0.967345	1	1	
0.403614	-nan	0.966594	1.86128	1	1	1	1	1	1	0.77984	0.966594	0.966594	1	1	
0.407229	-nan	0.965844	1.85344	1	1	1	1	1	1	0.790717	0.965844	0.965844	1	1	
0.410843	-nan	0.965096	1.84533	1	1	1	1	1	1	0.801698	0.965096	0.965096	1	1	
0.414458	-nan	0.964348	1.83695	1	1	1	1	1	1	0.812782	0.964348	0.964348	1	1	
0.418072	-nan	0.963603	1.82832	1	1	1	1	1	1	0.823969	0.963603	0.963603	1	1	
0.421687	-nan	0.962858	1.81943	1	1	1	1	1	1	0.835257	0.962858	0.962858	1	1	
0.425301	-nan	0.962115	1.81031	1	1	1	1	1	1	0.846646	0.962115	0.962115	1	1	
0.428916	-nan	0.961374	1.80096	1	1	1	1	1	1	0.858134	0.961374	0.961374	1	1	
0.43253	-nan	0.960635	1.79139	1	1	1	1	1	1	0.869721	0.960635	0.960635	1	1	
0.436145	-nan	0.959897	1.7816	1	1	1	1	1	1	0.881405	0.959897	0.959897	1	1	
0.439759	-nan	0.959161	1.77161	1	1	1	1	1	1	0.893186	0.959161	0.959161	1	1	
0.443373	-nan	0.958427	1.76143	1	1	1	1	1	1	0.905063	0.958427	0.958427	1	1	
0.446988	-nan	0.957696	1.75106	1	1	1	1	1	1	0.917033	0.957696	0.957696	1	1	
0.450602	-nan	0.956966	1.74051	1	1	1	1	1	1	0.929095	0.956966	0.956966	1	1	
0.454217	-nan	0.956239	1.7298	1	1	1	1	1	1	0.941249	0.956239	0.956239	1	1	
0.457831	-nan	0.955514	1.71892	1	1	1	1	1	1	0.953493	0.955514	0.955514	1	1	
0.461446	-nan	0.954792	1.70789	1	1	1	1	1	1	0.965824	0.954792	0.954792	1	1	
0.46506	-nan	0.954072	1.69672	1	1	1	1	1	1	0.978242	0.954072	0.954072	1	1	
0.468675	-nan	0.953354	1.68541	1	1	1	1	1	1	0.990745	0.953354	0.953354	1	1	
0.472289	-nan	0.952639	1.67397	1	1	1	1	1	1	1.00333	0.952639	0.952639	1	1	
0.475904	-nan	0.951927	1.66242	1	1	1	1	1	1	1.016	0.951927	0.951927	1	1	
0.479518	-nan	0.951218	1.65075	1	1	1	1	1	1	1.02874	0.951218	0.951218	1	1	
0.483133	-nan	0.950511	1.63898	1	1	1	1	1	1	1.04157	0.950511	0.950511	1	1	
0.486747	-nan	0.949808	1.62711	1	1	1	1	1	1	1.05447	0.949808	0.949808	1	1	
0.490361	-nan	0.949107	1.61516	1	1	1	1	1	1	1.06744	0.949107	0.949107	1	1	
0.493976	-nan	0.948409	1.60312	1	1	1	1	1	1	1.08048	0.948409	0.948409	1	1	
0.49759	-nan	0.947715	1.59102	1	1	1	1	1	1	1.09359	0.947715	0.947715	1	1	
0.501205	-nan	0.947024	1.57884	1	1	1	1	1	1	1.10677	0.947024	0.947024	1	1	
0.504819	-nan	0.946335	1.56661	1	1	1	1	1	1	1.12001	0.946335	0.946335	1	1	
0.508434	-nan	0.94565	1.55432	1	1	1	1	1	1	1.13331	0.94565	0.94565	1	1	
0.512048	-nan	0.944969	1.54199	1	1	1	1	1	1	1.14667	0.944969	0.944969	1	1	
0.515663	-nan	0.94429	1.52962	1	1	1	1	1	1	1.16009	0.94429	0.94429	1	1	
0.519277	-nan	0.943615	1.51722	1	1	1	1	1	1	1.17356	0.943615	0.943615	1	1	
0.522892	-nan	0.942944	1.50479	1	1	1	1	1	1	1.18708	0.942944	0.942944	1	1	
0.526506	-nan	0.942276	1.49234	1	1	1	1	1	1	1.20065	0.942276	0.942276	1	1	
0.53012	-nan	0.941611	1.47988	1	1	1	1	1	1	1.21427	0.941611	0.941611	1	1	
0.533735	-nan	0.94095	1.46741	1	1	1	1	1	1	1.22792	0.94095	0.94095	1	1	
0.537349	-nan	0.940293	1.45494	1	1	1	1	1	1	1.24162	0.940293	0.940293	1	1	
0.540964	-nan	0.939639	1.44247	1	1	1	1	1	1	1.25535	0.939639	0.939639	1	1	
0.544578	-nan	0.938989	1.43001	1	1	1	1	1	1	1.26912	0.938989	0.938989	1	1	
0.548193	-nan	0.938342	1.41757	1	1	1	1	1	1	1.28292	0.938342	0.938342	1	1	
0.551807	-nan	0.937699	1.40514	1	1	1	1	1	1	1.29675	0.937699	0.937699	1	1	
0.555422	-nan	0.93706	1.39274	1	1	1	1	1	1	1.3106	0.93706	0.93706	1	1	
0.559036	-nan	0.936425	1.38037	1	1	1	1	1	1	1.32447	0.936425	0.936425	1	1	
0.562651	-nan	0.935794	1.36803	1	1	1	1	1	1	1.33836	0.935794	0.935794	1	1	
0.566265	-nan	0.935167	1.35572	1	1	1	1	1	1	1.35226	0.935167	0.935167	1	1	
0.56988	-nan	0.934543	1.34347	1	1	1	1	1	1	1.36618	0.934543	0.934543	1	1	
0.573494	-nan	0.933923	1.33125	1	1	1	1	1	1	1.38011	0.933923	0.933923	1	1	
0.577108	-nan	0.933307	1.31909	1	1	1	1	1	1	1.39404	0.933307	0.933307	1	1	
0.580723	-nan	0.932696	1.30698	1	1	1	1	1	1	1.40797	0.932696	0.932696	1	1	
0.584337	-nan	0.932088	1.29493	1	1	1	1	1	1	1.42191	0.932088	0.932088	1	1	
0.587952	-nan	0.931484	1.28294	1	1	1	1	1	1	1.43584	0.931484	0.931484	1	1	
0.591566	-nan	0.930884	1.27102	1	1	1	1	1	1	1.44976	0.930884	0.930884	1	1	
0.595181	-nan	0.930288	1.25916	1	1	1	1	1	1	1.46367	0.930288	0.930288	1	1	
0.598795	-nan	0.929696	1.24738	1	1	1	1	1	1	1.47757	0.929696	0.929696	1	1	
0.60241	-nan	0.929108	1.23567	1	1	1	1	1	1	1.49145	0.929108	0.929108	1	1	
0.606024	-nan	0.928524	1.22404	1	1	1	1	1	1	1.50531	0.928524	0.928524	1	1	
0.609639	-nan	0.927944	1.21248	1	1	1	1	1	1	1.51915	0.927944	0.927944	1	1	
0.613253	-nan	0.927369	1.20101	1	1	1	1	1	1	1.53297	0.927369	0.927369	1	1	
0.616867	-nan	0.926797	1.18962	1	1	1	1	1	1	1.54675	0.926797	0.926797	1	1	
0.620482	-nan	0.92623	1.17832	1	1	1	1	1	1	1.56051	0.92623	0.92623	1	1	
0.624096	-nan	0.925666	1.1671	1	1	1	1	1	1	1.57423	0.925666	0.925666	1	1	
0.627711	-nan	0.925107	1.15598	1	1	1	1	1	1	1.58791	0.925107	0.925107	1	1	
0.631325	-nan	0.924552	1.14495	1	1	1	1	1	1	1.60155	0.924552	0.924552	1	1	
0.63494	-nan	0.924001	1.13401	1	1	1	1	1	1	1.61515	0.924001	0.924001	1	1	
0.638554	-nan	0.923454	1.12317	1	1	1	1	1	1	1.6287	0.923454	0.923454	1	1	
0.642169	-nan	0.922911	1.11243	1	1	1	1	1	1	1.6422	0.922911	0.922911	1	1	
0.645783	-nan	0.922372	1.10178	1	1	1	1	1	1	1.65565	0.922372	0.922372	1	1	
0.649398	-nan	0.921838	1.09124	1	1	1	1	1	1	1.66905	0.921838	0.921838	1	1	
0.653012	-nan	0.921307	1.08079	1	1	1	1	1	1	1.68239	0.921307	0.921307	1	1	
0.656627	-nan	0.920781	1.07045	1	1	1	1	1	1	1.69567	0.920781	0.920781	1	1	
0.660241	-nan	0.920258	1.06021	1	1	1	1	1	1	1.70889	0.920258	0.920258	1	1	
0.663855	-nan	0.91974	1.05007	1	1	1	1	1	1	1.72205	0.91974	0.91974	1	1	
0.66747	-nan	0.919226	1.04004	1	1	1	1	1	1	1.73514	0.919226	0.919226	1	1	
0.671084	-nan	0.918716	1.03011	1	1	1	1	1	1	1.74816	0.918716	0.918716	1	1	
0.674699	-nan	0.918211	1.02029	1	1	1	1	1	1	1.76111	0.918211	0.918211	1	1	
0.678313	-nan	0.917709	1.01058	1	1	1	1	1	1	1.77399	0.917709	0.917709	1	1	
0.681928	-nan	0.917211	1.00097	1	1	1	1	1	1	1.7868	0.917211	0.917211	1	1	
0.685542	-nan	0.916718	0.991468	1	1	1	1	1	1	1.79952	0.916718	0.916718	1	1	
0.689157	-nan	0.916229	0.982074	1	1	1	1	1	1	1.81217	0.916229	0.916229	1	1	
0.692771	-nan	0.915743	0.972787	1	1	1	1	1	1	1.82474	0.915743	0.915743	1	1	
0.696386	-nan	0.915262	0.963608	1	1	1	1	1	1	1.83723	0.915262	0.915262	1	1	
0.7	-nan	0.914785	0.954536	1	1	1	1	1	1	1.84963	0.914785	0.914785	1	1	
0.703614	-nan	0.914312	0.945571	1	1	1	1	1	1	1.86195	0.914312	0.914312	1	1	
0.707229	-nan	0.913843	0.936714	1	1	1	1	1	1	1.87418	0.913843	0.913843	1	1	
0.710843	-nan	0.913378	0.927963	1	1	1	1	1	1	1.88633	0.913378	0.913378	1	1	
0.714458	-nan	0.912917	0.91932	1	1	1	1	1	1	1.89838	0.912917	0.912917	1	1	
0.718072	-nan	0.91246	0.910783	1	1	1	1	1	1	1.91035	0.91246	0.91246	1	1	
0.721687	-nan	0.912007	0.902353	1	1	1	1	1	1	1.92222	0.912007	0.912007	1	1	
0.725301	-nan	0.911558	0.894028	1	1	1	1	1	1	1.934	0.911558	0.911558	1	1	
0.728916	-nan	0.911113	0.885809	1	1	1	1	1	1	1.94568	0.911113	0.911113	1	1	
0.73253	-nan	0.910672	0.877695	1	1	1	1	1	1	1.95728	0.910672	0.910672	1	1	
0.736145	-nan	0.910234	0.869685	1	1	1	1	1	1	1.96877	0.910234	0.910234	1	1	
0.739759	-nan	0.909801	0.861779	1	1	1	1	1	1	1.98017	0.909801	0.909801	1	1	
0.743373	-nan	0.909372	0.853977	1	1	1	1	1	1	1.99147	0.909372	0.909372	1	1	
0.746988	-nan	0.908947	0.846277	1	1	1	1	1	1	2.00267	0.908947	0.908947	1	1	
0.750602	-nan	0.908525	0.83868	1	1	1	1	1	1	2.01378	0.908525	0.908525	1	1	
0.754217	-nan	0.908108	0.831184	1	1	1	1	1	1	2.02478	0.908108	0.908108	1	1	
0.757831	-nan	0.907694	0.823788	1	1	1	1	1	1	2.03568	0.907694	0.907694	1	1	
0.761446	-nan	0.907284	0.816492	1	1	1	1	1	1	2.04649	0.907284	0.907284	1	1	
0.76506	-nan	0.906878	0.809295	1	1	1	1	1	1	2.05719	0.906878	0.906878	1	1	
0.768675	-nan	0.906476	0.802197	1	1	1	1	1	1	2.0678	0.906476	0.906476	1	1	
0.772289	-nan	0.906078	0.795196	1	1	1	1	1	1	2.0783	0.906078	0.906078	1	1	
0.775904	-nan	0.905683	0.788292	1	1	1	1	1	1	2.0887	0.905683	0.905683	1	1	
0.779518	-nan	0.905293	0.781483	1	1	1	1	1	1	2.099	0.905293	0.905293	1	1	
0.783133	-nan	0.904905	0.774769	1	1	1	1	1	1	2.10919	0.904905	0.904905	1	1	
0.786747	-nan	0.904522	0.768149	1	1	1	1	1	1	2.11929	0.904522	0.904522	1	1	
0.790361	-nan	0.904143	0.761623	1	1	1	1	1	1	2.12928	0.904143	0.904143	1	1	
0.793976	-nan	0.903767	0.755188	1	1	1	1	1	1	2.13917	0.903767	0.903767	1	1	
0.79759	-nan	0.903395	0.748844	1	1	1	1	1	1	2.14896	0.903395	0.903395	1	1	
0.801205	-nan	0.903026	0.742591	1	1	1	1	1	1	2.15865	0.903026	0.903026	1	1	
0.804819	-nan	0.902661	0.736427	1	1	1	1	1	1	2.16824	0.902661	0.902661	1	1	
0.808434	-nan	0.9023	0.730351	1	1	1	1	1	1	2.17772	0.9023	0.9023	1	1	
0.812048	-nan	0.901943	0.724362	1	1	1	1	1	1	2.18711	0.901943	0.901943	1	1	
0.815663	-nan	0.901589	0.71846	1	1	1	1	1	1	2.1964	0.901589	0.901589	1	1	
0.819277	-nan	0.901238	0.712643	1	1	1	1	1	1	2.20558	0.901238	0.901238	1	1	
0.822892	-nan	0.900892	0.70691	1	1	1	1	1	1	2.21467	0.900892	0.900892	1	1	
0.826506	-nan	0.900548	0.701261	1	1	1	1	1	1	2.22365	0.900548	0.900548	1	1	
0.83012	-nan	0.900209	0.695694	1	1	1	1	1	1	2.23254	0.900209	0.900209	1	1	
0.833735	-nan	0.899872	0.690208	1	1	1	1	1	1	2.24133	0.899872	0.899872	1	1	
0.837349	-nan	0.89954	0.684803	1	1	1	1	1	1	2.25002	0.89954	0.89954	1	1	
0.840964	-nan	0.89921	0.679477	1	1	1	1	1	1	2.25861	0.89921	0.89921	1	1	
0.844578	-nan	0.898884	0.674229	1	1	1	1	1	1	2.26711	0.898884	0.898884	1	1	
0.848193	-nan	0.898562	0.669058	1	1	1	1	1	1	2.27551	0.898562	0.898562	1	1	
0.851807	-nan	0.898243	0.663964	1	1	1	1	1	1	2.28382	0.898243	0.898243	1	1	
0.855422	-nan	0.897927	0.658944	1	1	1	1	1	1	2.29203	0.897927	0.897927	1	1	
0.859036	-nan	0.897615	0.654	1	1	1	1	1	1	2.30015	0.897615	0.897615	1	1	
0.862651	-nan	0.897306	0.649128	1	1	1	1	1	1	2.30817	0.897306	0.897306	1	1	
0.866265	-nan	0.897001	0.644329	1	1	1	1	1	1	2.3161	0.897001	0.897001	1	1	
0.86988	-nan	0.896699	0.639601	1	1	1	1	1	1	2.32394	0.896699	0.896699	1	1	
0.873494	-nan	0.8964	0.634943	1	1	1	1	1	1	2.33169	0.8964	0.8964	1	1	
0.877108	-nan	0.896104	0.630355	1	1	1	1	1	1	2.33934	0.896104	0.896104	1	1	
0.880723	-nan	0.895812	0.625835	1	1	1	1	1	1	2.34691	0.895812	0.895812	1	1	
0.884337	-nan	0.895522	0.621383	1	1	1	1	1	1	2.35439	0.895522	0.895522	1	1	
0.887952	-nan	0.895237	0.616997	1	1	1	1	1	1	2.36178	0.895237	0.895237	1	1	
0.891566	-nan	0.894954	0.612677	1	1	1	1	1	1	2.36908	0.894954	0.894954	1	1	
0.895181	-nan	0.894674	0.608421	1	1	1	1	1	1	2.37629	0.894674	0.894674	1	1	
0.898795	-nan	0.894398	0.604229	1	1	1	1	1	1	2.38342	0.894398	0.894398	1	1	
0.90241	-nan	0.894125	0.600099	1	1	1	1	1	1	2.39047	0.894125	0.894125	1	1	
0.906024	-nan	0.893854	0.596032	1	1	1	1	1	1	2.39743	0.893854	0.893854	1	1	
0.909639	-nan	0.893587	0.592025	1	1	1	1	1	1	2.40431	0.893587	0.893587	1	1	
0.913253	-nan	0.893323	0.588078	1	1	1	1	1	1	2.4111	0.893323	0.893323	1	1	
0.916867	-nan	0.893062	0.584191	1	1	1	1	1	1	2.41781	0.893062	0.893062	1	1	
0.920482	-nan	0.892805	0.580362	1	1	1	1	1	1	2.42445	0.892805	0.892805	1	1	
0.924096	-nan	0.89255	0.57659	1	1	1	1	1	1	2.431	0.89255	0.89255	1	1	
0.927711	-nan	0.892298	0.572874	1	1	1	1	1	1	2.43747	0.892298	0.892298	1	1	
0.931325	-nan	0.892049	0.569215	1	1	1	1	1	1	2.44387	0.892049	0.892049	1	1	
0.93494	-nan	0.891803	0.56561	1	1	1	1	1	1	2.45019	0.891803	0.891803	1	1	
0.938554	-nan	0.89156	0.562059	1	1	1	1	1	1	2.45643	0.89156	0.89156	1	1	
0.942169	-nan	0.89132	0.558561	1	1	1	1	1	1	2.46259	0.89132	0.89132	1	1	
0.945783	-nan	0.891083	0.555115	1	1	1	1	1	1	2.46869	0.891083	0.891083	1	1	
0.949398	-nan	0.890849	0.551721	1	1	1	1	1	1	2.4747	0.890849	0.890849	1	1	
0.953012	-nan	0.890617	0.548378	1	1	1	1	1	1	2.48065	0.890617	0.890617	1	1	
0.956627	-nan	0.890389	0.545085	1	1	1	1	1	1	2.48652	0.890389	0.890389	1	1	
0.960241	-nan	0.890163	0.541841	1	1	1	1	1	1	2.49232	0.890163	0.890163	1	1	
0.963855	-nan	0.88994	0.538645	1	1	1	1	1	1	2.49806	0.88994	0.88994	1	1	
0.96747	-nan	0.88972	0.535497	1	1	1	1	1	1	2.50372	0.88972	0.88972	1	1	
0.971084	-nan	0.889503	0.532396	1	1	1	1	1	1	2.50931	0.889503	0.889503	1	1	
0.974699	-nan	0.889288	0.529341	1	1	1	1	1	1	2.51484	0.889288	0.889288	1	1	
0.978313	-nan	0.889076	0.526331	1	1	1	1	1	1	2.52029	0.889076	0.889076	1	1	
0.981928	-nan	0.888867	0.523366	1	1	1	1	1	1	2.52569	0.888867	0.888867	1	1	
0.985542	-nan	0.88866	0.520445	1	1	1	1	1	1	2.53101	0.88866	0.88866	1	1	
0.989157	-nan	0.888456	0.517568	1	1	1	1	1	1	2.53628	0.888456	0.888456	1	1	
0.992771	-nan	0.888255	0.514733	1	1	1	1	1	1	2.54148	0.888255	0.888255	1	1	
0.996386	-nan	0.888057	0.51194	1	1	1	1	1	1	2.54661	0.888057	0.888057	1	1	
1	-nan	-nan	-nan	-nan	-nan	-nan	-nan	-nan	-nan	-nan	-nan	-nan	-nan	-nan	
