1e-05	-nan	0.575405	0.583533	1	1	1	1	1	1	0.823443	0.575405	0.575405	1	1	
1.03753e-05	-nan	0.57548	0.583545	1	1	1	1	1	1	0.82345	0.57548	0.57548	1	1	
1.07647e-05	-nan	0.575555	0.583556	1	1	1	1	1	1	0.823457	0.575555	0.575555	1	1	
1.11686e-05	-nan	0.575631	0.583568	1	1	1	1	1	1	0.823465	0.575631	0.575631	1	1	
1.15878e-05	-nan	0.575708	0.58358	1	1	1	1	1	1	0.823473	0.575708	0.575708	1	1	
1.20226e-05	-nan	0.575786	0.583593	1	1	1	1	1	1	0.823481	0.575786	0.575786	1	1	
1.24738e-05	-nan	0.575865	0.583606	1	1	1	1	1	1	0.823489	0.575865	0.575865	1	1	
1.2942e-05	-nan	0.575944	0.583619	1	1	1	1	1	1	0.823498	0.575944	0.575944	1	1	
1.34276e-05	-nan	0.576025	0.583632	1	1	1	1	1	1	0.823507	0.576025	0.576025	1	1	
1.39316e-05	-nan	0.576106	0.583646	1	1	1	1	1	1	0.823516	0.576106	0.576106	1	1	
1.44544e-05	-nan	0.576189	0.58366	1	1	1	1	1	1	0.823526	0.576189	0.576189	1	1	
1.49968e-05	-nan	0.576272	0.583674	1	1	1	1	1	1	0.823536	0.576272	0.576272	1	1	
1.55597e-05	-nan	0.576356	0.583689	1	1	1	1	1	1	0.823546	0.576356	0.576356	1	1	
1.61436e-05	-nan	0.576442	0.583704	1	1	1	1	1	1	0.823557	0.576442	0.576442	1	1	
1.67494e-05	-nan	0.576528	0.58372	1	1	1	1	1	1	0.823568	0.576528	0.576528	1	1	
1.7378e-05	-nan	0.576615	0.583735	1	1	1	1	1	1	0.823579	0.576615	0.576615	1	1	
1.80302e-05	-nan	0.576704	0.583752	1	1	1	1	1	1	0.823591	0.576704	0.576704	1	1	
1.87068e-05	-nan	0.576793	0.583768	1	1	1	1	1	1	0.823603	0.576793	0.576793	1	1	
1.94089e-05	-nan	0.576884	0.583785	1	1	1	1	1	1	0.823615	0.576884	0.576884	1	1	
2.01372e-05	-nan	0.576976	0.583802	1	1	1	1	1	1	0.823628	0.576976	0.576976	1	1	
2.0893e-05	-nan	0.577068	0.58382	1	1	1	1	1	1	0.823641	0.577068	0.577068	1	1	
2.1677e-05	-nan	0.577162	0.583838	1	1	1	1	1	1	0.823655	0.577162	0.577162	1	1	
2.24905e-05	-nan	0.577258	0.583857	1	1	1	1	1	1	0.823669	0.577258	0.577258	1	1	
2.33346e-05	-nan	0.577354	0.583876	1	1	1	1	1	1	0.823684	0.577354	0.577354	1	1	
2.42103e-05	-nan	0.577452	0.583896	1	1	1	1	1	1	0.823699	0.577452	0.577452	1	1	
2.51189e-05	-nan	0.57755	0.583916	1	1	1	1	1	1	0.823715	0.57755	0.57755	1	1	
2.60615e-05	-nan	0.577651	0.583936	1	1	1	1	1	1	0.823731	0.577651	0.577651	1	1	
2.70396e-05	-nan	0.577752	0.583957	1	1	1	1	1	1	0.823748	0.577752	0.577752	1	1	
2.80543e-05	-nan	0.577855	0.583979	1	1	1	1	1	1	0.823765	0.577855	0.577855	1	1	
2.91072e-05	-nan	0.577959	0.584001	1	1	1	1	1	1	0.823783	0.577959	0.577959	1	1	
3.01995e-05	-nan	0.578064	0.584024	1	1	1	1	1	1	0.823801	0.578064	0.578064	1	1	
3.13329e-05	-nan	0.578171	0.584047	1	1	1	1	1	1	0.82382	0.578171	0.578171	1	1	
3.25087e-05	-nan	0.57828	0.58407	1	1	1	1	1	1	0.82384	0.57828	0.57828	1	1	
3.37287e-05	-nan	0.57839	0.584095	1	1	1	1	1	1	0.823861	0.57839	0.57839	1	1	
3.49945e-05	-nan	0.578501	0.58412	1	1	1	1	1	1	0.823882	0.578501	0.578501	1	1	
3.63078e-05	-nan	0.578614	0.584145	1	1	1	1	1	1	0.823903	0.578614	0.578614	1	1	
3.76704e-05	-nan	0.578728	0.584171	1	1	1	1	1	1	0.823926	0.578728	0.578728	1	1	
3.90841e-05	-nan	0.578845	0.584198	1	1	1	1	1	1	0.823949	0.578845	0.578845	1	1	
4.05509e-05	-nan	0.578962	0.584225	1	1	1	1	1	1	0.823973	0.578962	0.578962	1	1	
4.20727e-05	-nan	0.579082	0.584254	1	1	1	1	1	1	0.823998	0.579082	0.579082	1	1	
4.36516e-05	-nan	0.579203	0.584282	1	1	1	1	1	1	0.824023	0.579203	0.579203	1	1	
4.52898e-05	-nan	0.579326	0.584312	1	1	1	1	1	1	0.82405	0.579326	0.579326	1	1	
4.69894e-05	-nan	0.579451	0.584342	1	1	1	1	1	1	0.824077	0.579451	0.579451	1	1	
4.87528e-05	-nan	0.579577	0.584373	1	1	1	1	1	1	0.824105	0.579577	0.579577	1	1	
5.05825e-05	-nan	0.579706	0.584405	1	1	1	1	1	1	0.824134	0.579706	0.579706	1	1	
5.24807e-05	-nan	0.579836	0.584437	1	1	1	1	1	1	0.824164	0.579836	0.579836	1	1	
5.44503e-05	-nan	0.579968	0.584471	1	1	1	1	1	1	0.824195	0.579968	0.579968	1	1	
5.64937e-05	-nan	0.580103	0.584505	1	1	1	1	1	1	0.824228	0.580103	0.580103	1	1	
5.86138e-05	-nan	0.580239	0.58454	1	1	1	1	1	1	0.824261	0.580239	0.580239	1	1	
6.08135e-05	-nan	0.580378	0.584576	1	1	1	1	1	1	0.824295	0.580378	0.580378	1	1	
6.30957e-05	-nan	0.580518	0.584612	1	1	1	1	1	1	0.82433	0.580518	0.580518	1	1	
6.54636e-05	-nan	0.580661	0.58465	1	1	1	1	1	1	0.824367	0.580661	0.580661	1	1	
6.79204e-05	-nan	0.580807	0.584689	1	1	1	1	1	1	0.824405	0.580807	0.580807	1	1	
7.04693e-05	-nan	0.580954	0.584728	1	1	1	1	1	1	0.824444	0.580954	0.580954	1	1	
7.31139e-05	-nan	0.581104	0.584769	1	1	1	1	1	1	0.824484	0.581104	0.581104	1	1	
7.58578e-05	-nan	0.581256	0.58481	1	1	1	1	1	1	0.824526	0.581256	0.581256	1	1	
7.87046e-05	-nan	0.581411	0.584853	1	1	1	1	1	1	0.824569	0.581411	0.581411	1	1	
8.16582e-05	-nan	0.581568	0.584897	1	1	1	1	1	1	0.824614	0.581568	0.581568	1	1	
8.47227e-05	-nan	0.581728	0.584942	1	1	1	1	1	1	0.82466	0.581728	0.581728	1	1	
8.79023e-05	-nan	0.581891	0.584988	1	1	1	1	1	1	0.824707	0.581891	0.581891	1	1	
9.12011e-05	-nan	0.582056	0.585035	1	1	1	1	1	1	0.824756	0.582056	0.582056	1	1	
9.46237e-05	-nan	0.582225	0.585083	1	1	1	1	1	1	0.824807	0.582225	0.582225	1	1	
9.81748e-05	-nan	0.582396	0.585133	1	1	1	1	1	1	0.82486	0.582396	0.582396	1	1	
0.000101859	-nan	0.58257	0.585183	1	1	1	1	1	1	0.824914	0.58257	0.58257	1	1	
0.000105682	-nan	0.582747	0.585235	1	1	1	1	1	1	0.82497	0.582747	0.582747	1	1	
0.000109648	-nan	0.582927	0.585289	1	1	1	1	1	1	0.825028	0.582927	0.582927	1	1	
0.000113763	-nan	0.58311	0.585344	1	1	1	1	1	1	0.825087	0.58311	0.58311	1	1	
0.000118032	-nan	0.583297	0.5854	1	1	1	1	1	1	0.825149	0.583297	0.583297	1	1	
0.000122462	-nan	0.583487	0.585457	1	1	1	1	1	1	0.825213	0.583487	0.583487	1	1	
0.000127057	-nan	0.58368	0.585516	1	1	1	1	1	1	0.825279	0.58368	0.58368	1	1	
0.000131826	-nan	0.583877	0.585577	1	1	1	1	1	1	0.825347	0.583877	0.583877	1	1	
0.000136773	-nan	0.584078	0.585639	1	1	1	1	1	1	0.825417	0.584078	0.584078	1	1	
0.000141906	-nan	0.584282	0.585703	1	1	1	1	1	1	0.82549	0.584282	0.584282	1	1	
0.000147231	-nan	0.584491	0.585768	1	1	1	1	1	1	0.825565	0.584491	0.584491	1	1	
0.000152757	-nan	0.584703	0.585835	1	1	1	1	1	1	0.825643	0.584703	0.584703	1	1	
0.000158489	-nan	0.584919	0.585904	1	1	1	1	1	1	0.825723	0.584919	0.584919	1	1	
0.000164437	-nan	0.585139	0.585975	1	1	1	1	1	1	0.825806	0.585139	0.585139	1	1	
0.000170608	-nan	0.585364	0.586047	1	1	1	1	1	1	0.825891	0.585364	0.585364	1	1	
0.000177011	-nan	0.585593	0.586122	1	1	1	1	1	1	0.82598	0.585593	0.585593	1	1	
0.000183654	-nan	0.585826	0.586198	1	1	1	1	1	1	0.826071	0.585826	0.585826	1	1	
0.000190546	-nan	0.586064	0.586276	1	1	1	1	1	1	0.826166	0.586064	0.586064	1	1	
0.000197697	-nan	0.586307	0.586356	1	1	1	1	1	1	0.826263	0.586307	0.586307	1	1	
0.000205116	-nan	0.586554	0.586439	1	1	1	1	1	1	0.826364	0.586554	0.586554	1	1	
0.000212814	-nan	0.586807	0.586523	1	1	1	1	1	1	0.826468	0.586807	0.586807	1	1	
0.0002208	-nan	0.587064	0.58661	1	1	1	1	1	1	0.826576	0.587064	0.587064	1	1	
0.000229087	-nan	0.587327	0.586699	1	1	1	1	1	1	0.826687	0.587327	0.587327	1	1	
0.000237684	-nan	0.587596	0.58679	1	1	1	1	1	1	0.826802	0.587596	0.587596	1	1	
0.000246604	-nan	0.58787	0.586884	1	1	1	1	1	1	0.82692	0.58787	0.58787	1	1	
0.000255859	-nan	0.588149	0.58698	1	1	1	1	1	1	0.827043	0.588149	0.588149	1	1	
0.000265461	-nan	0.588435	0.587079	1	1	1	1	1	1	0.82717	0.588435	0.588435	1	1	
0.000275423	-nan	0.588727	0.58718	1	1	1	1	1	1	0.827301	0.588727	0.588727	1	1	
0.000285759	-nan	0.589024	0.587284	1	1	1	1	1	1	0.827436	0.589024	0.589024	1	1	
0.000296483	-nan	0.589329	0.587391	1	1	1	1	1	1	0.827576	0.589329	0.589329	1	1	
0.00030761	-nan	0.58964	0.587501	1	1	1	1	1	1	0.82772	0.58964	0.58964	1	1	
0.000319154	-nan	0.589957	0.587613	1	1	1	1	1	1	0.827869	0.589957	0.589957	1	1	
0.000331131	-nan	0.590282	0.587729	1	1	1	1	1	1	0.828024	0.590282	0.590282	1	1	
0.000343558	-nan	0.590614	0.587848	1	1	1	1	1	1	0.828183	0.590614	0.590614	1	1	
0.000356451	-nan	0.590953	0.587969	1	1	1	1	1	1	0.828348	0.590953	0.590953	1	1	
0.000369828	-nan	0.5913	0.588095	1	1	1	1	1	1	0.828518	0.5913	0.5913	1	1	
0.000383707	-nan	0.591654	0.588223	1	1	1	1	1	1	0.828694	0.591654	0.591654	1	1	
0.000398107	-nan	0.592017	0.588355	1	1	1	1	1	1	0.828875	0.592017	0.592017	1	1	
0.000413048	-nan	0.592388	0.588491	1	1	1	1	1	1	0.829063	0.592388	0.592388	1	1	
0.000428549	-nan	0.592768	0.58863	1	1	1	1	1	1	0.829257	0.592768	0.592768	1	1	
0.000444631	-nan	0.593156	0.588773	1	1	1	1	1	1	0.829457	0.593156	0.593156	1	1	
0.000461318	-nan	0.593554	0.588919	1	1	1	1	1	1	0.829664	0.593554	0.593554	1	1	
0.00047863	-nan	0.59396	0.58907	1	1	1	1	1	1	0.829878	0.59396	0.59396	1	1	
0.000496592	-nan	0.594377	0.589225	1	1	1	1	1	1	0.830099	0.594377	0.594377	1	1	
0.000515229	-nan	0.594803	0.589384	1	1	1	1	1	1	0.830328	0.594803	0.594803	1	1	
0.000534564	-nan	0.595239	0.589548	1	1	1	1	1	1	0.830564	0.595239	0.595239	1	1	
0.000554626	-nan	0.595686	0.589716	1	1	1	1	1	1	0.830808	0.595686	0.595686	1	1	
0.00057544	-nan	0.596144	0.589888	1	1	1	1	1	1	0.83106	0.596144	0.596144	1	1	
0.000597035	-nan	0.596613	0.590066	1	1	1	1	1	1	0.83132	0.596613	0.596613	1	1	
0.000619441	-nan	0.597093	0.590248	1	1	1	1	1	1	0.83159	0.597093	0.597093	1	1	
0.000642688	-nan	0.597585	0.590435	1	1	1	1	1	1	0.831868	0.597585	0.597585	1	1	
0.000666807	-nan	0.59809	0.590628	1	1	1	1	1	1	0.832155	0.59809	0.59809	1	1	
0.000691831	-nan	0.598607	0.590825	1	1	1	1	1	1	0.832452	0.598607	0.598607	1	1	
0.000717794	-nan	0.599136	0.591029	1	1	1	1	1	1	0.832759	0.599136	0.599136	1	1	
0.000744732	-nan	0.59968	0.591238	1	1	1	1	1	1	0.833076	0.59968	0.59968	1	1	
0.000772681	-nan	0.600237	0.591453	1	1	1	1	1	1	0.833404	0.600237	0.600237	1	1	
0.000801678	-nan	0.600808	0.591673	1	1	1	1	1	1	0.833743	0.600808	0.600808	1	1	
0.000831764	-nan	0.601393	0.5919	1	1	1	1	1	1	0.834093	0.601393	0.601393	1	1	
0.000862979	-nan	0.601994	0.592134	1	1	1	1	1	1	0.834455	0.601994	0.601994	1	1	
0.000895365	-nan	0.60261	0.592374	1	1	1	1	1	1	0.834829	0.60261	0.60261	1	1	
0.000928966	-nan	0.603243	0.592621	1	1	1	1	1	1	0.835215	0.603243	0.603243	1	1	
0.000963829	-nan	0.603892	0.592875	1	1	1	1	1	1	0.835614	0.603892	0.603892	1	1	
0.001	-nan	0.604557	0.593136	1	1	1	1	1	1	0.836027	0.604557	0.604557	1	1	
0.00103753	-nan	0.605241	0.593404	1	1	1	1	1	1	0.836454	0.605241	0.605241	1	1	
0.00107647	-nan	0.605942	0.593681	1	1	1	1	1	1	0.836894	0.605942	0.605942	1	1	
0.00111686	-nan	0.606662	0.593965	1	1	1	1	1	1	0.83735	0.606662	0.606662	1	1	
0.00115878	-nan	0.607401	0.594257	1	1	1	1	1	1	0.837821	0.607401	0.607401	1	1	
0.00120226	-nan	0.60816	0.594558	1	1	1	1	1	1	0.838307	0.60816	0.60816	1	1	
0.00124738	-nan	0.60894	0.594868	1	1	1	1	1	1	0.83881	0.60894	0.60894	1	1	
0.0012942	-nan	0.60974	0.595186	1	1	1	1	1	1	0.83933	0.60974	0.60974	1	1	
0.00134276	-nan	0.610562	0.595514	1	1	1	1	1	1	0.839867	0.610562	0.610562	1	1	
0.00139316	-nan	0.611407	0.595851	1	1	1	1	1	1	0.840422	0.611407	0.611407	1	1	
0.00144544	-nan	0.612275	0.596199	1	1	1	1	1	1	0.840996	0.612275	0.612275	1	1	
0.00149968	-nan	0.613166	0.596556	1	1	1	1	1	1	0.841589	0.613166	0.613166	1	1	
0.00155597	-nan	0.614082	0.596924	1	1	1	1	1	1	0.842202	0.614082	0.614082	1	1	
0.00161436	-nan	0.615023	0.597303	1	1	1	1	1	1	0.842836	0.615023	0.615023	1	1	
0.00167494	-nan	0.615991	0.597694	1	1	1	1	1	1	0.84349	0.615991	0.615991	1	1	
0.0017378	-nan	0.616985	0.598095	1	1	1	1	1	1	0.844167	0.616985	0.616985	1	1	
0.00180302	-nan	0.618007	0.598509	1	1	1	1	1	1	0.844867	0.618007	0.618007	1	1	
0.00187068	-nan	0.619057	0.598936	1	1	1	1	1	1	0.84559	0.619057	0.619057	1	1	
0.00194089	-nan	0.620137	0.599375	1	1	1	1	1	1	0.846338	0.620137	0.620137	1	1	
0.00201372	-nan	0.621247	0.599828	1	1	1	1	1	1	0.847111	0.621247	0.621247	1	1	
0.0020893	-nan	0.622388	0.600294	1	1	1	1	1	1	0.84791	0.622388	0.622388	1	1	
0.0021677	-nan	0.623561	0.600775	1	1	1	1	1	1	0.848735	0.623561	0.623561	1	1	
0.00224905	-nan	0.624768	0.60127	1	1	1	1	1	1	0.849589	0.624768	0.624768	1	1	
0.00233346	-nan	0.626008	0.601781	1	1	1	1	1	1	0.850471	0.626008	0.626008	1	1	
0.00242103	-nan	0.627284	0.602307	1	1	1	1	1	1	0.851383	0.627284	0.627284	1	1	
0.00251189	-nan	0.628596	0.60285	1	1	1	1	1	1	0.852326	0.628596	0.628596	1	1	
0.00260615	-nan	0.629945	0.603409	1	1	1	1	1	1	0.853301	0.629945	0.629945	1	1	
0.00270396	-nan	0.631332	0.603987	1	1	1	1	1	1	0.854309	0.631332	0.631332	1	1	
0.00280543	-nan	0.632759	0.604582	1	1	1	1	1	1	0.855351	0.632759	0.632759	1	1	
0.00291072	-nan	0.634226	0.605196	1	1	1	1	1	1	0.856428	0.634226	0.634226	1	1	
0.00301995	-nan	0.635735	0.60583	1	1	1	1	1	1	0.857541	0.635735	0.635735	1	1	
0.00313329	-nan	0.637287	0.606484	1	1	1	1	1	1	0.858692	0.637287	0.637287	1	1	
0.00325087	-nan	0.638883	0.607159	1	1	1	1	1	1	0.859882	0.638883	0.638883	1	1	
0.00337287	-nan	0.640525	0.607856	1	1	1	1	1	1	0.861113	0.640525	0.640525	1	1	
0.00349945	-nan	0.642213	0.608575	1	1	1	1	1	1	0.862385	0.642213	0.642213	1	1	
0.00363078	-nan	0.643949	0.609318	1	1	1	1	1	1	0.8637	0.643949	0.643949	1	1	
0.00376704	-nan	0.645734	0.610085	1	1	1	1	1	1	0.86506	0.645734	0.645734	1	1	
0.00390841	-nan	0.647569	0.610878	1	1	1	1	1	1	0.866466	0.647569	0.647569	1	1	
0.00405509	-nan	0.649456	0.611697	1	1	1	1	1	1	0.867919	0.649456	0.649456	1	1	
0.00420727	-nan	0.651397	0.612543	1	1	1	1	1	1	0.869422	0.651397	0.651397	1	1	
0.00436516	-nan	0.653392	0.613418	1	1	1	1	1	1	0.870976	0.653392	0.653392	1	1	
0.00452898	-nan	0.655443	0.614322	1	1	1	1	1	1	0.872582	0.655443	0.655443	1	1	
0.00469894	-nan	0.657551	0.615257	1	1	1	1	1	1	0.874244	0.657551	0.657551	1	1	
0.00487528	-nan	0.659717	0.616224	1	1	1	1	1	1	0.875961	0.659717	0.659717	1	1	
0.00505825	-nan	0.661944	0.617225	1	1	1	1	1	1	0.877737	0.661944	0.661944	1	1	
0.00524807	-nan	0.664232	0.61826	1	1	1	1	1	1	0.879573	0.664232	0.664232	1	1	
0.00544503	-nan	0.666583	0.619331	1	1	1	1	1	1	0.881472	0.666583	0.666583	1	1	
0.00564937	-nan	0.668998	0.62044	1	1	1	1	1	1	0.883435	0.668998	0.668998	1	1	
0.00586138	-nan	0.671479	0.621588	1	1	1	1	1	1	0.885464	0.671479	0.671479	1	1	
0.00608135	-nan	0.674027	0.622777	1	1	1	1	1	1	0.887563	0.674027	0.674027	1	1	
0.00630957	-nan	0.676643	0.624009	1	1	1	1	1	1	0.889732	0.676643	0.676643	1	1	
0.00654636	-nan	0.679329	0.625285	1	1	1	1	1	1	0.891976	0.679329	0.679329	1	1	
0.00679204	-nan	0.682086	0.626608	1	1	1	1	1	1	0.894295	0.682086	0.682086	1	1	
0.00704693	-nan	0.684916	0.62798	1	1	1	1	1	1	0.896694	0.684916	0.684916	1	1	
0.00731139	-nan	0.687819	0.629402	1	1	1	1	1	1	0.899173	0.687819	0.687819	1	1	
0.00758578	-nan	0.690797	0.630878	1	1	1	1	1	1	0.901736	0.690797	0.690797	1	1	
0.00787046	-nan	0.693851	0.632409	1	1	1	1	1	1	0.904386	0.693851	0.693851	1	1	
0.00816582	-nan	0.696982	0.633998	1	1	1	1	1	1	0.907126	0.696982	0.696982	1	1	
0.00847227	-nan	0.700192	0.635648	1	1	1	1	1	1	0.909958	0.700192	0.700192	1	1	
0.00879023	-nan	0.703481	0.637362	1	1	1	1	1	1	0.912886	0.703481	0.703481	1	1	
0.00912011	-nan	0.70685	0.639143	1	1	1	1	1	1	0.915912	0.70685	0.70685	1	1	
0.00946237	-nan	0.710301	0.640994	1	1	1	1	1	1	0.919041	0.710301	0.710301	1	1	
0.00981748	-nan	0.713834	0.642918	1	1	1	1	1	1	0.922274	0.713834	0.713834	1	1	
0.0101859	-nan	0.71745	0.644919	1	1	1	1	1	1	0.925616	0.71745	0.71745	1	1	
0.0105682	-nan	0.72115	0.647001	1	1	1	1	1	1	0.92907	0.72115	0.72115	1	1	
0.0109648	-nan	0.724933	0.649169	1	1	1	1	1	1	0.932639	0.724933	0.724933	1	1	
0.0113763	-nan	0.728802	0.651425	1	1	1	1	1	1	0.936326	0.728802	0.728802	1	1	
0.0118032	-nan	0.732755	0.653776	1	1	1	1	1	1	0.940137	0.732755	0.732755	1	1	
0.0122462	-nan	0.736793	0.656225	1	1	1	1	1	1	0.944074	0.736793	0.736793	1	1	
0.0127057	-nan	0.740917	0.658778	1	1	1	1	1	1	0.94814	0.740917	0.740917	1	1	
0.0131826	-nan	0.745126	0.661441	1	1	1	1	1	1	0.952341	0.745126	0.745126	1	1	
0.0136773	-nan	0.749421	0.664219	1	1	1	1	1	1	0.956679	0.749421	0.749421	1	1	
0.0141906	-nan	0.7538	0.667118	1	1	1	1	1	1	0.961159	0.7538	0.7538	1	1	
0.0147231	-nan	0.758264	0.670146	1	1	1	1	1	1	0.965785	0.758264	0.758264	1	1	
0.0152757	-nan	0.762812	0.67331	1	1	1	1	1	1	0.97056	0.762812	0.762812	1	1	
0.0158489	-nan	0.767443	0.676616	1	1	1	1	1	1	0.975489	0.767443	0.767443	1	1	
0.0164437	-nan	0.772156	0.680072	1	1	1	1	1	1	0.980575	0.772156	0.772156	1	1	
0.0170608	-nan	0.77695	0.683689	1	1	1	1	1	1	0.985823	0.77695	0.77695	1	1	
0.0177011	-nan	0.781823	0.687474	1	1	1	1	1	1	0.991237	0.781823	0.781823	1	1	
0.0183654	-nan	0.786776	0.691437	1	1	1	1	1	1	0.996821	0.786776	0.786776	1	1	
0.0190546	-nan	0.791804	0.695589	1	1	1	1	1	1	1.00258	0.791804	0.791804	1	1	
0.0197697	-nan	0.796908	0.69994	1	1	1	1	1	1	1.00851	0.796908	0.796908	1	1	
0.0205116	-nan	0.802084	0.704504	1	1	1	1	1	1	1.01463	0.802084	0.802084	1	1	
0.0212814	-nan	0.807331	0.709291	1	1	1	1	1	1	1.02093	0.807331	0.807331	1	1	
0.02208	-nan	0.812646	0.714316	1	1	1	1	1	1	1.02742	0.812646	0.812646	1	1	
0.0229087	-nan	0.818027	0.719593	1	1	1	1	1	1	1.0341	0.818027	0.818027	1	1	
0.0237684	-nan	0.82347	0.725137	1	1	1	1	1	1	1.04097	0.82347	0.82347	1	1	
0.0246604	-nan	0.828973	0.730964	1	1	1	1	1	1	1.04805	0.828973	0.828973	1	1	
0.0255859	-nan	0.834532	0.737092	1	1	1	1	1	1	1.05532	0.834532	0.834532	1	1	
0.0265461	-nan	0.840144	0.743539	1	1	1	1	1	1	1.0628	0.840144	0.840144	1	1	
0.0275423	-nan	0.845805	0.750324	1	1	1	1	1	1	1.07048	0.845805	0.845805	1	1	
0.0285759	-nan	0.851512	0.757469	1	1	1	1	1	1	1.07837	0.851512	0.851512	1	1	
0.0296483	-nan	0.857261	0.764994	1	1	1	1	1	1	1.08647	0.857261	0.857261	1	1	
0.030761	-nan	0.863047	0.772924	1	1	1	1	1	1	1.09477	0.863047	0.863047	1	1	
0.0319154	-nan	0.868865	0.781281	1	1	1	1	1	1	1.10328	0.868865	0.868865	1	1	
0.0331131	-nan	0.874713	0.790092	1	1	1	1	1	1	1.11201	0.874713	0.874713	1	1	
0.0343558	-nan	0.880585	0.799384	1	1	1	1	1	1	1.12094	0.880585	0.880585	1	1	
0.0356451	-nan	0.886475	0.809183	1	1	1	1	1	1	1.13008	0.886475	0.886475	1	1	
0.0369828	-nan	0.89238	0.81952	1	1	1	1	1	1	1.13942	0.89238	0.89238	1	1	
0.0383707	-nan	0.898294	0.830422	1	1	1	1	1	1	1.14896	0.898294	0.898294	1	1	
0.0398107	-nan	0.904211	0.84192	1	1	1	1	1	1	1.15871	0.904211	0.904211	1	1	
0.0413048	-nan	0.910127	0.854044	1	1	1	1	1	1	1.16864	0.910127	0.910127	1	1	
0.0428549	-nan	0.916037	0.866825	1	1	1	1	1	1	1.17877	0.916037	0.916037	1	1	
0.0444631	-nan	0.921934	0.880292	1	1	1	1	1	1	1.18908	0.921934	0.921934	1	1	
0.0461318	-nan	0.927812	0.894472	1	1	1	1	1	1	1.19958	0.927812	0.927812	1	1	
0.047863	-nan	0.933667	0.909393	1	1	1	1	1	1	1.21024	0.933667	0.933667	1	1	
0.0496592	-nan	0.939493	0.925077	1	1	1	1	1	1	1.22108	0.939493	0.939493	1	1	
0.0515229	-nan	0.945283	0.941544	1	1	1	1	1	1	1.23208	0.945283	0.945283	1	1	
0.0534564	-nan	0.951032	0.958806	1	1	1	1	1	1	1.24324	0.951032	0.951032	1	1	
0.0554626	-nan	0.956735	0.976873	1	1	1	1	1	1	1.25456	0.956735	0.956735	1	1	
0.057544	-nan	0.962384	0.995741	1	1	1	1	1	1	1.26603	0.962384	0.962384	1	1	
0.0597035	-nan	0.967974	1.0154	1	1	1	1	1	1	1.27768	0.967974	0.967974	1	1	
0.0619441	-nan	0.9735	1.03582	1	1	1	1	1	1	1.28951	0.9735	0.9735	1	1	
0.0642688	-nan	0.978955	1.05698	1	1	1	1	1	1	1.30154	0.978955	0.978955	1	1	
0.0666807	-nan	0.984333	1.0788	1	1	1	1	1	1	1.31382	0.984333	0.984333	1	1	
0.0691831	-nan	0.989628	1.10123	1	1	1	1	1	1	1.32641	0.989628	0.989628	1	1	
0.0717794	-nan	0.994835	1.12417	1	1	1	1	1	1	1.33941	0.994835	0.994835	1	1	
0.0744732	-nan	0.999948	1.1475	1	1	1	1	1	1	1.35295	0.999948	0.999948	1	1	
0.0772681	-nan	1.00496	1.1711	1	1	1	1	1	1	1.36723	1.00496	1.00496	1	1	
0.0801678	-nan	1.00987	1.19481	1	1	1	1	1	1	1.38256	1.00987	1.00987	1	1	
0.0831764	-nan	1.01466	1.21845	1	1	1	1	1	1	1.39934	1.01466	1.01466	1	1	
0.0862979	-nan	1.01934	1.24183	1	1	1	1	1	1	1.41816	1.01934	1.01934	1	1	
0.0895365	-nan	1.02389	1.26476	1	1	1	1	1	1	1.43983	1.02389	1.02389	1	1	
0.0928966	-nan	1.02832	1.28701	1	1	1	1	1	1	1.46545	1.02832	1.02832	1	1	
0.0963829	-nan	1.0326	1.30839	1	1	1	1	1	1	1.49644	1.0326	1.0326	1	1	
0.1	-nan	1.03675	1.32868	1	1	1	1	1	1	1.53456	1.03675	1.03675	1	1	
0.103614	-nan	1.04061	1.34703	1	1	1	1	1	1	1.5799	1.04061	1.04061	1	1	
0.107229	-nan	1.04421	1.36348	1	1	1	1	1	1	1.63325	1.04421	1.04421	1	1	
0.110843	-nan	1.04755	1.3781	1	1	1	1	1	1	1.69462	1.04755	1.04755	1	1	
0.114458	-nan	1.05066	1.39097	1	1	1	1	1	1	1.7629	1.05066	1.05066	1	1	
0.118072	-nan	1.05356	1.40218	1	1	1	1	1	1	1.83575	1.05356	1.05356	1	1	
0.121687	-nan	1.05625	1.41184	1	1	1	1	1	1	1.90985	1.05625	1.05625	1	1	
0.125301	-nan	1.05875	1.42009	1	1	1	1	1	1	1.98148	1.05875	1.05875	1	1	
0.128916	-nan	1.06107	1.42703	1	1	1	1	1	1	2.04732	1.06107	1.06107	1	1	
0.13253	-nan	1.06322	1.43281	1	1	1	1	1	1	2.10502	1.06322	1.06322	1	1	
0.136145	-nan	1.0652	1.43753	1	1	1	1	1	1	2.15343	1.0652	1.0652	1	1	
0.139759	-nan	1.06704	1.44131	1	1	1	1	1	1	2.19251	1.06704	1.06704	1	1	
0.143373	-nan	1.06873	1.44428	1	1	1	1	1	1	2.22295	1.06873	1.06873	1	1	
0.146988	-nan	1.07028	1.44652	1	1	1	1	1	1	2.24589	1.07028	1.07028	1	1	
0.150602	-nan	1.07171	1.44813	1	1	1	1	1	1	2.26255	1.07171	1.07171	1	1	
0.154217	-nan	1.07301	1.4492	1	1	1	1	1	1	2.27412	1.07301	1.07301	1	1	
0.157831	-nan	1.0742	1.4498	1	1	1	1	1	1	2.28164	1.0742	1.0742	1	1	
0.161446	-nan	1.07527	1.45001	1	1	1	1	1	1	2.28596	1.07527	1.07527	1	1	
0.16506	-nan	1.07624	1.44989	1	1	1	1	1	1	2.28776	1.07624	1.07624	1	1	
0.168675	-nan	1.07711	1.4495	1	1	1	1	1	1	2.28759	1.07711	1.07711	1	1	
0.172289	-nan	1.07788	1.44887	1	1	1	1	1	1	2.28584	1.07788	1.07788	1	1	
0.175904	-nan	1.07856	1.44805	1	1	1	1	1	1	2.28285	1.07856	1.07856	1	1	
0.179518	-nan	1.07915	1.44709	1	1	1	1	1	1	2.27886	1.07915	1.07915	1	1	
0.183133	-nan	1.07965	1.446	1	1	1	1	1	1	2.27404	1.07965	1.07965	1	1	
0.186747	-nan	1.08008	1.44483	1	1	1	1	1	1	2.26855	1.08008	1.08008	1	1	
0.190361	-nan	1.08042	1.44358	1	1	1	1	1	1	2.2625	1.08042	1.08042	1	1	
0.193976	-nan	1.08069	1.44229	1	1	1	1	1	1	2.25598	1.08069	1.08069	1	1	
0.19759	-nan	1.08089	1.44096	1	1	1	1	1	1	2.24905	1.08089	1.08089	1	1	
0.201205	-nan	1.08103	1.43962	1	1	1	1	1	1	2.24178	1.08103	1.08103	1	1	
0.204819	-nan	1.08109	1.43828	1	1	1	1	1	1	2.23422	1.08109	1.08109	1	1	
0.208434	-nan	1.08109	1.43694	1	1	1	1	1	1	2.2264	1.08109	1.08109	1	1	
0.212048	-nan	1.08103	1.43561	1	1	1	1	1	1	2.21836	1.08103	1.08103	1	1	
0.215663	-nan	1.08091	1.43431	1	1	1	1	1	1	2.21013	1.08091	1.08091	1	1	
0.219277	-nan	1.08073	1.43303	1	1	1	1	1	1	2.20174	1.08073	1.08073	1	1	
0.222892	-nan	1.0805	1.43178	1	1	1	1	1	1	2.19321	1.0805	1.0805	1	1	
0.226506	-nan	1.08021	1.43057	1	1	1	1	1	1	2.18456	1.08021	1.08021	1	1	
0.23012	-nan	1.07987	1.42939	1	1	1	1	1	1	2.17581	1.07987	1.07987	1	1	
0.233735	-nan	1.07949	1.42825	1	1	1	1	1	1	2.16699	1.07949	1.07949	1	1	
0.237349	-nan	1.07905	1.42715	1	1	1	1	1	1	2.15809	1.07905	1.07905	1	1	
0.240964	-nan	1.07856	1.42609	1	1	1	1	1	1	2.14916	1.07856	1.07856	1	1	
0.244578	-nan	1.07803	1.42507	1	1	1	1	1	1	2.14018	1.07803	1.07803	1	1	
0.248193	-nan	1.07746	1.4241	1	1	1	1	1	1	2.13119	1.07746	1.07746	1	1	
0.251807	-nan	1.07684	1.42316	1	1	1	1	1	1	2.12219	1.07684	1.07684	1	1	
0.255422	-nan	1.07619	1.42227	1	1	1	1	1	1	2.11319	1.07619	1.07619	1	1	
0.259036	-nan	1.07549	1.42142	1	1	1	1	1	1	2.1042	1.07549	1.07549	1	1	
0.262651	-nan	1.07475	1.4206	1	1	1	1	1	1	2.09524	1.07475	1.07475	1	1	
0.266265	-nan	1.07397	1.41983	1	1	1	1	1	1	2.08631	1.07397	1.07397	1	1	
0.26988	-nan	1.07316	1.41909	1	1	1	1	1	1	2.07743	1.07316	1.07316	1	1	
0.273494	-nan	1.07231	1.41839	1	1	1	1	1	1	2.06859	1.07231	1.07231	1	1	
0.277108	-nan	1.07143	1.41773	1	1	1	1	1	1	2.05981	1.07143	1.07143	1	1	
0.280723	-nan	1.07051	1.4171	1	1	1	1	1	1	2.0511	1.07051	1.07051	1	1	
0.284337	-nan	1.06956	1.4165	1	1	1	1	1	1	2.04245	1.06956	1.06956	1	1	
0.287952	-nan	1.06858	1.41594	1	1	1	1	1	1	2.03388	1.06858	1.06858	1	1	
0.291566	-nan	1.06756	1.41541	1	1	1	1	1	1	2.02539	1.06756	1.06756	1	1	
0.295181	-nan	1.06652	1.41491	1	1	1	1	1	1	2.01699	1.06652	1.06652	1	1	
0.298795	-nan	1.06544	1.41443	1	1	1	1	1	1	2.00868	1.06544	1.06544	1	1	
0.30241	-nan	1.06434	1.41399	1	1	1	1	1	1	2.00046	1.06434	1.06434	1	1	
0.306024	-nan	1.06321	1.41357	1	1	1	1	1	1	1.99233	1.06321	1.06321	1	1	
0.309639	-nan	1.06205	1.41317	1	1	1	1	1	1	1.98431	1.06205	1.06205	1	1	
0.313253	-nan	1.06086	1.4128	1	1	1	1	1	1	1.97639	1.06086	1.06086	1	1	
0.316867	-nan	1.05965	1.41246	1	1	1	1	1	1	1.96857	1.05965	1.05965	1	1	
0.320482	-nan	1.05841	1.41213	1	1	1	1	1	1	1.96086	1.05841	1.05841	1	1	
0.324096	-nan	1.05715	1.41183	1	1	1	1	1	1	1.95326	1.05715	1.05715	1	1	
0.327711	-nan	1.05587	1.41154	1	1	1	1	1	1	1.94577	1.05587	1.05587	1	1	
0.331325	-nan	1.05456	1.41128	1	1	1	1	1	1	1.93839	1.05456	1.05456	1	1	
0.33494	-nan	1.05322	1.41104	1	1	1	1	1	1	1.93111	1.05322	1.05322	1	1	
0.338554	-nan	1.05187	1.41081	1	1	1	1	1	1	1.92396	1.05187	1.05187	1	1	
0.342169	-nan	1.05049	1.4106	1	1	1	1	1	1	1.91691	1.05049	1.05049	1	1	
0.345783	-nan	1.04909	1.4104	1	1	1	1	1	1	1.90997	1.04909	1.04909	1	1	
0.349398	-nan	1.04767	1.41023	1	1	1	1	1	1	1.90315	1.04767	1.04767	1	1	
0.353012	-nan	1.04623	1.41006	1	1	1	1	1	1	1.89644	1.04623	1.04623	1	1	
0.356627	-nan	1.04477	1.40991	1	1	1	1	1	1	1.88984	1.04477	1.04477	1	1	
0.360241	-nan	1.0433	1.40977	1	1	1	1	1	1	1.88335	1.0433	1.0433	1	1	
0.363855	-nan	1.0418	1.40965	1	1	1	1	1	1	1.87697	1.0418	1.0418	1	1	
0.36747	-nan	1.04029	1.40954	1	1	1	1	1	1	1.8707	1.04029	1.04029	1	1	
0.371084	-nan	1.03875	1.40944	1	1	1	1	1	1	1.86454	1.03875	1.03875	1	1	
0.374699	-nan	1.0372	1.40935	1	1	1	1	1	1	1.85848	1.0372	1.0372	1	1	
0.378313	-nan	1.03564	1.40927	1	1	1	1	1	1	1.85253	1.03564	1.03564	1	1	
0.381928	-nan	1.03406	1.4092	1	1	1	1	1	1	1.84669	1.03406	1.03406	1	1	
0.385542	-nan	1.03246	1.40914	1	1	1	1	1	1	1.84095	1.03246	1.03246	1	1	
0.389157	-nan	1.03084	1.40909	1	1	1	1	1	1	1.83531	1.03084	1.03084	1	1	
0.392771	-nan	1.02922	1.40905	1	1	1	1	1	1	1.82977	1.02922	1.02922	1	1	
0.396386	-nan	1.02757	1.40902	1	1	1	1	1	1	1.82433	1.02757	1.02757	1	1	
0.4	-nan	1.02592	1.40899	1	1	1	1	1	1	1.81899	1.02592	1.02592	1	1	
0.403614	-nan	1.02425	1.40898	1	1	1	1	1	1	1.81375	1.02425	1.02425	1	1	
0.407229	-nan	1.02256	1.40897	1	1	1	1	1	1	1.80859	1.02256	1.02256	1	1	
0.410843	-nan	1.02087	1.40896	1	1	1	1	1	1	1.80354	1.02087	1.02087	1	1	
0.414458	-nan	1.01916	1.40897	1	1	1	1	1	1	1.79857	1.01916	1.01916	1	1	
0.418072	-nan	1.01744	1.40898	1	1	1	1	1	1	1.79369	1.01744	1.01744	1	1	
0.421687	-nan	1.01571	1.409	1	1	1	1	1	1	1.7889	1.01571	1.01571	1	1	
0.425301	-nan	1.01396	1.40902	1	1	1	1	1	1	1.7842	1.01396	1.01396	1	1	
0.428916	-nan	1.01221	1.40905	1	1	1	1	1	1	1.77958	1.01221	1.01221	1	1	
0.43253	-nan	1.01045	1.40909	1	1	1	1	1	1	1.77505	1.01045	1.01045	1	1	
0.436145	-nan	1.00867	1.40913	1	1	1	1	1	1	1.77059	1.00867	1.00867	1	1	
0.439759	-nan	1.00689	1.40917	1	1	1	1	1	1	1.76622	1.00689	1.00689	1	1	
0.443373	-nan	1.00509	1.40922	1	1	1	1	1	1	1.76192	1.00509	1.00509	1	1	
0.446988	-nan	1.00329	1.40928	1	1	1	1	1	1	1.7577	1.00329	1.00329	1	1	
0.450602	-nan	1.00148	1.40934	1	1	1	1	1	1	1.75355	1.00148	1.00148	1	1	
0.454217	-nan	0.999663	1.4094	1	1	1	1	1	1	1.74948	0.999663	0.999663	1	1	
0.457831	-nan	0.997837	1.40947	1	1	1	1	1	1	1.74548	0.997837	0.997837	1	1	
0.461446	-nan	0.996003	1.40955	1	1	1	1	1	1	1.74155	0.996003	0.996003	1	1	
0.46506	-nan	0.994163	1.40963	1	1	1	1	1	1	1.73769	0.994163	0.994163	1	1	
0.468675	-nan	0.992315	1.40971	1	1	1	1	1	1	1.73389	0.992315	0.992315	1	1	
0.472289	-nan	0.990461	1.4098	1	1	1	1	1	1	1.73016	0.990461	0.990461	1	1	
0.475904	-nan	0.988601	1.40989	1	1	1	1	1	1	1.72649	0.988601	0.988601	1	1	
0.479518	-nan	0.986735	1.40998	1	1	1	1	1	1	1.72289	0.986735	0.986735	1	1	
0.483133	-nan	0.984864	1.41008	1	1	1	1	1	1	1.71935	0.984864	0.984864	1	1	
0.486747	-nan	0.982988	1.41018	1	1	1	1	1	1	1.71586	0.982988	0.982988	1	1	
0.490361	-nan	0.981107	1.41029	1	1	1	1	1	1	1.71244	0.981107	0.981107	1	1	
0.493976	-nan	0.979222	1.4104	1	1	1	1	1	1	1.70907	0.979222	0.979222	1	1	
0.49759	-nan	0.977332	1.41051	1	1	1	1	1	1	1.70576	0.977332	0.977332	1	1	
0.501205	-nan	0.975439	1.41063	1	1	1	1	1	1	1.7025	0.975439	0.975439	1	1	
0.504819	-nan	0.973542	1.41075	1	1	1	1	1	1	1.69929	0.973542	0.973542	1	1	
0.508434	-nan	0.971643	1.41088	1	1	1	1	1	1	1.69614	0.971643	0.971643	1	1	
0.512048	-nan	0.96974	1.411	1	1	1	1	1	1	1.69304	0.96974	0.96974	1	1	
0.515663	-nan	0.967834	1.41113	1	1	1	1	1	1	1.68999	0.967834	0.967834	1	1	
0.519277	-nan	0.965927	1.41127	1	1	1	1	1	1	1.68698	0.965927	0.965927	1	1	
0.522892	-nan	0.964017	1.41141	1	1	1	1	1	1	1.68402	0.964017	0.964017	1	1	
0.526506	-nan	0.962106	1.41155	1	1	1	1	1	1	1.68111	0.962106	0.962106	1	1	
0.53012	-nan	0.960193	1.41169	1	1	1	1	1	1	1.67824	0.960193	0.960193	1	1	
0.533735	-nan	0.958279	1.41184	1	1	1	1	1	1	1.67542	0.958279	0.958279	1	1	
0.537349	-nan	0.956364	1.41199	1	1	1	1	1	1	1.67264	0.956364	0.956364	1	1	
0.540964	-nan	0.954449	1.41215	1	1	1	1	1	1	1.6699	0.954449	0.954449	1	1	
0.544578	-nan	0.952534	1.41231	1	1	1	1	1	1	1.6672	0.952534	0.952534	1	1	
0.548193	-nan	0.950618	1.41247	1	1	1	1	1	1	1.66455	0.950618	0.950618	1	1	
0.551807	-nan	0.948702	1.41263	1	1	1	1	1	1	1.66193	0.948702	0.948702	1	1	
0.555422	-nan	0.946787	1.4128	1	1	1	1	1	1	1.65935	0.946787	0.946787	1	1	
0.559036	-nan	0.944873	1.41298	1	1	1	1	1	1	1.6568	0.944873	0.944873	1	1	
0.562651	-nan	0.94296	1.41315	1	1	1	1	1	1	1.6543	0.94296	0.94296	1	1	
0.566265	-nan	0.941048	1.41333	1	1	1	1	1	1	1.65183	0.941048	0.941048	1	1	
0.56988	-nan	0.939137	1.41351	1	1	1	1	1	1	1.64939	0.939137	0.939137	1	1	
0.573494	-nan	0.937228	1.4137	1	1	1	1	1	1	1.64699	0.937228	0.937228	1	1	
0.577108	-nan	0.935321	1.41389	1	1	1	1	1	1	1.64462	0.935321	0.935321	1	1	
0.580723	-nan	0.933416	1.41408	1	1	1	1	1	1	1.64228	0.933416	0.933416	1	1	
0.584337	-nan	0.931514	1.41427	1	1	1	1	1	1	1.63998	0.931514	0.931514	1	1	
0.587952	-nan	0.929614	1.41447	1	1	1	1	1	1	1.6377	0.929614	0.929614	1	1	
0.591566	-nan	0.927717	1.41468	1	1	1	1	1	1	1.63546	0.927717	0.927717	1	1	
0.595181	-nan	0.925823	1.41488	1	1	1	1	1	1	1.63324	0.925823	0.925823	1	1	
0.598795	-nan	0.923933	1.41509	1	1	1	1	1	1	1.63106	0.923933	0.923933	1	1	
0.60241	-nan	0.922046	1.41531	1	1	1	1	1	1	1.6289	0.922046	0.922046	1	1	
0.606024	-nan	0.920162	1.41552	1	1	1	1	1	1	1.62677	0.920162	0.920162	1	1	
0.609639	-nan	0.918283	1.41574	1	1	1	1	1	1	1.62467	0.918283	0.918283	1	1	
0.613253	-nan	0.916407	1.41597	1	1	1	1	1	1	1.62259	0.916407	0.916407	1	1	
0.616867	-nan	0.914536	1.41619	1	1	1	1	1	1	1.62054	0.914536	0.914536	1	1	
0.620482	-nan	0.912669	1.41643	1	1	1	1	1	1	1.61851	0.912669	0.912669	1	1	
0.624096	-nan	0.910807	1.41666	1	1	1	1	1	1	1.61651	0.910807	0.910807	1	1	
0.627711	-nan	0.90895	1.4169	1	1	1	1	1	1	1.61454	0.90895	0.90895	1	1	
0.631325	-nan	0.907097	1.41714	1	1	1	1	1	1	1.61259	0.907097	0.907097	1	1	
0.63494	-nan	0.90525	1.41739	1	1	1	1	1	1	1.61066	0.90525	0.90525	1	1	
0.638554	-nan	0.903408	1.41763	1	1	1	1	1	1	1.60875	0.903408	0.903408	1	1	
0.642169	-nan	0.901572	1.41789	1	1	1	1	1	1	1.60687	0.901572	0.901572	1	1	
0.645783	-nan	0.899741	1.41814	1	1	1	1	1	1	1.605	0.899741	0.899741	1	1	
0.649398	-nan	0.897916	1.4184	1	1	1	1	1	1	1.60316	0.897916	0.897916	1	1	
0.653012	-nan	0.896098	1.41867	1	1	1	1	1	1	1.60134	0.896098	0.896098	1	1	
0.656627	-nan	0.894285	1.41894	1	1	1	1	1	1	1.59954	0.894285	0.894285	1	1	
0.660241	-nan	0.892478	1.41921	1	1	1	1	1	1	1.59777	0.892478	0.892478	1	1	
0.663855	-nan	0.890678	1.41948	1	1	1	1	1	1	1.59601	0.890678	0.890678	1	1	
0.66747	-nan	0.888885	1.41976	1	1	1	1	1	1	1.59427	0.888885	0.888885	1	1	
0.671084	-nan	0.887098	1.42004	1	1	1	1	1	1	1.59255	0.887098	0.887098	1	1	
0.674699	-nan	0.885318	1.42033	1	1	1	1	1	1	1.59084	0.885318	0.885318	1	1	
0.678313	-nan	0.883545	1.42062	1	1	1	1	1	1	1.58916	0.883545	0.883545	1	1	
0.681928	-nan	0.881779	1.42091	1	1	1	1	1	1	1.58749	0.881779	0.881779	1	1	
0.685542	-nan	0.88002	1.42121	1	1	1	1	1	1	1.58585	0.88002	0.88002	1	1	
0.689157	-nan	0.878268	1.42151	1	1	1	1	1	1	1.58421	0.878268	0.878268	1	1	
0.692771	-nan	0.876524	1.42182	1	1	1	1	1	1	1.5826	0.876524	0.876524	1	1	
0.696386	-nan	0.874787	1.42212	1	1	1	1	1	1	1.581	0.874787	0.874787	1	1	
0.7	-nan	0.873058	1.42244	1	1	1	1	1	1	1.57942	0.873058	0.873058	1	1	
0.703614	-nan	0.871337	1.42275	1	1	1	1	1	1	1.57786	0.871337	0.871337	1	1	
0.707229	-nan	0.869623	1.42307	1	1	1	1	1	1	1.57631	0.869623	0.869623	1	1	
0.710843	-nan	0.867917	1.4234	1	1	1	1	1	1	1.57477	0.867917	0.867917	1	1	
0.714458	-nan	0.86622	1.42372	1	1	1	1	1	1	1.57326	0.86622	0.86622	1	1	
0.718072	-nan	0.86453	1.42406	1	1	1	1	1	1	1.57175	0.86453	0.86453	1	1	
0.721687	-nan	0.862848	1.42439	1	1	1	1	1	1	1.57026	0.862848	0.862848	1	1	
0.725301	-nan	0.861175	1.42473	1	1	1	1	1	1	1.56879	0.861175	0.861175	1	1	
0.728916	-nan	0.85951	1.42507	1	1	1	1	1	1	1.56733	0.85951	0.85951	1	1	
0.73253	-nan	0.857854	1.42542	1	1	1	1	1	1	1.56588	0.857854	0.857854	1	1	
0.736145	-nan	0.856206	1.42577	1	1	1	1	1	1	1.56445	0.856206	0.856206	1	1	
0.739759	-nan	0.854566	1.42612	1	1	1	1	1	1	1.56303	0.854566	0.854566	1	1	
0.743373	-nan	0.852935	1.42648	1	1	1	1	1	1	1.56163	0.852935	0.852935	1	1	
0.746988	-nan	0.851313	1.42684	1	1	1	1	1	1	1.56023	0.851313	0.851313	1	1	
0.750602	-nan	0.849699	1.4272	1	1	1	1	1	1	1.55885	0.849699	0.849699	1	1	
0.754217	-nan	0.848094	1.42757	1	1	1	1	1	1	1.55749	0.848094	0.848094	1	1	
0.757831	-nan	0.846498	1.42794	1	1	1	1	1	1	1.55613	0.846498	0.846498	1	1	
0.761446	-nan	0.844911	1.42831	1	1	1	1	1	1	1.55479	0.844911	0.844911	1	1	
0.76506	-nan	0.843332	1.42869	1	1	1	1	1	1	1.55346	0.843332	0.843332	1	1	
0.768675	-nan	0.841763	1.42907	1	1	1	1	1	1	1.55214	0.841763	0.841763	1	1	
0.772289	-nan	0.840203	1.42946	1	1	1	1	1	1	1.55083	0.840203	0.840203	1	1	
0.775904	-nan	0.838651	1.42985	1	1	1	1	1	1	1.54954	0.838651	0.838651	1	1	
0.779518	-nan	0.837109	1.43024	1	1	1	1	1	1	1.54826	0.837109	0.837109	1	1	
0.783133	-nan	0.835576	1.43064	1	1	1	1	1	1	1.54698	0.835576	0.835576	1	1	
0.786747	-nan	0.834052	1.43104	1	1	1	1	1	1	1.54572	0.834052	0.834052	1	1	
0.790361	-nan	0.832537	1.43144	1	1	1	1	1	1	1.54447	0.832537	0.832537	1	1	
0.793976	-nan	0.831031	1.43184	1	1	1	1	1	1	1.54323	0.831031	0.831031	1	1	
0.79759	-nan	0.829534	1.43225	1	1	1	1	1	1	1.542	0.829534	0.829534	1	1	
0.801205	-nan	0.828047	1.43266	1	1	1	1	1	1	1.54079	0.828047	0.828047	1	1	
0.804819	-nan	0.826569	1.43308	1	1	1	1	1	1	1.53958	0.826569	0.826569	1	1	
0.808434	-nan	0.8251	1.4335	1	1	1	1	1	1	1.53838	0.8251	0.8251	1	1	
0.812048	-nan	0.82364	1.43392	1	1	1	1	1	1	1.53719	0.82364	0.82364	1	1	
0.815663	-nan	0.82219	1.43434	1	1	1	1	1	1	1.53602	0.82219	0.82219	1	1	
0.819277	-nan	0.820749	1.43477	1	1	1	1	1	1	1.53485	0.820749	0.820749	1	1	
0.822892	-nan	0.819317	1.4352	1	1	1	1	1	1	1.53369	0.819317	0.819317	1	1	
0.826506	-nan	0.817894	1.43564	1	1	1	1	1	1	1.53254	0.817894	0.817894	1	1	
0.83012	-nan	0.816481	1.43607	1	1	1	1	1	1	1.5314	0.816481	0.816481	1	1	
0.833735	-nan	0.815077	1.43651	1	1	1	1	1	1	1.53027	0.815077	0.815077	1	1	
0.837349	-nan	0.813682	1.43695	1	1	1	1	1	1	1.52915	0.813682	0.813682	1	1	
0.840964	-nan	0.812297	1.4374	1	1	1	1	1	1	1.52804	0.812297	0.812297	1	1	
0.844578	-nan	0.810921	1.43785	1	1	1	1	1	1	1.52694	0.810921	0.810921	1	1	
0.848193	-nan	0.809554	1.4383	1	1	1	1	1	1	1.52584	0.809554	0.809554	1	1	
0.851807	-nan	0.808197	1.43875	1	1	1	1	1	1	1.52476	0.808197	0.808197	1	1	
0.855422	-nan	0.806848	1.43921	1	1	1	1	1	1	1.52368	0.806848	0.806848	1	1	
0.859036	-nan	0.805509	1.43966	1	1	1	1	1	1	1.52261	0.805509	0.805509	1	1	
0.862651	-nan	0.804179	1.44012	1	1	1	1	1	1	1.52155	0.804179	0.804179	1	1	
0.866265	-nan	0.802859	1.44059	1	1	1	1	1	1	1.5205	0.802859	0.802859	1	1	
0.86988	-nan	0.801547	1.44105	1	1	1	1	1	1	1.51946	0.801547	0.801547	1	1	
0.873494	-nan	0.800245	1.44152	1	1	1	1	1	1	1.51842	0.800245	0.800245	1	1	
0.877108	-nan	0.798952	1.44199	1	1	1	1	1	1	1.5174	0.798952	0.798952	1	1	
0.880723	-nan	0.797668	1.44246	1	1	1	1	1	1	1.51638	0.797668	0.797668	1	1	
0.884337	-nan	0.796393	1.44293	1	1	1	1	1	1	1.51537	0.796393	0.796393	1	1	
0.887952	-nan	0.795127	1.44341	1	1	1	1	1	1	1.51437	0.795127	0.795127	1	1	
0.891566	-nan	0.79387	1.44389	1	1	1	1	1	1	1.51337	0.79387	0.79387	1	1	
0.895181	-nan	0.792623	1.44437	1	1	1	1	1	1	1.51238	0.792623	0.792623	1	1	
0.898795	-nan	0.791384	1.44485	1	1	1	1	1	1	1.5114	0.791384	0.791384	1	1	
0.90241	-nan	0.790154	1.44533	1	1	1	1	1	1	1.51043	0.790154	0.790154	1	1	
0.906024	-nan	0.788934	1.44582	1	1	1	1	1	1	1.50947	0.788934	0.788934	1	1	
0.909639	-nan	0.787722	1.44631	1	1	1	1	1	1	1.50851	0.787722	0.787722	1	1	
0.913253	-nan	0.786519	1.4468	1	1	1	1	1	1	1.50756	0.786519	0.786519	1	1	
0.916867	-nan	0.785325	1.44729	1	1	1	1	1	1	1.50661	0.785325	0.785325	1	1	
0.920482	-nan	0.784139	1.44778	1	1	1	1	1	1	1.50568	0.784139	0.784139	1	1	
0.924096	-nan	0.782963	1.44827	1	1	1	1	1	1	1.50475	0.782963	0.782963	1	1	
0.927711	-nan	0.781795	1.44877	1	1	1	1	1	1	1.50383	0.781795	0.781795	1	1	
0.931325	-nan	0.780636	1.44926	1	1	1	1	1	1	1.50291	0.780636	0.780636	1	1	
0.93494	-nan	0.779486	1.44976	1	1	1	1	1	1	1.502	0.779486	0.779486	1	1	
0.938554	-nan	0.778344	1.45026	1	1	1	1	1	1	1.5011	0.778344	0.778344	1	1	
0.942169	-nan	0.777211	1.45076	1	1	1	1	1	1	1.50021	0.777211	0.777211	1	1	
0.945783	-nan	0.776086	1.45126	1	1	1	1	1	1	1.49932	0.776086	0.776086	1	1	
0.949398	-nan	0.77497	1.45176	1	1	1	1	1	1	1.49843	0.77497	0.77497	1	1	
0.953012	-nan	0.773863	1.45226	1	1	1	1	1	1	1.49756	0.773863	0.773863	1	1	
0.956627	-nan	0.772764	1.45276	1	1	1	1	1	1	1.49669	0.772764	0.772764	1	1	
0.960241	-nan	0.771673	1.45327	1	1	1	1	1	1	1.49583	0.771673	0.771673	1	1	
0.963855	-nan	0.77059	1.45377	1	1	1	1	1	1	1.49497	0.77059	0.77059	1	1	
0.96747	-nan	0.769516	1.45428	1	1	1	1	1	1	1.49412	0.769516	0.769516	1	1	
0.971084	-nan	0.768451	1.45478	1	1	1	1	1	1	1.49328	0.768451	0.768451	1	1	
0.974699	-nan	0.767393	1.45529	1	1	1	1	1	1	1.49244	0.767393	0.767393	1	1	
0.978313	-nan	0.766344	1.4558	1	1	1	1	1	1	1.49161	0.766344	0.766344	1	1	
0.981928	-nan	0.765302	1.4563	1	1	1	1	1	1	1.49078	0.765302	0.765302	1	1	
0.985542	-nan	0.764269	1.45681	1	1	1	1	1	1	1.48996	0.764269	0.764269	1	1	
0.989157	-nan	0.763244	1.45732	1	1	1	1	1	1	1.48915	0.763244	0.763244	1	1	
0.992771	-nan	0.762227	1.45783	1	1	1	1	1	1	1.48834	0.762227	0.762227	1	1	
0.996386	-nan	0.761217	1.45834	1	1	1	1	1	1	1.48754	0.761217	0.761217	1	1	
1	-nan	-nan	-nan	-nan	-nan	-nan	-nan	-nan	-nan	-nan	-nan	-nan	-nan	-nan	
