1e-05	-nan	0.490305	0.887596	1	1	1	1	1	1	4.38297	0.490305	0.490305	1	1	
1.03753e-05	-nan	0.490406	0.887667	1	1	1	1	1	1	4.38297	0.490406	0.490406	1	1	
1.07647e-05	-nan	0.490509	0.887738	1	1	1	1	1	1	4.38297	0.490509	0.490509	1	1	
1.11686e-05	-nan	0.490614	0.887809	1	1	1	1	1	1	4.38297	0.490614	0.490614	1	1	
1.15878e-05	-nan	0.490722	0.887881	1	1	1	1	1	1	4.38297	0.490722	0.490722	1	1	
1.20226e-05	-nan	0.490831	0.887952	1	1	1	1	1	1	4.38297	0.490831	0.490831	1	1	
1.24738e-05	-nan	0.490942	0.888024	1	1	1	1	1	1	4.38297	0.490942	0.490942	1	1	
1.2942e-05	-nan	0.491056	0.888096	1	1	1	1	1	1	4.38297	0.491056	0.491056	1	1	
1.34276e-05	-nan	0.491172	0.888169	1	1	1	1	1	1	4.38297	0.491172	0.491172	1	1	
1.39316e-05	-nan	0.49129	0.888242	1	1	1	1	1	1	4.38297	0.49129	0.49129	1	1	
1.44544e-05	-nan	0.49141	0.888314	1	1	1	1	1	1	4.38297	0.49141	0.49141	1	1	
1.49968e-05	-nan	0.491533	0.888387	1	1	1	1	1	1	4.38297	0.491533	0.491533	1	1	
1.55597e-05	-nan	0.491658	0.888461	1	1	1	1	1	1	4.38297	0.491658	0.491658	1	1	
1.61436e-05	-nan	0.491786	0.888534	1	1	1	1	1	1	4.38297	0.491786	0.491786	1	1	
1.67494e-05	-nan	0.491916	0.888608	1	1	1	1	1	1	4.38297	0.491916	0.491916	1	1	
1.7378e-05	-nan	0.492049	0.888682	1	1	1	1	1	1	4.38297	0.492049	0.492049	1	1	
1.80302e-05	-nan	0.492185	0.888756	1	1	1	1	1	1	4.38297	0.492185	0.492185	1	1	
1.87068e-05	-nan	0.492323	0.888831	1	1	1	1	1	1	4.38297	0.492323	0.492323	1	1	
1.94089e-05	-nan	0.492464	0.888905	1	1	1	1	1	1	4.38297	0.492464	0.492464	1	1	
2.01372e-05	-nan	0.492608	0.88898	1	1	1	1	1	1	4.38297	0.492608	0.492608	1	1	
2.0893e-05	-nan	0.492755	0.889055	1	1	1	1	1	1	4.38297	0.492755	0.492755	1	1	
2.1677e-05	-nan	0.492904	0.88913	1	1	1	1	1	1	4.38297	0.492904	0.492904	1	1	
2.24905e-05	-nan	0.493057	0.889205	1	1	1	1	1	1	4.38297	0.493057	0.493057	1	1	
2.33346e-05	-nan	0.493213	0.88928	1	1	1	1	1	1	4.38297	0.493213	0.493213	1	1	
2.42103e-05	-nan	0.493372	0.889356	1	1	1	1	1	1	4.38297	0.493372	0.493372	1	1	
2.51189e-05	-nan	0.493534	0.889432	1	1	1	1	1	1	4.38297	0.493534	0.493534	1	1	
2.60615e-05	-nan	0.4937	0.889508	1	1	1	1	1	1	4.38297	0.4937	0.4937	1	1	
2.70396e-05	-nan	0.493869	0.889584	1	1	1	1	1	1	4.38297	0.493869	0.493869	1	1	
2.80543e-05	-nan	0.494042	0.88966	1	1	1	1	1	1	4.38297	0.494042	0.494042	1	1	
2.91072e-05	-nan	0.494218	0.889736	1	1	1	1	1	1	4.38297	0.494218	0.494218	1	1	
3.01995e-05	-nan	0.494397	0.889813	1	1	1	1	1	1	4.38297	0.494397	0.494397	1	1	
3.13329e-05	-nan	0.494581	0.889889	1	1	1	1	1	1	4.38297	0.494581	0.494581	1	1	
3.25087e-05	-nan	0.494768	0.889966	1	1	1	1	1	1	4.38297	0.494768	0.494768	1	1	
3.37287e-05	-nan	0.494959	0.890043	1	1	1	1	1	1	4.38297	0.494959	0.494959	1	1	
3.49945e-05	-nan	0.495154	0.890119	1	1	1	1	1	1	4.38297	0.495154	0.495154	1	1	
3.63078e-05	-nan	0.495353	0.890196	1	1	1	1	1	1	4.38297	0.495353	0.495353	1	1	
3.76704e-05	-nan	0.495557	0.890273	1	1	1	1	1	1	4.38297	0.495557	0.495557	1	1	
3.90841e-05	-nan	0.495764	0.89035	1	1	1	1	1	1	4.38297	0.495764	0.495764	1	1	
4.05509e-05	-nan	0.495976	0.890427	1	1	1	1	1	1	4.38297	0.495976	0.495976	1	1	
4.20727e-05	-nan	0.496193	0.890504	1	1	1	1	1	1	4.38297	0.496193	0.496193	1	1	
4.36516e-05	-nan	0.496414	0.890581	1	1	1	1	1	1	4.38297	0.496414	0.496414	1	1	
4.52898e-05	-nan	0.496639	0.890659	1	1	1	1	1	1	4.38297	0.496639	0.496639	1	1	
4.69894e-05	-nan	0.49687	0.890736	1	1	1	1	1	1	4.38297	0.49687	0.49687	1	1	
4.87528e-05	-nan	0.497105	0.890813	1	1	1	1	1	1	4.38297	0.497105	0.497105	1	1	
5.05825e-05	-nan	0.497345	0.89089	1	1	1	1	1	1	4.38297	0.497345	0.497345	1	1	
5.24807e-05	-nan	0.497591	0.890967	1	1	1	1	1	1	4.38297	0.497591	0.497591	1	1	
5.44503e-05	-nan	0.497841	0.891044	1	1	1	1	1	1	4.38297	0.497841	0.497841	1	1	
5.64937e-05	-nan	0.498097	0.891121	1	1	1	1	1	1	4.38297	0.498097	0.498097	1	1	
5.86138e-05	-nan	0.498359	0.891197	1	1	1	1	1	1	4.38297	0.498359	0.498359	1	1	
6.08135e-05	-nan	0.498626	0.891274	1	1	1	1	1	1	4.38297	0.498626	0.498626	1	1	
6.30957e-05	-nan	0.498899	0.89135	1	1	1	1	1	1	4.38297	0.498899	0.498899	1	1	
6.54636e-05	-nan	0.499177	0.891427	1	1	1	1	1	1	4.38297	0.499177	0.499177	1	1	
6.79204e-05	-nan	0.499462	0.891503	1	1	1	1	1	1	4.38297	0.499462	0.499462	1	1	
7.04693e-05	-nan	0.499753	0.891579	1	1	1	1	1	1	4.38297	0.499753	0.499753	1	1	
7.31139e-05	-nan	0.50005	0.891655	1	1	1	1	1	1	4.38297	0.50005	0.50005	1	1	
7.58578e-05	-nan	0.500353	0.89173	1	1	1	1	1	1	4.38297	0.500353	0.500353	1	1	
7.87046e-05	-nan	0.500664	0.891806	1	1	1	1	1	1	4.38297	0.500664	0.500664	1	1	
8.16582e-05	-nan	0.50098	0.891881	1	1	1	1	1	1	4.38297	0.50098	0.50098	1	1	
8.47227e-05	-nan	0.501304	0.891956	1	1	1	1	1	1	4.38297	0.501304	0.501304	1	1	
8.79023e-05	-nan	0.501635	0.89203	1	1	1	1	1	1	4.38297	0.501635	0.501635	1	1	
9.12011e-05	-nan	0.501973	0.892104	1	1	1	1	1	1	4.38297	0.501973	0.501973	1	1	
9.46237e-05	-nan	0.502318	0.892178	1	1	1	1	1	1	4.38297	0.502318	0.502318	1	1	
9.81748e-05	-nan	0.502671	0.892251	1	1	1	1	1	1	4.38298	0.502671	0.502671	1	1	
0.000101859	-nan	0.503031	0.892324	1	1	1	1	1	1	4.38298	0.503031	0.503031	1	1	
0.000105682	-nan	0.5034	0.892396	1	1	1	1	1	1	4.38298	0.5034	0.5034	1	1	
0.000109648	-nan	0.503776	0.892468	1	1	1	1	1	1	4.38298	0.503776	0.503776	1	1	
0.000113763	-nan	0.504161	0.89254	1	1	1	1	1	1	4.38298	0.504161	0.504161	1	1	
0.000118032	-nan	0.504554	0.89261	1	1	1	1	1	1	4.38298	0.504554	0.504554	1	1	
0.000122462	-nan	0.504956	0.892681	1	1	1	1	1	1	4.38298	0.504956	0.504956	1	1	
0.000127057	-nan	0.505366	0.89275	1	1	1	1	1	1	4.38298	0.505366	0.505366	1	1	
0.000131826	-nan	0.505786	0.892819	1	1	1	1	1	1	4.38298	0.505786	0.505786	1	1	
0.000136773	-nan	0.506215	0.892887	1	1	1	1	1	1	4.38298	0.506215	0.506215	1	1	
0.000141906	-nan	0.506653	0.892955	1	1	1	1	1	1	4.38298	0.506653	0.506653	1	1	
0.000147231	-nan	0.507101	0.893021	1	1	1	1	1	1	4.38298	0.507101	0.507101	1	1	
0.000152757	-nan	0.507559	0.893087	1	1	1	1	1	1	4.38298	0.507559	0.507559	1	1	
0.000158489	-nan	0.508027	0.893152	1	1	1	1	1	1	4.38298	0.508027	0.508027	1	1	
0.000164437	-nan	0.508506	0.893216	1	1	1	1	1	1	4.38298	0.508506	0.508506	1	1	
0.000170608	-nan	0.508995	0.893279	1	1	1	1	1	1	4.38299	0.508995	0.508995	1	1	
0.000177011	-nan	0.509495	0.893341	1	1	1	1	1	1	4.38299	0.509495	0.509495	1	1	
0.000183654	-nan	0.510006	0.893402	1	1	1	1	1	1	4.38299	0.510006	0.510006	1	1	
0.000190546	-nan	0.510528	0.893461	1	1	1	1	1	1	4.38299	0.510528	0.510528	1	1	
0.000197697	-nan	0.511062	0.89352	1	1	1	1	1	1	4.38299	0.511062	0.511062	1	1	
0.000205116	-nan	0.511608	0.893577	1	1	1	1	1	1	4.38299	0.511608	0.511608	1	1	
0.000212814	-nan	0.512166	0.893633	1	1	1	1	1	1	4.38299	0.512166	0.512166	1	1	
0.0002208	-nan	0.512736	0.893688	1	1	1	1	1	1	4.38299	0.512736	0.512736	1	1	
0.000229087	-nan	0.513319	0.893741	1	1	1	1	1	1	4.38299	0.513319	0.513319	1	1	
0.000237684	-nan	0.513915	0.893792	1	1	1	1	1	1	4.38299	0.513915	0.513915	1	1	
0.000246604	-nan	0.514525	0.893842	1	1	1	1	1	1	4.383	0.514525	0.514525	1	1	
0.000255859	-nan	0.515147	0.893891	1	1	1	1	1	1	4.383	0.515147	0.515147	1	1	
0.000265461	-nan	0.515784	0.893937	1	1	1	1	1	1	4.383	0.515784	0.515784	1	1	
0.000275423	-nan	0.516435	0.893982	1	1	1	1	1	1	4.383	0.516435	0.516435	1	1	
0.000285759	-nan	0.517101	0.894025	1	1	1	1	1	1	4.383	0.517101	0.517101	1	1	
0.000296483	-nan	0.517781	0.894066	1	1	1	1	1	1	4.383	0.517781	0.517781	1	1	
0.00030761	-nan	0.518477	0.894105	1	1	1	1	1	1	4.38301	0.518477	0.518477	1	1	
0.000319154	-nan	0.519188	0.894142	1	1	1	1	1	1	4.38301	0.519188	0.519188	1	1	
0.000331131	-nan	0.519915	0.894177	1	1	1	1	1	1	4.38301	0.519915	0.519915	1	1	
0.000343558	-nan	0.520658	0.894209	1	1	1	1	1	1	4.38301	0.520658	0.520658	1	1	
0.000356451	-nan	0.521418	0.894239	1	1	1	1	1	1	4.38301	0.521418	0.521418	1	1	
0.000369828	-nan	0.522194	0.894266	1	1	1	1	1	1	4.38302	0.522194	0.522194	1	1	
0.000383707	-nan	0.522988	0.89429	1	1	1	1	1	1	4.38302	0.522988	0.522988	1	1	
0.000398107	-nan	0.5238	0.894312	1	1	1	1	1	1	4.38302	0.5238	0.5238	1	1	
0.000413048	-nan	0.52463	0.894331	1	1	1	1	1	1	4.38302	0.52463	0.52463	1	1	
0.000428549	-nan	0.525479	0.894347	1	1	1	1	1	1	4.38303	0.525479	0.525479	1	1	
0.000444631	-nan	0.526346	0.89436	1	1	1	1	1	1	4.38303	0.526346	0.526346	1	1	
0.000461318	-nan	0.527233	0.89437	1	1	1	1	1	1	4.38303	0.527233	0.527233	1	1	
0.00047863	-nan	0.528139	0.894377	1	1	1	1	1	1	4.38303	0.528139	0.528139	1	1	
0.000496592	-nan	0.529066	0.89438	1	1	1	1	1	1	4.38304	0.529066	0.529066	1	1	
0.000515229	-nan	0.530013	0.894379	1	1	1	1	1	1	4.38304	0.530013	0.530013	1	1	
0.000534564	-nan	0.530982	0.894375	1	1	1	1	1	1	4.38304	0.530982	0.530982	1	1	
0.000554626	-nan	0.531972	0.894366	1	1	1	1	1	1	4.38305	0.531972	0.531972	1	1	
0.00057544	-nan	0.532984	0.894354	1	1	1	1	1	1	4.38305	0.532984	0.532984	1	1	
0.000597035	-nan	0.534018	0.894337	1	1	1	1	1	1	4.38306	0.534018	0.534018	1	1	
0.000619441	-nan	0.535076	0.894317	1	1	1	1	1	1	4.38306	0.535076	0.535076	1	1	
0.000642688	-nan	0.536156	0.894291	1	1	1	1	1	1	4.38306	0.536156	0.536156	1	1	
0.000666807	-nan	0.537261	0.894261	1	1	1	1	1	1	4.38307	0.537261	0.537261	1	1	
0.000691831	-nan	0.538391	0.894226	1	1	1	1	1	1	4.38307	0.538391	0.538391	1	1	
0.000717794	-nan	0.539545	0.894186	1	1	1	1	1	1	4.38308	0.539545	0.539545	1	1	
0.000744732	-nan	0.540725	0.894141	1	1	1	1	1	1	4.38308	0.540725	0.540725	1	1	
0.000772681	-nan	0.541931	0.89409	1	1	1	1	1	1	4.38309	0.541931	0.541931	1	1	
0.000801678	-nan	0.543163	0.894034	1	1	1	1	1	1	4.38309	0.543163	0.543163	1	1	
0.000831764	-nan	0.544423	0.893972	1	1	1	1	1	1	4.3831	0.544423	0.544423	1	1	
0.000862979	-nan	0.545711	0.893904	1	1	1	1	1	1	4.38311	0.545711	0.545711	1	1	
0.000895365	-nan	0.547026	0.893829	1	1	1	1	1	1	4.38311	0.547026	0.547026	1	1	
0.000928966	-nan	0.548371	0.893749	1	1	1	1	1	1	4.38312	0.548371	0.548371	1	1	
0.000963829	-nan	0.549745	0.893661	1	1	1	1	1	1	4.38312	0.549745	0.549745	1	1	
0.001	-nan	0.551149	0.893567	1	1	1	1	1	1	4.38313	0.551149	0.551149	1	1	
0.00103753	-nan	0.552584	0.893465	1	1	1	1	1	1	4.38314	0.552584	0.552584	1	1	
0.00107647	-nan	0.55405	0.893356	1	1	1	1	1	1	4.38315	0.55405	0.55405	1	1	
0.00111686	-nan	0.555548	0.89324	1	1	1	1	1	1	4.38316	0.555548	0.555548	1	1	
0.00115878	-nan	0.557078	0.893115	1	1	1	1	1	1	4.38316	0.557078	0.557078	1	1	
0.00120226	-nan	0.558642	0.892983	1	1	1	1	1	1	4.38317	0.558642	0.558642	1	1	
0.00124738	-nan	0.560239	0.892842	1	1	1	1	1	1	4.38318	0.560239	0.560239	1	1	
0.0012942	-nan	0.561871	0.892692	1	1	1	1	1	1	4.38319	0.561871	0.561871	1	1	
0.00134276	-nan	0.563538	0.892533	1	1	1	1	1	1	4.3832	0.563538	0.563538	1	1	
0.00139316	-nan	0.565241	0.892365	1	1	1	1	1	1	4.38321	0.565241	0.565241	1	1	
0.00144544	-nan	0.566981	0.892188	1	1	1	1	1	1	4.38322	0.566981	0.566981	1	1	
0.00149968	-nan	0.568757	0.892	1	1	1	1	1	1	4.38324	0.568757	0.568757	1	1	
0.00155597	-nan	0.570572	0.891803	1	1	1	1	1	1	4.38325	0.570572	0.570572	1	1	
0.00161436	-nan	0.572425	0.891594	1	1	1	1	1	1	4.38326	0.572425	0.572425	1	1	
0.00167494	-nan	0.574317	0.891375	1	1	1	1	1	1	4.38327	0.574317	0.574317	1	1	
0.0017378	-nan	0.576249	0.891145	1	1	1	1	1	1	4.38329	0.576249	0.576249	1	1	
0.00180302	-nan	0.578222	0.890904	1	1	1	1	1	1	4.3833	0.578222	0.578222	1	1	
0.00187068	-nan	0.580236	0.890651	1	1	1	1	1	1	4.38332	0.580236	0.580236	1	1	
0.00194089	-nan	0.582293	0.890385	1	1	1	1	1	1	4.38333	0.582293	0.582293	1	1	
0.00201372	-nan	0.584392	0.890107	1	1	1	1	1	1	4.38335	0.584392	0.584392	1	1	
0.0020893	-nan	0.586535	0.889816	1	1	1	1	1	1	4.38337	0.586535	0.586535	1	1	
0.0021677	-nan	0.588723	0.889512	1	1	1	1	1	1	4.38339	0.588723	0.588723	1	1	
0.00224905	-nan	0.590955	0.889195	1	1	1	1	1	1	4.3834	0.590955	0.590955	1	1	
0.00233346	-nan	0.593233	0.888863	1	1	1	1	1	1	4.38342	0.593233	0.593233	1	1	
0.00242103	-nan	0.595558	0.888518	1	1	1	1	1	1	4.38344	0.595558	0.595558	1	1	
0.00251189	-nan	0.59793	0.888157	1	1	1	1	1	1	4.38347	0.59793	0.59793	1	1	
0.00260615	-nan	0.60035	0.887782	1	1	1	1	1	1	4.38349	0.60035	0.60035	1	1	
0.00270396	-nan	0.602819	0.887391	1	1	1	1	1	1	4.38351	0.602819	0.602819	1	1	
0.00280543	-nan	0.605337	0.886985	1	1	1	1	1	1	4.38354	0.605337	0.605337	1	1	
0.00291072	-nan	0.607906	0.886562	1	1	1	1	1	1	4.38356	0.607906	0.607906	1	1	
0.00301995	-nan	0.610525	0.886123	1	1	1	1	1	1	4.38359	0.610525	0.610525	1	1	
0.00313329	-nan	0.613196	0.885667	1	1	1	1	1	1	4.38362	0.613196	0.613196	1	1	
0.00325087	-nan	0.61592	0.885194	1	1	1	1	1	1	4.38365	0.61592	0.61592	1	1	
0.00337287	-nan	0.618696	0.884703	1	1	1	1	1	1	4.38368	0.618696	0.618696	1	1	
0.00349945	-nan	0.621527	0.884195	1	1	1	1	1	1	4.38371	0.621527	0.621527	1	1	
0.00363078	-nan	0.624411	0.883668	1	1	1	1	1	1	4.38374	0.624411	0.624411	1	1	
0.00376704	-nan	0.627351	0.883123	1	1	1	1	1	1	4.38377	0.627351	0.627351	1	1	
0.00390841	-nan	0.630347	0.882559	1	1	1	1	1	1	4.38381	0.630347	0.630347	1	1	
0.00405509	-nan	0.633399	0.881976	1	1	1	1	1	1	4.38385	0.633399	0.633399	1	1	
0.00420727	-nan	0.636508	0.881374	1	1	1	1	1	1	4.38389	0.636508	0.636508	1	1	
0.00436516	-nan	0.639675	0.880752	1	1	1	1	1	1	4.38393	0.639675	0.639675	1	1	
0.00452898	-nan	0.6429	0.88011	1	1	1	1	1	1	4.38397	0.6429	0.6429	1	1	
0.00469894	-nan	0.646184	0.879448	1	1	1	1	1	1	4.38402	0.646184	0.646184	1	1	
0.00487528	-nan	0.649528	0.878766	1	1	1	1	1	1	4.38406	0.649528	0.649528	1	1	
0.00505825	-nan	0.652931	0.878063	1	1	1	1	1	1	4.38411	0.652931	0.652931	1	1	
0.00524807	-nan	0.656394	0.877341	1	1	1	1	1	1	4.38416	0.656394	0.656394	1	1	
0.00544503	-nan	0.659919	0.876597	1	1	1	1	1	1	4.38421	0.659919	0.659919	1	1	
0.00564937	-nan	0.663504	0.875833	1	1	1	1	1	1	4.38427	0.663504	0.663504	1	1	
0.00586138	-nan	0.667152	0.875049	1	1	1	1	1	1	4.38433	0.667152	0.667152	1	1	
0.00608135	-nan	0.670861	0.874244	1	1	1	1	1	1	4.38439	0.670861	0.670861	1	1	
0.00630957	-nan	0.674633	0.873419	1	1	1	1	1	1	4.38445	0.674633	0.674633	1	1	
0.00654636	-nan	0.678467	0.872574	1	1	1	1	1	1	4.38452	0.678467	0.678467	1	1	
0.00679204	-nan	0.682365	0.871709	1	1	1	1	1	1	4.38458	0.682365	0.682365	1	1	
0.00704693	-nan	0.686325	0.870825	1	1	1	1	1	1	4.38465	0.686325	0.686325	1	1	
0.00731139	-nan	0.690349	0.869922	1	1	1	1	1	1	4.38473	0.690349	0.690349	1	1	
0.00758578	-nan	0.694435	0.869001	1	1	1	1	1	1	4.38481	0.694435	0.694435	1	1	
0.00787046	-nan	0.698586	0.868062	1	1	1	1	1	1	4.38489	0.698586	0.698586	1	1	
0.00816582	-nan	0.7028	0.867106	1	1	1	1	1	1	4.38497	0.7028	0.7028	1	1	
0.00847227	-nan	0.707077	0.866135	1	1	1	1	1	1	4.38506	0.707077	0.707077	1	1	
0.00879023	-nan	0.711417	0.865148	1	1	1	1	1	1	4.38515	0.711417	0.711417	1	1	
0.00912011	-nan	0.715821	0.864148	1	1	1	1	1	1	4.38524	0.715821	0.715821	1	1	
0.00946237	-nan	0.720287	0.863135	1	1	1	1	1	1	4.38534	0.720287	0.720287	1	1	
0.00981748	-nan	0.724815	0.862111	1	1	1	1	1	1	4.38544	0.724815	0.724815	1	1	
0.0101859	-nan	0.729406	0.861079	1	1	1	1	1	1	4.38555	0.729406	0.729406	1	1	
0.0105682	-nan	0.734059	0.860039	1	1	1	1	1	1	4.38566	0.734059	0.734059	1	1	
0.0109648	-nan	0.738772	0.858994	1	1	1	1	1	1	4.38578	0.738772	0.738772	1	1	
0.0113763	-nan	0.743547	0.857946	1	1	1	1	1	1	4.3859	0.743547	0.743547	1	1	
0.0118032	-nan	0.748381	0.856898	1	1	1	1	1	1	4.38602	0.748381	0.748381	1	1	
0.0122462	-nan	0.753274	0.855853	1	1	1	1	1	1	4.38616	0.753274	0.753274	1	1	
0.0127057	-nan	0.758225	0.854814	1	1	1	1	1	1	4.38629	0.758225	0.758225	1	1	
0.0131826	-nan	0.763234	0.853783	1	1	1	1	1	1	4.38643	0.763234	0.763234	1	1	
0.0136773	-nan	0.7683	0.852767	1	1	1	1	1	1	4.38658	0.7683	0.7683	1	1	
0.0141906	-nan	0.77342	0.851767	1	1	1	1	1	1	4.38673	0.77342	0.77342	1	1	
0.0147231	-nan	0.778595	0.850789	1	1	1	1	1	1	4.38689	0.778595	0.778595	1	1	
0.0152757	-nan	0.783822	0.849839	1	1	1	1	1	1	4.38705	0.783822	0.783822	1	1	
0.0158489	-nan	0.789101	0.84892	1	1	1	1	1	1	4.38722	0.789101	0.789101	1	1	
0.0164437	-nan	0.794431	0.848039	1	1	1	1	1	1	4.3874	0.794431	0.794431	1	1	
0.0170608	-nan	0.799808	0.847204	1	1	1	1	1	1	4.38758	0.799808	0.799808	1	1	
0.0177011	-nan	0.805233	0.846419	1	1	1	1	1	1	4.38777	0.805233	0.805233	1	1	
0.0183654	-nan	0.810702	0.845693	1	1	1	1	1	1	4.38797	0.810702	0.810702	1	1	
0.0190546	-nan	0.816215	0.845035	1	1	1	1	1	1	4.38818	0.816215	0.816215	1	1	
0.0197697	-nan	0.82177	0.844452	1	1	1	1	1	1	4.38839	0.82177	0.82177	1	1	
0.0205116	-nan	0.827364	0.843954	1	1	1	1	1	1	4.38861	0.827364	0.827364	1	1	
0.0212814	-nan	0.832995	0.843551	1	1	1	1	1	1	4.38883	0.832995	0.832995	1	1	
0.02208	-nan	0.838662	0.843255	1	1	1	1	1	1	4.38907	0.838662	0.838662	1	1	
0.0229087	-nan	0.844362	0.843077	1	1	1	1	1	1	4.38931	0.844362	0.844362	1	1	
0.0237684	-nan	0.850092	0.843029	1	1	1	1	1	1	4.38956	0.850092	0.850092	1	1	
0.0246604	-nan	0.855851	0.843125	1	1	1	1	1	1	4.38982	0.855851	0.855851	1	1	
0.0255859	-nan	0.861635	0.843379	1	1	1	1	1	1	4.39009	0.861635	0.861635	1	1	
0.0265461	-nan	0.867443	0.843807	1	1	1	1	1	1	4.39036	0.867443	0.867443	1	1	
0.0275423	-nan	0.873271	0.844426	1	1	1	1	1	1	4.39065	0.873271	0.873271	1	1	
0.0285759	-nan	0.879117	0.845251	1	1	1	1	1	1	4.39094	0.879117	0.879117	1	1	
0.0296483	-nan	0.884979	0.846303	1	1	1	1	1	1	4.39124	0.884979	0.884979	1	1	
0.030761	-nan	0.890852	0.847601	1	1	1	1	1	1	4.39154	0.890852	0.890852	1	1	
0.0319154	-nan	0.896736	0.849166	1	1	1	1	1	1	4.39186	0.896736	0.896736	1	1	
0.0331131	-nan	0.902626	0.851019	1	1	1	1	1	1	4.39218	0.902626	0.902626	1	1	
0.0343558	-nan	0.908519	0.853184	1	1	1	1	1	1	4.39252	0.908519	0.908519	1	1	
0.0356451	-nan	0.914413	0.855685	1	1	1	1	1	1	4.39286	0.914413	0.914413	1	1	
0.0369828	-nan	0.920306	0.858548	1	1	1	1	1	1	4.3932	0.920306	0.920306	1	1	
0.0383707	-nan	0.926193	0.861799	1	1	1	1	1	1	4.39356	0.926193	0.926193	1	1	
0.0398107	-nan	0.932071	0.865465	1	1	1	1	1	1	4.39392	0.932071	0.932071	1	1	
0.0413048	-nan	0.937939	0.869576	1	1	1	1	1	1	4.39428	0.937939	0.937939	1	1	
0.0428549	-nan	0.943792	0.874161	1	1	1	1	1	1	4.39466	0.943792	0.943792	1	1	
0.0444631	-nan	0.949628	0.87925	1	1	1	1	1	1	4.39503	0.949628	0.949628	1	1	
0.0461318	-nan	0.955444	0.884873	1	1	1	1	1	1	4.39542	0.955444	0.955444	1	1	
0.047863	-nan	0.961238	0.891061	1	1	1	1	1	1	4.3958	0.961238	0.961238	1	1	
0.0496592	-nan	0.967005	0.897844	1	1	1	1	1	1	4.39619	0.967005	0.967005	1	1	
0.0515229	-nan	0.972743	0.905253	1	1	1	1	1	1	4.39658	0.972743	0.972743	1	1	
0.0534564	-nan	0.97845	0.913318	1	1	1	1	1	1	4.39697	0.97845	0.97845	1	1	
0.0554626	-nan	0.984123	0.922066	1	1	1	1	1	1	4.39735	0.984123	0.984123	1	1	
0.057544	-nan	0.989759	0.931523	1	1	1	1	1	1	4.39774	0.989759	0.989759	1	1	
0.0597035	-nan	0.995356	0.941713	1	1	1	1	1	1	4.39812	0.995356	0.995356	1	1	
0.0619441	-nan	1.00091	0.952657	1	1	1	1	1	1	4.39849	1.00091	1.00091	1	1	
0.0642688	-nan	1.00642	0.964372	1	1	1	1	1	1	4.39886	1.00642	1.00642	1	1	
0.0666807	-nan	1.01189	0.97687	1	1	1	1	1	1	4.39921	1.01189	1.01189	1	1	
0.0691831	-nan	1.0173	0.990158	1	1	1	1	1	1	4.39956	1.0173	1.0173	1	1	
0.0717794	-nan	1.02266	1.00424	1	1	1	1	1	1	4.39988	1.02266	1.02266	1	1	
0.0744732	-nan	1.02798	1.0191	1	1	1	1	1	1	4.40019	1.02798	1.02798	1	1	
0.0772681	-nan	1.03323	1.03475	1	1	1	1	1	1	4.40048	1.03323	1.03323	1	1	
0.0801678	-nan	1.03843	1.05114	1	1	1	1	1	1	4.40074	1.03843	1.03843	1	1	
0.0831764	-nan	1.04357	1.06827	1	1	1	1	1	1	4.40097	1.04357	1.04357	1	1	
0.0862979	-nan	1.04866	1.08608	1	1	1	1	1	1	4.40117	1.04866	1.04866	1	1	
0.0895365	-nan	1.05368	1.10455	1	1	1	1	1	1	4.40133	1.05368	1.05368	1	1	
0.0928966	-nan	1.05863	1.12362	1	1	1	1	1	1	4.40144	1.05863	1.05863	1	1	
0.0963829	-nan	1.06352	1.14323	1	1	1	1	1	1	4.40151	1.06352	1.06352	1	1	
0.1	-nan	1.06835	1.16332	1	1	1	1	1	1	4.40153	1.06835	1.06835	1	1	
0.103614	-nan	1.07294	1.18307	1	1	1	1	1	1	4.40149	1.07294	1.07294	1	1	
0.107229	-nan	1.07731	1.20245	1	1	1	1	1	1	4.4014	1.07731	1.07731	1	1	
0.110843	-nan	1.08148	1.22141	1	1	1	1	1	1	4.40125	1.08148	1.08148	1	1	
0.114458	-nan	1.08546	1.23992	1	1	1	1	1	1	4.40105	1.08546	1.08546	1	1	
0.118072	-nan	1.08926	1.25795	1	1	1	1	1	1	4.4008	1.08926	1.08926	1	1	
0.121687	-nan	1.09291	1.27548	1	1	1	1	1	1	4.40049	1.09291	1.09291	1	1	
0.125301	-nan	1.0964	1.29249	1	1	1	1	1	1	4.40013	1.0964	1.0964	1	1	
0.128916	-nan	1.09974	1.30898	1	1	1	1	1	1	4.39972	1.09974	1.09974	1	1	
0.13253	-nan	1.10295	1.32492	1	1	1	1	1	1	4.39926	1.10295	1.10295	1	1	
0.136145	-nan	1.10604	1.34033	1	1	1	1	1	1	4.39875	1.10604	1.10604	1	1	
0.139759	-nan	1.109	1.35519	1	1	1	1	1	1	4.39819	1.109	1.109	1	1	
0.143373	-nan	1.11186	1.36952	1	1	1	1	1	1	4.39759	1.11186	1.11186	1	1	
0.146988	-nan	1.1146	1.3833	1	1	1	1	1	1	4.39693	1.1146	1.1146	1	1	
0.150602	-nan	1.11725	1.39654	1	1	1	1	1	1	4.39623	1.11725	1.11725	1	1	
0.154217	-nan	1.1198	1.40926	1	1	1	1	1	1	4.39549	1.1198	1.1198	1	1	
0.157831	-nan	1.12226	1.42144	1	1	1	1	1	1	4.3947	1.12226	1.12226	1	1	
0.161446	-nan	1.12464	1.4331	1	1	1	1	1	1	4.39387	1.12464	1.12464	1	1	
0.16506	-nan	1.12693	1.44425	1	1	1	1	1	1	4.393	1.12693	1.12693	1	1	
0.168675	-nan	1.12915	1.45489	1	1	1	1	1	1	4.39209	1.12915	1.12915	1	1	
0.172289	-nan	1.1313	1.46502	1	1	1	1	1	1	4.39114	1.1313	1.1313	1	1	
0.175904	-nan	1.13337	1.47467	1	1	1	1	1	1	4.39015	1.13337	1.13337	1	1	
0.179518	-nan	1.13538	1.48382	1	1	1	1	1	1	4.38912	1.13538	1.13538	1	1	
0.183133	-nan	1.13732	1.4925	1	1	1	1	1	1	4.38805	1.13732	1.13732	1	1	
0.186747	-nan	1.1392	1.5007	1	1	1	1	1	1	4.38695	1.1392	1.1392	1	1	
0.190361	-nan	1.14103	1.50845	1	1	1	1	1	1	4.38581	1.14103	1.14103	1	1	
0.193976	-nan	1.1428	1.51574	1	1	1	1	1	1	4.38464	1.1428	1.1428	1	1	
0.19759	-nan	1.14451	1.52259	1	1	1	1	1	1	4.38343	1.14451	1.14451	1	1	
0.201205	-nan	1.14618	1.52901	1	1	1	1	1	1	4.38219	1.14618	1.14618	1	1	
0.204819	-nan	1.14779	1.535	1	1	1	1	1	1	4.38092	1.14779	1.14779	1	1	
0.208434	-nan	1.14936	1.54057	1	1	1	1	1	1	4.37962	1.14936	1.14936	1	1	
0.212048	-nan	1.15088	1.54573	1	1	1	1	1	1	4.3783	1.15088	1.15088	1	1	
0.215663	-nan	1.15236	1.5505	1	1	1	1	1	1	4.37694	1.15236	1.15236	1	1	
0.219277	-nan	1.1538	1.55488	1	1	1	1	1	1	4.37555	1.1538	1.1538	1	1	
0.222892	-nan	1.1552	1.55889	1	1	1	1	1	1	4.37414	1.1552	1.1552	1	1	
0.226506	-nan	1.15655	1.56252	1	1	1	1	1	1	4.3727	1.15655	1.15655	1	1	
0.23012	-nan	1.15788	1.5658	1	1	1	1	1	1	4.37123	1.15788	1.15788	1	1	
0.233735	-nan	1.15916	1.56872	1	1	1	1	1	1	4.36975	1.15916	1.15916	1	1	
0.237349	-nan	1.16041	1.57131	1	1	1	1	1	1	4.36823	1.16041	1.16041	1	1	
0.240964	-nan	1.16163	1.57357	1	1	1	1	1	1	4.3667	1.16163	1.16163	1	1	
0.244578	-nan	1.16281	1.57551	1	1	1	1	1	1	4.36514	1.16281	1.16281	1	1	
0.248193	-nan	1.16397	1.57714	1	1	1	1	1	1	4.36356	1.16397	1.16397	1	1	
0.251807	-nan	1.16509	1.57846	1	1	1	1	1	1	4.36196	1.16509	1.16509	1	1	
0.255422	-nan	1.16619	1.5795	1	1	1	1	1	1	4.36034	1.16619	1.16619	1	1	
0.259036	-nan	1.16726	1.58026	1	1	1	1	1	1	4.35871	1.16726	1.16726	1	1	
0.262651	-nan	1.1683	1.58074	1	1	1	1	1	1	4.35705	1.1683	1.1683	1	1	
0.266265	-nan	1.16931	1.58096	1	1	1	1	1	1	4.35538	1.16931	1.16931	1	1	
0.26988	-nan	1.1703	1.58092	1	1	1	1	1	1	4.35369	1.1703	1.1703	1	1	
0.273494	-nan	1.17126	1.58064	1	1	1	1	1	1	4.35198	1.17126	1.17126	1	1	
0.277108	-nan	1.1722	1.58013	1	1	1	1	1	1	4.35026	1.1722	1.1722	1	1	
0.280723	-nan	1.17312	1.57938	1	1	1	1	1	1	4.34853	1.17312	1.17312	1	1	
0.284337	-nan	1.17401	1.57842	1	1	1	1	1	1	4.34678	1.17401	1.17401	1	1	
0.287952	-nan	1.17488	1.57725	1	1	1	1	1	1	4.34501	1.17488	1.17488	1	1	
0.291566	-nan	1.17573	1.57588	1	1	1	1	1	1	4.34324	1.17573	1.17573	1	1	
0.295181	-nan	1.17657	1.57431	1	1	1	1	1	1	4.34145	1.17657	1.17657	1	1	
0.298795	-nan	1.17738	1.57256	1	1	1	1	1	1	4.33965	1.17738	1.17738	1	1	
0.30241	-nan	1.17817	1.57063	1	1	1	1	1	1	4.33784	1.17817	1.17817	1	1	
0.306024	-nan	1.17894	1.56854	1	1	1	1	1	1	4.33602	1.17894	1.17894	1	1	
0.309639	-nan	1.1797	1.56628	1	1	1	1	1	1	4.33419	1.1797	1.1797	1	1	
0.313253	-nan	1.18043	1.56387	1	1	1	1	1	1	4.33235	1.18043	1.18043	1	1	
0.316867	-nan	1.18116	1.56131	1	1	1	1	1	1	4.3305	1.18116	1.18116	1	1	
0.320482	-nan	1.18186	1.55861	1	1	1	1	1	1	4.32865	1.18186	1.18186	1	1	
0.324096	-nan	1.18255	1.55577	1	1	1	1	1	1	4.32679	1.18255	1.18255	1	1	
0.327711	-nan	1.18322	1.55282	1	1	1	1	1	1	4.32492	1.18322	1.18322	1	1	
0.331325	-nan	1.18387	1.54974	1	1	1	1	1	1	4.32304	1.18387	1.18387	1	1	
0.33494	-nan	1.18452	1.54655	1	1	1	1	1	1	4.32116	1.18452	1.18452	1	1	
0.338554	-nan	1.18514	1.54325	1	1	1	1	1	1	4.31927	1.18514	1.18514	1	1	
0.342169	-nan	1.18576	1.53986	1	1	1	1	1	1	4.31738	1.18576	1.18576	1	1	
0.345783	-nan	1.18636	1.53637	1	1	1	1	1	1	4.31548	1.18636	1.18636	1	1	
0.349398	-nan	1.18694	1.53279	1	1	1	1	1	1	4.31358	1.18694	1.18694	1	1	
0.353012	-nan	1.18751	1.52912	1	1	1	1	1	1	4.31168	1.18751	1.18751	1	1	
0.356627	-nan	1.18807	1.52539	1	1	1	1	1	1	4.30977	1.18807	1.18807	1	1	
0.360241	-nan	1.18862	1.52158	1	1	1	1	1	1	4.30786	1.18862	1.18862	1	1	
0.363855	-nan	1.18916	1.5177	1	1	1	1	1	1	4.30594	1.18916	1.18916	1	1	
0.36747	-nan	1.18968	1.51376	1	1	1	1	1	1	4.30403	1.18968	1.18968	1	1	
0.371084	-nan	1.19019	1.50976	1	1	1	1	1	1	4.30211	1.19019	1.19019	1	1	
0.374699	-nan	1.19069	1.50572	1	1	1	1	1	1	4.30019	1.19069	1.19069	1	1	
0.378313	-nan	1.19118	1.50162	1	1	1	1	1	1	4.29827	1.19118	1.19118	1	1	
0.381928	-nan	1.19166	1.49748	1	1	1	1	1	1	4.29635	1.19166	1.19166	1	1	
0.385542	-nan	1.19213	1.49331	1	1	1	1	1	1	4.29442	1.19213	1.19213	1	1	
0.389157	-nan	1.19259	1.48909	1	1	1	1	1	1	4.2925	1.19259	1.19259	1	1	
0.392771	-nan	1.19304	1.48485	1	1	1	1	1	1	4.29058	1.19304	1.19304	1	1	
0.396386	-nan	1.19348	1.48058	1	1	1	1	1	1	4.28865	1.19348	1.19348	1	1	
0.4	-nan	1.19391	1.47628	1	1	1	1	1	1	4.28673	1.19391	1.19391	1	1	
0.403614	-nan	1.19433	1.47197	1	1	1	1	1	1	4.28481	1.19433	1.19433	1	1	
0.407229	-nan	1.19475	1.46764	1	1	1	1	1	1	4.28289	1.19475	1.19475	1	1	
0.410843	-nan	1.19515	1.46329	1	1	1	1	1	1	4.28097	1.19515	1.19515	1	1	
0.414458	-nan	1.19555	1.45894	1	1	1	1	1	1	4.27906	1.19555	1.19555	1	1	
0.418072	-nan	1.19593	1.45458	1	1	1	1	1	1	4.27714	1.19593	1.19593	1	1	
0.421687	-nan	1.19631	1.45021	1	1	1	1	1	1	4.27523	1.19631	1.19631	1	1	
0.425301	-nan	1.19668	1.44584	1	1	1	1	1	1	4.27333	1.19668	1.19668	1	1	
0.428916	-nan	1.19705	1.44147	1	1	1	1	1	1	4.27143	1.19705	1.19705	1	1	
0.43253	-nan	1.1974	1.4371	1	1	1	1	1	1	4.26954	1.1974	1.1974	1	1	
0.436145	-nan	1.19775	1.43274	1	1	1	1	1	1	4.26766	1.19775	1.19775	1	1	
0.439759	-nan	1.19809	1.42839	1	1	1	1	1	1	4.26579	1.19809	1.19809	1	1	
0.443373	-nan	1.19842	1.42405	1	1	1	1	1	1	4.26394	1.19842	1.19842	1	1	
0.446988	-nan	1.19875	1.41972	1	1	1	1	1	1	4.2621	1.19875	1.19875	1	1	
0.450602	-nan	1.19907	1.4154	1	1	1	1	1	1	4.26028	1.19907	1.19907	1	1	
0.454217	-nan	1.19938	1.4111	1	1	1	1	1	1	4.25849	1.19938	1.19938	1	1	
0.457831	-nan	1.19969	1.40682	1	1	1	1	1	1	4.25673	1.19969	1.19969	1	1	
0.461446	-nan	1.19999	1.40255	1	1	1	1	1	1	4.255	1.19999	1.19999	1	1	
0.46506	-nan	1.20029	1.39831	1	1	1	1	1	1	4.25332	1.20029	1.20029	1	1	
0.468675	-nan	1.20058	1.39409	1	1	1	1	1	1	4.25169	1.20058	1.20058	1	1	
0.472289	-nan	1.20086	1.38989	1	1	1	1	1	1	4.25013	1.20086	1.20086	1	1	
0.475904	-nan	1.20114	1.38572	1	1	1	1	1	1	4.24864	1.20114	1.20114	1	1	
0.479518	-nan	1.20141	1.38157	1	1	1	1	1	1	4.24725	1.20141	1.20141	1	1	
0.483133	-nan	1.20167	1.37745	1	1	1	1	1	1	4.24597	1.20167	1.20167	1	1	
0.486747	-nan	1.20193	1.37335	1	1	1	1	1	1	4.24481	1.20193	1.20193	1	1	
0.490361	-nan	1.20219	1.36929	1	1	1	1	1	1	4.24382	1.20219	1.20219	1	1	
0.493976	-nan	1.20244	1.36526	1	1	1	1	1	1	4.24302	1.20244	1.20244	1	1	
0.49759	-nan	1.20268	1.36126	1	1	1	1	1	1	4.24245	1.20268	1.20268	1	1	
0.501205	-nan	1.20292	1.35729	1	1	1	1	1	1	4.24214	1.20292	1.20292	1	1	
0.504819	-nan	1.20316	1.35335	1	1	1	1	1	1	4.24215	1.20316	1.20316	1	1	
0.508434	-nan	1.20339	1.34944	1	1	1	1	1	1	4.24255	1.20339	1.20339	1	1	
0.512048	-nan	1.20361	1.34557	1	1	1	1	1	1	4.24339	1.20361	1.20361	1	1	
0.515663	-nan	1.20383	1.34174	1	1	1	1	1	1	4.24478	1.20383	1.20383	1	1	
0.519277	-nan	1.20405	1.33794	1	1	1	1	1	1	4.24679	1.20405	1.20405	1	1	
0.522892	-nan	1.20426	1.33417	1	1	1	1	1	1	4.24957	1.20426	1.20426	1	1	
0.526506	-nan	1.20447	1.33044	1	1	1	1	1	1	4.25323	1.20447	1.20447	1	1	
0.53012	-nan	1.20468	1.32675	1	1	1	1	1	1	4.25796	1.20468	1.20468	1	1	
0.533735	-nan	1.20488	1.32309	1	1	1	1	1	1	4.26393	1.20488	1.20488	1	1	
0.537349	-nan	1.20507	1.31947	1	1	1	1	1	1	4.27138	1.20507	1.20507	1	1	
0.540964	-nan	1.20526	1.31588	1	1	1	1	1	1	4.28057	1.20526	1.20526	1	1	
0.544578	-nan	1.20545	1.31234	1	1	1	1	1	1	4.29182	1.20545	1.20545	1	1	
0.548193	-nan	1.20564	1.30883	1	1	1	1	1	1	4.3055	1.20564	1.20564	1	1	
0.551807	-nan	1.20582	1.30536	1	1	1	1	1	1	4.32203	1.20582	1.20582	1	1	
0.555422	-nan	1.20599	1.30193	1	1	1	1	1	1	4.34193	1.20599	1.20599	1	1	
0.559036	-nan	1.20617	1.29853	1	1	1	1	1	1	4.36577	1.20617	1.20617	1	1	
0.562651	-nan	1.20634	1.29517	1	1	1	1	1	1	4.39425	1.20634	1.20634	1	1	
0.566265	-nan	1.2065	1.29185	1	1	1	1	1	1	4.42814	1.2065	1.2065	1	1	
0.56988	-nan	1.20667	1.28857	1	1	1	1	1	1	4.46835	1.20667	1.20667	1	1	
0.573494	-nan	1.20683	1.28533	1	1	1	1	1	1	4.5159	1.20683	1.20683	1	1	
0.577108	-nan	1.20699	1.28212	1	1	1	1	1	1	4.57197	1.20699	1.20699	1	1	
0.580723	-nan	1.20714	1.27895	1	1	1	1	1	1	4.63784	1.20714	1.20714	1	1	
0.584337	-nan	1.20729	1.27582	1	1	1	1	1	1	4.71493	1.20729	1.20729	1	1	
0.587952	-nan	1.20744	1.27273	1	1	1	1	1	1	4.80476	1.20744	1.20744	1	1	
0.591566	-nan	1.20758	1.26967	1	1	1	1	1	1	4.90894	1.20758	1.20758	1	1	
0.595181	-nan	1.20773	1.26665	1	1	1	1	1	1	5.02908	1.20773	1.20773	1	1	
0.598795	-nan	1.20786	1.26367	1	1	1	1	1	1	5.16671	1.20786	1.20786	1	1	
0.60241	-nan	1.208	1.26072	1	1	1	1	1	1	5.32317	1.208	1.208	1	1	
0.606024	-nan	1.20813	1.25781	1	1	1	1	1	1	5.49949	1.20813	1.20813	1	1	
0.609639	-nan	1.20827	1.25494	1	1	1	1	1	1	5.69618	1.20827	1.20827	1	1	
0.613253	-nan	1.20839	1.2521	1	1	1	1	1	1	5.91306	1.20839	1.20839	1	1	
0.616867	-nan	1.20852	1.2493	1	1	1	1	1	1	6.14909	1.20852	1.20852	1	1	
0.620482	-nan	1.20864	1.24654	1	1	1	1	1	1	6.40223	1.20864	1.20864	1	1	
0.624096	-nan	1.20876	1.24381	1	1	1	1	1	1	6.6694	1.20876	1.20876	1	1	
0.627711	-nan	1.20888	1.24111	1	1	1	1	1	1	6.94648	1.20888	1.20888	1	1	
0.631325	-nan	1.209	1.23845	1	1	1	1	1	1	7.22855	1.209	1.209	1	1	
0.63494	-nan	1.20911	1.23583	1	1	1	1	1	1	7.51009	1.20911	1.20911	1	1	
0.638554	-nan	1.20923	1.23324	1	1	1	1	1	1	7.78546	1.20923	1.20923	1	1	
0.642169	-nan	1.20934	1.23068	1	1	1	1	1	1	8.04922	1.20934	1.20934	1	1	
0.645783	-nan	1.20944	1.22815	1	1	1	1	1	1	8.29656	1.20944	1.20944	1	1	
0.649398	-nan	1.20955	1.22566	1	1	1	1	1	1	8.52361	1.20955	1.20955	1	1	
0.653012	-nan	1.20965	1.2232	1	1	1	1	1	1	8.72759	1.20965	1.20965	1	1	
0.656627	-nan	1.20975	1.22078	1	1	1	1	1	1	8.90688	1.20975	1.20975	1	1	
0.660241	-nan	1.20985	1.21838	1	1	1	1	1	1	9.06094	1.20985	1.20985	1	1	
0.663855	-nan	1.20995	1.21602	1	1	1	1	1	1	9.19017	1.20995	1.20995	1	1	
0.66747	-nan	1.21004	1.21369	1	1	1	1	1	1	9.29574	1.21004	1.21004	1	1	
0.671084	-nan	1.21014	1.21139	1	1	1	1	1	1	9.37933	1.21014	1.21014	1	1	
0.674699	-nan	1.21023	1.20912	1	1	1	1	1	1	9.44293	1.21023	1.21023	1	1	
0.678313	-nan	1.21032	1.20689	1	1	1	1	1	1	9.48873	1.21032	1.21032	1	1	
0.681928	-nan	1.21041	1.20468	1	1	1	1	1	1	9.51894	1.21041	1.21041	1	1	
0.685542	-nan	1.21049	1.2025	1	1	1	1	1	1	9.53568	1.21049	1.21049	1	1	
0.689157	-nan	1.21058	1.20035	1	1	1	1	1	1	9.54097	1.21058	1.21058	1	1	
0.692771	-nan	1.21066	1.19823	1	1	1	1	1	1	9.53662	1.21066	1.21066	1	1	
0.696386	-nan	1.21074	1.19614	1	1	1	1	1	1	9.52429	1.21074	1.21074	1	1	
0.7	-nan	1.21082	1.19408	1	1	1	1	1	1	9.50541	1.21082	1.21082	1	1	
0.703614	-nan	1.2109	1.19204	1	1	1	1	1	1	9.48125	1.2109	1.2109	1	1	
0.707229	-nan	1.21098	1.19003	1	1	1	1	1	1	9.4529	1.21098	1.21098	1	1	
0.710843	-nan	1.21105	1.18805	1	1	1	1	1	1	9.4213	1.21105	1.21105	1	1	
0.714458	-nan	1.21112	1.1861	1	1	1	1	1	1	9.38722	1.21112	1.21112	1	1	
0.718072	-nan	1.2112	1.18417	1	1	1	1	1	1	9.35135	1.2112	1.2112	1	1	
0.721687	-nan	1.21127	1.18227	1	1	1	1	1	1	9.31424	1.21127	1.21127	1	1	
0.725301	-nan	1.21133	1.18039	1	1	1	1	1	1	9.27635	1.21133	1.21133	1	1	
0.728916	-nan	1.2114	1.17854	1	1	1	1	1	1	9.23808	1.2114	1.2114	1	1	
0.73253	-nan	1.21147	1.17672	1	1	1	1	1	1	9.19975	1.21147	1.21147	1	1	
0.736145	-nan	1.21153	1.17492	1	1	1	1	1	1	9.16162	1.21153	1.21153	1	1	
0.739759	-nan	1.2116	1.17314	1	1	1	1	1	1	9.1239	1.2116	1.2116	1	1	
0.743373	-nan	1.21166	1.17139	1	1	1	1	1	1	9.08676	1.21166	1.21166	1	1	
0.746988	-nan	1.21172	1.16966	1	1	1	1	1	1	9.05034	1.21172	1.21172	1	1	
0.750602	-nan	1.21178	1.16795	1	1	1	1	1	1	9.01474	1.21178	1.21178	1	1	
0.754217	-nan	1.21184	1.16627	1	1	1	1	1	1	8.98005	1.21184	1.21184	1	1	
0.757831	-nan	1.2119	1.16461	1	1	1	1	1	1	8.94633	1.2119	1.2119	1	1	
0.761446	-nan	1.21195	1.16297	1	1	1	1	1	1	8.91362	1.21195	1.21195	1	1	
0.76506	-nan	1.21201	1.16136	1	1	1	1	1	1	8.88194	1.21201	1.21201	1	1	
0.768675	-nan	1.21206	1.15977	1	1	1	1	1	1	8.85132	1.21206	1.21206	1	1	
0.772289	-nan	1.21212	1.15819	1	1	1	1	1	1	8.82176	1.21212	1.21212	1	1	
0.775904	-nan	1.21217	1.15664	1	1	1	1	1	1	8.79325	1.21217	1.21217	1	1	
0.779518	-nan	1.21222	1.15511	1	1	1	1	1	1	8.76579	1.21222	1.21222	1	1	
0.783133	-nan	1.21227	1.1536	1	1	1	1	1	1	8.73936	1.21227	1.21227	1	1	
0.786747	-nan	1.21232	1.15211	1	1	1	1	1	1	8.71395	1.21232	1.21232	1	1	
0.790361	-nan	1.21237	1.15064	1	1	1	1	1	1	8.68952	1.21237	1.21237	1	1	
0.793976	-nan	1.21241	1.14919	1	1	1	1	1	1	8.66606	1.21241	1.21241	1	1	
0.79759	-nan	1.21246	1.14776	1	1	1	1	1	1	8.64354	1.21246	1.21246	1	1	
0.801205	-nan	1.2125	1.14635	1	1	1	1	1	1	8.62192	1.2125	1.2125	1	1	
0.804819	-nan	1.21255	1.14496	1	1	1	1	1	1	8.60118	1.21255	1.21255	1	1	
0.808434	-nan	1.21259	1.14358	1	1	1	1	1	1	8.58128	1.21259	1.21259	1	1	
0.812048	-nan	1.21263	1.14222	1	1	1	1	1	1	8.5622	1.21263	1.21263	1	1	
0.815663	-nan	1.21267	1.14088	1	1	1	1	1	1	8.54389	1.21267	1.21267	1	1	
0.819277	-nan	1.21271	1.13956	1	1	1	1	1	1	8.52634	1.21271	1.21271	1	1	
0.822892	-nan	1.21275	1.13826	1	1	1	1	1	1	8.50951	1.21275	1.21275	1	1	
0.826506	-nan	1.21279	1.13697	1	1	1	1	1	1	8.49337	1.21279	1.21279	1	1	
0.83012	-nan	1.21283	1.1357	1	1	1	1	1	1	8.47789	1.21283	1.21283	1	1	
0.833735	-nan	1.21287	1.13444	1	1	1	1	1	1	8.46304	1.21287	1.21287	1	1	
0.837349	-nan	1.2129	1.13321	1	1	1	1	1	1	8.4488	1.2129	1.2129	1	1	
0.840964	-nan	1.21294	1.13198	1	1	1	1	1	1	8.43512	1.21294	1.21294	1	1	
0.844578	-nan	1.21297	1.13078	1	1	1	1	1	1	8.422	1.21297	1.21297	1	1	
0.848193	-nan	1.21301	1.12959	1	1	1	1	1	1	8.40941	1.21301	1.21301	1	1	
0.851807	-nan	1.21304	1.12841	1	1	1	1	1	1	8.39731	1.21304	1.21304	1	1	
0.855422	-nan	1.21307	1.12725	1	1	1	1	1	1	8.38569	1.21307	1.21307	1	1	
0.859036	-nan	1.21311	1.12611	1	1	1	1	1	1	8.37452	1.21311	1.21311	1	1	
0.862651	-nan	1.21314	1.12497	1	1	1	1	1	1	8.36378	1.21314	1.21314	1	1	
0.866265	-nan	1.21317	1.12386	1	1	1	1	1	1	8.35346	1.21317	1.21317	1	1	
0.86988	-nan	1.2132	1.12275	1	1	1	1	1	1	8.34352	1.2132	1.2132	1	1	
0.873494	-nan	1.21323	1.12167	1	1	1	1	1	1	8.33396	1.21323	1.21323	1	1	
0.877108	-nan	1.21326	1.12059	1	1	1	1	1	1	8.32476	1.21326	1.21326	1	1	
0.880723	-nan	1.21328	1.11953	1	1	1	1	1	1	8.31589	1.21328	1.21328	1	1	
0.884337	-nan	1.21331	1.11848	1	1	1	1	1	1	8.30734	1.21331	1.21331	1	1	
0.887952	-nan	1.21334	1.11744	1	1	1	1	1	1	8.2991	1.21334	1.21334	1	1	
0.891566	-nan	1.21336	1.11642	1	1	1	1	1	1	8.29115	1.21336	1.21336	1	1	
0.895181	-nan	1.21339	1.11541	1	1	1	1	1	1	8.28348	1.21339	1.21339	1	1	
0.898795	-nan	1.21342	1.11441	1	1	1	1	1	1	8.27607	1.21342	1.21342	1	1	
0.90241	-nan	1.21344	1.11343	1	1	1	1	1	1	8.26891	1.21344	1.21344	1	1	
0.906024	-nan	1.21346	1.11245	1	1	1	1	1	1	8.26199	1.21346	1.21346	1	1	
0.909639	-nan	1.21349	1.11149	1	1	1	1	1	1	8.25529	1.21349	1.21349	1	1	
0.913253	-nan	1.21351	1.11054	1	1	1	1	1	1	8.24882	1.21351	1.21351	1	1	
0.916867	-nan	1.21353	1.1096	1	1	1	1	1	1	8.24255	1.21353	1.21353	1	1	
0.920482	-nan	1.21355	1.10867	1	1	1	1	1	1	8.23647	1.21355	1.21355	1	1	
0.924096	-nan	1.21358	1.10776	1	1	1	1	1	1	8.23058	1.21358	1.21358	1	1	
0.927711	-nan	1.2136	1.10685	1	1	1	1	1	1	8.22488	1.2136	1.2136	1	1	
0.931325	-nan	1.21362	1.10596	1	1	1	1	1	1	8.21934	1.21362	1.21362	1	1	
0.93494	-nan	1.21364	1.10507	1	1	1	1	1	1	8.21396	1.21364	1.21364	1	1	
0.938554	-nan	1.21366	1.1042	1	1	1	1	1	1	8.20874	1.21366	1.21366	1	1	
0.942169	-nan	1.21368	1.10334	1	1	1	1	1	1	8.20366	1.21368	1.21368	1	1	
0.945783	-nan	1.21369	1.10248	1	1	1	1	1	1	8.19873	1.21369	1.21369	1	1	
0.949398	-nan	1.21371	1.10164	1	1	1	1	1	1	8.19393	1.21371	1.21371	1	1	
0.953012	-nan	1.21373	1.10081	1	1	1	1	1	1	8.18926	1.21373	1.21373	1	1	
0.956627	-nan	1.21375	1.09998	1	1	1	1	1	1	8.18471	1.21375	1.21375	1	1	
0.960241	-nan	1.21376	1.09917	1	1	1	1	1	1	8.18027	1.21376	1.21376	1	1	
0.963855	-nan	1.21378	1.09836	1	1	1	1	1	1	8.17595	1.21378	1.21378	1	1	
0.96747	-nan	1.2138	1.09757	1	1	1	1	1	1	8.17174	1.2138	1.2138	1	1	
0.971084	-nan	1.21381	1.09678	1	1	1	1	1	1	8.16763	1.21381	1.21381	1	1	
0.974699	-nan	1.21383	1.096	1	1	1	1	1	1	8.16362	1.21383	1.21383	1	1	
0.978313	-nan	1.21384	1.09523	1	1	1	1	1	1	8.1597	1.21384	1.21384	1	1	
0.981928	-nan	1.21386	1.09447	1	1	1	1	1	1	8.15587	1.21386	1.21386	1	1	
0.985542	-nan	1.21387	1.09372	1	1	1	1	1	1	8.15212	1.21387	1.21387	1	1	
0.989157	-nan	1.21388	1.09298	1	1	1	1	1	1	8.14846	1.21388	1.21388	1	1	
0.992771	-nan	1.2139	1.09224	1	1	1	1	1	1	8.14488	1.2139	1.2139	1	1	
0.996386	-nan	1.21391	1.09152	1	1	1	1	1	1	8.14137	1.21391	1.21391	1	1	
1	-nan	-nan	-nan	-nan	-nan	-nan	-nan	-nan	-nan	-nan	-nan	-nan	-nan	-nan	
