1e-05	-nan	0.581251	0.0853988	1	1	1	1	1	1	2.29698	0.581251	0.581251	1	1	
1.03753e-05	-nan	0.581383	0.0854635	1	1	1	1	1	1	2.29699	0.581383	0.581383	1	1	
1.07647e-05	-nan	0.581517	0.0855294	1	1	1	1	1	1	2.29701	0.581517	0.581517	1	1	
1.11686e-05	-nan	0.581655	0.0855965	1	1	1	1	1	1	2.29703	0.581655	0.581655	1	1	
1.15878e-05	-nan	0.581795	0.0856648	1	1	1	1	1	1	2.29705	0.581795	0.581795	1	1	
1.20226e-05	-nan	0.581938	0.0857342	1	1	1	1	1	1	2.29706	0.581938	0.581938	1	1	
1.24738e-05	-nan	0.582083	0.0858049	1	1	1	1	1	1	2.29708	0.582083	0.582083	1	1	
1.2942e-05	-nan	0.582232	0.0858769	1	1	1	1	1	1	2.2971	0.582232	0.582232	1	1	
1.34276e-05	-nan	0.582384	0.0859501	1	1	1	1	1	1	2.29712	0.582384	0.582384	1	1	
1.39316e-05	-nan	0.582539	0.0860247	1	1	1	1	1	1	2.29714	0.582539	0.582539	1	1	
1.44544e-05	-nan	0.582697	0.0861005	1	1	1	1	1	1	2.29716	0.582697	0.582697	1	1	
1.49968e-05	-nan	0.582858	0.0861777	1	1	1	1	1	1	2.29718	0.582858	0.582858	1	1	
1.55597e-05	-nan	0.583023	0.0862563	1	1	1	1	1	1	2.2972	0.583023	0.583023	1	1	
1.61436e-05	-nan	0.58319	0.0863363	1	1	1	1	1	1	2.29722	0.58319	0.58319	1	1	
1.67494e-05	-nan	0.583361	0.0864178	1	1	1	1	1	1	2.29724	0.583361	0.583361	1	1	
1.7378e-05	-nan	0.583535	0.0865007	1	1	1	1	1	1	2.29726	0.583535	0.583535	1	1	
1.80302e-05	-nan	0.583713	0.0865851	1	1	1	1	1	1	2.29729	0.583713	0.583713	1	1	
1.87068e-05	-nan	0.583894	0.086671	1	1	1	1	1	1	2.29731	0.583894	0.583894	1	1	
1.94089e-05	-nan	0.584079	0.0867584	1	1	1	1	1	1	2.29733	0.584079	0.584079	1	1	
2.01372e-05	-nan	0.584267	0.0868474	1	1	1	1	1	1	2.29736	0.584267	0.584267	1	1	
2.0893e-05	-nan	0.584459	0.086938	1	1	1	1	1	1	2.29738	0.584459	0.584459	1	1	
2.1677e-05	-nan	0.584654	0.0870303	1	1	1	1	1	1	2.2974	0.584654	0.584654	1	1	
2.24905e-05	-nan	0.584853	0.0871242	1	1	1	1	1	1	2.29743	0.584853	0.584853	1	1	
2.33346e-05	-nan	0.585056	0.0872198	1	1	1	1	1	1	2.29745	0.585056	0.585056	1	1	
2.42103e-05	-nan	0.585263	0.0873172	1	1	1	1	1	1	2.29748	0.585263	0.585263	1	1	
2.51189e-05	-nan	0.585473	0.0874163	1	1	1	1	1	1	2.2975	0.585473	0.585473	1	1	
2.60615e-05	-nan	0.585688	0.0875173	1	1	1	1	1	1	2.29753	0.585688	0.585688	1	1	
2.70396e-05	-nan	0.585906	0.08762	1	1	1	1	1	1	2.29755	0.585906	0.585906	1	1	
2.80543e-05	-nan	0.586129	0.0877247	1	1	1	1	1	1	2.29758	0.586129	0.586129	1	1	
2.91072e-05	-nan	0.586356	0.0878312	1	1	1	1	1	1	2.29761	0.586356	0.586356	1	1	
3.01995e-05	-nan	0.586587	0.0879397	1	1	1	1	1	1	2.29764	0.586587	0.586587	1	1	
3.13329e-05	-nan	0.586822	0.0880502	1	1	1	1	1	1	2.29767	0.586822	0.586822	1	1	
3.25087e-05	-nan	0.587061	0.0881627	1	1	1	1	1	1	2.29769	0.587061	0.587061	1	1	
3.37287e-05	-nan	0.587305	0.0882772	1	1	1	1	1	1	2.29772	0.587305	0.587305	1	1	
3.49945e-05	-nan	0.587553	0.0883939	1	1	1	1	1	1	2.29775	0.587553	0.587553	1	1	
3.63078e-05	-nan	0.587806	0.0885127	1	1	1	1	1	1	2.29778	0.587806	0.587806	1	1	
3.76704e-05	-nan	0.588063	0.0886338	1	1	1	1	1	1	2.29782	0.588063	0.588063	1	1	
3.90841e-05	-nan	0.588325	0.088757	1	1	1	1	1	1	2.29785	0.588325	0.588325	1	1	
4.05509e-05	-nan	0.588592	0.0888825	1	1	1	1	1	1	2.29788	0.588592	0.588592	1	1	
4.20727e-05	-nan	0.588864	0.0890104	1	1	1	1	1	1	2.29791	0.588864	0.588864	1	1	
4.36516e-05	-nan	0.58914	0.0891406	1	1	1	1	1	1	2.29795	0.58914	0.58914	1	1	
4.52898e-05	-nan	0.589421	0.0892733	1	1	1	1	1	1	2.29798	0.589421	0.589421	1	1	
4.69894e-05	-nan	0.589707	0.0894084	1	1	1	1	1	1	2.29801	0.589707	0.589707	1	1	
4.87528e-05	-nan	0.589999	0.089546	1	1	1	1	1	1	2.29805	0.589999	0.589999	1	1	
5.05825e-05	-nan	0.590295	0.0896862	1	1	1	1	1	1	2.29809	0.590295	0.590295	1	1	
5.24807e-05	-nan	0.590597	0.0898291	1	1	1	1	1	1	2.29812	0.590597	0.590597	1	1	
5.44503e-05	-nan	0.590904	0.0899746	1	1	1	1	1	1	2.29816	0.590904	0.590904	1	1	
5.64937e-05	-nan	0.591216	0.0901228	1	1	1	1	1	1	2.2982	0.591216	0.591216	1	1	
5.86138e-05	-nan	0.591534	0.0902738	1	1	1	1	1	1	2.29824	0.591534	0.591534	1	1	
6.08135e-05	-nan	0.591857	0.0904277	1	1	1	1	1	1	2.29827	0.591857	0.591857	1	1	
6.30957e-05	-nan	0.592187	0.0905845	1	1	1	1	1	1	2.29831	0.592187	0.592187	1	1	
6.54636e-05	-nan	0.592521	0.0907442	1	1	1	1	1	1	2.29835	0.592521	0.592521	1	1	
6.79204e-05	-nan	0.592862	0.090907	1	1	1	1	1	1	2.2984	0.592862	0.592862	1	1	
7.04693e-05	-nan	0.593208	0.0910728	1	1	1	1	1	1	2.29844	0.593208	0.593208	1	1	
7.31139e-05	-nan	0.593561	0.0912418	1	1	1	1	1	1	2.29848	0.593561	0.593561	1	1	
7.58578e-05	-nan	0.593919	0.091414	1	1	1	1	1	1	2.29853	0.593919	0.593919	1	1	
7.87046e-05	-nan	0.594284	0.0915895	1	1	1	1	1	1	2.29857	0.594284	0.594284	1	1	
8.16582e-05	-nan	0.594655	0.0917684	1	1	1	1	1	1	2.29862	0.594655	0.594655	1	1	
8.47227e-05	-nan	0.595032	0.0919507	1	1	1	1	1	1	2.29866	0.595032	0.595032	1	1	
8.79023e-05	-nan	0.595416	0.0921365	1	1	1	1	1	1	2.29871	0.595416	0.595416	1	1	
9.12011e-05	-nan	0.595806	0.0923258	1	1	1	1	1	1	2.29876	0.595806	0.595806	1	1	
9.46237e-05	-nan	0.596203	0.0925188	1	1	1	1	1	1	2.29881	0.596203	0.596203	1	1	
9.81748e-05	-nan	0.596607	0.0927156	1	1	1	1	1	1	2.29886	0.596607	0.596607	1	1	
0.000101859	-nan	0.597018	0.0929161	1	1	1	1	1	1	2.29891	0.597018	0.597018	1	1	
0.000105682	-nan	0.597435	0.0931205	1	1	1	1	1	1	2.29896	0.597435	0.597435	1	1	
0.000109648	-nan	0.59786	0.0933289	1	1	1	1	1	1	2.29901	0.59786	0.59786	1	1	
0.000113763	-nan	0.598292	0.0935414	1	1	1	1	1	1	2.29907	0.598292	0.598292	1	1	
0.000118032	-nan	0.598731	0.093758	1	1	1	1	1	1	2.29912	0.598731	0.598731	1	1	
0.000122462	-nan	0.599177	0.0939788	1	1	1	1	1	1	2.29918	0.599177	0.599177	1	1	
0.000127057	-nan	0.599631	0.094204	1	1	1	1	1	1	2.29923	0.599631	0.599631	1	1	
0.000131826	-nan	0.600093	0.0944336	1	1	1	1	1	1	2.29929	0.600093	0.600093	1	1	
0.000136773	-nan	0.600562	0.0946677	1	1	1	1	1	1	2.29935	0.600562	0.600562	1	1	
0.000141906	-nan	0.601039	0.0949064	1	1	1	1	1	1	2.29941	0.601039	0.601039	1	1	
0.000147231	-nan	0.601525	0.0951499	1	1	1	1	1	1	2.29947	0.601525	0.601525	1	1	
0.000152757	-nan	0.602018	0.0953982	1	1	1	1	1	1	2.29954	0.602018	0.602018	1	1	
0.000158489	-nan	0.60252	0.0956514	1	1	1	1	1	1	2.2996	0.60252	0.60252	1	1	
0.000164437	-nan	0.60303	0.0959096	1	1	1	1	1	1	2.29967	0.60303	0.60303	1	1	
0.000170608	-nan	0.603548	0.096173	1	1	1	1	1	1	2.29973	0.603548	0.603548	1	1	
0.000177011	-nan	0.604075	0.0964417	1	1	1	1	1	1	2.2998	0.604075	0.604075	1	1	
0.000183654	-nan	0.604611	0.0967158	1	1	1	1	1	1	2.29987	0.604611	0.604611	1	1	
0.000190546	-nan	0.605156	0.0969954	1	1	1	1	1	1	2.29994	0.605156	0.605156	1	1	
0.000197697	-nan	0.605709	0.0972806	1	1	1	1	1	1	2.30001	0.605709	0.605709	1	1	
0.000205116	-nan	0.606272	0.0975716	1	1	1	1	1	1	2.30009	0.606272	0.606272	1	1	
0.000212814	-nan	0.606845	0.0978684	1	1	1	1	1	1	2.30016	0.606845	0.606845	1	1	
0.0002208	-nan	0.607426	0.0981713	1	1	1	1	1	1	2.30024	0.607426	0.607426	1	1	
0.000229087	-nan	0.608018	0.0984804	1	1	1	1	1	1	2.30032	0.608018	0.608018	1	1	
0.000237684	-nan	0.608619	0.0987958	1	1	1	1	1	1	2.3004	0.608619	0.608619	1	1	
0.000246604	-nan	0.60923	0.0991176	1	1	1	1	1	1	2.30048	0.60923	0.60923	1	1	
0.000255859	-nan	0.609851	0.0994461	1	1	1	1	1	1	2.30056	0.609851	0.609851	1	1	
0.000265461	-nan	0.610482	0.0997813	1	1	1	1	1	1	2.30065	0.610482	0.610482	1	1	
0.000275423	-nan	0.611124	0.100123	1	1	1	1	1	1	2.30073	0.611124	0.611124	1	1	
0.000285759	-nan	0.611776	0.100473	1	1	1	1	1	1	2.30082	0.611776	0.611776	1	1	
0.000296483	-nan	0.612439	0.100829	1	1	1	1	1	1	2.30091	0.612439	0.612439	1	1	
0.00030761	-nan	0.613113	0.101193	1	1	1	1	1	1	2.301	0.613113	0.613113	1	1	
0.000319154	-nan	0.613798	0.101565	1	1	1	1	1	1	2.3011	0.613798	0.613798	1	1	
0.000331131	-nan	0.614494	0.101944	1	1	1	1	1	1	2.30119	0.614494	0.614494	1	1	
0.000343558	-nan	0.615202	0.102331	1	1	1	1	1	1	2.30129	0.615202	0.615202	1	1	
0.000356451	-nan	0.615921	0.102726	1	1	1	1	1	1	2.30139	0.615921	0.615921	1	1	
0.000369828	-nan	0.616652	0.10313	1	1	1	1	1	1	2.30149	0.616652	0.616652	1	1	
0.000383707	-nan	0.617395	0.103542	1	1	1	1	1	1	2.3016	0.617395	0.617395	1	1	
0.000398107	-nan	0.61815	0.103963	1	1	1	1	1	1	2.3017	0.61815	0.61815	1	1	
0.000413048	-nan	0.618918	0.104394	1	1	1	1	1	1	2.30181	0.618918	0.618918	1	1	
0.000428549	-nan	0.619698	0.104833	1	1	1	1	1	1	2.30193	0.619698	0.619698	1	1	
0.000444631	-nan	0.62049	0.105281	1	1	1	1	1	1	2.30204	0.62049	0.62049	1	1	
0.000461318	-nan	0.621296	0.10574	1	1	1	1	1	1	2.30216	0.621296	0.621296	1	1	
0.00047863	-nan	0.622115	0.106208	1	1	1	1	1	1	2.30227	0.622115	0.622115	1	1	
0.000496592	-nan	0.622947	0.106686	1	1	1	1	1	1	2.3024	0.622947	0.622947	1	1	
0.000515229	-nan	0.623793	0.107175	1	1	1	1	1	1	2.30252	0.623793	0.623793	1	1	
0.000534564	-nan	0.624652	0.107674	1	1	1	1	1	1	2.30265	0.624652	0.624652	1	1	
0.000554626	-nan	0.625526	0.108185	1	1	1	1	1	1	2.30278	0.625526	0.625526	1	1	
0.00057544	-nan	0.626414	0.108706	1	1	1	1	1	1	2.30291	0.626414	0.626414	1	1	
0.000597035	-nan	0.627316	0.109239	1	1	1	1	1	1	2.30304	0.627316	0.627316	1	1	
0.000619441	-nan	0.628233	0.109784	1	1	1	1	1	1	2.30318	0.628233	0.628233	1	1	
0.000642688	-nan	0.629165	0.110341	1	1	1	1	1	1	2.30333	0.629165	0.629165	1	1	
0.000666807	-nan	0.630112	0.11091	1	1	1	1	1	1	2.30347	0.630112	0.630112	1	1	
0.000691831	-nan	0.631074	0.111492	1	1	1	1	1	1	2.30362	0.631074	0.631074	1	1	
0.000717794	-nan	0.632052	0.112087	1	1	1	1	1	1	2.30377	0.632052	0.632052	1	1	
0.000744732	-nan	0.633046	0.112696	1	1	1	1	1	1	2.30393	0.633046	0.633046	1	1	
0.000772681	-nan	0.634056	0.113318	1	1	1	1	1	1	2.30408	0.634056	0.634056	1	1	
0.000801678	-nan	0.635082	0.113954	1	1	1	1	1	1	2.30425	0.635082	0.635082	1	1	
0.000831764	-nan	0.636125	0.114605	1	1	1	1	1	1	2.30441	0.636125	0.636125	1	1	
0.000862979	-nan	0.637185	0.115271	1	1	1	1	1	1	2.30458	0.637185	0.637185	1	1	
0.000895365	-nan	0.638262	0.115952	1	1	1	1	1	1	2.30476	0.638262	0.638262	1	1	
0.000928966	-nan	0.639357	0.116648	1	1	1	1	1	1	2.30493	0.639357	0.639357	1	1	
0.000963829	-nan	0.640469	0.117361	1	1	1	1	1	1	2.30512	0.640469	0.640469	1	1	
0.001	-nan	0.641599	0.11809	1	1	1	1	1	1	2.3053	0.641599	0.641599	1	1	
0.00103753	-nan	0.642748	0.118836	1	1	1	1	1	1	2.30549	0.642748	0.642748	1	1	
0.00107647	-nan	0.643915	0.1196	1	1	1	1	1	1	2.30569	0.643915	0.643915	1	1	
0.00111686	-nan	0.645101	0.120381	1	1	1	1	1	1	2.30589	0.645101	0.645101	1	1	
0.00115878	-nan	0.646306	0.121181	1	1	1	1	1	1	2.30609	0.646306	0.646306	1	1	
0.00120226	-nan	0.647531	0.122	1	1	1	1	1	1	2.3063	0.647531	0.647531	1	1	
0.00124738	-nan	0.648775	0.122838	1	1	1	1	1	1	2.30652	0.648775	0.648775	1	1	
0.0012942	-nan	0.650039	0.123697	1	1	1	1	1	1	2.30674	0.650039	0.650039	1	1	
0.00134276	-nan	0.651324	0.124575	1	1	1	1	1	1	2.30697	0.651324	0.651324	1	1	
0.00139316	-nan	0.652629	0.125475	1	1	1	1	1	1	2.3072	0.652629	0.652629	1	1	
0.00144544	-nan	0.653956	0.126397	1	1	1	1	1	1	2.30743	0.653956	0.653956	1	1	
0.00149968	-nan	0.655303	0.127341	1	1	1	1	1	1	2.30768	0.655303	0.655303	1	1	
0.00155597	-nan	0.656673	0.128308	1	1	1	1	1	1	2.30792	0.656673	0.656673	1	1	
0.00161436	-nan	0.658064	0.129299	1	1	1	1	1	1	2.30818	0.658064	0.658064	1	1	
0.00167494	-nan	0.659478	0.130314	1	1	1	1	1	1	2.30844	0.659478	0.659478	1	1	
0.0017378	-nan	0.660914	0.131355	1	1	1	1	1	1	2.30871	0.660914	0.660914	1	1	
0.00180302	-nan	0.662373	0.132421	1	1	1	1	1	1	2.30898	0.662373	0.662373	1	1	
0.00187068	-nan	0.663856	0.133513	1	1	1	1	1	1	2.30926	0.663856	0.663856	1	1	
0.00194089	-nan	0.665362	0.134633	1	1	1	1	1	1	2.30955	0.665362	0.665362	1	1	
0.00201372	-nan	0.666892	0.135781	1	1	1	1	1	1	2.30985	0.666892	0.666892	1	1	
0.0020893	-nan	0.668447	0.136959	1	1	1	1	1	1	2.31015	0.668447	0.668447	1	1	
0.0021677	-nan	0.670027	0.138166	1	1	1	1	1	1	2.31046	0.670027	0.670027	1	1	
0.00224905	-nan	0.671631	0.139403	1	1	1	1	1	1	2.31078	0.671631	0.671631	1	1	
0.00233346	-nan	0.673261	0.140673	1	1	1	1	1	1	2.31111	0.673261	0.673261	1	1	
0.00242103	-nan	0.674917	0.141975	1	1	1	1	1	1	2.31145	0.674917	0.674917	1	1	
0.00251189	-nan	0.676599	0.143311	1	1	1	1	1	1	2.31179	0.676599	0.676599	1	1	
0.00260615	-nan	0.678307	0.144682	1	1	1	1	1	1	2.31214	0.678307	0.678307	1	1	
0.00270396	-nan	0.680043	0.146088	1	1	1	1	1	1	2.31251	0.680043	0.680043	1	1	
0.00280543	-nan	0.681806	0.147531	1	1	1	1	1	1	2.31288	0.681806	0.681806	1	1	
0.00291072	-nan	0.683596	0.149013	1	1	1	1	1	1	2.31326	0.683596	0.683596	1	1	
0.00301995	-nan	0.685415	0.150534	1	1	1	1	1	1	2.31365	0.685415	0.685415	1	1	
0.00313329	-nan	0.687262	0.152095	1	1	1	1	1	1	2.31406	0.687262	0.687262	1	1	
0.00325087	-nan	0.689138	0.153698	1	1	1	1	1	1	2.31447	0.689138	0.689138	1	1	
0.00337287	-nan	0.691043	0.155344	1	1	1	1	1	1	2.3149	0.691043	0.691043	1	1	
0.00349945	-nan	0.692978	0.157035	1	1	1	1	1	1	2.31533	0.692978	0.692978	1	1	
0.00363078	-nan	0.694943	0.158771	1	1	1	1	1	1	2.31578	0.694943	0.694943	1	1	
0.00376704	-nan	0.696938	0.160555	1	1	1	1	1	1	2.31624	0.696938	0.696938	1	1	
0.00390841	-nan	0.698964	0.162388	1	1	1	1	1	1	2.31671	0.698964	0.698964	1	1	
0.00405509	-nan	0.701021	0.164272	1	1	1	1	1	1	2.3172	0.701021	0.701021	1	1	
0.00420727	-nan	0.70311	0.166208	1	1	1	1	1	1	2.3177	0.70311	0.70311	1	1	
0.00436516	-nan	0.705231	0.168198	1	1	1	1	1	1	2.31821	0.705231	0.705231	1	1	
0.00452898	-nan	0.707384	0.170244	1	1	1	1	1	1	2.31874	0.707384	0.707384	1	1	
0.00469894	-nan	0.70957	0.172348	1	1	1	1	1	1	2.31928	0.70957	0.70957	1	1	
0.00487528	-nan	0.711788	0.174511	1	1	1	1	1	1	2.31984	0.711788	0.711788	1	1	
0.00505825	-nan	0.714041	0.176736	1	1	1	1	1	1	2.32041	0.714041	0.714041	1	1	
0.00524807	-nan	0.716327	0.179025	1	1	1	1	1	1	2.321	0.716327	0.716327	1	1	
0.00544503	-nan	0.718647	0.18138	1	1	1	1	1	1	2.3216	0.718647	0.718647	1	1	
0.00564937	-nan	0.721002	0.183803	1	1	1	1	1	1	2.32222	0.721002	0.721002	1	1	
0.00586138	-nan	0.723392	0.186296	1	1	1	1	1	1	2.32286	0.723392	0.723392	1	1	
0.00608135	-nan	0.725817	0.188863	1	1	1	1	1	1	2.32352	0.725817	0.725817	1	1	
0.00630957	-nan	0.728278	0.191505	1	1	1	1	1	1	2.3242	0.728278	0.728278	1	1	
0.00654636	-nan	0.730775	0.194226	1	1	1	1	1	1	2.32489	0.730775	0.730775	1	1	
0.00679204	-nan	0.733309	0.197027	1	1	1	1	1	1	2.32561	0.733309	0.733309	1	1	
0.00704693	-nan	0.735879	0.199913	1	1	1	1	1	1	2.32635	0.735879	0.735879	1	1	
0.00731139	-nan	0.738486	0.202885	1	1	1	1	1	1	2.3271	0.738486	0.738486	1	1	
0.00758578	-nan	0.74113	0.205948	1	1	1	1	1	1	2.32788	0.74113	0.74113	1	1	
0.00787046	-nan	0.743812	0.209104	1	1	1	1	1	1	2.32869	0.743812	0.743812	1	1	
0.00816582	-nan	0.746532	0.212356	1	1	1	1	1	1	2.32951	0.746532	0.746532	1	1	
0.00847227	-nan	0.74929	0.215709	1	1	1	1	1	1	2.33036	0.74929	0.74929	1	1	
0.00879023	-nan	0.752087	0.219165	1	1	1	1	1	1	2.33124	0.752087	0.752087	1	1	
0.00912011	-nan	0.754922	0.222729	1	1	1	1	1	1	2.33214	0.754922	0.754922	1	1	
0.00946237	-nan	0.757796	0.226405	1	1	1	1	1	1	2.33306	0.757796	0.757796	1	1	
0.00981748	-nan	0.76071	0.230197	1	1	1	1	1	1	2.33402	0.76071	0.76071	1	1	
0.0101859	-nan	0.763663	0.234109	1	1	1	1	1	1	2.335	0.763663	0.763663	1	1	
0.0105682	-nan	0.766656	0.238145	1	1	1	1	1	1	2.33601	0.766656	0.766656	1	1	
0.0109648	-nan	0.769688	0.242311	1	1	1	1	1	1	2.33706	0.769688	0.769688	1	1	
0.0113763	-nan	0.77276	0.246611	1	1	1	1	1	1	2.33813	0.77276	0.77276	1	1	
0.0118032	-nan	0.775873	0.25105	1	1	1	1	1	1	2.33924	0.775873	0.775873	1	1	
0.0122462	-nan	0.779026	0.255634	1	1	1	1	1	1	2.34038	0.779026	0.779026	1	1	
0.0127057	-nan	0.782219	0.260369	1	1	1	1	1	1	2.34155	0.782219	0.782219	1	1	
0.0131826	-nan	0.785453	0.265259	1	1	1	1	1	1	2.34276	0.785453	0.785453	1	1	
0.0136773	-nan	0.788727	0.270311	1	1	1	1	1	1	2.344	0.788727	0.788727	1	1	
0.0141906	-nan	0.792041	0.275531	1	1	1	1	1	1	2.34529	0.792041	0.792041	1	1	
0.0147231	-nan	0.795396	0.280926	1	1	1	1	1	1	2.34661	0.795396	0.795396	1	1	
0.0152757	-nan	0.798792	0.286503	1	1	1	1	1	1	2.34798	0.798792	0.798792	1	1	
0.0158489	-nan	0.802228	0.292269	1	1	1	1	1	1	2.34938	0.802228	0.802228	1	1	
0.0164437	-nan	0.805704	0.29823	1	1	1	1	1	1	2.35083	0.805704	0.805704	1	1	
0.0170608	-nan	0.80922	0.304396	1	1	1	1	1	1	2.35232	0.80922	0.80922	1	1	
0.0177011	-nan	0.812777	0.310773	1	1	1	1	1	1	2.35386	0.812777	0.812777	1	1	
0.0183654	-nan	0.816373	0.317371	1	1	1	1	1	1	2.35545	0.816373	0.816373	1	1	
0.0190546	-nan	0.820009	0.324198	1	1	1	1	1	1	2.35709	0.820009	0.820009	1	1	
0.0197697	-nan	0.823684	0.331262	1	1	1	1	1	1	2.35878	0.823684	0.823684	1	1	
0.0205116	-nan	0.827398	0.338575	1	1	1	1	1	1	2.36052	0.827398	0.827398	1	1	
0.0212814	-nan	0.831151	0.346145	1	1	1	1	1	1	2.36231	0.831151	0.831151	1	1	
0.02208	-nan	0.834942	0.353983	1	1	1	1	1	1	2.36416	0.834942	0.834942	1	1	
0.0229087	-nan	0.838772	0.362099	1	1	1	1	1	1	2.36607	0.838772	0.838772	1	1	
0.0237684	-nan	0.842638	0.370504	1	1	1	1	1	1	2.36804	0.842638	0.842638	1	1	
0.0246604	-nan	0.846541	0.379211	1	1	1	1	1	1	2.37007	0.846541	0.846541	1	1	
0.0255859	-nan	0.850481	0.388231	1	1	1	1	1	1	2.37217	0.850481	0.850481	1	1	
0.0265461	-nan	0.854456	0.397577	1	1	1	1	1	1	2.37433	0.854456	0.854456	1	1	
0.0275423	-nan	0.858466	0.407261	1	1	1	1	1	1	2.37656	0.858466	0.858466	1	1	
0.0285759	-nan	0.86251	0.417297	1	1	1	1	1	1	2.37886	0.86251	0.86251	1	1	
0.0296483	-nan	0.866588	0.427699	1	1	1	1	1	1	2.38123	0.866588	0.866588	1	1	
0.030761	-nan	0.870698	0.438482	1	1	1	1	1	1	2.38368	0.870698	0.870698	1	1	
0.0319154	-nan	0.87484	0.449659	1	1	1	1	1	1	2.3862	0.87484	0.87484	1	1	
0.0331131	-nan	0.879012	0.461248	1	1	1	1	1	1	2.38881	0.879012	0.879012	1	1	
0.0343558	-nan	0.883214	0.473263	1	1	1	1	1	1	2.3915	0.883214	0.883214	1	1	
0.0356451	-nan	0.887444	0.485721	1	1	1	1	1	1	2.39428	0.887444	0.887444	1	1	
0.0369828	-nan	0.891702	0.498639	1	1	1	1	1	1	2.39714	0.891702	0.891702	1	1	
0.0383707	-nan	0.895985	0.512035	1	1	1	1	1	1	2.40009	0.895985	0.895985	1	1	
0.0398107	-nan	0.900293	0.525926	1	1	1	1	1	1	2.40314	0.900293	0.900293	1	1	
0.0413048	-nan	0.904625	0.540331	1	1	1	1	1	1	2.40629	0.904625	0.904625	1	1	
0.0428549	-nan	0.908978	0.555268	1	1	1	1	1	1	2.40954	0.908978	0.908978	1	1	
0.0444631	-nan	0.913351	0.570757	1	1	1	1	1	1	2.41289	0.913351	0.913351	1	1	
0.0461318	-nan	0.917743	0.586816	1	1	1	1	1	1	2.41634	0.917743	0.917743	1	1	
0.047863	-nan	0.922151	0.603466	1	1	1	1	1	1	2.41991	0.922151	0.922151	1	1	
0.0496592	-nan	0.926575	0.620727	1	1	1	1	1	1	2.42359	0.926575	0.926575	1	1	
0.0515229	-nan	0.931011	0.638619	1	1	1	1	1	1	2.42739	0.931011	0.931011	1	1	
0.0534564	-nan	0.935459	0.657161	1	1	1	1	1	1	2.43131	0.935459	0.935459	1	1	
0.0554626	-nan	0.939916	0.676375	1	1	1	1	1	1	2.43536	0.939916	0.939916	1	1	
0.057544	-nan	0.944379	0.696279	1	1	1	1	1	1	2.43953	0.944379	0.944379	1	1	
0.0597035	-nan	0.948847	0.716893	1	1	1	1	1	1	2.44383	0.948847	0.948847	1	1	
0.0619441	-nan	0.953316	0.738237	1	1	1	1	1	1	2.44828	0.953316	0.953316	1	1	
0.0642688	-nan	0.957786	0.760329	1	1	1	1	1	1	2.45286	0.957786	0.957786	1	1	
0.0666807	-nan	0.962252	0.783187	1	1	1	1	1	1	2.45758	0.962252	0.962252	1	1	
0.0691831	-nan	0.966713	0.806826	1	1	1	1	1	1	2.46246	0.966713	0.966713	1	1	
0.0717794	-nan	0.971165	0.831262	1	1	1	1	1	1	2.46748	0.971165	0.971165	1	1	
0.0744732	-nan	0.975605	0.856509	1	1	1	1	1	1	2.47267	0.975605	0.975605	1	1	
0.0772681	-nan	0.980031	0.882578	1	1	1	1	1	1	2.47801	0.980031	0.980031	1	1	
0.0801678	-nan	0.98444	0.909478	1	1	1	1	1	1	2.48352	0.98444	0.98444	1	1	
0.0831764	-nan	0.988827	0.937215	1	1	1	1	1	1	2.48921	0.988827	0.988827	1	1	
0.0862979	-nan	0.99319	0.965794	1	1	1	1	1	1	2.49506	0.99319	0.99319	1	1	
0.0895365	-nan	0.997525	0.995213	1	1	1	1	1	1	2.5011	0.997525	0.997525	1	1	
0.0928966	-nan	1.00183	1.02547	1	1	1	1	1	1	2.50732	1.00183	1.00183	1	1	
0.0963829	-nan	1.0061	1.05655	1	1	1	1	1	1	2.51372	1.0061	1.0061	1	1	
0.1	-nan	1.01033	1.08844	1	1	1	1	1	1	2.52032	1.01033	1.01033	1	1	
0.103614	-nan	1.01436	1.11993	1	1	1	1	1	1	2.52687	1.01436	1.01436	1	1	
0.107229	-nan	1.01822	1.15102	1	1	1	1	1	1	2.53337	1.01822	1.01822	1	1	
0.110843	-nan	1.0219	1.18168	1	1	1	1	1	1	2.53983	1.0219	1.0219	1	1	
0.114458	-nan	1.02542	1.21189	1	1	1	1	1	1	2.54624	1.02542	1.02542	1	1	
0.118072	-nan	1.0288	1.24164	1	1	1	1	1	1	2.5526	1.0288	1.0288	1	1	
0.121687	-nan	1.03202	1.2709	1	1	1	1	1	1	2.55892	1.03202	1.03202	1	1	
0.125301	-nan	1.03511	1.29967	1	1	1	1	1	1	2.56519	1.03511	1.03511	1	1	
0.128916	-nan	1.03807	1.32792	1	1	1	1	1	1	2.57142	1.03807	1.03807	1	1	
0.13253	-nan	1.04091	1.35563	1	1	1	1	1	1	2.57761	1.04091	1.04091	1	1	
0.136145	-nan	1.04362	1.38279	1	1	1	1	1	1	2.58376	1.04362	1.04362	1	1	
0.139759	-nan	1.04622	1.40939	1	1	1	1	1	1	2.58986	1.04622	1.04622	1	1	
0.143373	-nan	1.04872	1.43542	1	1	1	1	1	1	2.59592	1.04872	1.04872	1	1	
0.146988	-nan	1.05111	1.46086	1	1	1	1	1	1	2.60194	1.05111	1.05111	1	1	
0.150602	-nan	1.0534	1.4857	1	1	1	1	1	1	2.60792	1.0534	1.0534	1	1	
0.154217	-nan	1.05559	1.50994	1	1	1	1	1	1	2.61386	1.05559	1.05559	1	1	
0.157831	-nan	1.0577	1.53356	1	1	1	1	1	1	2.61975	1.0577	1.0577	1	1	
0.161446	-nan	1.05972	1.55656	1	1	1	1	1	1	2.62561	1.05972	1.05972	1	1	
0.16506	-nan	1.06165	1.57892	1	1	1	1	1	1	2.63143	1.06165	1.06165	1	1	
0.168675	-nan	1.0635	1.60066	1	1	1	1	1	1	2.6372	1.0635	1.0635	1	1	
0.172289	-nan	1.06528	1.62175	1	1	1	1	1	1	2.64294	1.06528	1.06528	1	1	
0.175904	-nan	1.06698	1.64219	1	1	1	1	1	1	2.64864	1.06698	1.06698	1	1	
0.179518	-nan	1.0686	1.662	1	1	1	1	1	1	2.65429	1.0686	1.0686	1	1	
0.183133	-nan	1.07016	1.68115	1	1	1	1	1	1	2.65991	1.07016	1.07016	1	1	
0.186747	-nan	1.07165	1.69966	1	1	1	1	1	1	2.66549	1.07165	1.07165	1	1	
0.190361	-nan	1.07308	1.71751	1	1	1	1	1	1	2.67103	1.07308	1.07308	1	1	
0.193976	-nan	1.07444	1.73473	1	1	1	1	1	1	2.67654	1.07444	1.07444	1	1	
0.19759	-nan	1.07575	1.7513	1	1	1	1	1	1	2.682	1.07575	1.07575	1	1	
0.201205	-nan	1.07699	1.76723	1	1	1	1	1	1	2.68743	1.07699	1.07699	1	1	
0.204819	-nan	1.07818	1.78252	1	1	1	1	1	1	2.69282	1.07818	1.07818	1	1	
0.208434	-nan	1.07932	1.79718	1	1	1	1	1	1	2.69818	1.07932	1.07932	1	1	
0.212048	-nan	1.0804	1.81122	1	1	1	1	1	1	2.70349	1.0804	1.0804	1	1	
0.215663	-nan	1.08143	1.82464	1	1	1	1	1	1	2.70877	1.08143	1.08143	1	1	
0.219277	-nan	1.08242	1.83744	1	1	1	1	1	1	2.71401	1.08242	1.08242	1	1	
0.222892	-nan	1.08335	1.84965	1	1	1	1	1	1	2.71922	1.08335	1.08335	1	1	
0.226506	-nan	1.08424	1.86126	1	1	1	1	1	1	2.72439	1.08424	1.08424	1	1	
0.23012	-nan	1.08508	1.87229	1	1	1	1	1	1	2.72953	1.08508	1.08508	1	1	
0.233735	-nan	1.08588	1.88274	1	1	1	1	1	1	2.73463	1.08588	1.08588	1	1	
0.237349	-nan	1.08664	1.89263	1	1	1	1	1	1	2.73969	1.08664	1.08664	1	1	
0.240964	-nan	1.08736	1.90197	1	1	1	1	1	1	2.74472	1.08736	1.08736	1	1	
0.244578	-nan	1.08804	1.91077	1	1	1	1	1	1	2.74971	1.08804	1.08804	1	1	
0.248193	-nan	1.08867	1.91905	1	1	1	1	1	1	2.75467	1.08867	1.08867	1	1	
0.251807	-nan	1.08928	1.92681	1	1	1	1	1	1	2.7596	1.08928	1.08928	1	1	
0.255422	-nan	1.08984	1.93406	1	1	1	1	1	1	2.76449	1.08984	1.08984	1	1	
0.259036	-nan	1.09037	1.94084	1	1	1	1	1	1	2.76935	1.09037	1.09037	1	1	
0.262651	-nan	1.09087	1.94713	1	1	1	1	1	1	2.77417	1.09087	1.09087	1	1	
0.266265	-nan	1.09133	1.95297	1	1	1	1	1	1	2.77896	1.09133	1.09133	1	1	
0.26988	-nan	1.09176	1.95836	1	1	1	1	1	1	2.78372	1.09176	1.09176	1	1	
0.273494	-nan	1.09216	1.96333	1	1	1	1	1	1	2.78845	1.09216	1.09216	1	1	
0.277108	-nan	1.09253	1.96787	1	1	1	1	1	1	2.79314	1.09253	1.09253	1	1	
0.280723	-nan	1.09286	1.97202	1	1	1	1	1	1	2.7978	1.09286	1.09286	1	1	
0.284337	-nan	1.09317	1.97577	1	1	1	1	1	1	2.80243	1.09317	1.09317	1	1	
0.287952	-nan	1.09346	1.97916	1	1	1	1	1	1	2.80703	1.09346	1.09346	1	1	
0.291566	-nan	1.09371	1.98219	1	1	1	1	1	1	2.81159	1.09371	1.09371	1	1	
0.295181	-nan	1.09394	1.98487	1	1	1	1	1	1	2.81613	1.09394	1.09394	1	1	
0.298795	-nan	1.09414	1.98723	1	1	1	1	1	1	2.82064	1.09414	1.09414	1	1	
0.30241	-nan	1.09431	1.98927	1	1	1	1	1	1	2.82511	1.09431	1.09431	1	1	
0.306024	-nan	1.09446	1.99101	1	1	1	1	1	1	2.82956	1.09446	1.09446	1	1	
0.309639	-nan	1.09459	1.99247	1	1	1	1	1	1	2.83397	1.09459	1.09459	1	1	
0.313253	-nan	1.0947	1.99365	1	1	1	1	1	1	2.83836	1.0947	1.0947	1	1	
0.316867	-nan	1.09478	1.99458	1	1	1	1	1	1	2.84272	1.09478	1.09478	1	1	
0.320482	-nan	1.09484	1.99526	1	1	1	1	1	1	2.84705	1.09484	1.09484	1	1	
0.324096	-nan	1.09487	1.9957	1	1	1	1	1	1	2.85135	1.09487	1.09487	1	1	
0.327711	-nan	1.09489	1.99593	1	1	1	1	1	1	2.85563	1.09489	1.09489	1	1	
0.331325	-nan	1.09489	1.99594	1	1	1	1	1	1	2.85988	1.09489	1.09489	1	1	
0.33494	-nan	1.09486	1.99576	1	1	1	1	1	1	2.8641	1.09486	1.09486	1	1	
0.338554	-nan	1.09482	1.9954	1	1	1	1	1	1	2.8683	1.09482	1.09482	1	1	
0.342169	-nan	1.09476	1.99486	1	1	1	1	1	1	2.87247	1.09476	1.09476	1	1	
0.345783	-nan	1.09468	1.99415	1	1	1	1	1	1	2.87662	1.09468	1.09468	1	1	
0.349398	-nan	1.09458	1.9933	1	1	1	1	1	1	2.88075	1.09458	1.09458	1	1	
0.353012	-nan	1.09446	1.9923	1	1	1	1	1	1	2.88485	1.09446	1.09446	1	1	
0.356627	-nan	1.09433	1.99117	1	1	1	1	1	1	2.88893	1.09433	1.09433	1	1	
0.360241	-nan	1.09418	1.98991	1	1	1	1	1	1	2.89298	1.09418	1.09418	1	1	
0.363855	-nan	1.09401	1.98853	1	1	1	1	1	1	2.89702	1.09401	1.09401	1	1	
0.36747	-nan	1.09383	1.98705	1	1	1	1	1	1	2.90103	1.09383	1.09383	1	1	
0.371084	-nan	1.09363	1.98547	1	1	1	1	1	1	2.90503	1.09363	1.09363	1	1	
0.374699	-nan	1.09342	1.9838	1	1	1	1	1	1	2.909	1.09342	1.09342	1	1	
0.378313	-nan	1.09319	1.98204	1	1	1	1	1	1	2.91296	1.09319	1.09319	1	1	
0.381928	-nan	1.09295	1.98021	1	1	1	1	1	1	2.9169	1.09295	1.09295	1	1	
0.385542	-nan	1.0927	1.9783	1	1	1	1	1	1	2.92083	1.0927	1.0927	1	1	
0.389157	-nan	1.09243	1.97633	1	1	1	1	1	1	2.92474	1.09243	1.09243	1	1	
0.392771	-nan	1.09215	1.9743	1	1	1	1	1	1	2.92863	1.09215	1.09215	1	1	
0.396386	-nan	1.09185	1.97221	1	1	1	1	1	1	2.93252	1.09185	1.09185	1	1	
0.4	-nan	1.09154	1.97008	1	1	1	1	1	1	2.93639	1.09154	1.09154	1	1	
0.403614	-nan	1.09122	1.9679	1	1	1	1	1	1	2.94025	1.09122	1.09122	1	1	
0.407229	-nan	1.09089	1.96568	1	1	1	1	1	1	2.9441	1.09089	1.09089	1	1	
0.410843	-nan	1.09055	1.96342	1	1	1	1	1	1	2.94794	1.09055	1.09055	1	1	
0.414458	-nan	1.09019	1.96114	1	1	1	1	1	1	2.95178	1.09019	1.09019	1	1	
0.418072	-nan	1.08982	1.95882	1	1	1	1	1	1	2.95561	1.08982	1.08982	1	1	
0.421687	-nan	1.08945	1.95648	1	1	1	1	1	1	2.95944	1.08945	1.08945	1	1	
0.425301	-nan	1.08906	1.95411	1	1	1	1	1	1	2.96327	1.08906	1.08906	1	1	
0.428916	-nan	1.08866	1.95173	1	1	1	1	1	1	2.9671	1.08866	1.08866	1	1	
0.43253	-nan	1.08825	1.94933	1	1	1	1	1	1	2.97093	1.08825	1.08825	1	1	
0.436145	-nan	1.08784	1.94691	1	1	1	1	1	1	2.97477	1.08784	1.08784	1	1	
0.439759	-nan	1.08741	1.94449	1	1	1	1	1	1	2.97861	1.08741	1.08741	1	1	
0.443373	-nan	1.08697	1.94205	1	1	1	1	1	1	2.98246	1.08697	1.08697	1	1	
0.446988	-nan	1.08653	1.9396	1	1	1	1	1	1	2.98632	1.08653	1.08653	1	1	
0.450602	-nan	1.08607	1.93715	1	1	1	1	1	1	2.9902	1.08607	1.08607	1	1	
0.454217	-nan	1.08561	1.93469	1	1	1	1	1	1	2.99409	1.08561	1.08561	1	1	
0.457831	-nan	1.08514	1.93223	1	1	1	1	1	1	2.998	1.08514	1.08514	1	1	
0.461446	-nan	1.08466	1.92976	1	1	1	1	1	1	3.00193	1.08466	1.08466	1	1	
0.46506	-nan	1.08417	1.92729	1	1	1	1	1	1	3.00589	1.08417	1.08417	1	1	
0.468675	-nan	1.08367	1.92482	1	1	1	1	1	1	3.00987	1.08367	1.08367	1	1	
0.472289	-nan	1.08317	1.92234	1	1	1	1	1	1	3.01388	1.08317	1.08317	1	1	
0.475904	-nan	1.08266	1.91987	1	1	1	1	1	1	3.01793	1.08266	1.08266	1	1	
0.479518	-nan	1.08214	1.9174	1	1	1	1	1	1	3.02202	1.08214	1.08214	1	1	
0.483133	-nan	1.08162	1.91493	1	1	1	1	1	1	3.02615	1.08162	1.08162	1	1	
0.486747	-nan	1.08108	1.91246	1	1	1	1	1	1	3.03032	1.08108	1.08108	1	1	
0.490361	-nan	1.08055	1.90999	1	1	1	1	1	1	3.03454	1.08055	1.08055	1	1	
0.493976	-nan	1.08	1.90752	1	1	1	1	1	1	3.03882	1.08	1.08	1	1	
0.49759	-nan	1.07945	1.90505	1	1	1	1	1	1	3.04316	1.07945	1.07945	1	1	
0.501205	-nan	1.07889	1.90259	1	1	1	1	1	1	3.04756	1.07889	1.07889	1	1	
0.504819	-nan	1.07833	1.90013	1	1	1	1	1	1	3.05202	1.07833	1.07833	1	1	
0.508434	-nan	1.07776	1.89766	1	1	1	1	1	1	3.05656	1.07776	1.07776	1	1	
0.512048	-nan	1.07719	1.8952	1	1	1	1	1	1	3.06118	1.07719	1.07719	1	1	
0.515663	-nan	1.07661	1.89274	1	1	1	1	1	1	3.06588	1.07661	1.07661	1	1	
0.519277	-nan	1.07602	1.89029	1	1	1	1	1	1	3.07067	1.07602	1.07602	1	1	
0.522892	-nan	1.07543	1.88783	1	1	1	1	1	1	3.07556	1.07543	1.07543	1	1	
0.526506	-nan	1.07484	1.88537	1	1	1	1	1	1	3.08055	1.07484	1.07484	1	1	
0.53012	-nan	1.07424	1.88291	1	1	1	1	1	1	3.08564	1.07424	1.07424	1	1	
0.533735	-nan	1.07363	1.88046	1	1	1	1	1	1	3.09085	1.07363	1.07363	1	1	
0.537349	-nan	1.07302	1.878	1	1	1	1	1	1	3.09618	1.07302	1.07302	1	1	
0.540964	-nan	1.07241	1.87554	1	1	1	1	1	1	3.10164	1.07241	1.07241	1	1	
0.544578	-nan	1.07179	1.87308	1	1	1	1	1	1	3.10723	1.07179	1.07179	1	1	
0.548193	-nan	1.07117	1.87062	1	1	1	1	1	1	3.11297	1.07117	1.07117	1	1	
0.551807	-nan	1.07054	1.86816	1	1	1	1	1	1	3.11885	1.07054	1.07054	1	1	
0.555422	-nan	1.06991	1.86569	1	1	1	1	1	1	3.12489	1.06991	1.06991	1	1	
0.559036	-nan	1.06927	1.86322	1	1	1	1	1	1	3.1311	1.06927	1.06927	1	1	
0.562651	-nan	1.06864	1.86075	1	1	1	1	1	1	3.13748	1.06864	1.06864	1	1	
0.566265	-nan	1.06799	1.85828	1	1	1	1	1	1	3.14404	1.06799	1.06799	1	1	
0.56988	-nan	1.06735	1.8558	1	1	1	1	1	1	3.1508	1.06735	1.06735	1	1	
0.573494	-nan	1.0667	1.85332	1	1	1	1	1	1	3.15775	1.0667	1.0667	1	1	
0.577108	-nan	1.06605	1.85083	1	1	1	1	1	1	3.1649	1.06605	1.06605	1	1	
0.580723	-nan	1.06539	1.84834	1	1	1	1	1	1	3.17227	1.06539	1.06539	1	1	
0.584337	-nan	1.06473	1.84584	1	1	1	1	1	1	3.17987	1.06473	1.06473	1	1	
0.587952	-nan	1.06407	1.84334	1	1	1	1	1	1	3.18769	1.06407	1.06407	1	1	
0.591566	-nan	1.06341	1.84083	1	1	1	1	1	1	3.19576	1.06341	1.06341	1	1	
0.595181	-nan	1.06274	1.83832	1	1	1	1	1	1	3.20407	1.06274	1.06274	1	1	
0.598795	-nan	1.06207	1.83579	1	1	1	1	1	1	3.21264	1.06207	1.06207	1	1	
0.60241	-nan	1.0614	1.83327	1	1	1	1	1	1	3.22148	1.0614	1.0614	1	1	
0.606024	-nan	1.06072	1.83073	1	1	1	1	1	1	3.23059	1.06072	1.06072	1	1	
0.609639	-nan	1.06005	1.82819	1	1	1	1	1	1	3.23997	1.06005	1.06005	1	1	
0.613253	-nan	1.05937	1.82563	1	1	1	1	1	1	3.24965	1.05937	1.05937	1	1	
0.616867	-nan	1.05869	1.82307	1	1	1	1	1	1	3.25962	1.05869	1.05869	1	1	
0.620482	-nan	1.058	1.82051	1	1	1	1	1	1	3.26989	1.058	1.058	1	1	
0.624096	-nan	1.05732	1.81793	1	1	1	1	1	1	3.28047	1.05732	1.05732	1	1	
0.627711	-nan	1.05663	1.81534	1	1	1	1	1	1	3.29136	1.05663	1.05663	1	1	
0.631325	-nan	1.05594	1.81275	1	1	1	1	1	1	3.30257	1.05594	1.05594	1	1	
0.63494	-nan	1.05525	1.81014	1	1	1	1	1	1	3.3141	1.05525	1.05525	1	1	
0.638554	-nan	1.05455	1.80753	1	1	1	1	1	1	3.32595	1.05455	1.05455	1	1	
0.642169	-nan	1.05386	1.80491	1	1	1	1	1	1	3.33814	1.05386	1.05386	1	1	
0.645783	-nan	1.05316	1.80227	1	1	1	1	1	1	3.35065	1.05316	1.05316	1	1	
0.649398	-nan	1.05246	1.79963	1	1	1	1	1	1	3.3635	1.05246	1.05246	1	1	
0.653012	-nan	1.05176	1.79697	1	1	1	1	1	1	3.37667	1.05176	1.05176	1	1	
0.656627	-nan	1.05106	1.79431	1	1	1	1	1	1	3.39018	1.05106	1.05106	1	1	
0.660241	-nan	1.05036	1.79164	1	1	1	1	1	1	3.40401	1.05036	1.05036	1	1	
0.663855	-nan	1.04966	1.78895	1	1	1	1	1	1	3.41817	1.04966	1.04966	1	1	
0.66747	-nan	1.04895	1.78625	1	1	1	1	1	1	3.43264	1.04895	1.04895	1	1	
0.671084	-nan	1.04825	1.78355	1	1	1	1	1	1	3.44743	1.04825	1.04825	1	1	
0.674699	-nan	1.04754	1.78083	1	1	1	1	1	1	3.46253	1.04754	1.04754	1	1	
0.678313	-nan	1.04683	1.7781	1	1	1	1	1	1	3.47792	1.04683	1.04683	1	1	
0.681928	-nan	1.04612	1.77536	1	1	1	1	1	1	3.49361	1.04612	1.04612	1	1	
0.685542	-nan	1.04541	1.77261	1	1	1	1	1	1	3.50957	1.04541	1.04541	1	1	
0.689157	-nan	1.0447	1.76985	1	1	1	1	1	1	3.52579	1.0447	1.0447	1	1	
0.692771	-nan	1.04399	1.76708	1	1	1	1	1	1	3.54227	1.04399	1.04399	1	1	
0.696386	-nan	1.04328	1.76429	1	1	1	1	1	1	3.55898	1.04328	1.04328	1	1	
0.7	-nan	1.04257	1.7615	1	1	1	1	1	1	3.57591	1.04257	1.04257	1	1	
0.703614	-nan	1.04185	1.75869	1	1	1	1	1	1	3.59304	1.04185	1.04185	1	1	
0.707229	-nan	1.04114	1.75587	1	1	1	1	1	1	3.61036	1.04114	1.04114	1	1	
0.710843	-nan	1.04042	1.75305	1	1	1	1	1	1	3.62785	1.04042	1.04042	1	1	
0.714458	-nan	1.03971	1.75021	1	1	1	1	1	1	3.64548	1.03971	1.03971	1	1	
0.718072	-nan	1.03899	1.74736	1	1	1	1	1	1	3.66324	1.03899	1.03899	1	1	
0.721687	-nan	1.03828	1.74449	1	1	1	1	1	1	3.6811	1.03828	1.03828	1	1	
0.725301	-nan	1.03756	1.74162	1	1	1	1	1	1	3.69904	1.03756	1.03756	1	1	
0.728916	-nan	1.03685	1.73874	1	1	1	1	1	1	3.71704	1.03685	1.03685	1	1	
0.73253	-nan	1.03613	1.73585	1	1	1	1	1	1	3.73508	1.03613	1.03613	1	1	
0.736145	-nan	1.03541	1.73294	1	1	1	1	1	1	3.75314	1.03541	1.03541	1	1	
0.739759	-nan	1.0347	1.73003	1	1	1	1	1	1	3.77119	1.0347	1.0347	1	1	
0.743373	-nan	1.03398	1.7271	1	1	1	1	1	1	3.78921	1.03398	1.03398	1	1	
0.746988	-nan	1.03326	1.72417	1	1	1	1	1	1	3.80718	1.03326	1.03326	1	1	
0.750602	-nan	1.03255	1.72122	1	1	1	1	1	1	3.82508	1.03255	1.03255	1	1	
0.754217	-nan	1.03183	1.71827	1	1	1	1	1	1	3.84289	1.03183	1.03183	1	1	
0.757831	-nan	1.03111	1.7153	1	1	1	1	1	1	3.86058	1.03111	1.03111	1	1	
0.761446	-nan	1.0304	1.71232	1	1	1	1	1	1	3.87814	1.0304	1.0304	1	1	
0.76506	-nan	1.02968	1.70934	1	1	1	1	1	1	3.89556	1.02968	1.02968	1	1	
0.768675	-nan	1.02896	1.70634	1	1	1	1	1	1	3.9128	1.02896	1.02896	1	1	
0.772289	-nan	1.02825	1.70334	1	1	1	1	1	1	3.92986	1.02825	1.02825	1	1	
0.775904	-nan	1.02753	1.70033	1	1	1	1	1	1	3.94673	1.02753	1.02753	1	1	
0.779518	-nan	1.02682	1.6973	1	1	1	1	1	1	3.96338	1.02682	1.02682	1	1	
0.783133	-nan	1.0261	1.69427	1	1	1	1	1	1	3.97981	1.0261	1.0261	1	1	
0.786747	-nan	1.02539	1.69123	1	1	1	1	1	1	3.996	1.02539	1.02539	1	1	
0.790361	-nan	1.02467	1.68818	1	1	1	1	1	1	4.01194	1.02467	1.02467	1	1	
0.793976	-nan	1.02396	1.68513	1	1	1	1	1	1	4.02762	1.02396	1.02396	1	1	
0.79759	-nan	1.02325	1.68206	1	1	1	1	1	1	4.04304	1.02325	1.02325	1	1	
0.801205	-nan	1.02253	1.67899	1	1	1	1	1	1	4.05819	1.02253	1.02253	1	1	
0.804819	-nan	1.02182	1.6759	1	1	1	1	1	1	4.07306	1.02182	1.02182	1	1	
0.808434	-nan	1.02111	1.67281	1	1	1	1	1	1	4.08764	1.02111	1.02111	1	1	
0.812048	-nan	1.0204	1.66972	1	1	1	1	1	1	4.10194	1.0204	1.0204	1	1	
0.815663	-nan	1.01969	1.66661	1	1	1	1	1	1	4.11594	1.01969	1.01969	1	1	
0.819277	-nan	1.01898	1.6635	1	1	1	1	1	1	4.12966	1.01898	1.01898	1	1	
0.822892	-nan	1.01827	1.66038	1	1	1	1	1	1	4.14307	1.01827	1.01827	1	1	
0.826506	-nan	1.01756	1.65726	1	1	1	1	1	1	4.1562	1.01756	1.01756	1	1	
0.83012	-nan	1.01685	1.65412	1	1	1	1	1	1	4.16903	1.01685	1.01685	1	1	
0.833735	-nan	1.01614	1.65099	1	1	1	1	1	1	4.18156	1.01614	1.01614	1	1	
0.837349	-nan	1.01544	1.64784	1	1	1	1	1	1	4.19381	1.01544	1.01544	1	1	
0.840964	-nan	1.01473	1.64469	1	1	1	1	1	1	4.20576	1.01473	1.01473	1	1	
0.844578	-nan	1.01403	1.64153	1	1	1	1	1	1	4.21743	1.01403	1.01403	1	1	
0.848193	-nan	1.01332	1.63837	1	1	1	1	1	1	4.22882	1.01332	1.01332	1	1	
0.851807	-nan	1.01262	1.6352	1	1	1	1	1	1	4.23992	1.01262	1.01262	1	1	
0.855422	-nan	1.01192	1.63203	1	1	1	1	1	1	4.25076	1.01192	1.01192	1	1	
0.859036	-nan	1.01122	1.62885	1	1	1	1	1	1	4.26132	1.01122	1.01122	1	1	
0.862651	-nan	1.01052	1.62567	1	1	1	1	1	1	4.27161	1.01052	1.01052	1	1	
0.866265	-nan	1.00982	1.62248	1	1	1	1	1	1	4.28164	1.00982	1.00982	1	1	
0.86988	-nan	1.00912	1.61929	1	1	1	1	1	1	4.29142	1.00912	1.00912	1	1	
0.873494	-nan	1.00842	1.61609	1	1	1	1	1	1	4.30095	1.00842	1.00842	1	1	
0.877108	-nan	1.00772	1.6129	1	1	1	1	1	1	4.31023	1.00772	1.00772	1	1	
0.880723	-nan	1.00703	1.60969	1	1	1	1	1	1	4.31928	1.00703	1.00703	1	1	
0.884337	-nan	1.00633	1.60648	1	1	1	1	1	1	4.32809	1.00633	1.00633	1	1	
0.887952	-nan	1.00564	1.60327	1	1	1	1	1	1	4.33667	1.00564	1.00564	1	1	
0.891566	-nan	1.00495	1.60006	1	1	1	1	1	1	4.34503	1.00495	1.00495	1	1	
0.895181	-nan	1.00426	1.59684	1	1	1	1	1	1	4.35318	1.00426	1.00426	1	1	
0.898795	-nan	1.00357	1.59362	1	1	1	1	1	1	4.36112	1.00357	1.00357	1	1	
0.90241	-nan	1.00288	1.5904	1	1	1	1	1	1	4.36885	1.00288	1.00288	1	1	
0.906024	-nan	1.00219	1.58718	1	1	1	1	1	1	4.37638	1.00219	1.00219	1	1	
0.909639	-nan	1.0015	1.58395	1	1	1	1	1	1	4.38373	1.0015	1.0015	1	1	
0.913253	-nan	1.00082	1.58073	1	1	1	1	1	1	4.39088	1.00082	1.00082	1	1	
0.916867	-nan	1.00013	1.5775	1	1	1	1	1	1	4.39786	1.00013	1.00013	1	1	
0.920482	-nan	0.999449	1.57426	1	1	1	1	1	1	4.40466	0.999449	0.999449	1	1	
0.924096	-nan	0.998767	1.57103	1	1	1	1	1	1	4.41129	0.998767	0.998767	1	1	
0.927711	-nan	0.998086	1.5678	1	1	1	1	1	1	4.41775	0.998086	0.998086	1	1	
0.931325	-nan	0.997406	1.56456	1	1	1	1	1	1	4.42406	0.997406	0.997406	1	1	
0.93494	-nan	0.996728	1.56133	1	1	1	1	1	1	4.43021	0.996728	0.996728	1	1	
0.938554	-nan	0.99605	1.55809	1	1	1	1	1	1	4.43621	0.99605	0.99605	1	1	
0.942169	-nan	0.995374	1.55486	1	1	1	1	1	1	4.44207	0.995374	0.995374	1	1	
0.945783	-nan	0.9947	1.55162	1	1	1	1	1	1	4.44778	0.9947	0.9947	1	1	
0.949398	-nan	0.994026	1.54839	1	1	1	1	1	1	4.45336	0.994026	0.994026	1	1	
0.953012	-nan	0.993354	1.54515	1	1	1	1	1	1	4.45881	0.993354	0.993354	1	1	
0.956627	-nan	0.992683	1.54192	1	1	1	1	1	1	4.46414	0.992683	0.992683	1	1	
0.960241	-nan	0.992013	1.53868	1	1	1	1	1	1	4.46934	0.992013	0.992013	1	1	
0.963855	-nan	0.991345	1.53545	1	1	1	1	1	1	4.47442	0.991345	0.991345	1	1	
0.96747	-nan	0.990678	1.53222	1	1	1	1	1	1	4.47939	0.990678	0.990678	1	1	
0.971084	-nan	0.990012	1.52899	1	1	1	1	1	1	4.48425	0.990012	0.990012	1	1	
0.974699	-nan	0.989348	1.52576	1	1	1	1	1	1	4.48901	0.989348	0.989348	1	1	
0.978313	-nan	0.988685	1.52253	1	1	1	1	1	1	4.49366	0.988685	0.988685	1	1	
0.981928	-nan	0.988024	1.5193	1	1	1	1	1	1	4.49821	0.988024	0.988024	1	1	
0.985542	-nan	0.987363	1.51608	1	1	1	1	1	1	4.50266	0.987363	0.987363	1	1	
0.989157	-nan	0.986704	1.51286	1	1	1	1	1	1	4.50702	0.986704	0.986704	1	1	
0.992771	-nan	0.986047	1.50964	1	1	1	1	1	1	4.51129	0.986047	0.986047	1	1	
0.996386	-nan	0.985391	1.50642	1	1	1	1	1	1	4.51548	0.985391	0.985391	1	1	
1	-nan	-nan	-nan	-nan	-nan	-nan	-nan	-nan	-nan	-nan	-nan	-nan	-nan	-nan	
