1e-05	-nan	0.630948	0.151168	1	1	1	1	1	1	1.3789	0.630948	0.630948	1	1	
1.03753e-05	-nan	0.631022	0.151265	1	1	1	1	1	1	1.3789	0.631022	0.631022	1	1	
1.07647e-05	-nan	0.631098	0.151363	1	1	1	1	1	1	1.37891	0.631098	0.631098	1	1	
1.11686e-05	-nan	0.631175	0.151463	1	1	1	1	1	1	1.37891	0.631175	0.631175	1	1	
1.15878e-05	-nan	0.631254	0.151565	1	1	1	1	1	1	1.37892	0.631254	0.631254	1	1	
1.20226e-05	-nan	0.631334	0.151669	1	1	1	1	1	1	1.37892	0.631334	0.631334	1	1	
1.24738e-05	-nan	0.631416	0.151775	1	1	1	1	1	1	1.37892	0.631416	0.631416	1	1	
1.2942e-05	-nan	0.631499	0.151883	1	1	1	1	1	1	1.37893	0.631499	0.631499	1	1	
1.34276e-05	-nan	0.631584	0.151993	1	1	1	1	1	1	1.37893	0.631584	0.631584	1	1	
1.39316e-05	-nan	0.63167	0.152105	1	1	1	1	1	1	1.37894	0.63167	0.63167	1	1	
1.44544e-05	-nan	0.631758	0.152218	1	1	1	1	1	1	1.37894	0.631758	0.631758	1	1	
1.49968e-05	-nan	0.631848	0.152334	1	1	1	1	1	1	1.37894	0.631848	0.631848	1	1	
1.55597e-05	-nan	0.631939	0.152452	1	1	1	1	1	1	1.37895	0.631939	0.631939	1	1	
1.61436e-05	-nan	0.632032	0.152573	1	1	1	1	1	1	1.37895	0.632032	0.632032	1	1	
1.67494e-05	-nan	0.632127	0.152695	1	1	1	1	1	1	1.37896	0.632127	0.632127	1	1	
1.7378e-05	-nan	0.632224	0.15282	1	1	1	1	1	1	1.37896	0.632224	0.632224	1	1	
1.80302e-05	-nan	0.632322	0.152947	1	1	1	1	1	1	1.37897	0.632322	0.632322	1	1	
1.87068e-05	-nan	0.632423	0.153076	1	1	1	1	1	1	1.37897	0.632423	0.632423	1	1	
1.94089e-05	-nan	0.632525	0.153208	1	1	1	1	1	1	1.37898	0.632525	0.632525	1	1	
2.01372e-05	-nan	0.632629	0.153342	1	1	1	1	1	1	1.37898	0.632629	0.632629	1	1	
2.0893e-05	-nan	0.632735	0.153478	1	1	1	1	1	1	1.37899	0.632735	0.632735	1	1	
2.1677e-05	-nan	0.632843	0.153617	1	1	1	1	1	1	1.37899	0.632843	0.632843	1	1	
2.24905e-05	-nan	0.632953	0.153759	1	1	1	1	1	1	1.379	0.632953	0.632953	1	1	
2.33346e-05	-nan	0.633065	0.153903	1	1	1	1	1	1	1.37901	0.633065	0.633065	1	1	
2.42103e-05	-nan	0.63318	0.15405	1	1	1	1	1	1	1.37901	0.63318	0.63318	1	1	
2.51189e-05	-nan	0.633296	0.1542	1	1	1	1	1	1	1.37902	0.633296	0.633296	1	1	
2.60615e-05	-nan	0.633415	0.154352	1	1	1	1	1	1	1.37902	0.633415	0.633415	1	1	
2.70396e-05	-nan	0.633536	0.154507	1	1	1	1	1	1	1.37903	0.633536	0.633536	1	1	
2.80543e-05	-nan	0.633659	0.154665	1	1	1	1	1	1	1.37904	0.633659	0.633659	1	1	
2.91072e-05	-nan	0.633785	0.154826	1	1	1	1	1	1	1.37904	0.633785	0.633785	1	1	
3.01995e-05	-nan	0.633913	0.15499	1	1	1	1	1	1	1.37905	0.633913	0.633913	1	1	
3.13329e-05	-nan	0.634043	0.155157	1	1	1	1	1	1	1.37906	0.634043	0.634043	1	1	
3.25087e-05	-nan	0.634176	0.155327	1	1	1	1	1	1	1.37906	0.634176	0.634176	1	1	
3.37287e-05	-nan	0.634312	0.1555	1	1	1	1	1	1	1.37907	0.634312	0.634312	1	1	
3.49945e-05	-nan	0.63445	0.155677	1	1	1	1	1	1	1.37908	0.63445	0.63445	1	1	
3.63078e-05	-nan	0.634591	0.155856	1	1	1	1	1	1	1.37909	0.634591	0.634591	1	1	
3.76704e-05	-nan	0.634734	0.156039	1	1	1	1	1	1	1.3791	0.634734	0.634734	1	1	
3.90841e-05	-nan	0.63488	0.156226	1	1	1	1	1	1	1.3791	0.63488	0.63488	1	1	
4.05509e-05	-nan	0.635029	0.156416	1	1	1	1	1	1	1.37911	0.635029	0.635029	1	1	
4.20727e-05	-nan	0.635181	0.156609	1	1	1	1	1	1	1.37912	0.635181	0.635181	1	1	
4.36516e-05	-nan	0.635336	0.156806	1	1	1	1	1	1	1.37913	0.635336	0.635336	1	1	
4.52898e-05	-nan	0.635493	0.157007	1	1	1	1	1	1	1.37914	0.635493	0.635493	1	1	
4.69894e-05	-nan	0.635654	0.157211	1	1	1	1	1	1	1.37915	0.635654	0.635654	1	1	
4.87528e-05	-nan	0.635818	0.157419	1	1	1	1	1	1	1.37916	0.635818	0.635818	1	1	
5.05825e-05	-nan	0.635984	0.157631	1	1	1	1	1	1	1.37917	0.635984	0.635984	1	1	
5.24807e-05	-nan	0.636154	0.157847	1	1	1	1	1	1	1.37918	0.636154	0.636154	1	1	
5.44503e-05	-nan	0.636328	0.158068	1	1	1	1	1	1	1.37919	0.636328	0.636328	1	1	
5.64937e-05	-nan	0.636505	0.158292	1	1	1	1	1	1	1.3792	0.636505	0.636505	1	1	
5.86138e-05	-nan	0.636685	0.15852	1	1	1	1	1	1	1.37921	0.636685	0.636685	1	1	
6.08135e-05	-nan	0.636868	0.158753	1	1	1	1	1	1	1.37922	0.636868	0.636868	1	1	
6.30957e-05	-nan	0.637055	0.15899	1	1	1	1	1	1	1.37923	0.637055	0.637055	1	1	
6.54636e-05	-nan	0.637246	0.159231	1	1	1	1	1	1	1.37924	0.637246	0.637246	1	1	
6.79204e-05	-nan	0.63744	0.159478	1	1	1	1	1	1	1.37925	0.63744	0.63744	1	1	
7.04693e-05	-nan	0.637638	0.159728	1	1	1	1	1	1	1.37926	0.637638	0.637638	1	1	
7.31139e-05	-nan	0.63784	0.159984	1	1	1	1	1	1	1.37928	0.63784	0.63784	1	1	
7.58578e-05	-nan	0.638046	0.160244	1	1	1	1	1	1	1.37929	0.638046	0.638046	1	1	
7.87046e-05	-nan	0.638256	0.160509	1	1	1	1	1	1	1.3793	0.638256	0.638256	1	1	
8.16582e-05	-nan	0.63847	0.160779	1	1	1	1	1	1	1.37931	0.63847	0.63847	1	1	
8.47227e-05	-nan	0.638688	0.161054	1	1	1	1	1	1	1.37933	0.638688	0.638688	1	1	
8.79023e-05	-nan	0.63891	0.161334	1	1	1	1	1	1	1.37934	0.63891	0.63891	1	1	
9.12011e-05	-nan	0.639137	0.16162	1	1	1	1	1	1	1.37935	0.639137	0.639137	1	1	
9.46237e-05	-nan	0.639368	0.161911	1	1	1	1	1	1	1.37937	0.639368	0.639368	1	1	
9.81748e-05	-nan	0.639604	0.162208	1	1	1	1	1	1	1.37938	0.639604	0.639604	1	1	
0.000101859	-nan	0.639844	0.16251	1	1	1	1	1	1	1.3794	0.639844	0.639844	1	1	
0.000105682	-nan	0.640088	0.162818	1	1	1	1	1	1	1.37941	0.640088	0.640088	1	1	
0.000109648	-nan	0.640338	0.163131	1	1	1	1	1	1	1.37943	0.640338	0.640338	1	1	
0.000113763	-nan	0.640592	0.163451	1	1	1	1	1	1	1.37945	0.640592	0.640592	1	1	
0.000118032	-nan	0.640852	0.163777	1	1	1	1	1	1	1.37946	0.640852	0.640852	1	1	
0.000122462	-nan	0.641116	0.164109	1	1	1	1	1	1	1.37948	0.641116	0.641116	1	1	
0.000127057	-nan	0.641385	0.164447	1	1	1	1	1	1	1.3795	0.641385	0.641385	1	1	
0.000131826	-nan	0.64166	0.164792	1	1	1	1	1	1	1.37951	0.64166	0.64166	1	1	
0.000136773	-nan	0.64194	0.165143	1	1	1	1	1	1	1.37953	0.64194	0.64194	1	1	
0.000141906	-nan	0.642226	0.165501	1	1	1	1	1	1	1.37955	0.642226	0.642226	1	1	
0.000147231	-nan	0.642517	0.165866	1	1	1	1	1	1	1.37957	0.642517	0.642517	1	1	
0.000152757	-nan	0.642814	0.166238	1	1	1	1	1	1	1.37959	0.642814	0.642814	1	1	
0.000158489	-nan	0.643117	0.166617	1	1	1	1	1	1	1.37961	0.643117	0.643117	1	1	
0.000164437	-nan	0.643426	0.167003	1	1	1	1	1	1	1.37963	0.643426	0.643426	1	1	
0.000170608	-nan	0.643741	0.167397	1	1	1	1	1	1	1.37965	0.643741	0.643741	1	1	
0.000177011	-nan	0.644062	0.167798	1	1	1	1	1	1	1.37967	0.644062	0.644062	1	1	
0.000183654	-nan	0.644389	0.168207	1	1	1	1	1	1	1.3797	0.644389	0.644389	1	1	
0.000190546	-nan	0.644723	0.168624	1	1	1	1	1	1	1.37972	0.644723	0.644723	1	1	
0.000197697	-nan	0.645063	0.169049	1	1	1	1	1	1	1.37974	0.645063	0.645063	1	1	
0.000205116	-nan	0.64541	0.169482	1	1	1	1	1	1	1.37977	0.64541	0.64541	1	1	
0.000212814	-nan	0.645764	0.169924	1	1	1	1	1	1	1.37979	0.645764	0.645764	1	1	
0.0002208	-nan	0.646125	0.170374	1	1	1	1	1	1	1.37982	0.646125	0.646125	1	1	
0.000229087	-nan	0.646493	0.170832	1	1	1	1	1	1	1.37984	0.646493	0.646493	1	1	
0.000237684	-nan	0.646869	0.1713	1	1	1	1	1	1	1.37987	0.646869	0.646869	1	1	
0.000246604	-nan	0.647251	0.171777	1	1	1	1	1	1	1.37989	0.647251	0.647251	1	1	
0.000255859	-nan	0.647642	0.172263	1	1	1	1	1	1	1.37992	0.647642	0.647642	1	1	
0.000265461	-nan	0.64804	0.172758	1	1	1	1	1	1	1.37995	0.64804	0.64804	1	1	
0.000275423	-nan	0.648446	0.173264	1	1	1	1	1	1	1.37998	0.648446	0.648446	1	1	
0.000285759	-nan	0.64886	0.173779	1	1	1	1	1	1	1.38001	0.64886	0.64886	1	1	
0.000296483	-nan	0.649282	0.174304	1	1	1	1	1	1	1.38004	0.649282	0.649282	1	1	
0.00030761	-nan	0.649713	0.174839	1	1	1	1	1	1	1.38007	0.649713	0.649713	1	1	
0.000319154	-nan	0.650152	0.175385	1	1	1	1	1	1	1.3801	0.650152	0.650152	1	1	
0.000331131	-nan	0.6506	0.175942	1	1	1	1	1	1	1.38014	0.6506	0.6506	1	1	
0.000343558	-nan	0.651057	0.176509	1	1	1	1	1	1	1.38017	0.651057	0.651057	1	1	
0.000356451	-nan	0.651522	0.177088	1	1	1	1	1	1	1.3802	0.651522	0.651522	1	1	
0.000369828	-nan	0.651998	0.177678	1	1	1	1	1	1	1.38024	0.651998	0.651998	1	1	
0.000383707	-nan	0.652483	0.17828	1	1	1	1	1	1	1.38028	0.652483	0.652483	1	1	
0.000398107	-nan	0.652977	0.178893	1	1	1	1	1	1	1.38031	0.652977	0.652977	1	1	
0.000413048	-nan	0.653481	0.179519	1	1	1	1	1	1	1.38035	0.653481	0.653481	1	1	
0.000428549	-nan	0.653996	0.180158	1	1	1	1	1	1	1.38039	0.653996	0.653996	1	1	
0.000444631	-nan	0.65452	0.180808	1	1	1	1	1	1	1.38043	0.65452	0.65452	1	1	
0.000461318	-nan	0.655056	0.181472	1	1	1	1	1	1	1.38047	0.655056	0.655056	1	1	
0.00047863	-nan	0.655602	0.182149	1	1	1	1	1	1	1.38051	0.655602	0.655602	1	1	
0.000496592	-nan	0.656158	0.18284	1	1	1	1	1	1	1.38056	0.656158	0.656158	1	1	
0.000515229	-nan	0.656726	0.183544	1	1	1	1	1	1	1.3806	0.656726	0.656726	1	1	
0.000534564	-nan	0.657306	0.184263	1	1	1	1	1	1	1.38065	0.657306	0.657306	1	1	
0.000554626	-nan	0.657897	0.184996	1	1	1	1	1	1	1.38069	0.657897	0.657897	1	1	
0.00057544	-nan	0.6585	0.185744	1	1	1	1	1	1	1.38074	0.6585	0.6585	1	1	
0.000597035	-nan	0.659115	0.186506	1	1	1	1	1	1	1.38079	0.659115	0.659115	1	1	
0.000619441	-nan	0.659743	0.187284	1	1	1	1	1	1	1.38084	0.659743	0.659743	1	1	
0.000642688	-nan	0.660383	0.188078	1	1	1	1	1	1	1.38089	0.660383	0.660383	1	1	
0.000666807	-nan	0.661036	0.188888	1	1	1	1	1	1	1.38094	0.661036	0.661036	1	1	
0.000691831	-nan	0.661702	0.189714	1	1	1	1	1	1	1.381	0.661702	0.661702	1	1	
0.000717794	-nan	0.662381	0.190557	1	1	1	1	1	1	1.38105	0.662381	0.662381	1	1	
0.000744732	-nan	0.663075	0.191417	1	1	1	1	1	1	1.38111	0.663075	0.663075	1	1	
0.000772681	-nan	0.663782	0.192295	1	1	1	1	1	1	1.38117	0.663782	0.663782	1	1	
0.000801678	-nan	0.664504	0.19319	1	1	1	1	1	1	1.38123	0.664504	0.664504	1	1	
0.000831764	-nan	0.66524	0.194104	1	1	1	1	1	1	1.38129	0.66524	0.66524	1	1	
0.000862979	-nan	0.665991	0.195037	1	1	1	1	1	1	1.38136	0.665991	0.665991	1	1	
0.000895365	-nan	0.666757	0.195989	1	1	1	1	1	1	1.38142	0.666757	0.666757	1	1	
0.000928966	-nan	0.667539	0.19696	1	1	1	1	1	1	1.38149	0.667539	0.667539	1	1	
0.000963829	-nan	0.668336	0.197951	1	1	1	1	1	1	1.38156	0.668336	0.668336	1	1	
0.001	-nan	0.66915	0.198963	1	1	1	1	1	1	1.38163	0.66915	0.66915	1	1	
0.00103753	-nan	0.66998	0.199996	1	1	1	1	1	1	1.3817	0.66998	0.66998	1	1	
0.00107647	-nan	0.670827	0.20105	1	1	1	1	1	1	1.38177	0.670827	0.670827	1	1	
0.00111686	-nan	0.671691	0.202126	1	1	1	1	1	1	1.38185	0.671691	0.671691	1	1	
0.00115878	-nan	0.672572	0.203224	1	1	1	1	1	1	1.38193	0.672572	0.672572	1	1	
0.00120226	-nan	0.673472	0.204345	1	1	1	1	1	1	1.38201	0.673472	0.673472	1	1	
0.00124738	-nan	0.674389	0.20549	1	1	1	1	1	1	1.38209	0.674389	0.674389	1	1	
0.0012942	-nan	0.675325	0.206659	1	1	1	1	1	1	1.38217	0.675325	0.675325	1	1	
0.00134276	-nan	0.676281	0.207852	1	1	1	1	1	1	1.38226	0.676281	0.676281	1	1	
0.00139316	-nan	0.677255	0.20907	1	1	1	1	1	1	1.38235	0.677255	0.677255	1	1	
0.00144544	-nan	0.678249	0.210314	1	1	1	1	1	1	1.38244	0.678249	0.678249	1	1	
0.00149968	-nan	0.679263	0.211585	1	1	1	1	1	1	1.38253	0.679263	0.679263	1	1	
0.00155597	-nan	0.680298	0.212882	1	1	1	1	1	1	1.38263	0.680298	0.680298	1	1	
0.00161436	-nan	0.681354	0.214206	1	1	1	1	1	1	1.38273	0.681354	0.681354	1	1	
0.00167494	-nan	0.682431	0.215559	1	1	1	1	1	1	1.38283	0.682431	0.682431	1	1	
0.0017378	-nan	0.68353	0.216941	1	1	1	1	1	1	1.38293	0.68353	0.68353	1	1	
0.00180302	-nan	0.684651	0.218352	1	1	1	1	1	1	1.38304	0.684651	0.684651	1	1	
0.00187068	-nan	0.685795	0.219794	1	1	1	1	1	1	1.38315	0.685795	0.685795	1	1	
0.00194089	-nan	0.686962	0.221266	1	1	1	1	1	1	1.38326	0.686962	0.686962	1	1	
0.00201372	-nan	0.688152	0.22277	1	1	1	1	1	1	1.38337	0.688152	0.688152	1	1	
0.0020893	-nan	0.689367	0.224307	1	1	1	1	1	1	1.38349	0.689367	0.689367	1	1	
0.0021677	-nan	0.690605	0.225877	1	1	1	1	1	1	1.38362	0.690605	0.690605	1	1	
0.00224905	-nan	0.691869	0.227481	1	1	1	1	1	1	1.38374	0.691869	0.691869	1	1	
0.00233346	-nan	0.693158	0.229119	1	1	1	1	1	1	1.38387	0.693158	0.693158	1	1	
0.00242103	-nan	0.694474	0.230794	1	1	1	1	1	1	1.384	0.694474	0.694474	1	1	
0.00251189	-nan	0.695815	0.232505	1	1	1	1	1	1	1.38414	0.695815	0.695815	1	1	
0.00260615	-nan	0.697183	0.234254	1	1	1	1	1	1	1.38428	0.697183	0.697183	1	1	
0.00270396	-nan	0.698579	0.236041	1	1	1	1	1	1	1.38442	0.698579	0.698579	1	1	
0.00280543	-nan	0.700003	0.237867	1	1	1	1	1	1	1.38457	0.700003	0.700003	1	1	
0.00291072	-nan	0.701455	0.239734	1	1	1	1	1	1	1.38472	0.701455	0.701455	1	1	
0.00301995	-nan	0.702936	0.241642	1	1	1	1	1	1	1.38487	0.702936	0.702936	1	1	
0.00313329	-nan	0.704447	0.243593	1	1	1	1	1	1	1.38503	0.704447	0.704447	1	1	
0.00325087	-nan	0.705988	0.245586	1	1	1	1	1	1	1.3852	0.705988	0.705988	1	1	
0.00337287	-nan	0.707559	0.247625	1	1	1	1	1	1	1.38537	0.707559	0.707559	1	1	
0.00349945	-nan	0.709161	0.249709	1	1	1	1	1	1	1.38554	0.709161	0.709161	1	1	
0.00363078	-nan	0.710795	0.25184	1	1	1	1	1	1	1.38572	0.710795	0.710795	1	1	
0.00376704	-nan	0.712461	0.254019	1	1	1	1	1	1	1.3859	0.712461	0.712461	1	1	
0.00390841	-nan	0.71416	0.256248	1	1	1	1	1	1	1.38609	0.71416	0.71416	1	1	
0.00405509	-nan	0.715892	0.258527	1	1	1	1	1	1	1.38628	0.715892	0.715892	1	1	
0.00420727	-nan	0.717658	0.260857	1	1	1	1	1	1	1.38648	0.717658	0.717658	1	1	
0.00436516	-nan	0.719458	0.263241	1	1	1	1	1	1	1.38668	0.719458	0.719458	1	1	
0.00452898	-nan	0.721293	0.26568	1	1	1	1	1	1	1.38689	0.721293	0.721293	1	1	
0.00469894	-nan	0.723164	0.268174	1	1	1	1	1	1	1.38711	0.723164	0.723164	1	1	
0.00487528	-nan	0.725071	0.270726	1	1	1	1	1	1	1.38733	0.725071	0.725071	1	1	
0.00505825	-nan	0.727015	0.273337	1	1	1	1	1	1	1.38756	0.727015	0.727015	1	1	
0.00524807	-nan	0.728996	0.276008	1	1	1	1	1	1	1.38779	0.728996	0.728996	1	1	
0.00544503	-nan	0.731015	0.278742	1	1	1	1	1	1	1.38804	0.731015	0.731015	1	1	
0.00564937	-nan	0.733072	0.281539	1	1	1	1	1	1	1.38828	0.733072	0.733072	1	1	
0.00586138	-nan	0.735168	0.284402	1	1	1	1	1	1	1.38854	0.735168	0.735168	1	1	
0.00608135	-nan	0.737303	0.287332	1	1	1	1	1	1	1.3888	0.737303	0.737303	1	1	
0.00630957	-nan	0.739478	0.290331	1	1	1	1	1	1	1.38907	0.739478	0.739478	1	1	
0.00654636	-nan	0.741694	0.293401	1	1	1	1	1	1	1.38935	0.741694	0.741694	1	1	
0.00679204	-nan	0.743951	0.296544	1	1	1	1	1	1	1.38963	0.743951	0.743951	1	1	
0.00704693	-nan	0.746249	0.299762	1	1	1	1	1	1	1.38993	0.746249	0.746249	1	1	
0.00731139	-nan	0.748589	0.303057	1	1	1	1	1	1	1.39023	0.748589	0.748589	1	1	
0.00758578	-nan	0.750972	0.306431	1	1	1	1	1	1	1.39054	0.750972	0.750972	1	1	
0.00787046	-nan	0.753398	0.309886	1	1	1	1	1	1	1.39086	0.753398	0.753398	1	1	
0.00816582	-nan	0.755867	0.313425	1	1	1	1	1	1	1.39118	0.755867	0.755867	1	1	
0.00847227	-nan	0.758381	0.31705	1	1	1	1	1	1	1.39152	0.758381	0.758381	1	1	
0.00879023	-nan	0.760938	0.320763	1	1	1	1	1	1	1.39187	0.760938	0.760938	1	1	
0.00912011	-nan	0.76354	0.324567	1	1	1	1	1	1	1.39222	0.76354	0.76354	1	1	
0.00946237	-nan	0.766187	0.328464	1	1	1	1	1	1	1.39259	0.766187	0.766187	1	1	
0.00981748	-nan	0.76888	0.332457	1	1	1	1	1	1	1.39297	0.76888	0.76888	1	1	
0.0101859	-nan	0.771618	0.336549	1	1	1	1	1	1	1.39335	0.771618	0.771618	1	1	
0.0105682	-nan	0.774402	0.340743	1	1	1	1	1	1	1.39375	0.774402	0.774402	1	1	
0.0109648	-nan	0.777233	0.345042	1	1	1	1	1	1	1.39416	0.777233	0.777233	1	1	
0.0113763	-nan	0.78011	0.349448	1	1	1	1	1	1	1.39458	0.78011	0.78011	1	1	
0.0118032	-nan	0.783033	0.353965	1	1	1	1	1	1	1.39502	0.783033	0.783033	1	1	
0.0122462	-nan	0.786004	0.358596	1	1	1	1	1	1	1.39546	0.786004	0.786004	1	1	
0.0127057	-nan	0.789021	0.363345	1	1	1	1	1	1	1.39592	0.789021	0.789021	1	1	
0.0131826	-nan	0.792085	0.368215	1	1	1	1	1	1	1.39639	0.792085	0.792085	1	1	
0.0136773	-nan	0.795196	0.373209	1	1	1	1	1	1	1.39688	0.795196	0.795196	1	1	
0.0141906	-nan	0.798354	0.378332	1	1	1	1	1	1	1.39738	0.798354	0.798354	1	1	
0.0147231	-nan	0.801559	0.383587	1	1	1	1	1	1	1.39789	0.801559	0.801559	1	1	
0.0152757	-nan	0.804811	0.388979	1	1	1	1	1	1	1.39842	0.804811	0.804811	1	1	
0.0158489	-nan	0.808108	0.394511	1	1	1	1	1	1	1.39896	0.808108	0.808108	1	1	
0.0164437	-nan	0.811452	0.400188	1	1	1	1	1	1	1.39951	0.811452	0.811452	1	1	
0.0170608	-nan	0.814841	0.406015	1	1	1	1	1	1	1.40009	0.814841	0.814841	1	1	
0.0177011	-nan	0.818276	0.411996	1	1	1	1	1	1	1.40068	0.818276	0.818276	1	1	
0.0183654	-nan	0.821755	0.418135	1	1	1	1	1	1	1.40128	0.821755	0.821755	1	1	
0.0190546	-nan	0.825279	0.424438	1	1	1	1	1	1	1.4019	0.825279	0.825279	1	1	
0.0197697	-nan	0.828846	0.430911	1	1	1	1	1	1	1.40254	0.828846	0.828846	1	1	
0.0205116	-nan	0.832455	0.437557	1	1	1	1	1	1	1.4032	0.832455	0.832455	1	1	
0.0212814	-nan	0.836106	0.444384	1	1	1	1	1	1	1.40387	0.836106	0.836106	1	1	
0.02208	-nan	0.839799	0.451397	1	1	1	1	1	1	1.40457	0.839799	0.839799	1	1	
0.0229087	-nan	0.84353	0.458602	1	1	1	1	1	1	1.40528	0.84353	0.84353	1	1	
0.0237684	-nan	0.847301	0.466005	1	1	1	1	1	1	1.40601	0.847301	0.847301	1	1	
0.0246604	-nan	0.851109	0.473612	1	1	1	1	1	1	1.40676	0.851109	0.851109	1	1	
0.0255859	-nan	0.854952	0.481431	1	1	1	1	1	1	1.40753	0.854952	0.854952	1	1	
0.0265461	-nan	0.85883	0.489468	1	1	1	1	1	1	1.40833	0.85883	0.85883	1	1	
0.0275423	-nan	0.862741	0.497731	1	1	1	1	1	1	1.40914	0.862741	0.862741	1	1	
0.0285759	-nan	0.866683	0.506228	1	1	1	1	1	1	1.40997	0.866683	0.866683	1	1	
0.0296483	-nan	0.870655	0.514965	1	1	1	1	1	1	1.41083	0.870655	0.870655	1	1	
0.030761	-nan	0.874653	0.523952	1	1	1	1	1	1	1.41171	0.874653	0.874653	1	1	
0.0319154	-nan	0.878676	0.533196	1	1	1	1	1	1	1.41261	0.878676	0.878676	1	1	
0.0331131	-nan	0.882723	0.542707	1	1	1	1	1	1	1.41354	0.882723	0.882723	1	1	
0.0343558	-nan	0.886789	0.552493	1	1	1	1	1	1	1.41449	0.886789	0.886789	1	1	
0.0356451	-nan	0.890874	0.562565	1	1	1	1	1	1	1.41546	0.890874	0.890874	1	1	
0.0369828	-nan	0.894974	0.572931	1	1	1	1	1	1	1.41646	0.894974	0.894974	1	1	
0.0383707	-nan	0.899086	0.583603	1	1	1	1	1	1	1.41748	0.899086	0.899086	1	1	
0.0398107	-nan	0.903208	0.594591	1	1	1	1	1	1	1.41853	0.903208	0.903208	1	1	
0.0413048	-nan	0.907336	0.605906	1	1	1	1	1	1	1.4196	0.907336	0.907336	1	1	
0.0428549	-nan	0.911468	0.617559	1	1	1	1	1	1	1.4207	0.911468	0.911468	1	1	
0.0444631	-nan	0.915599	0.629562	1	1	1	1	1	1	1.42183	0.915599	0.915599	1	1	
0.0461318	-nan	0.919726	0.641928	1	1	1	1	1	1	1.42298	0.919726	0.919726	1	1	
0.047863	-nan	0.923846	0.654669	1	1	1	1	1	1	1.42415	0.923846	0.923846	1	1	
0.0496592	-nan	0.927955	0.667799	1	1	1	1	1	1	1.42536	0.927955	0.927955	1	1	
0.0515229	-nan	0.932048	0.681331	1	1	1	1	1	1	1.42659	0.932048	0.932048	1	1	
0.0534564	-nan	0.936122	0.69528	1	1	1	1	1	1	1.42784	0.936122	0.936122	1	1	
0.0554626	-nan	0.940173	0.709659	1	1	1	1	1	1	1.42913	0.940173	0.940173	1	1	
0.057544	-nan	0.944196	0.724486	1	1	1	1	1	1	1.43044	0.944196	0.944196	1	1	
0.0597035	-nan	0.948187	0.739774	1	1	1	1	1	1	1.43177	0.948187	0.948187	1	1	
0.0619441	-nan	0.952141	0.75554	1	1	1	1	1	1	1.43314	0.952141	0.952141	1	1	
0.0642688	-nan	0.956053	0.771802	1	1	1	1	1	1	1.43452	0.956053	0.956053	1	1	
0.0666807	-nan	0.95992	0.788575	1	1	1	1	1	1	1.43594	0.95992	0.95992	1	1	
0.0691831	-nan	0.963734	0.805877	1	1	1	1	1	1	1.43738	0.963734	0.963734	1	1	
0.0717794	-nan	0.967493	0.823728	1	1	1	1	1	1	1.43884	0.967493	0.967493	1	1	
0.0744732	-nan	0.97119	0.842144	1	1	1	1	1	1	1.44033	0.97119	0.97119	1	1	
0.0772681	-nan	0.974821	0.861145	1	1	1	1	1	1	1.44185	0.974821	0.974821	1	1	
0.0801678	-nan	0.97838	0.88075	1	1	1	1	1	1	1.44338	0.97838	0.97838	1	1	
0.0831764	-nan	0.981861	0.900979	1	1	1	1	1	1	1.44494	0.981861	0.981861	1	1	
0.0862979	-nan	0.985261	0.921851	1	1	1	1	1	1	1.44651	0.985261	0.985261	1	1	
0.0895365	-nan	0.988572	0.943386	1	1	1	1	1	1	1.44811	0.988572	0.988572	1	1	
0.0928966	-nan	0.99179	0.965604	1	1	1	1	1	1	1.44972	0.99179	0.99179	1	1	
0.0963829	-nan	0.994909	0.988525	1	1	1	1	1	1	1.45135	0.994909	0.994909	1	1	
0.1	-nan	0.997924	1.01217	1	1	1	1	1	1	1.453	0.997924	0.997924	1	1	
0.103614	-nan	1.00072	1.03566	1	1	1	1	1	1	1.4546	1.00072	1.00072	1	1	
0.107229	-nan	1.00333	1.05901	1	1	1	1	1	1	1.45615	1.00333	1.00333	1	1	
0.110843	-nan	1.00575	1.08223	1	1	1	1	1	1	1.45766	1.00575	1.00575	1	1	
0.114458	-nan	1.00799	1.10532	1	1	1	1	1	1	1.45912	1.00799	1.00799	1	1	
0.118072	-nan	1.01007	1.12827	1	1	1	1	1	1	1.46054	1.01007	1.01007	1	1	
0.121687	-nan	1.012	1.15109	1	1	1	1	1	1	1.46192	1.012	1.012	1	1	
0.125301	-nan	1.01378	1.17378	1	1	1	1	1	1	1.46326	1.01378	1.01378	1	1	
0.128916	-nan	1.01542	1.19633	1	1	1	1	1	1	1.46456	1.01542	1.01542	1	1	
0.13253	-nan	1.01693	1.21874	1	1	1	1	1	1	1.46582	1.01693	1.01693	1	1	
0.136145	-nan	1.01832	1.24101	1	1	1	1	1	1	1.46704	1.01832	1.01832	1	1	
0.139759	-nan	1.01959	1.26314	1	1	1	1	1	1	1.46822	1.01959	1.01959	1	1	
0.143373	-nan	1.02076	1.28513	1	1	1	1	1	1	1.46936	1.02076	1.02076	1	1	
0.146988	-nan	1.02181	1.30698	1	1	1	1	1	1	1.47047	1.02181	1.02181	1	1	
0.150602	-nan	1.02277	1.32867	1	1	1	1	1	1	1.47154	1.02277	1.02277	1	1	
0.154217	-nan	1.02364	1.35022	1	1	1	1	1	1	1.47258	1.02364	1.02364	1	1	
0.157831	-nan	1.02441	1.37161	1	1	1	1	1	1	1.47358	1.02441	1.02441	1	1	
0.161446	-nan	1.0251	1.39284	1	1	1	1	1	1	1.47454	1.0251	1.0251	1	1	
0.16506	-nan	1.02571	1.41391	1	1	1	1	1	1	1.47547	1.02571	1.02571	1	1	
0.168675	-nan	1.02625	1.43482	1	1	1	1	1	1	1.47637	1.02625	1.02625	1	1	
0.172289	-nan	1.02671	1.45556	1	1	1	1	1	1	1.47724	1.02671	1.02671	1	1	
0.175904	-nan	1.02709	1.47614	1	1	1	1	1	1	1.47807	1.02709	1.02709	1	1	
0.179518	-nan	1.02742	1.49654	1	1	1	1	1	1	1.47887	1.02742	1.02742	1	1	
0.183133	-nan	1.02767	1.51676	1	1	1	1	1	1	1.47964	1.02767	1.02767	1	1	
0.186747	-nan	1.02787	1.53681	1	1	1	1	1	1	1.48038	1.02787	1.02787	1	1	
0.190361	-nan	1.02801	1.55667	1	1	1	1	1	1	1.48108	1.02801	1.02801	1	1	
0.193976	-nan	1.02809	1.57634	1	1	1	1	1	1	1.48176	1.02809	1.02809	1	1	
0.19759	-nan	1.02812	1.59583	1	1	1	1	1	1	1.48241	1.02812	1.02812	1	1	
0.201205	-nan	1.0281	1.61512	1	1	1	1	1	1	1.48302	1.0281	1.0281	1	1	
0.204819	-nan	1.02803	1.63422	1	1	1	1	1	1	1.48361	1.02803	1.02803	1	1	
0.208434	-nan	1.02792	1.65311	1	1	1	1	1	1	1.48417	1.02792	1.02792	1	1	
0.212048	-nan	1.02776	1.67181	1	1	1	1	1	1	1.48471	1.02776	1.02776	1	1	
0.215663	-nan	1.02755	1.6903	1	1	1	1	1	1	1.48521	1.02755	1.02755	1	1	
0.219277	-nan	1.02731	1.70858	1	1	1	1	1	1	1.48569	1.02731	1.02731	1	1	
0.222892	-nan	1.02702	1.72665	1	1	1	1	1	1	1.48614	1.02702	1.02702	1	1	
0.226506	-nan	1.0267	1.7445	1	1	1	1	1	1	1.48656	1.0267	1.0267	1	1	
0.23012	-nan	1.02634	1.76214	1	1	1	1	1	1	1.48696	1.02634	1.02634	1	1	
0.233735	-nan	1.02594	1.77955	1	1	1	1	1	1	1.48733	1.02594	1.02594	1	1	
0.237349	-nan	1.02551	1.79675	1	1	1	1	1	1	1.48767	1.02551	1.02551	1	1	
0.240964	-nan	1.02505	1.81372	1	1	1	1	1	1	1.48799	1.02505	1.02505	1	1	
0.244578	-nan	1.02456	1.83046	1	1	1	1	1	1	1.48828	1.02456	1.02456	1	1	
0.248193	-nan	1.02404	1.84697	1	1	1	1	1	1	1.48855	1.02404	1.02404	1	1	
0.251807	-nan	1.02349	1.86324	1	1	1	1	1	1	1.4888	1.02349	1.02349	1	1	
0.255422	-nan	1.02291	1.87929	1	1	1	1	1	1	1.48902	1.02291	1.02291	1	1	
0.259036	-nan	1.0223	1.89509	1	1	1	1	1	1	1.48921	1.0223	1.0223	1	1	
0.262651	-nan	1.02167	1.91066	1	1	1	1	1	1	1.48939	1.02167	1.02167	1	1	
0.266265	-nan	1.02102	1.92598	1	1	1	1	1	1	1.48954	1.02102	1.02102	1	1	
0.26988	-nan	1.02034	1.94107	1	1	1	1	1	1	1.48966	1.02034	1.02034	1	1	
0.273494	-nan	1.01964	1.9559	1	1	1	1	1	1	1.48977	1.01964	1.01964	1	1	
0.277108	-nan	1.01891	1.9705	1	1	1	1	1	1	1.48985	1.01891	1.01891	1	1	
0.280723	-nan	1.01817	1.98484	1	1	1	1	1	1	1.4899	1.01817	1.01817	1	1	
0.284337	-nan	1.0174	1.99894	1	1	1	1	1	1	1.48994	1.0174	1.0174	1	1	
0.287952	-nan	1.01661	2.01278	1	1	1	1	1	1	1.48995	1.01661	1.01661	1	1	
0.291566	-nan	1.01581	2.02638	1	1	1	1	1	1	1.48995	1.01581	1.01581	1	1	
0.295181	-nan	1.01498	2.03972	1	1	1	1	1	1	1.48992	1.01498	1.01498	1	1	
0.298795	-nan	1.01414	2.05281	1	1	1	1	1	1	1.48986	1.01414	1.01414	1	1	
0.30241	-nan	1.01328	2.06565	1	1	1	1	1	1	1.48979	1.01328	1.01328	1	1	
0.306024	-nan	1.0124	2.07823	1	1	1	1	1	1	1.4897	1.0124	1.0124	1	1	
0.309639	-nan	1.01151	2.09055	1	1	1	1	1	1	1.48959	1.01151	1.01151	1	1	
0.313253	-nan	1.0106	2.10262	1	1	1	1	1	1	1.48945	1.0106	1.0106	1	1	
0.316867	-nan	1.00968	2.11444	1	1	1	1	1	1	1.4893	1.00968	1.00968	1	1	
0.320482	-nan	1.00874	2.126	1	1	1	1	1	1	1.48912	1.00874	1.00874	1	1	
0.324096	-nan	1.00779	2.1373	1	1	1	1	1	1	1.48893	1.00779	1.00779	1	1	
0.327711	-nan	1.00683	2.14835	1	1	1	1	1	1	1.48872	1.00683	1.00683	1	1	
0.331325	-nan	1.00585	2.15914	1	1	1	1	1	1	1.48848	1.00585	1.00585	1	1	
0.33494	-nan	1.00486	2.16967	1	1	1	1	1	1	1.48823	1.00486	1.00486	1	1	
0.338554	-nan	1.00386	2.17996	1	1	1	1	1	1	1.48796	1.00386	1.00386	1	1	
0.342169	-nan	1.00284	2.18998	1	1	1	1	1	1	1.48767	1.00284	1.00284	1	1	
0.345783	-nan	1.00181	2.19975	1	1	1	1	1	1	1.48736	1.00181	1.00181	1	1	
0.349398	-nan	1.00078	2.20927	1	1	1	1	1	1	1.48703	1.00078	1.00078	1	1	
0.353012	-nan	0.99973	2.21854	1	1	1	1	1	1	1.48668	0.99973	0.99973	1	1	
0.356627	-nan	0.998671	2.22756	1	1	1	1	1	1	1.48632	0.998671	0.998671	1	1	
0.360241	-nan	0.997603	2.23632	1	1	1	1	1	1	1.48593	0.997603	0.997603	1	1	
0.363855	-nan	0.996526	2.24484	1	1	1	1	1	1	1.48553	0.996526	0.996526	1	1	
0.36747	-nan	0.995439	2.25311	1	1	1	1	1	1	1.48511	0.995439	0.995439	1	1	
0.371084	-nan	0.994343	2.26113	1	1	1	1	1	1	1.48468	0.994343	0.994343	1	1	
0.374699	-nan	0.993238	2.26891	1	1	1	1	1	1	1.48422	0.993238	0.993238	1	1	
0.378313	-nan	0.992125	2.27644	1	1	1	1	1	1	1.48375	0.992125	0.992125	1	1	
0.381928	-nan	0.991004	2.28373	1	1	1	1	1	1	1.48326	0.991004	0.991004	1	1	
0.385542	-nan	0.989875	2.29079	1	1	1	1	1	1	1.48276	0.989875	0.989875	1	1	
0.389157	-nan	0.988738	2.2976	1	1	1	1	1	1	1.48223	0.988738	0.988738	1	1	
0.392771	-nan	0.987594	2.30418	1	1	1	1	1	1	1.48169	0.987594	0.987594	1	1	
0.396386	-nan	0.986443	2.31053	1	1	1	1	1	1	1.48114	0.986443	0.986443	1	1	
0.4	-nan	0.985286	2.31664	1	1	1	1	1	1	1.48056	0.985286	0.985286	1	1	
0.403614	-nan	0.984121	2.32253	1	1	1	1	1	1	1.47997	0.984121	0.984121	1	1	
0.407229	-nan	0.982951	2.32819	1	1	1	1	1	1	1.47937	0.982951	0.982951	1	1	
0.410843	-nan	0.981774	2.33362	1	1	1	1	1	1	1.47875	0.981774	0.981774	1	1	
0.414458	-nan	0.980591	2.33883	1	1	1	1	1	1	1.47811	0.980591	0.980591	1	1	
0.418072	-nan	0.979403	2.34382	1	1	1	1	1	1	1.47746	0.979403	0.979403	1	1	
0.421687	-nan	0.978209	2.3486	1	1	1	1	1	1	1.47679	0.978209	0.978209	1	1	
0.425301	-nan	0.97701	2.35316	1	1	1	1	1	1	1.4761	0.97701	0.97701	1	1	
0.428916	-nan	0.975806	2.35751	1	1	1	1	1	1	1.4754	0.975806	0.975806	1	1	
0.43253	-nan	0.974597	2.36165	1	1	1	1	1	1	1.47469	0.974597	0.974597	1	1	
0.436145	-nan	0.973383	2.36559	1	1	1	1	1	1	1.47396	0.973383	0.973383	1	1	
0.439759	-nan	0.972165	2.36933	1	1	1	1	1	1	1.47321	0.972165	0.972165	1	1	
0.443373	-nan	0.970942	2.37286	1	1	1	1	1	1	1.47245	0.970942	0.970942	1	1	
0.446988	-nan	0.969715	2.3762	1	1	1	1	1	1	1.47168	0.969715	0.969715	1	1	
0.450602	-nan	0.968484	2.37934	1	1	1	1	1	1	1.47089	0.968484	0.968484	1	1	
0.454217	-nan	0.96725	2.3823	1	1	1	1	1	1	1.47008	0.96725	0.96725	1	1	
0.457831	-nan	0.966011	2.38507	1	1	1	1	1	1	1.46926	0.966011	0.966011	1	1	
0.461446	-nan	0.964769	2.38765	1	1	1	1	1	1	1.46843	0.964769	0.964769	1	1	
0.46506	-nan	0.963524	2.39006	1	1	1	1	1	1	1.46758	0.963524	0.963524	1	1	
0.468675	-nan	0.962276	2.39229	1	1	1	1	1	1	1.46672	0.962276	0.962276	1	1	
0.472289	-nan	0.961024	2.39435	1	1	1	1	1	1	1.46584	0.961024	0.961024	1	1	
0.475904	-nan	0.959769	2.39623	1	1	1	1	1	1	1.46495	0.959769	0.959769	1	1	
0.479518	-nan	0.958512	2.39795	1	1	1	1	1	1	1.46405	0.958512	0.958512	1	1	
0.483133	-nan	0.957252	2.39951	1	1	1	1	1	1	1.46313	0.957252	0.957252	1	1	
0.486747	-nan	0.95599	2.40091	1	1	1	1	1	1	1.4622	0.95599	0.95599	1	1	
0.490361	-nan	0.954725	2.40215	1	1	1	1	1	1	1.46126	0.954725	0.954725	1	1	
0.493976	-nan	0.953457	2.40324	1	1	1	1	1	1	1.4603	0.953457	0.953457	1	1	
0.49759	-nan	0.952188	2.40418	1	1	1	1	1	1	1.45933	0.952188	0.952188	1	1	
0.501205	-nan	0.950917	2.40498	1	1	1	1	1	1	1.45835	0.950917	0.950917	1	1	
0.504819	-nan	0.949643	2.40563	1	1	1	1	1	1	1.45735	0.949643	0.949643	1	1	
0.508434	-nan	0.948368	2.40615	1	1	1	1	1	1	1.45634	0.948368	0.948368	1	1	
0.512048	-nan	0.947091	2.40653	1	1	1	1	1	1	1.45532	0.947091	0.947091	1	1	
0.515663	-nan	0.945813	2.40678	1	1	1	1	1	1	1.45428	0.945813	0.945813	1	1	
0.519277	-nan	0.944533	2.40691	1	1	1	1	1	1	1.45324	0.944533	0.944533	1	1	
0.522892	-nan	0.943252	2.40691	1	1	1	1	1	1	1.45218	0.943252	0.943252	1	1	
0.526506	-nan	0.94197	2.40679	1	1	1	1	1	1	1.4511	0.94197	0.94197	1	1	
0.53012	-nan	0.940686	2.40656	1	1	1	1	1	1	1.45002	0.940686	0.940686	1	1	
0.533735	-nan	0.939401	2.40621	1	1	1	1	1	1	1.44892	0.939401	0.939401	1	1	
0.537349	-nan	0.938116	2.40576	1	1	1	1	1	1	1.44782	0.938116	0.938116	1	1	
0.540964	-nan	0.936829	2.4052	1	1	1	1	1	1	1.4467	0.936829	0.936829	1	1	
0.544578	-nan	0.935542	2.40453	1	1	1	1	1	1	1.44557	0.935542	0.935542	1	1	
0.548193	-nan	0.934254	2.40377	1	1	1	1	1	1	1.44442	0.934254	0.934254	1	1	
0.551807	-nan	0.932966	2.40292	1	1	1	1	1	1	1.44327	0.932966	0.932966	1	1	
0.555422	-nan	0.931677	2.40197	1	1	1	1	1	1	1.4421	0.931677	0.931677	1	1	
0.559036	-nan	0.930388	2.40093	1	1	1	1	1	1	1.44093	0.930388	0.930388	1	1	
0.562651	-nan	0.929098	2.39981	1	1	1	1	1	1	1.43974	0.929098	0.929098	1	1	
0.566265	-nan	0.927808	2.39861	1	1	1	1	1	1	1.43854	0.927808	0.927808	1	1	
0.56988	-nan	0.926519	2.39733	1	1	1	1	1	1	1.43733	0.926519	0.926519	1	1	
0.573494	-nan	0.925229	2.39598	1	1	1	1	1	1	1.43611	0.925229	0.925229	1	1	
0.577108	-nan	0.923939	2.39455	1	1	1	1	1	1	1.43488	0.923939	0.923939	1	1	
0.580723	-nan	0.922649	2.39306	1	1	1	1	1	1	1.43364	0.922649	0.922649	1	1	
0.584337	-nan	0.921359	2.3915	1	1	1	1	1	1	1.43238	0.921359	0.921359	1	1	
0.587952	-nan	0.92007	2.38988	1	1	1	1	1	1	1.43112	0.92007	0.92007	1	1	
0.591566	-nan	0.918781	2.3882	1	1	1	1	1	1	1.42985	0.918781	0.918781	1	1	
0.595181	-nan	0.917492	2.38646	1	1	1	1	1	1	1.42857	0.917492	0.917492	1	1	
0.598795	-nan	0.916204	2.38467	1	1	1	1	1	1	1.42728	0.916204	0.916204	1	1	
0.60241	-nan	0.914917	2.38284	1	1	1	1	1	1	1.42597	0.914917	0.914917	1	1	
0.606024	-nan	0.91363	2.38095	1	1	1	1	1	1	1.42466	0.91363	0.91363	1	1	
0.609639	-nan	0.912344	2.37903	1	1	1	1	1	1	1.42334	0.912344	0.912344	1	1	
0.613253	-nan	0.911058	2.37706	1	1	1	1	1	1	1.42201	0.911058	0.911058	1	1	
0.616867	-nan	0.909774	2.37505	1	1	1	1	1	1	1.42067	0.909774	0.909774	1	1	
0.620482	-nan	0.90849	2.37301	1	1	1	1	1	1	1.41932	0.90849	0.90849	1	1	
0.624096	-nan	0.907208	2.37093	1	1	1	1	1	1	1.41796	0.907208	0.907208	1	1	
0.627711	-nan	0.905926	2.36883	1	1	1	1	1	1	1.4166	0.905926	0.905926	1	1	
0.631325	-nan	0.904645	2.36669	1	1	1	1	1	1	1.41522	0.904645	0.904645	1	1	
0.63494	-nan	0.903366	2.36453	1	1	1	1	1	1	1.41383	0.903366	0.903366	1	1	
0.638554	-nan	0.902088	2.36235	1	1	1	1	1	1	1.41244	0.902088	0.902088	1	1	
0.642169	-nan	0.900811	2.36015	1	1	1	1	1	1	1.41104	0.900811	0.900811	1	1	
0.645783	-nan	0.899536	2.35793	1	1	1	1	1	1	1.40963	0.899536	0.899536	1	1	
0.649398	-nan	0.898262	2.3557	1	1	1	1	1	1	1.40821	0.898262	0.898262	1	1	
0.653012	-nan	0.896989	2.35345	1	1	1	1	1	1	1.40679	0.896989	0.896989	1	1	
0.656627	-nan	0.895718	2.35119	1	1	1	1	1	1	1.40535	0.895718	0.895718	1	1	
0.660241	-nan	0.894448	2.34892	1	1	1	1	1	1	1.40391	0.894448	0.894448	1	1	
0.663855	-nan	0.89318	2.34665	1	1	1	1	1	1	1.40246	0.89318	0.89318	1	1	
0.66747	-nan	0.891914	2.34437	1	1	1	1	1	1	1.40101	0.891914	0.891914	1	1	
0.671084	-nan	0.89065	2.34208	1	1	1	1	1	1	1.39954	0.89065	0.89065	1	1	
0.674699	-nan	0.889387	2.3398	1	1	1	1	1	1	1.39807	0.889387	0.889387	1	1	
0.678313	-nan	0.888126	2.33752	1	1	1	1	1	1	1.39659	0.888126	0.888126	1	1	
0.681928	-nan	0.886867	2.33524	1	1	1	1	1	1	1.39511	0.886867	0.886867	1	1	
0.685542	-nan	0.88561	2.33296	1	1	1	1	1	1	1.39361	0.88561	0.88561	1	1	
0.689157	-nan	0.884355	2.33069	1	1	1	1	1	1	1.39211	0.884355	0.884355	1	1	
0.692771	-nan	0.883102	2.32843	1	1	1	1	1	1	1.39061	0.883102	0.883102	1	1	
0.696386	-nan	0.881851	2.32617	1	1	1	1	1	1	1.3891	0.881851	0.881851	1	1	
0.7	-nan	0.880602	2.32393	1	1	1	1	1	1	1.38758	0.880602	0.880602	1	1	
0.703614	-nan	0.879356	2.3217	1	1	1	1	1	1	1.38605	0.879356	0.879356	1	1	
0.707229	-nan	0.878111	2.31948	1	1	1	1	1	1	1.38452	0.878111	0.878111	1	1	
0.710843	-nan	0.876869	2.31728	1	1	1	1	1	1	1.38299	0.876869	0.876869	1	1	
0.714458	-nan	0.875629	2.3151	1	1	1	1	1	1	1.38144	0.875629	0.875629	1	1	
0.718072	-nan	0.874391	2.31293	1	1	1	1	1	1	1.37989	0.874391	0.874391	1	1	
0.721687	-nan	0.873156	2.31078	1	1	1	1	1	1	1.37834	0.873156	0.873156	1	1	
0.725301	-nan	0.871924	2.30865	1	1	1	1	1	1	1.37678	0.871924	0.871924	1	1	
0.728916	-nan	0.870693	2.30654	1	1	1	1	1	1	1.37522	0.870693	0.870693	1	1	
0.73253	-nan	0.869466	2.30446	1	1	1	1	1	1	1.37365	0.869466	0.869466	1	1	
0.736145	-nan	0.86824	2.3024	1	1	1	1	1	1	1.37207	0.86824	0.86824	1	1	
0.739759	-nan	0.867018	2.30036	1	1	1	1	1	1	1.37049	0.867018	0.867018	1	1	
0.743373	-nan	0.865798	2.29835	1	1	1	1	1	1	1.36891	0.865798	0.865798	1	1	
0.746988	-nan	0.86458	2.29636	1	1	1	1	1	1	1.36732	0.86458	0.86458	1	1	
0.750602	-nan	0.863366	2.2944	1	1	1	1	1	1	1.36573	0.863366	0.863366	1	1	
0.754217	-nan	0.862154	2.29247	1	1	1	1	1	1	1.36413	0.862154	0.862154	1	1	
0.757831	-nan	0.860945	2.29057	1	1	1	1	1	1	1.36253	0.860945	0.860945	1	1	
0.761446	-nan	0.859738	2.2887	1	1	1	1	1	1	1.36092	0.859738	0.859738	1	1	
0.76506	-nan	0.858535	2.28685	1	1	1	1	1	1	1.35931	0.858535	0.858535	1	1	
0.768675	-nan	0.857334	2.28504	1	1	1	1	1	1	1.3577	0.857334	0.857334	1	1	
0.772289	-nan	0.856136	2.28326	1	1	1	1	1	1	1.35608	0.856136	0.856136	1	1	
0.775904	-nan	0.854942	2.28151	1	1	1	1	1	1	1.35446	0.854942	0.854942	1	1	
0.779518	-nan	0.85375	2.27979	1	1	1	1	1	1	1.35284	0.85375	0.85375	1	1	
0.783133	-nan	0.852561	2.27811	1	1	1	1	1	1	1.35121	0.852561	0.852561	1	1	
0.786747	-nan	0.851375	2.27646	1	1	1	1	1	1	1.34958	0.851375	0.851375	1	1	
0.790361	-nan	0.850192	2.27484	1	1	1	1	1	1	1.34795	0.850192	0.850192	1	1	
0.793976	-nan	0.849012	2.27326	1	1	1	1	1	1	1.34631	0.849012	0.849012	1	1	
0.79759	-nan	0.847836	2.27171	1	1	1	1	1	1	1.34468	0.847836	0.847836	1	1	
0.801205	-nan	0.846662	2.2702	1	1	1	1	1	1	1.34303	0.846662	0.846662	1	1	
0.804819	-nan	0.845492	2.26872	1	1	1	1	1	1	1.34139	0.845492	0.845492	1	1	
0.808434	-nan	0.844325	2.26728	1	1	1	1	1	1	1.33975	0.844325	0.844325	1	1	
0.812048	-nan	0.843161	2.26587	1	1	1	1	1	1	1.3381	0.843161	0.843161	1	1	
0.815663	-nan	0.842	2.2645	1	1	1	1	1	1	1.33645	0.842	0.842	1	1	
0.819277	-nan	0.840843	2.26316	1	1	1	1	1	1	1.3348	0.840843	0.840843	1	1	
0.822892	-nan	0.839689	2.26186	1	1	1	1	1	1	1.33314	0.839689	0.839689	1	1	
0.826506	-nan	0.838538	2.2606	1	1	1	1	1	1	1.33149	0.838538	0.838538	1	1	
0.83012	-nan	0.83739	2.25938	1	1	1	1	1	1	1.32983	0.83739	0.83739	1	1	
0.833735	-nan	0.836246	2.25819	1	1	1	1	1	1	1.32817	0.836246	0.836246	1	1	
0.837349	-nan	0.835105	2.25703	1	1	1	1	1	1	1.32651	0.835105	0.835105	1	1	
0.840964	-nan	0.833968	2.25592	1	1	1	1	1	1	1.32485	0.833968	0.833968	1	1	
0.844578	-nan	0.832834	2.25484	1	1	1	1	1	1	1.32319	0.832834	0.832834	1	1	
0.848193	-nan	0.831704	2.2538	1	1	1	1	1	1	1.32153	0.831704	0.831704	1	1	
0.851807	-nan	0.830576	2.25279	1	1	1	1	1	1	1.31987	0.830576	0.830576	1	1	
0.855422	-nan	0.829453	2.25182	1	1	1	1	1	1	1.3182	0.829453	0.829453	1	1	
0.859036	-nan	0.828333	2.25089	1	1	1	1	1	1	1.31654	0.828333	0.828333	1	1	
0.862651	-nan	0.827216	2.24999	1	1	1	1	1	1	1.31487	0.827216	0.827216	1	1	
0.866265	-nan	0.826103	2.24913	1	1	1	1	1	1	1.31321	0.826103	0.826103	1	1	
0.86988	-nan	0.824994	2.24831	1	1	1	1	1	1	1.31155	0.824994	0.824994	1	1	
0.873494	-nan	0.823888	2.24752	1	1	1	1	1	1	1.30988	0.823888	0.823888	1	1	
0.877108	-nan	0.822786	2.24677	1	1	1	1	1	1	1.30822	0.822786	0.822786	1	1	
0.880723	-nan	0.821687	2.24606	1	1	1	1	1	1	1.30655	0.821687	0.821687	1	1	
0.884337	-nan	0.820592	2.24538	1	1	1	1	1	1	1.30489	0.820592	0.820592	1	1	
0.887952	-nan	0.819501	2.24474	1	1	1	1	1	1	1.30323	0.819501	0.819501	1	1	
0.891566	-nan	0.818413	2.24413	1	1	1	1	1	1	1.30156	0.818413	0.818413	1	1	
0.895181	-nan	0.817329	2.24355	1	1	1	1	1	1	1.2999	0.817329	0.817329	1	1	
0.898795	-nan	0.816248	2.24302	1	1	1	1	1	1	1.29824	0.816248	0.816248	1	1	
0.90241	-nan	0.815172	2.24251	1	1	1	1	1	1	1.29658	0.815172	0.815172	1	1	
0.906024	-nan	0.814099	2.24204	1	1	1	1	1	1	1.29492	0.814099	0.814099	1	1	
0.909639	-nan	0.813029	2.24161	1	1	1	1	1	1	1.29327	0.813029	0.813029	1	1	
0.913253	-nan	0.811964	2.24121	1	1	1	1	1	1	1.29161	0.811964	0.811964	1	1	
0.916867	-nan	0.810902	2.24084	1	1	1	1	1	1	1.28996	0.810902	0.810902	1	1	
0.920482	-nan	0.809844	2.24051	1	1	1	1	1	1	1.28831	0.809844	0.809844	1	1	
0.924096	-nan	0.808789	2.24021	1	1	1	1	1	1	1.28665	0.808789	0.808789	1	1	
0.927711	-nan	0.807739	2.23994	1	1	1	1	1	1	1.28501	0.807739	0.807739	1	1	
0.931325	-nan	0.806692	2.2397	1	1	1	1	1	1	1.28336	0.806692	0.806692	1	1	
0.93494	-nan	0.805649	2.2395	1	1	1	1	1	1	1.28171	0.805649	0.805649	1	1	
0.938554	-nan	0.80461	2.23933	1	1	1	1	1	1	1.28007	0.80461	0.80461	1	1	
0.942169	-nan	0.803575	2.23918	1	1	1	1	1	1	1.27843	0.803575	0.803575	1	1	
0.945783	-nan	0.802543	2.23908	1	1	1	1	1	1	1.27679	0.802543	0.802543	1	1	
0.949398	-nan	0.801515	2.239	1	1	1	1	1	1	1.27516	0.801515	0.801515	1	1	
0.953012	-nan	0.800492	2.23895	1	1	1	1	1	1	1.27352	0.800492	0.800492	1	1	
0.956627	-nan	0.799472	2.23893	1	1	1	1	1	1	1.27189	0.799472	0.799472	1	1	
0.960241	-nan	0.798455	2.23894	1	1	1	1	1	1	1.27026	0.798455	0.798455	1	1	
0.963855	-nan	0.797443	2.23898	1	1	1	1	1	1	1.26864	0.797443	0.797443	1	1	
0.96747	-nan	0.796435	2.23906	1	1	1	1	1	1	1.26702	0.796435	0.796435	1	1	
0.971084	-nan	0.79543	2.23915	1	1	1	1	1	1	1.2654	0.79543	0.79543	1	1	
0.974699	-nan	0.794429	2.23928	1	1	1	1	1	1	1.26378	0.794429	0.794429	1	1	
0.978313	-nan	0.793433	2.23944	1	1	1	1	1	1	1.26217	0.793433	0.793433	1	1	
0.981928	-nan	0.79244	2.23962	1	1	1	1	1	1	1.26056	0.79244	0.79244	1	1	
0.985542	-nan	0.791451	2.23983	1	1	1	1	1	1	1.25896	0.791451	0.791451	1	1	
0.989157	-nan	0.790465	2.24007	1	1	1	1	1	1	1.25735	0.790465	0.790465	1	1	
0.992771	-nan	0.789484	2.24033	1	1	1	1	1	1	1.25576	0.789484	0.789484	1	1	
0.996386	-nan	0.788507	2.24062	1	1	1	1	1	1	1.25416	0.788507	0.788507	1	1	
1	-nan	-nan	-nan	-nan	-nan	-nan	-nan	-nan	-nan	-nan	-nan	-nan	-nan	-nan	
