1e-05	-nan	0.565982	0.51644	1	1	1	1	1	1	2.41033	0.565982	0.565982	1	1	
1.03753e-05	-nan	0.566137	0.516311	1	1	1	1	1	1	2.41058	0.566137	0.566137	1	1	
1.07647e-05	-nan	0.566293	0.51618	1	1	1	1	1	1	2.41084	0.566293	0.566293	1	1	
1.11686e-05	-nan	0.566451	0.51605	1	1	1	1	1	1	2.4111	0.566451	0.566451	1	1	
1.15878e-05	-nan	0.566612	0.515918	1	1	1	1	1	1	2.41136	0.566612	0.566612	1	1	
1.20226e-05	-nan	0.566775	0.515786	1	1	1	1	1	1	2.41162	0.566775	0.566775	1	1	
1.24738e-05	-nan	0.56694	0.515654	1	1	1	1	1	1	2.41189	0.56694	0.56694	1	1	
1.2942e-05	-nan	0.567108	0.515521	1	1	1	1	1	1	2.41215	0.567108	0.567108	1	1	
1.34276e-05	-nan	0.567278	0.515387	1	1	1	1	1	1	2.41242	0.567278	0.567278	1	1	
1.39316e-05	-nan	0.56745	0.515253	1	1	1	1	1	1	2.4127	0.56745	0.56745	1	1	
1.44544e-05	-nan	0.567625	0.515118	1	1	1	1	1	1	2.41297	0.567625	0.567625	1	1	
1.49968e-05	-nan	0.567803	0.514983	1	1	1	1	1	1	2.41324	0.567803	0.567803	1	1	
1.55597e-05	-nan	0.567983	0.514847	1	1	1	1	1	1	2.41352	0.567983	0.567983	1	1	
1.61436e-05	-nan	0.568165	0.514711	1	1	1	1	1	1	2.4138	0.568165	0.568165	1	1	
1.67494e-05	-nan	0.56835	0.514574	1	1	1	1	1	1	2.41408	0.56835	0.56835	1	1	
1.7378e-05	-nan	0.568538	0.514436	1	1	1	1	1	1	2.41437	0.568538	0.568538	1	1	
1.80302e-05	-nan	0.568729	0.514299	1	1	1	1	1	1	2.41465	0.568729	0.568729	1	1	
1.87068e-05	-nan	0.568922	0.51416	1	1	1	1	1	1	2.41494	0.568922	0.568922	1	1	
1.94089e-05	-nan	0.569118	0.514022	1	1	1	1	1	1	2.41523	0.569118	0.569118	1	1	
2.01372e-05	-nan	0.569317	0.513882	1	1	1	1	1	1	2.41552	0.569317	0.569317	1	1	
2.0893e-05	-nan	0.569519	0.513743	1	1	1	1	1	1	2.41582	0.569519	0.569519	1	1	
2.1677e-05	-nan	0.569724	0.513603	1	1	1	1	1	1	2.41611	0.569724	0.569724	1	1	
2.24905e-05	-nan	0.569931	0.513462	1	1	1	1	1	1	2.41641	0.569931	0.569931	1	1	
2.33346e-05	-nan	0.570142	0.513322	1	1	1	1	1	1	2.41671	0.570142	0.570142	1	1	
2.42103e-05	-nan	0.570356	0.51318	1	1	1	1	1	1	2.41702	0.570356	0.570356	1	1	
2.51189e-05	-nan	0.570573	0.513039	1	1	1	1	1	1	2.41733	0.570573	0.570573	1	1	
2.60615e-05	-nan	0.570793	0.512897	1	1	1	1	1	1	2.41763	0.570793	0.570793	1	1	
2.70396e-05	-nan	0.571017	0.512755	1	1	1	1	1	1	2.41794	0.571017	0.571017	1	1	
2.80543e-05	-nan	0.571244	0.512613	1	1	1	1	1	1	2.41826	0.571244	0.571244	1	1	
2.91072e-05	-nan	0.571474	0.51247	1	1	1	1	1	1	2.41857	0.571474	0.571474	1	1	
3.01995e-05	-nan	0.571708	0.512327	1	1	1	1	1	1	2.41889	0.571708	0.571708	1	1	
3.13329e-05	-nan	0.571945	0.512184	1	1	1	1	1	1	2.41921	0.571945	0.571945	1	1	
3.25087e-05	-nan	0.572185	0.51204	1	1	1	1	1	1	2.41954	0.572185	0.572185	1	1	
3.37287e-05	-nan	0.572429	0.511897	1	1	1	1	1	1	2.41986	0.572429	0.572429	1	1	
3.49945e-05	-nan	0.572677	0.511753	1	1	1	1	1	1	2.42019	0.572677	0.572677	1	1	
3.63078e-05	-nan	0.572929	0.511609	1	1	1	1	1	1	2.42052	0.572929	0.572929	1	1	
3.76704e-05	-nan	0.573184	0.511465	1	1	1	1	1	1	2.42085	0.573184	0.573184	1	1	
3.90841e-05	-nan	0.573444	0.511321	1	1	1	1	1	1	2.42119	0.573444	0.573444	1	1	
4.05509e-05	-nan	0.573707	0.511177	1	1	1	1	1	1	2.42153	0.573707	0.573707	1	1	
4.20727e-05	-nan	0.573974	0.511033	1	1	1	1	1	1	2.42187	0.573974	0.573974	1	1	
4.36516e-05	-nan	0.574245	0.510889	1	1	1	1	1	1	2.42221	0.574245	0.574245	1	1	
4.52898e-05	-nan	0.57452	0.510745	1	1	1	1	1	1	2.42256	0.57452	0.57452	1	1	
4.69894e-05	-nan	0.5748	0.510601	1	1	1	1	1	1	2.42291	0.5748	0.5748	1	1	
4.87528e-05	-nan	0.575084	0.510457	1	1	1	1	1	1	2.42326	0.575084	0.575084	1	1	
5.05825e-05	-nan	0.575372	0.510313	1	1	1	1	1	1	2.42362	0.575372	0.575372	1	1	
5.24807e-05	-nan	0.575664	0.510169	1	1	1	1	1	1	2.42397	0.575664	0.575664	1	1	
5.44503e-05	-nan	0.575961	0.510025	1	1	1	1	1	1	2.42433	0.575961	0.575961	1	1	
5.64937e-05	-nan	0.576263	0.509882	1	1	1	1	1	1	2.4247	0.576263	0.576263	1	1	
5.86138e-05	-nan	0.576569	0.509739	1	1	1	1	1	1	2.42506	0.576569	0.576569	1	1	
6.08135e-05	-nan	0.57688	0.509596	1	1	1	1	1	1	2.42543	0.57688	0.57688	1	1	
6.30957e-05	-nan	0.577196	0.509453	1	1	1	1	1	1	2.4258	0.577196	0.577196	1	1	
6.54636e-05	-nan	0.577517	0.509311	1	1	1	1	1	1	2.42618	0.577517	0.577517	1	1	
6.79204e-05	-nan	0.577843	0.509169	1	1	1	1	1	1	2.42656	0.577843	0.577843	1	1	
7.04693e-05	-nan	0.578173	0.509028	1	1	1	1	1	1	2.42694	0.578173	0.578173	1	1	
7.31139e-05	-nan	0.578509	0.508887	1	1	1	1	1	1	2.42732	0.578509	0.578509	1	1	
7.58578e-05	-nan	0.578851	0.508746	1	1	1	1	1	1	2.42771	0.578851	0.578851	1	1	
7.87046e-05	-nan	0.579197	0.508606	1	1	1	1	1	1	2.4281	0.579197	0.579197	1	1	
8.16582e-05	-nan	0.579549	0.508467	1	1	1	1	1	1	2.42849	0.579549	0.579549	1	1	
8.47227e-05	-nan	0.579907	0.508328	1	1	1	1	1	1	2.42889	0.579907	0.579907	1	1	
8.79023e-05	-nan	0.58027	0.50819	1	1	1	1	1	1	2.42929	0.58027	0.58027	1	1	
9.12011e-05	-nan	0.58064	0.508053	1	1	1	1	1	1	2.42969	0.58064	0.58064	1	1	
9.46237e-05	-nan	0.581014	0.507916	1	1	1	1	1	1	2.43009	0.581014	0.581014	1	1	
9.81748e-05	-nan	0.581395	0.507781	1	1	1	1	1	1	2.4305	0.581395	0.581395	1	1	
0.000101859	-nan	0.581782	0.507646	1	1	1	1	1	1	2.43091	0.581782	0.581782	1	1	
0.000105682	-nan	0.582176	0.507512	1	1	1	1	1	1	2.43133	0.582176	0.582176	1	1	
0.000109648	-nan	0.582575	0.507379	1	1	1	1	1	1	2.43175	0.582575	0.582575	1	1	
0.000113763	-nan	0.582981	0.507247	1	1	1	1	1	1	2.43217	0.582981	0.582981	1	1	
0.000118032	-nan	0.583394	0.507116	1	1	1	1	1	1	2.43259	0.583394	0.583394	1	1	
0.000122462	-nan	0.583813	0.506987	1	1	1	1	1	1	2.43302	0.583813	0.583813	1	1	
0.000127057	-nan	0.584239	0.506858	1	1	1	1	1	1	2.43346	0.584239	0.584239	1	1	
0.000131826	-nan	0.584672	0.506731	1	1	1	1	1	1	2.43389	0.584672	0.584672	1	1	
0.000136773	-nan	0.585111	0.506605	1	1	1	1	1	1	2.43433	0.585111	0.585111	1	1	
0.000141906	-nan	0.585558	0.506481	1	1	1	1	1	1	2.43477	0.585558	0.585558	1	1	
0.000147231	-nan	0.586013	0.506358	1	1	1	1	1	1	2.43522	0.586013	0.586013	1	1	
0.000152757	-nan	0.586475	0.506236	1	1	1	1	1	1	2.43567	0.586475	0.586475	1	1	
0.000158489	-nan	0.586944	0.506116	1	1	1	1	1	1	2.43612	0.586944	0.586944	1	1	
0.000164437	-nan	0.587421	0.505998	1	1	1	1	1	1	2.43658	0.587421	0.587421	1	1	
0.000170608	-nan	0.587906	0.505882	1	1	1	1	1	1	2.43704	0.587906	0.587906	1	1	
0.000177011	-nan	0.588399	0.505767	1	1	1	1	1	1	2.4375	0.588399	0.588399	1	1	
0.000183654	-nan	0.5889	0.505655	1	1	1	1	1	1	2.43797	0.5889	0.5889	1	1	
0.000190546	-nan	0.58941	0.505544	1	1	1	1	1	1	2.43844	0.58941	0.58941	1	1	
0.000197697	-nan	0.589928	0.505435	1	1	1	1	1	1	2.43892	0.589928	0.589928	1	1	
0.000205116	-nan	0.590454	0.505329	1	1	1	1	1	1	2.4394	0.590454	0.590454	1	1	
0.000212814	-nan	0.59099	0.505224	1	1	1	1	1	1	2.43988	0.59099	0.59099	1	1	
0.0002208	-nan	0.591534	0.505122	1	1	1	1	1	1	2.44037	0.591534	0.591534	1	1	
0.000229087	-nan	0.592088	0.505023	1	1	1	1	1	1	2.44086	0.592088	0.592088	1	1	
0.000237684	-nan	0.592651	0.504926	1	1	1	1	1	1	2.44136	0.592651	0.592651	1	1	
0.000246604	-nan	0.593223	0.504831	1	1	1	1	1	1	2.44186	0.593223	0.593223	1	1	
0.000255859	-nan	0.593805	0.504739	1	1	1	1	1	1	2.44236	0.593805	0.593805	1	1	
0.000265461	-nan	0.594397	0.50465	1	1	1	1	1	1	2.44287	0.594397	0.594397	1	1	
0.000275423	-nan	0.594999	0.504564	1	1	1	1	1	1	2.44338	0.594999	0.594999	1	1	
0.000285759	-nan	0.595611	0.504481	1	1	1	1	1	1	2.4439	0.595611	0.595611	1	1	
0.000296483	-nan	0.596234	0.504401	1	1	1	1	1	1	2.44442	0.596234	0.596234	1	1	
0.00030761	-nan	0.596867	0.504325	1	1	1	1	1	1	2.44494	0.596867	0.596867	1	1	
0.000319154	-nan	0.597511	0.504251	1	1	1	1	1	1	2.44547	0.597511	0.597511	1	1	
0.000331131	-nan	0.598166	0.504181	1	1	1	1	1	1	2.446	0.598166	0.598166	1	1	
0.000343558	-nan	0.598833	0.504115	1	1	1	1	1	1	2.44654	0.598833	0.598833	1	1	
0.000356451	-nan	0.59951	0.504052	1	1	1	1	1	1	2.44708	0.59951	0.59951	1	1	
0.000369828	-nan	0.6002	0.503993	1	1	1	1	1	1	2.44763	0.6002	0.6002	1	1	
0.000383707	-nan	0.600902	0.503938	1	1	1	1	1	1	2.44818	0.600902	0.600902	1	1	
0.000398107	-nan	0.601615	0.503888	1	1	1	1	1	1	2.44874	0.601615	0.601615	1	1	
0.000413048	-nan	0.602342	0.503841	1	1	1	1	1	1	2.4493	0.602342	0.602342	1	1	
0.000428549	-nan	0.603081	0.503799	1	1	1	1	1	1	2.44986	0.603081	0.603081	1	1	
0.000444631	-nan	0.603832	0.503761	1	1	1	1	1	1	2.45043	0.603832	0.603832	1	1	
0.000461318	-nan	0.604597	0.503728	1	1	1	1	1	1	2.451	0.604597	0.604597	1	1	
0.00047863	-nan	0.605375	0.5037	1	1	1	1	1	1	2.45158	0.605375	0.605375	1	1	
0.000496592	-nan	0.606167	0.503677	1	1	1	1	1	1	2.45217	0.606167	0.606167	1	1	
0.000515229	-nan	0.606973	0.503659	1	1	1	1	1	1	2.45276	0.606973	0.606973	1	1	
0.000534564	-nan	0.607793	0.503646	1	1	1	1	1	1	2.45335	0.607793	0.607793	1	1	
0.000554626	-nan	0.608628	0.503638	1	1	1	1	1	1	2.45395	0.608628	0.608628	1	1	
0.00057544	-nan	0.609478	0.503637	1	1	1	1	1	1	2.45455	0.609478	0.609478	1	1	
0.000597035	-nan	0.610342	0.503641	1	1	1	1	1	1	2.45516	0.610342	0.610342	1	1	
0.000619441	-nan	0.611222	0.503651	1	1	1	1	1	1	2.45577	0.611222	0.611222	1	1	
0.000642688	-nan	0.612117	0.503668	1	1	1	1	1	1	2.45639	0.612117	0.612117	1	1	
0.000666807	-nan	0.613029	0.50369	1	1	1	1	1	1	2.45701	0.613029	0.613029	1	1	
0.000691831	-nan	0.613957	0.50372	1	1	1	1	1	1	2.45764	0.613957	0.613957	1	1	
0.000717794	-nan	0.614901	0.503756	1	1	1	1	1	1	2.45828	0.614901	0.614901	1	1	
0.000744732	-nan	0.615862	0.5038	1	1	1	1	1	1	2.45891	0.615862	0.615862	1	1	
0.000772681	-nan	0.616841	0.50385	1	1	1	1	1	1	2.45956	0.616841	0.616841	1	1	
0.000801678	-nan	0.617837	0.503908	1	1	1	1	1	1	2.46021	0.617837	0.617837	1	1	
0.000831764	-nan	0.618852	0.503974	1	1	1	1	1	1	2.46086	0.618852	0.618852	1	1	
0.000862979	-nan	0.619884	0.504048	1	1	1	1	1	1	2.46153	0.619884	0.619884	1	1	
0.000895365	-nan	0.620935	0.50413	1	1	1	1	1	1	2.46219	0.620935	0.620935	1	1	
0.000928966	-nan	0.622005	0.50422	1	1	1	1	1	1	2.46286	0.622005	0.622005	1	1	
0.000963829	-nan	0.623095	0.504319	1	1	1	1	1	1	2.46354	0.623095	0.623095	1	1	
0.001	-nan	0.624205	0.504427	1	1	1	1	1	1	2.46422	0.624205	0.624205	1	1	
0.00103753	-nan	0.625334	0.504545	1	1	1	1	1	1	2.46491	0.625334	0.625334	1	1	
0.00107647	-nan	0.626484	0.504672	1	1	1	1	1	1	2.46561	0.626484	0.626484	1	1	
0.00111686	-nan	0.627656	0.504809	1	1	1	1	1	1	2.46631	0.627656	0.627656	1	1	
0.00115878	-nan	0.628848	0.504956	1	1	1	1	1	1	2.46702	0.628848	0.628848	1	1	
0.00120226	-nan	0.630063	0.505114	1	1	1	1	1	1	2.46773	0.630063	0.630063	1	1	
0.00124738	-nan	0.631299	0.505282	1	1	1	1	1	1	2.46845	0.631299	0.631299	1	1	
0.0012942	-nan	0.632559	0.505462	1	1	1	1	1	1	2.46917	0.632559	0.632559	1	1	
0.00134276	-nan	0.633841	0.505653	1	1	1	1	1	1	2.4699	0.633841	0.633841	1	1	
0.00139316	-nan	0.635148	0.505856	1	1	1	1	1	1	2.47064	0.635148	0.635148	1	1	
0.00144544	-nan	0.636478	0.506071	1	1	1	1	1	1	2.47138	0.636478	0.636478	1	1	
0.00149968	-nan	0.637832	0.506299	1	1	1	1	1	1	2.47213	0.637832	0.637832	1	1	
0.00155597	-nan	0.639212	0.50654	1	1	1	1	1	1	2.47289	0.639212	0.639212	1	1	
0.00161436	-nan	0.640617	0.506794	1	1	1	1	1	1	2.47365	0.640617	0.640617	1	1	
0.00167494	-nan	0.642048	0.507062	1	1	1	1	1	1	2.47442	0.642048	0.642048	1	1	
0.0017378	-nan	0.643506	0.507345	1	1	1	1	1	1	2.47519	0.643506	0.643506	1	1	
0.00180302	-nan	0.64499	0.507642	1	1	1	1	1	1	2.47597	0.64499	0.64499	1	1	
0.00187068	-nan	0.646502	0.507955	1	1	1	1	1	1	2.47676	0.646502	0.646502	1	1	
0.00194089	-nan	0.648042	0.508283	1	1	1	1	1	1	2.47756	0.648042	0.648042	1	1	
0.00201372	-nan	0.649611	0.508627	1	1	1	1	1	1	2.47836	0.649611	0.649611	1	1	
0.0020893	-nan	0.651208	0.508988	1	1	1	1	1	1	2.47916	0.651208	0.651208	1	1	
0.0021677	-nan	0.652836	0.509367	1	1	1	1	1	1	2.47998	0.652836	0.652836	1	1	
0.00224905	-nan	0.654493	0.509763	1	1	1	1	1	1	2.4808	0.654493	0.654493	1	1	
0.00233346	-nan	0.656181	0.510177	1	1	1	1	1	1	2.48163	0.656181	0.656181	1	1	
0.00242103	-nan	0.657901	0.510611	1	1	1	1	1	1	2.48247	0.657901	0.657901	1	1	
0.00251189	-nan	0.659652	0.511064	1	1	1	1	1	1	2.48331	0.659652	0.659652	1	1	
0.00260615	-nan	0.661436	0.511537	1	1	1	1	1	1	2.48416	0.661436	0.661436	1	1	
0.00270396	-nan	0.663254	0.512032	1	1	1	1	1	1	2.48502	0.663254	0.663254	1	1	
0.00280543	-nan	0.665104	0.512548	1	1	1	1	1	1	2.48588	0.665104	0.665104	1	1	
0.00291072	-nan	0.66699	0.513086	1	1	1	1	1	1	2.48676	0.66699	0.66699	1	1	
0.00301995	-nan	0.66891	0.513647	1	1	1	1	1	1	2.48764	0.66891	0.66891	1	1	
0.00313329	-nan	0.670866	0.514232	1	1	1	1	1	1	2.48852	0.670866	0.670866	1	1	
0.00325087	-nan	0.672858	0.514842	1	1	1	1	1	1	2.48942	0.672858	0.672858	1	1	
0.00337287	-nan	0.674886	0.515477	1	1	1	1	1	1	2.49032	0.674886	0.674886	1	1	
0.00349945	-nan	0.676953	0.516138	1	1	1	1	1	1	2.49123	0.676953	0.676953	1	1	
0.00363078	-nan	0.679057	0.516827	1	1	1	1	1	1	2.49215	0.679057	0.679057	1	1	
0.00376704	-nan	0.681201	0.517544	1	1	1	1	1	1	2.49308	0.681201	0.681201	1	1	
0.00390841	-nan	0.683383	0.51829	1	1	1	1	1	1	2.49401	0.683383	0.683383	1	1	
0.00405509	-nan	0.685607	0.519066	1	1	1	1	1	1	2.49495	0.685607	0.685607	1	1	
0.00420727	-nan	0.68787	0.519873	1	1	1	1	1	1	2.49591	0.68787	0.68787	1	1	
0.00436516	-nan	0.690176	0.520712	1	1	1	1	1	1	2.49686	0.690176	0.690176	1	1	
0.00452898	-nan	0.692523	0.521585	1	1	1	1	1	1	2.49783	0.692523	0.692523	1	1	
0.00469894	-nan	0.694914	0.522492	1	1	1	1	1	1	2.49881	0.694914	0.694914	1	1	
0.00487528	-nan	0.697348	0.523435	1	1	1	1	1	1	2.49979	0.697348	0.697348	1	1	
0.00505825	-nan	0.699827	0.524416	1	1	1	1	1	1	2.50078	0.699827	0.699827	1	1	
0.00524807	-nan	0.70235	0.525434	1	1	1	1	1	1	2.50179	0.70235	0.70235	1	1	
0.00544503	-nan	0.704919	0.526493	1	1	1	1	1	1	2.5028	0.704919	0.704919	1	1	
0.00564937	-nan	0.707535	0.527593	1	1	1	1	1	1	2.50382	0.707535	0.707535	1	1	
0.00586138	-nan	0.710197	0.528735	1	1	1	1	1	1	2.50484	0.710197	0.710197	1	1	
0.00608135	-nan	0.712908	0.529922	1	1	1	1	1	1	2.50588	0.712908	0.712908	1	1	
0.00630957	-nan	0.715666	0.531155	1	1	1	1	1	1	2.50693	0.715666	0.715666	1	1	
0.00654636	-nan	0.718474	0.532436	1	1	1	1	1	1	2.50799	0.718474	0.718474	1	1	
0.00679204	-nan	0.721332	0.533766	1	1	1	1	1	1	2.50905	0.721332	0.721332	1	1	
0.00704693	-nan	0.72424	0.535147	1	1	1	1	1	1	2.51013	0.72424	0.72424	1	1	
0.00731139	-nan	0.727199	0.536582	1	1	1	1	1	1	2.51121	0.727199	0.727199	1	1	
0.00758578	-nan	0.73021	0.538073	1	1	1	1	1	1	2.51231	0.73021	0.73021	1	1	
0.00787046	-nan	0.733274	0.539621	1	1	1	1	1	1	2.51341	0.733274	0.733274	1	1	
0.00816582	-nan	0.73639	0.541229	1	1	1	1	1	1	2.51453	0.73639	0.73639	1	1	
0.00847227	-nan	0.73956	0.542899	1	1	1	1	1	1	2.51565	0.73956	0.73956	1	1	
0.00879023	-nan	0.742784	0.544634	1	1	1	1	1	1	2.51679	0.742784	0.742784	1	1	
0.00912011	-nan	0.746064	0.546436	1	1	1	1	1	1	2.51794	0.746064	0.746064	1	1	
0.00946237	-nan	0.749398	0.548308	1	1	1	1	1	1	2.51909	0.749398	0.749398	1	1	
0.00981748	-nan	0.752789	0.550253	1	1	1	1	1	1	2.52026	0.752789	0.752789	1	1	
0.0101859	-nan	0.756236	0.552274	1	1	1	1	1	1	2.52144	0.756236	0.756236	1	1	
0.0105682	-nan	0.75974	0.554374	1	1	1	1	1	1	2.52263	0.75974	0.75974	1	1	
0.0109648	-nan	0.763301	0.556555	1	1	1	1	1	1	2.52383	0.763301	0.763301	1	1	
0.0113763	-nan	0.76692	0.558823	1	1	1	1	1	1	2.52505	0.76692	0.76692	1	1	
0.0118032	-nan	0.770597	0.561179	1	1	1	1	1	1	2.52627	0.770597	0.770597	1	1	
0.0122462	-nan	0.774333	0.563629	1	1	1	1	1	1	2.52751	0.774333	0.774333	1	1	
0.0127057	-nan	0.778127	0.566175	1	1	1	1	1	1	2.52876	0.778127	0.778127	1	1	
0.0131826	-nan	0.781981	0.568823	1	1	1	1	1	1	2.53003	0.781981	0.781981	1	1	
0.0136773	-nan	0.785894	0.571576	1	1	1	1	1	1	2.5313	0.785894	0.785894	1	1	
0.0141906	-nan	0.789867	0.574439	1	1	1	1	1	1	2.53259	0.789867	0.789867	1	1	
0.0147231	-nan	0.793899	0.577416	1	1	1	1	1	1	2.5339	0.793899	0.793899	1	1	
0.0152757	-nan	0.79799	0.580514	1	1	1	1	1	1	2.53521	0.79799	0.79799	1	1	
0.0158489	-nan	0.802142	0.583737	1	1	1	1	1	1	2.53654	0.802142	0.802142	1	1	
0.0164437	-nan	0.806353	0.58709	1	1	1	1	1	1	2.53789	0.806353	0.806353	1	1	
0.0170608	-nan	0.810623	0.59058	1	1	1	1	1	1	2.53925	0.810623	0.810623	1	1	
0.0177011	-nan	0.814953	0.594213	1	1	1	1	1	1	2.54062	0.814953	0.814953	1	1	
0.0183654	-nan	0.819341	0.597994	1	1	1	1	1	1	2.54201	0.819341	0.819341	1	1	
0.0190546	-nan	0.823788	0.601932	1	1	1	1	1	1	2.54342	0.823788	0.823788	1	1	
0.0197697	-nan	0.828292	0.606032	1	1	1	1	1	1	2.54484	0.828292	0.828292	1	1	
0.0205116	-nan	0.832854	0.610303	1	1	1	1	1	1	2.54628	0.832854	0.832854	1	1	
0.0212814	-nan	0.837472	0.614752	1	1	1	1	1	1	2.54774	0.837472	0.837472	1	1	
0.02208	-nan	0.842147	0.619388	1	1	1	1	1	1	2.54921	0.842147	0.842147	1	1	
0.0229087	-nan	0.846876	0.624218	1	1	1	1	1	1	2.5507	0.846876	0.846876	1	1	
0.0237684	-nan	0.851658	0.629252	1	1	1	1	1	1	2.55221	0.851658	0.851658	1	1	
0.0246604	-nan	0.856493	0.6345	1	1	1	1	1	1	2.55374	0.856493	0.856493	1	1	
0.0255859	-nan	0.861379	0.639971	1	1	1	1	1	1	2.55529	0.861379	0.861379	1	1	
0.0265461	-nan	0.866315	0.645675	1	1	1	1	1	1	2.55686	0.866315	0.866315	1	1	
0.0275423	-nan	0.871298	0.651623	1	1	1	1	1	1	2.55845	0.871298	0.871298	1	1	
0.0285759	-nan	0.876327	0.657826	1	1	1	1	1	1	2.56007	0.876327	0.876327	1	1	
0.0296483	-nan	0.8814	0.664297	1	1	1	1	1	1	2.5617	0.8814	0.8814	1	1	
0.030761	-nan	0.886514	0.671046	1	1	1	1	1	1	2.56337	0.886514	0.886514	1	1	
0.0319154	-nan	0.891668	0.678087	1	1	1	1	1	1	2.56505	0.891668	0.891668	1	1	
0.0331131	-nan	0.896857	0.685433	1	1	1	1	1	1	2.56676	0.896857	0.896857	1	1	
0.0343558	-nan	0.90208	0.693096	1	1	1	1	1	1	2.5685	0.90208	0.90208	1	1	
0.0356451	-nan	0.907333	0.701091	1	1	1	1	1	1	2.57026	0.907333	0.907333	1	1	
0.0369828	-nan	0.912612	0.709432	1	1	1	1	1	1	2.57206	0.912612	0.912612	1	1	
0.0383707	-nan	0.917915	0.718133	1	1	1	1	1	1	2.57388	0.917915	0.917915	1	1	
0.0398107	-nan	0.923235	0.72721	1	1	1	1	1	1	2.57573	0.923235	0.923235	1	1	
0.0413048	-nan	0.928571	0.736677	1	1	1	1	1	1	2.57762	0.928571	0.928571	1	1	
0.0428549	-nan	0.933915	0.74655	1	1	1	1	1	1	2.57954	0.933915	0.933915	1	1	
0.0444631	-nan	0.939264	0.756843	1	1	1	1	1	1	2.5815	0.939264	0.939264	1	1	
0.0461318	-nan	0.944613	0.767572	1	1	1	1	1	1	2.5835	0.944613	0.944613	1	1	
0.047863	-nan	0.949954	0.778753	1	1	1	1	1	1	2.58553	0.949954	0.949954	1	1	
0.0496592	-nan	0.955283	0.790399	1	1	1	1	1	1	2.58761	0.955283	0.955283	1	1	
0.0515229	-nan	0.960593	0.802525	1	1	1	1	1	1	2.58973	0.960593	0.960593	1	1	
0.0534564	-nan	0.965876	0.815145	1	1	1	1	1	1	2.5919	0.965876	0.965876	1	1	
0.0554626	-nan	0.971125	0.828271	1	1	1	1	1	1	2.59411	0.971125	0.971125	1	1	
0.057544	-nan	0.976333	0.841915	1	1	1	1	1	1	2.59638	0.976333	0.976333	1	1	
0.0597035	-nan	0.981491	0.856086	1	1	1	1	1	1	2.59871	0.981491	0.981491	1	1	
0.0619441	-nan	0.986592	0.870794	1	1	1	1	1	1	2.60109	0.986592	0.986592	1	1	
0.0642688	-nan	0.991625	0.886044	1	1	1	1	1	1	2.60353	0.991625	0.991625	1	1	
0.0666807	-nan	0.996582	0.90184	1	1	1	1	1	1	2.60605	0.996582	0.996582	1	1	
0.0691831	-nan	1.00145	0.918184	1	1	1	1	1	1	2.60863	1.00145	1.00145	1	1	
0.0717794	-nan	1.00623	0.935073	1	1	1	1	1	1	2.61129	1.00623	1.00623	1	1	
0.0744732	-nan	1.0109	0.952503	1	1	1	1	1	1	2.61403	1.0109	1.0109	1	1	
0.0772681	-nan	1.01546	0.970462	1	1	1	1	1	1	2.61687	1.01546	1.01546	1	1	
0.0801678	-nan	1.01989	0.988939	1	1	1	1	1	1	2.61979	1.01989	1.01989	1	1	
0.0831764	-nan	1.02418	1.00791	1	1	1	1	1	1	2.62282	1.02418	1.02418	1	1	
0.0862979	-nan	1.02833	1.02736	1	1	1	1	1	1	2.62596	1.02833	1.02833	1	1	
0.0895365	-nan	1.03233	1.04725	1	1	1	1	1	1	2.62923	1.03233	1.03233	1	1	
0.0928966	-nan	1.03616	1.06755	1	1	1	1	1	1	2.63262	1.03616	1.03616	1	1	
0.0963829	-nan	1.03983	1.08822	1	1	1	1	1	1	2.63617	1.03983	1.03983	1	1	
0.1	-nan	1.04332	1.10921	1	1	1	1	1	1	2.63986	1.04332	1.04332	1	1	
0.103614	-nan	1.04651	1.12969	1	1	1	1	1	1	2.6436	1.04651	1.04651	1	1	
0.107229	-nan	1.04943	1.14966	1	1	1	1	1	1	2.64737	1.04943	1.04943	1	1	
0.110843	-nan	1.0521	1.16908	1	1	1	1	1	1	2.65118	1.0521	1.0521	1	1	
0.114458	-nan	1.05454	1.18794	1	1	1	1	1	1	2.65506	1.05454	1.05454	1	1	
0.118072	-nan	1.05678	1.20623	1	1	1	1	1	1	2.65899	1.05678	1.05678	1	1	
0.121687	-nan	1.05882	1.22393	1	1	1	1	1	1	2.66299	1.05882	1.05882	1	1	
0.125301	-nan	1.06069	1.24103	1	1	1	1	1	1	2.66707	1.06069	1.06069	1	1	
0.128916	-nan	1.0624	1.25754	1	1	1	1	1	1	2.67123	1.0624	1.0624	1	1	
0.13253	-nan	1.06398	1.27343	1	1	1	1	1	1	2.67548	1.06398	1.06398	1	1	
0.136145	-nan	1.06544	1.28871	1	1	1	1	1	1	2.67982	1.06544	1.06544	1	1	
0.139759	-nan	1.06678	1.30339	1	1	1	1	1	1	2.68427	1.06678	1.06678	1	1	
0.143373	-nan	1.06803	1.31746	1	1	1	1	1	1	2.68883	1.06803	1.06803	1	1	
0.146988	-nan	1.0692	1.33093	1	1	1	1	1	1	2.69351	1.0692	1.0692	1	1	
0.150602	-nan	1.07029	1.34381	1	1	1	1	1	1	2.69832	1.07029	1.07029	1	1	
0.154217	-nan	1.07132	1.3561	1	1	1	1	1	1	2.70326	1.07132	1.07132	1	1	
0.157831	-nan	1.0723	1.36781	1	1	1	1	1	1	2.70834	1.0723	1.0723	1	1	
0.161446	-nan	1.07324	1.37896	1	1	1	1	1	1	2.71358	1.07324	1.07324	1	1	
0.16506	-nan	1.07414	1.38955	1	1	1	1	1	1	2.71897	1.07414	1.07414	1	1	
0.168675	-nan	1.07501	1.39959	1	1	1	1	1	1	2.72453	1.07501	1.07501	1	1	
0.172289	-nan	1.07587	1.40911	1	1	1	1	1	1	2.73026	1.07587	1.07587	1	1	
0.175904	-nan	1.0767	1.4181	1	1	1	1	1	1	2.73618	1.0767	1.0767	1	1	
0.179518	-nan	1.07753	1.42659	1	1	1	1	1	1	2.7423	1.07753	1.07753	1	1	
0.183133	-nan	1.07835	1.43459	1	1	1	1	1	1	2.74861	1.07835	1.07835	1	1	
0.186747	-nan	1.07917	1.44211	1	1	1	1	1	1	2.75514	1.07917	1.07917	1	1	
0.190361	-nan	1.07999	1.44917	1	1	1	1	1	1	2.76189	1.07999	1.07999	1	1	
0.193976	-nan	1.08082	1.45578	1	1	1	1	1	1	2.76888	1.08082	1.08082	1	1	
0.19759	-nan	1.08165	1.46196	1	1	1	1	1	1	2.7761	1.08165	1.08165	1	1	
0.201205	-nan	1.08249	1.46772	1	1	1	1	1	1	2.78358	1.08249	1.08249	1	1	
0.204819	-nan	1.08335	1.47308	1	1	1	1	1	1	2.79132	1.08335	1.08335	1	1	
0.208434	-nan	1.08421	1.47805	1	1	1	1	1	1	2.79933	1.08421	1.08421	1	1	
0.212048	-nan	1.08509	1.48264	1	1	1	1	1	1	2.80762	1.08509	1.08509	1	1	
0.215663	-nan	1.08599	1.48687	1	1	1	1	1	1	2.81621	1.08599	1.08599	1	1	
0.219277	-nan	1.0869	1.49075	1	1	1	1	1	1	2.8251	1.0869	1.0869	1	1	
0.222892	-nan	1.08782	1.49429	1	1	1	1	1	1	2.83431	1.08782	1.08782	1	1	
0.226506	-nan	1.08876	1.49752	1	1	1	1	1	1	2.84384	1.08876	1.08876	1	1	
0.23012	-nan	1.08972	1.50044	1	1	1	1	1	1	2.85371	1.08972	1.08972	1	1	
0.233735	-nan	1.0907	1.50306	1	1	1	1	1	1	2.86393	1.0907	1.0907	1	1	
0.237349	-nan	1.09169	1.5054	1	1	1	1	1	1	2.87451	1.09169	1.09169	1	1	
0.240964	-nan	1.09269	1.50746	1	1	1	1	1	1	2.88546	1.09269	1.09269	1	1	
0.244578	-nan	1.09372	1.50927	1	1	1	1	1	1	2.89679	1.09372	1.09372	1	1	
0.248193	-nan	1.09475	1.51082	1	1	1	1	1	1	2.90851	1.09475	1.09475	1	1	
0.251807	-nan	1.0958	1.51214	1	1	1	1	1	1	2.92063	1.0958	1.0958	1	1	
0.255422	-nan	1.09687	1.51324	1	1	1	1	1	1	2.93317	1.09687	1.09687	1	1	
0.259036	-nan	1.09795	1.51411	1	1	1	1	1	1	2.94613	1.09795	1.09795	1	1	
0.262651	-nan	1.09904	1.51478	1	1	1	1	1	1	2.95952	1.09904	1.09904	1	1	
0.266265	-nan	1.10015	1.51525	1	1	1	1	1	1	2.97336	1.10015	1.10015	1	1	
0.26988	-nan	1.10126	1.51553	1	1	1	1	1	1	2.98765	1.10126	1.10126	1	1	
0.273494	-nan	1.10239	1.51564	1	1	1	1	1	1	3.00241	1.10239	1.10239	1	1	
0.277108	-nan	1.10353	1.51557	1	1	1	1	1	1	3.01763	1.10353	1.10353	1	1	
0.280723	-nan	1.10468	1.51534	1	1	1	1	1	1	3.03334	1.10468	1.10468	1	1	
0.284337	-nan	1.10584	1.51496	1	1	1	1	1	1	3.04954	1.10584	1.10584	1	1	
0.287952	-nan	1.10701	1.51443	1	1	1	1	1	1	3.06623	1.10701	1.10701	1	1	
0.291566	-nan	1.10818	1.51376	1	1	1	1	1	1	3.08342	1.10818	1.10818	1	1	
0.295181	-nan	1.10937	1.51297	1	1	1	1	1	1	3.10113	1.10937	1.10937	1	1	
0.298795	-nan	1.11056	1.51204	1	1	1	1	1	1	3.11934	1.11056	1.11056	1	1	
0.30241	-nan	1.11176	1.511	1	1	1	1	1	1	3.13808	1.11176	1.11176	1	1	
0.306024	-nan	1.11296	1.50985	1	1	1	1	1	1	3.15734	1.11296	1.11296	1	1	
0.309639	-nan	1.11417	1.50859	1	1	1	1	1	1	3.17713	1.11417	1.11417	1	1	
0.313253	-nan	1.11539	1.50723	1	1	1	1	1	1	3.19745	1.11539	1.11539	1	1	
0.316867	-nan	1.11661	1.50577	1	1	1	1	1	1	3.2183	1.11661	1.11661	1	1	
0.320482	-nan	1.11784	1.50423	1	1	1	1	1	1	3.23968	1.11784	1.11784	1	1	
0.324096	-nan	1.11907	1.50261	1	1	1	1	1	1	3.26159	1.11907	1.11907	1	1	
0.327711	-nan	1.1203	1.5009	1	1	1	1	1	1	3.28402	1.1203	1.1203	1	1	
0.331325	-nan	1.12154	1.49912	1	1	1	1	1	1	3.30699	1.12154	1.12154	1	1	
0.33494	-nan	1.12278	1.49728	1	1	1	1	1	1	3.33047	1.12278	1.12278	1	1	
0.338554	-nan	1.12402	1.49536	1	1	1	1	1	1	3.35448	1.12402	1.12402	1	1	
0.342169	-nan	1.12526	1.49339	1	1	1	1	1	1	3.37899	1.12526	1.12526	1	1	
0.345783	-nan	1.12651	1.49136	1	1	1	1	1	1	3.40401	1.12651	1.12651	1	1	
0.349398	-nan	1.12776	1.48928	1	1	1	1	1	1	3.42953	1.12776	1.12776	1	1	
0.353012	-nan	1.12901	1.48715	1	1	1	1	1	1	3.45553	1.12901	1.12901	1	1	
0.356627	-nan	1.13027	1.48497	1	1	1	1	1	1	3.482	1.13027	1.13027	1	1	
0.360241	-nan	1.13152	1.48275	1	1	1	1	1	1	3.50894	1.13152	1.13152	1	1	
0.363855	-nan	1.13277	1.48049	1	1	1	1	1	1	3.53633	1.13277	1.13277	1	1	
0.36747	-nan	1.13403	1.4782	1	1	1	1	1	1	3.56415	1.13403	1.13403	1	1	
0.371084	-nan	1.13529	1.47587	1	1	1	1	1	1	3.59239	1.13529	1.13529	1	1	
0.374699	-nan	1.13654	1.47352	1	1	1	1	1	1	3.62104	1.13654	1.13654	1	1	
0.378313	-nan	1.1378	1.47113	1	1	1	1	1	1	3.65007	1.1378	1.1378	1	1	
0.381928	-nan	1.13906	1.46872	1	1	1	1	1	1	3.67947	1.13906	1.13906	1	1	
0.385542	-nan	1.14032	1.46629	1	1	1	1	1	1	3.70922	1.14032	1.14032	1	1	
0.389157	-nan	1.14158	1.46384	1	1	1	1	1	1	3.7393	1.14158	1.14158	1	1	
0.392771	-nan	1.14283	1.46137	1	1	1	1	1	1	3.76968	1.14283	1.14283	1	1	
0.396386	-nan	1.14409	1.45889	1	1	1	1	1	1	3.80035	1.14409	1.14409	1	1	
0.4	-nan	1.14535	1.45639	1	1	1	1	1	1	3.83129	1.14535	1.14535	1	1	
0.403614	-nan	1.14661	1.45388	1	1	1	1	1	1	3.86246	1.14661	1.14661	1	1	
0.407229	-nan	1.14787	1.45136	1	1	1	1	1	1	3.89385	1.14787	1.14787	1	1	
0.410843	-nan	1.14912	1.44883	1	1	1	1	1	1	3.92543	1.14912	1.14912	1	1	
0.414458	-nan	1.15038	1.44629	1	1	1	1	1	1	3.95718	1.15038	1.15038	1	1	
0.418072	-nan	1.15164	1.44375	1	1	1	1	1	1	3.98908	1.15164	1.15164	1	1	
0.421687	-nan	1.15289	1.44121	1	1	1	1	1	1	4.02109	1.15289	1.15289	1	1	
0.425301	-nan	1.15415	1.43866	1	1	1	1	1	1	4.0532	1.15415	1.15415	1	1	
0.428916	-nan	1.1554	1.43612	1	1	1	1	1	1	4.08538	1.1554	1.1554	1	1	
0.43253	-nan	1.15666	1.43357	1	1	1	1	1	1	4.11761	1.15666	1.15666	1	1	
0.436145	-nan	1.15791	1.43103	1	1	1	1	1	1	4.14986	1.15791	1.15791	1	1	
0.439759	-nan	1.15917	1.42849	1	1	1	1	1	1	4.18211	1.15917	1.15917	1	1	
0.443373	-nan	1.16042	1.42595	1	1	1	1	1	1	4.21432	1.16042	1.16042	1	1	
0.446988	-nan	1.16167	1.42342	1	1	1	1	1	1	4.24649	1.16167	1.16167	1	1	
0.450602	-nan	1.16292	1.4209	1	1	1	1	1	1	4.27859	1.16292	1.16292	1	1	
0.454217	-nan	1.16417	1.41838	1	1	1	1	1	1	4.31059	1.16417	1.16417	1	1	
0.457831	-nan	1.16543	1.41587	1	1	1	1	1	1	4.34248	1.16543	1.16543	1	1	
0.461446	-nan	1.16668	1.41337	1	1	1	1	1	1	4.37423	1.16668	1.16668	1	1	
0.46506	-nan	1.16793	1.41088	1	1	1	1	1	1	4.40582	1.16793	1.16793	1	1	
0.468675	-nan	1.16918	1.4084	1	1	1	1	1	1	4.43723	1.16918	1.16918	1	1	
0.472289	-nan	1.17042	1.40593	1	1	1	1	1	1	4.46844	1.17042	1.17042	1	1	
0.475904	-nan	1.17167	1.40348	1	1	1	1	1	1	4.49944	1.17167	1.17167	1	1	
0.479518	-nan	1.17292	1.40103	1	1	1	1	1	1	4.5302	1.17292	1.17292	1	1	
0.483133	-nan	1.17417	1.3986	1	1	1	1	1	1	4.56072	1.17417	1.17417	1	1	
0.486747	-nan	1.17542	1.39619	1	1	1	1	1	1	4.59097	1.17542	1.17542	1	1	
0.490361	-nan	1.17667	1.39378	1	1	1	1	1	1	4.62094	1.17667	1.17667	1	1	
0.493976	-nan	1.17791	1.3914	1	1	1	1	1	1	4.65062	1.17791	1.17791	1	1	
0.49759	-nan	1.17916	1.38902	1	1	1	1	1	1	4.67999	1.17916	1.17916	1	1	
0.501205	-nan	1.18041	1.38667	1	1	1	1	1	1	4.70904	1.18041	1.18041	1	1	
0.504819	-nan	1.18165	1.38432	1	1	1	1	1	1	4.73776	1.18165	1.18165	1	1	
0.508434	-nan	1.1829	1.382	1	1	1	1	1	1	4.76613	1.1829	1.1829	1	1	
0.512048	-nan	1.18415	1.37969	1	1	1	1	1	1	4.79416	1.18415	1.18415	1	1	
0.515663	-nan	1.18539	1.3774	1	1	1	1	1	1	4.82183	1.18539	1.18539	1	1	
0.519277	-nan	1.18664	1.37513	1	1	1	1	1	1	4.84913	1.18664	1.18664	1	1	
0.522892	-nan	1.18789	1.37287	1	1	1	1	1	1	4.87606	1.18789	1.18789	1	1	
0.526506	-nan	1.18913	1.37063	1	1	1	1	1	1	4.9026	1.18913	1.18913	1	1	
0.53012	-nan	1.19038	1.36841	1	1	1	1	1	1	4.92877	1.19038	1.19038	1	1	
0.533735	-nan	1.19163	1.36621	1	1	1	1	1	1	4.95454	1.19163	1.19163	1	1	
0.537349	-nan	1.19287	1.36403	1	1	1	1	1	1	4.97991	1.19287	1.19287	1	1	
0.540964	-nan	1.19412	1.36186	1	1	1	1	1	1	5.00489	1.19412	1.19412	1	1	
0.544578	-nan	1.19537	1.35972	1	1	1	1	1	1	5.02946	1.19537	1.19537	1	1	
0.548193	-nan	1.19661	1.35759	1	1	1	1	1	1	5.05364	1.19661	1.19661	1	1	
0.551807	-nan	1.19786	1.35548	1	1	1	1	1	1	5.07741	1.19786	1.19786	1	1	
0.555422	-nan	1.19911	1.35339	1	1	1	1	1	1	5.10077	1.19911	1.19911	1	1	
0.559036	-nan	1.20036	1.35132	1	1	1	1	1	1	5.12373	1.20036	1.20036	1	1	
0.562651	-nan	1.20161	1.34927	1	1	1	1	1	1	5.14628	1.20161	1.20161	1	1	
0.566265	-nan	1.20286	1.34724	1	1	1	1	1	1	5.16843	1.20286	1.20286	1	1	
0.56988	-nan	1.20411	1.34523	1	1	1	1	1	1	5.19018	1.20411	1.20411	1	1	
0.573494	-nan	1.20536	1.34324	1	1	1	1	1	1	5.21152	1.20536	1.20536	1	1	
0.577108	-nan	1.20661	1.34127	1	1	1	1	1	1	5.23247	1.20661	1.20661	1	1	
0.580723	-nan	1.20786	1.33932	1	1	1	1	1	1	5.25301	1.20786	1.20786	1	1	
0.584337	-nan	1.20911	1.33738	1	1	1	1	1	1	5.27317	1.20911	1.20911	1	1	
0.587952	-nan	1.21036	1.33547	1	1	1	1	1	1	5.29293	1.21036	1.21036	1	1	
0.591566	-nan	1.21161	1.33358	1	1	1	1	1	1	5.3123	1.21161	1.21161	1	1	
0.595181	-nan	1.21286	1.3317	1	1	1	1	1	1	5.33129	1.21286	1.21286	1	1	
0.598795	-nan	1.21412	1.32985	1	1	1	1	1	1	5.3499	1.21412	1.21412	1	1	
0.60241	-nan	1.21537	1.32801	1	1	1	1	1	1	5.36814	1.21537	1.21537	1	1	
0.606024	-nan	1.21662	1.32619	1	1	1	1	1	1	5.386	1.21662	1.21662	1	1	
0.609639	-nan	1.21788	1.3244	1	1	1	1	1	1	5.40349	1.21788	1.21788	1	1	
0.613253	-nan	1.21914	1.32262	1	1	1	1	1	1	5.42063	1.21914	1.21914	1	1	
0.616867	-nan	1.22039	1.32086	1	1	1	1	1	1	5.4374	1.22039	1.22039	1	1	
0.620482	-nan	1.22165	1.31912	1	1	1	1	1	1	5.45382	1.22165	1.22165	1	1	
0.624096	-nan	1.22291	1.3174	1	1	1	1	1	1	5.4699	1.22291	1.22291	1	1	
0.627711	-nan	1.22416	1.3157	1	1	1	1	1	1	5.48563	1.22416	1.22416	1	1	
0.631325	-nan	1.22542	1.31402	1	1	1	1	1	1	5.50103	1.22542	1.22542	1	1	
0.63494	-nan	1.22668	1.31236	1	1	1	1	1	1	5.5161	1.22668	1.22668	1	1	
0.638554	-nan	1.22794	1.31071	1	1	1	1	1	1	5.53083	1.22794	1.22794	1	1	
0.642169	-nan	1.2292	1.30908	1	1	1	1	1	1	5.54525	1.2292	1.2292	1	1	
0.645783	-nan	1.23047	1.30748	1	1	1	1	1	1	5.55936	1.23047	1.23047	1	1	
0.649398	-nan	1.23173	1.30589	1	1	1	1	1	1	5.57315	1.23173	1.23173	1	1	
0.653012	-nan	1.23299	1.30432	1	1	1	1	1	1	5.58664	1.23299	1.23299	1	1	
0.656627	-nan	1.23426	1.30276	1	1	1	1	1	1	5.59984	1.23426	1.23426	1	1	
0.660241	-nan	1.23552	1.30123	1	1	1	1	1	1	5.61274	1.23552	1.23552	1	1	
0.663855	-nan	1.23679	1.29971	1	1	1	1	1	1	5.62535	1.23679	1.23679	1	1	
0.66747	-nan	1.23805	1.29821	1	1	1	1	1	1	5.63768	1.23805	1.23805	1	1	
0.671084	-nan	1.23932	1.29673	1	1	1	1	1	1	5.64973	1.23932	1.23932	1	1	
0.674699	-nan	1.24059	1.29527	1	1	1	1	1	1	5.66152	1.24059	1.24059	1	1	
0.678313	-nan	1.24185	1.29382	1	1	1	1	1	1	5.67304	1.24185	1.24185	1	1	
0.681928	-nan	1.24312	1.29239	1	1	1	1	1	1	5.68429	1.24312	1.24312	1	1	
0.685542	-nan	1.24439	1.29098	1	1	1	1	1	1	5.6953	1.24439	1.24439	1	1	
0.689157	-nan	1.24566	1.28959	1	1	1	1	1	1	5.70605	1.24566	1.24566	1	1	
0.692771	-nan	1.24693	1.28821	1	1	1	1	1	1	5.71656	1.24693	1.24693	1	1	
0.696386	-nan	1.24821	1.28685	1	1	1	1	1	1	5.72684	1.24821	1.24821	1	1	
0.7	-nan	1.24948	1.2855	1	1	1	1	1	1	5.73687	1.24948	1.24948	1	1	
0.703614	-nan	1.25075	1.28417	1	1	1	1	1	1	5.74668	1.25075	1.25075	1	1	
0.707229	-nan	1.25202	1.28286	1	1	1	1	1	1	5.75627	1.25202	1.25202	1	1	
0.710843	-nan	1.2533	1.28156	1	1	1	1	1	1	5.76563	1.2533	1.2533	1	1	
0.714458	-nan	1.25457	1.28028	1	1	1	1	1	1	5.77478	1.25457	1.25457	1	1	
0.718072	-nan	1.25585	1.27902	1	1	1	1	1	1	5.78372	1.25585	1.25585	1	1	
0.721687	-nan	1.25713	1.27777	1	1	1	1	1	1	5.79246	1.25713	1.25713	1	1	
0.725301	-nan	1.2584	1.27654	1	1	1	1	1	1	5.80099	1.2584	1.2584	1	1	
0.728916	-nan	1.25968	1.27532	1	1	1	1	1	1	5.80933	1.25968	1.25968	1	1	
0.73253	-nan	1.26096	1.27411	1	1	1	1	1	1	5.81748	1.26096	1.26096	1	1	
0.736145	-nan	1.26224	1.27293	1	1	1	1	1	1	5.82544	1.26224	1.26224	1	1	
0.739759	-nan	1.26352	1.27175	1	1	1	1	1	1	5.83321	1.26352	1.26352	1	1	
0.743373	-nan	1.26479	1.2706	1	1	1	1	1	1	5.84081	1.26479	1.26479	1	1	
0.746988	-nan	1.26607	1.26945	1	1	1	1	1	1	5.84823	1.26607	1.26607	1	1	
0.750602	-nan	1.26736	1.26832	1	1	1	1	1	1	5.85548	1.26736	1.26736	1	1	
0.754217	-nan	1.26864	1.26721	1	1	1	1	1	1	5.86256	1.26864	1.26864	1	1	
0.757831	-nan	1.26992	1.26611	1	1	1	1	1	1	5.86948	1.26992	1.26992	1	1	
0.761446	-nan	1.2712	1.26502	1	1	1	1	1	1	5.87624	1.2712	1.2712	1	1	
0.76506	-nan	1.27248	1.26395	1	1	1	1	1	1	5.88285	1.27248	1.27248	1	1	
0.768675	-nan	1.27376	1.26289	1	1	1	1	1	1	5.8893	1.27376	1.27376	1	1	
0.772289	-nan	1.27505	1.26185	1	1	1	1	1	1	5.8956	1.27505	1.27505	1	1	
0.775904	-nan	1.27633	1.26082	1	1	1	1	1	1	5.90176	1.27633	1.27633	1	1	
0.779518	-nan	1.27761	1.2598	1	1	1	1	1	1	5.90777	1.27761	1.27761	1	1	
0.783133	-nan	1.2789	1.25879	1	1	1	1	1	1	5.91365	1.2789	1.2789	1	1	
0.786747	-nan	1.28018	1.2578	1	1	1	1	1	1	5.91939	1.28018	1.28018	1	1	
0.790361	-nan	1.28147	1.25682	1	1	1	1	1	1	5.925	1.28147	1.28147	1	1	
0.793976	-nan	1.28275	1.25585	1	1	1	1	1	1	5.93047	1.28275	1.28275	1	1	
0.79759	-nan	1.28404	1.2549	1	1	1	1	1	1	5.93583	1.28404	1.28404	1	1	
0.801205	-nan	1.28532	1.25396	1	1	1	1	1	1	5.94105	1.28532	1.28532	1	1	
0.804819	-nan	1.28661	1.25303	1	1	1	1	1	1	5.94616	1.28661	1.28661	1	1	
0.808434	-nan	1.28789	1.25211	1	1	1	1	1	1	5.95115	1.28789	1.28789	1	1	
0.812048	-nan	1.28918	1.25121	1	1	1	1	1	1	5.95602	1.28918	1.28918	1	1	
0.815663	-nan	1.29046	1.25031	1	1	1	1	1	1	5.96078	1.29046	1.29046	1	1	
0.819277	-nan	1.29175	1.24943	1	1	1	1	1	1	5.96543	1.29175	1.29175	1	1	
0.822892	-nan	1.29303	1.24856	1	1	1	1	1	1	5.96998	1.29303	1.29303	1	1	
0.826506	-nan	1.29432	1.2477	1	1	1	1	1	1	5.97441	1.29432	1.29432	1	1	
0.83012	-nan	1.2956	1.24686	1	1	1	1	1	1	5.97875	1.2956	1.2956	1	1	
0.833735	-nan	1.29689	1.24602	1	1	1	1	1	1	5.98298	1.29689	1.29689	1	1	
0.837349	-nan	1.29817	1.2452	1	1	1	1	1	1	5.98712	1.29817	1.29817	1	1	
0.840964	-nan	1.29946	1.24438	1	1	1	1	1	1	5.99116	1.29946	1.29946	1	1	
0.844578	-nan	1.30074	1.24358	1	1	1	1	1	1	5.99511	1.30074	1.30074	1	1	
0.848193	-nan	1.30203	1.24279	1	1	1	1	1	1	5.99897	1.30203	1.30203	1	1	
0.851807	-nan	1.30331	1.24201	1	1	1	1	1	1	6.00273	1.30331	1.30331	1	1	
0.855422	-nan	1.30459	1.24123	1	1	1	1	1	1	6.00641	1.30459	1.30459	1	1	
0.859036	-nan	1.30588	1.24047	1	1	1	1	1	1	6.01001	1.30588	1.30588	1	1	
0.862651	-nan	1.30716	1.23972	1	1	1	1	1	1	6.01352	1.30716	1.30716	1	1	
0.866265	-nan	1.30844	1.23898	1	1	1	1	1	1	6.01695	1.30844	1.30844	1	1	
0.86988	-nan	1.30973	1.23825	1	1	1	1	1	1	6.0203	1.30973	1.30973	1	1	
0.873494	-nan	1.31101	1.23753	1	1	1	1	1	1	6.02357	1.31101	1.31101	1	1	
0.877108	-nan	1.31229	1.23682	1	1	1	1	1	1	6.02676	1.31229	1.31229	1	1	
0.880723	-nan	1.31357	1.23612	1	1	1	1	1	1	6.02988	1.31357	1.31357	1	1	
0.884337	-nan	1.31485	1.23542	1	1	1	1	1	1	6.03293	1.31485	1.31485	1	1	
0.887952	-nan	1.31613	1.23474	1	1	1	1	1	1	6.03591	1.31613	1.31613	1	1	
0.891566	-nan	1.31741	1.23407	1	1	1	1	1	1	6.03882	1.31741	1.31741	1	1	
0.895181	-nan	1.31869	1.2334	1	1	1	1	1	1	6.04166	1.31869	1.31869	1	1	
0.898795	-nan	1.31996	1.23275	1	1	1	1	1	1	6.04443	1.31996	1.31996	1	1	
0.90241	-nan	1.32124	1.2321	1	1	1	1	1	1	6.04714	1.32124	1.32124	1	1	
0.906024	-nan	1.32252	1.23146	1	1	1	1	1	1	6.04978	1.32252	1.32252	1	1	
0.909639	-nan	1.32379	1.23083	1	1	1	1	1	1	6.05236	1.32379	1.32379	1	1	
0.913253	-nan	1.32507	1.23021	1	1	1	1	1	1	6.05488	1.32507	1.32507	1	1	
0.916867	-nan	1.32634	1.2296	1	1	1	1	1	1	6.05735	1.32634	1.32634	1	1	
0.920482	-nan	1.32761	1.22899	1	1	1	1	1	1	6.05975	1.32761	1.32761	1	1	
0.924096	-nan	1.32889	1.2284	1	1	1	1	1	1	6.0621	1.32889	1.32889	1	1	
0.927711	-nan	1.33016	1.22781	1	1	1	1	1	1	6.06439	1.33016	1.33016	1	1	
0.931325	-nan	1.33143	1.22723	1	1	1	1	1	1	6.06663	1.33143	1.33143	1	1	
0.93494	-nan	1.3327	1.22666	1	1	1	1	1	1	6.06881	1.3327	1.3327	1	1	
0.938554	-nan	1.33396	1.22609	1	1	1	1	1	1	6.07094	1.33396	1.33396	1	1	
0.942169	-nan	1.33523	1.22554	1	1	1	1	1	1	6.07302	1.33523	1.33523	1	1	
0.945783	-nan	1.3365	1.22499	1	1	1	1	1	1	6.07505	1.3365	1.3365	1	1	
0.949398	-nan	1.33776	1.22444	1	1	1	1	1	1	6.07703	1.33776	1.33776	1	1	
0.953012	-nan	1.33902	1.22391	1	1	1	1	1	1	6.07897	1.33902	1.33902	1	1	
0.956627	-nan	1.34028	1.22338	1	1	1	1	1	1	6.08085	1.34028	1.34028	1	1	
0.960241	-nan	1.34155	1.22286	1	1	1	1	1	1	6.0827	1.34155	1.34155	1	1	
0.963855	-nan	1.3428	1.22235	1	1	1	1	1	1	6.08449	1.3428	1.3428	1	1	
0.96747	-nan	1.34406	1.22185	1	1	1	1	1	1	6.08625	1.34406	1.34406	1	1	
0.971084	-nan	1.34532	1.22135	1	1	1	1	1	1	6.08796	1.34532	1.34532	1	1	
0.974699	-nan	1.34657	1.22086	1	1	1	1	1	1	6.08962	1.34657	1.34657	1	1	
0.978313	-nan	1.34783	1.22037	1	1	1	1	1	1	6.09125	1.34783	1.34783	1	1	
0.981928	-nan	1.34908	1.21989	1	1	1	1	1	1	6.09284	1.34908	1.34908	1	1	
0.985542	-nan	1.35033	1.21942	1	1	1	1	1	1	6.09438	1.35033	1.35033	1	1	
0.989157	-nan	1.35158	1.21895	1	1	1	1	1	1	6.09589	1.35158	1.35158	1	1	
0.992771	-nan	1.35283	1.2185	1	1	1	1	1	1	6.09736	1.35283	1.35283	1	1	
0.996386	-nan	1.35407	1.21804	1	1	1	1	1	1	6.0988	1.35407	1.35407	1	1	
1	-nan	-nan	-nan	-nan	-nan	-nan	-nan	-nan	-nan	-nan	-nan	-nan	-nan	-nan	
