1e-05	-nan	0.51334	0.258208	1	1	1	1	1	1	0.08899	0.51334	0.51334	1	1	
1.03753e-05	-nan	0.513534	0.258558	1	1	1	1	1	1	0.08899	0.513534	0.513534	1	1	
1.07647e-05	-nan	0.513732	0.258912	1	1	1	1	1	1	0.08899	0.513732	0.513732	1	1	
1.11686e-05	-nan	0.513932	0.259269	1	1	1	1	1	1	0.0889901	0.513932	0.513932	1	1	
1.15878e-05	-nan	0.514136	0.259628	1	1	1	1	1	1	0.0889901	0.514136	0.514136	1	1	
1.20226e-05	-nan	0.514343	0.259991	1	1	1	1	1	1	0.0889901	0.514343	0.514343	1	1	
1.24738e-05	-nan	0.514553	0.260357	1	1	1	1	1	1	0.0889901	0.514553	0.514553	1	1	
1.2942e-05	-nan	0.514766	0.260726	1	1	1	1	1	1	0.0889901	0.514766	0.514766	1	1	
1.34276e-05	-nan	0.514982	0.261099	1	1	1	1	1	1	0.0889901	0.514982	0.514982	1	1	
1.39316e-05	-nan	0.515202	0.261474	1	1	1	1	1	1	0.0889901	0.515202	0.515202	1	1	
1.44544e-05	-nan	0.515425	0.261853	1	1	1	1	1	1	0.0889901	0.515425	0.515425	1	1	
1.49968e-05	-nan	0.515652	0.262235	1	1	1	1	1	1	0.0889901	0.515652	0.515652	1	1	
1.55597e-05	-nan	0.515882	0.262621	1	1	1	1	1	1	0.0889901	0.515882	0.515882	1	1	
1.61436e-05	-nan	0.516116	0.263009	1	1	1	1	1	1	0.0889901	0.516116	0.516116	1	1	
1.67494e-05	-nan	0.516353	0.263401	1	1	1	1	1	1	0.0889901	0.516353	0.516353	1	1	
1.7378e-05	-nan	0.516595	0.263797	1	1	1	1	1	1	0.0889901	0.516595	0.516595	1	1	
1.80302e-05	-nan	0.516839	0.264195	1	1	1	1	1	1	0.0889901	0.516839	0.516839	1	1	
1.87068e-05	-nan	0.517088	0.264598	1	1	1	1	1	1	0.0889901	0.517088	0.517088	1	1	
1.94089e-05	-nan	0.517341	0.265003	1	1	1	1	1	1	0.0889902	0.517341	0.517341	1	1	
2.01372e-05	-nan	0.517597	0.265413	1	1	1	1	1	1	0.0889902	0.517597	0.517597	1	1	
2.0893e-05	-nan	0.517858	0.265825	1	1	1	1	1	1	0.0889902	0.517858	0.517858	1	1	
2.1677e-05	-nan	0.518122	0.266242	1	1	1	1	1	1	0.0889902	0.518122	0.518122	1	1	
2.24905e-05	-nan	0.518391	0.266661	1	1	1	1	1	1	0.0889902	0.518391	0.518391	1	1	
2.33346e-05	-nan	0.518664	0.267085	1	1	1	1	1	1	0.0889902	0.518664	0.518664	1	1	
2.42103e-05	-nan	0.518942	0.267512	1	1	1	1	1	1	0.0889902	0.518942	0.518942	1	1	
2.51189e-05	-nan	0.519223	0.267943	1	1	1	1	1	1	0.0889902	0.519223	0.519223	1	1	
2.60615e-05	-nan	0.519509	0.268378	1	1	1	1	1	1	0.0889902	0.519509	0.519509	1	1	
2.70396e-05	-nan	0.5198	0.268816	1	1	1	1	1	1	0.0889903	0.5198	0.5198	1	1	
2.80543e-05	-nan	0.520095	0.269258	1	1	1	1	1	1	0.0889903	0.520095	0.520095	1	1	
2.91072e-05	-nan	0.520395	0.269704	1	1	1	1	1	1	0.0889903	0.520395	0.520395	1	1	
3.01995e-05	-nan	0.520699	0.270154	1	1	1	1	1	1	0.0889903	0.520699	0.520699	1	1	
3.13329e-05	-nan	0.521008	0.270608	1	1	1	1	1	1	0.0889903	0.521008	0.521008	1	1	
3.25087e-05	-nan	0.521323	0.271065	1	1	1	1	1	1	0.0889903	0.521323	0.521323	1	1	
3.37287e-05	-nan	0.521642	0.271527	1	1	1	1	1	1	0.0889903	0.521642	0.521642	1	1	
3.49945e-05	-nan	0.521966	0.271993	1	1	1	1	1	1	0.0889904	0.521966	0.521966	1	1	
3.63078e-05	-nan	0.522295	0.272462	1	1	1	1	1	1	0.0889904	0.522295	0.522295	1	1	
3.76704e-05	-nan	0.52263	0.272936	1	1	1	1	1	1	0.0889904	0.52263	0.52263	1	1	
3.90841e-05	-nan	0.52297	0.273414	1	1	1	1	1	1	0.0889904	0.52297	0.52297	1	1	
4.05509e-05	-nan	0.523315	0.273896	1	1	1	1	1	1	0.0889904	0.523315	0.523315	1	1	
4.20727e-05	-nan	0.523666	0.274382	1	1	1	1	1	1	0.0889904	0.523666	0.523666	1	1	
4.36516e-05	-nan	0.524022	0.274872	1	1	1	1	1	1	0.0889905	0.524022	0.524022	1	1	
4.52898e-05	-nan	0.524384	0.275367	1	1	1	1	1	1	0.0889905	0.524384	0.524384	1	1	
4.69894e-05	-nan	0.524752	0.275866	1	1	1	1	1	1	0.0889905	0.524752	0.524752	1	1	
4.87528e-05	-nan	0.525126	0.27637	1	1	1	1	1	1	0.0889905	0.525126	0.525126	1	1	
5.05825e-05	-nan	0.525505	0.276878	1	1	1	1	1	1	0.0889905	0.525505	0.525505	1	1	
5.24807e-05	-nan	0.525891	0.27739	1	1	1	1	1	1	0.0889906	0.525891	0.525891	1	1	
5.44503e-05	-nan	0.526283	0.277907	1	1	1	1	1	1	0.0889906	0.526283	0.526283	1	1	
5.64937e-05	-nan	0.526681	0.278428	1	1	1	1	1	1	0.0889906	0.526681	0.526681	1	1	
5.86138e-05	-nan	0.527085	0.278954	1	1	1	1	1	1	0.0889906	0.527085	0.527085	1	1	
6.08135e-05	-nan	0.527496	0.279484	1	1	1	1	1	1	0.0889907	0.527496	0.527496	1	1	
6.30957e-05	-nan	0.527914	0.28002	1	1	1	1	1	1	0.0889907	0.527914	0.527914	1	1	
6.54636e-05	-nan	0.528338	0.280559	1	1	1	1	1	1	0.0889907	0.528338	0.528338	1	1	
6.79204e-05	-nan	0.528769	0.281104	1	1	1	1	1	1	0.0889908	0.528769	0.528769	1	1	
7.04693e-05	-nan	0.529207	0.281654	1	1	1	1	1	1	0.0889908	0.529207	0.529207	1	1	
7.31139e-05	-nan	0.529652	0.282208	1	1	1	1	1	1	0.0889908	0.529652	0.529652	1	1	
7.58578e-05	-nan	0.530104	0.282767	1	1	1	1	1	1	0.0889909	0.530104	0.530104	1	1	
7.87046e-05	-nan	0.530564	0.283332	1	1	1	1	1	1	0.0889909	0.530564	0.530564	1	1	
8.16582e-05	-nan	0.531031	0.283901	1	1	1	1	1	1	0.0889909	0.531031	0.531031	1	1	
8.47227e-05	-nan	0.531505	0.284476	1	1	1	1	1	1	0.088991	0.531505	0.531505	1	1	
8.79023e-05	-nan	0.531987	0.285055	1	1	1	1	1	1	0.088991	0.531987	0.531987	1	1	
9.12011e-05	-nan	0.532477	0.28564	1	1	1	1	1	1	0.0889911	0.532477	0.532477	1	1	
9.46237e-05	-nan	0.532975	0.28623	1	1	1	1	1	1	0.0889911	0.532975	0.532975	1	1	
9.81748e-05	-nan	0.533481	0.286826	1	1	1	1	1	1	0.0889911	0.533481	0.533481	1	1	
0.000101859	-nan	0.533995	0.287426	1	1	1	1	1	1	0.0889912	0.533995	0.533995	1	1	
0.000105682	-nan	0.534518	0.288033	1	1	1	1	1	1	0.0889912	0.534518	0.534518	1	1	
0.000109648	-nan	0.535049	0.288644	1	1	1	1	1	1	0.0889913	0.535049	0.535049	1	1	
0.000113763	-nan	0.535588	0.289262	1	1	1	1	1	1	0.0889913	0.535588	0.535588	1	1	
0.000118032	-nan	0.536136	0.289885	1	1	1	1	1	1	0.0889914	0.536136	0.536136	1	1	
0.000122462	-nan	0.536694	0.290513	1	1	1	1	1	1	0.0889915	0.536694	0.536694	1	1	
0.000127057	-nan	0.53726	0.291148	1	1	1	1	1	1	0.0889915	0.53726	0.53726	1	1	
0.000131826	-nan	0.537835	0.291788	1	1	1	1	1	1	0.0889916	0.537835	0.537835	1	1	
0.000136773	-nan	0.53842	0.292435	1	1	1	1	1	1	0.0889916	0.53842	0.53842	1	1	
0.000141906	-nan	0.539015	0.293087	1	1	1	1	1	1	0.0889917	0.539015	0.539015	1	1	
0.000147231	-nan	0.539619	0.293745	1	1	1	1	1	1	0.0889918	0.539619	0.539619	1	1	
0.000152757	-nan	0.540233	0.29441	1	1	1	1	1	1	0.0889918	0.540233	0.540233	1	1	
0.000158489	-nan	0.540857	0.295081	1	1	1	1	1	1	0.0889919	0.540857	0.540857	1	1	
0.000164437	-nan	0.541491	0.295758	1	1	1	1	1	1	0.088992	0.541491	0.541491	1	1	
0.000170608	-nan	0.542136	0.296441	1	1	1	1	1	1	0.0889921	0.542136	0.542136	1	1	
0.000177011	-nan	0.542791	0.297131	1	1	1	1	1	1	0.0889922	0.542791	0.542791	1	1	
0.000183654	-nan	0.543457	0.297828	1	1	1	1	1	1	0.0889923	0.543457	0.543457	1	1	
0.000190546	-nan	0.544134	0.298531	1	1	1	1	1	1	0.0889923	0.544134	0.544134	1	1	
0.000197697	-nan	0.544822	0.299241	1	1	1	1	1	1	0.0889924	0.544822	0.544822	1	1	
0.000205116	-nan	0.545522	0.299958	1	1	1	1	1	1	0.0889925	0.545522	0.545522	1	1	
0.000212814	-nan	0.546233	0.300682	1	1	1	1	1	1	0.0889926	0.546233	0.546233	1	1	
0.0002208	-nan	0.546955	0.301413	1	1	1	1	1	1	0.0889927	0.546955	0.546955	1	1	
0.000229087	-nan	0.547689	0.302151	1	1	1	1	1	1	0.0889929	0.547689	0.547689	1	1	
0.000237684	-nan	0.548436	0.302896	1	1	1	1	1	1	0.088993	0.548436	0.548436	1	1	
0.000246604	-nan	0.549195	0.303649	1	1	1	1	1	1	0.0889931	0.549195	0.549195	1	1	
0.000255859	-nan	0.549966	0.304409	1	1	1	1	1	1	0.0889932	0.549966	0.549966	1	1	
0.000265461	-nan	0.55075	0.305177	1	1	1	1	1	1	0.0889934	0.55075	0.55075	1	1	
0.000275423	-nan	0.551547	0.305953	1	1	1	1	1	1	0.0889935	0.551547	0.551547	1	1	
0.000285759	-nan	0.552357	0.306736	1	1	1	1	1	1	0.0889936	0.552357	0.552357	1	1	
0.000296483	-nan	0.553181	0.307528	1	1	1	1	1	1	0.0889938	0.553181	0.553181	1	1	
0.00030761	-nan	0.554018	0.308327	1	1	1	1	1	1	0.0889939	0.554018	0.554018	1	1	
0.000319154	-nan	0.554869	0.309135	1	1	1	1	1	1	0.0889941	0.554869	0.554869	1	1	
0.000331131	-nan	0.555734	0.309952	1	1	1	1	1	1	0.0889943	0.555734	0.555734	1	1	
0.000343558	-nan	0.556613	0.310776	1	1	1	1	1	1	0.0889944	0.556613	0.556613	1	1	
0.000356451	-nan	0.557507	0.31161	1	1	1	1	1	1	0.0889946	0.557507	0.557507	1	1	
0.000369828	-nan	0.558416	0.312452	1	1	1	1	1	1	0.0889948	0.558416	0.558416	1	1	
0.000383707	-nan	0.55934	0.313303	1	1	1	1	1	1	0.088995	0.55934	0.55934	1	1	
0.000398107	-nan	0.560279	0.314163	1	1	1	1	1	1	0.0889952	0.560279	0.560279	1	1	
0.000413048	-nan	0.561234	0.315033	1	1	1	1	1	1	0.0889954	0.561234	0.561234	1	1	
0.000428549	-nan	0.562204	0.315912	1	1	1	1	1	1	0.0889957	0.562204	0.562204	1	1	
0.000444631	-nan	0.563191	0.316801	1	1	1	1	1	1	0.0889959	0.563191	0.563191	1	1	
0.000461318	-nan	0.564194	0.3177	1	1	1	1	1	1	0.0889961	0.564194	0.564194	1	1	
0.00047863	-nan	0.565214	0.318608	1	1	1	1	1	1	0.0889964	0.565214	0.565214	1	1	
0.000496592	-nan	0.56625	0.319527	1	1	1	1	1	1	0.0889967	0.56625	0.56625	1	1	
0.000515229	-nan	0.567304	0.320456	1	1	1	1	1	1	0.0889969	0.567304	0.567304	1	1	
0.000534564	-nan	0.568375	0.321396	1	1	1	1	1	1	0.0889972	0.568375	0.568375	1	1	
0.000554626	-nan	0.569464	0.322347	1	1	1	1	1	1	0.0889975	0.569464	0.569464	1	1	
0.00057544	-nan	0.570571	0.323308	1	1	1	1	1	1	0.0889979	0.570571	0.570571	1	1	
0.000597035	-nan	0.571697	0.324281	1	1	1	1	1	1	0.0889982	0.571697	0.571697	1	1	
0.000619441	-nan	0.572841	0.325266	1	1	1	1	1	1	0.0889985	0.572841	0.572841	1	1	
0.000642688	-nan	0.574004	0.326262	1	1	1	1	1	1	0.0889989	0.574004	0.574004	1	1	
0.000666807	-nan	0.575187	0.32727	1	1	1	1	1	1	0.0889993	0.575187	0.575187	1	1	
0.000691831	-nan	0.576389	0.32829	1	1	1	1	1	1	0.0889997	0.576389	0.576389	1	1	
0.000717794	-nan	0.577611	0.329323	1	1	1	1	1	1	0.0890001	0.577611	0.577611	1	1	
0.000744732	-nan	0.578853	0.330369	1	1	1	1	1	1	0.0890005	0.578853	0.578853	1	1	
0.000772681	-nan	0.580116	0.331427	1	1	1	1	1	1	0.0890009	0.580116	0.580116	1	1	
0.000801678	-nan	0.5814	0.332499	1	1	1	1	1	1	0.0890014	0.5814	0.5814	1	1	
0.000831764	-nan	0.582705	0.333585	1	1	1	1	1	1	0.0890019	0.582705	0.582705	1	1	
0.000862979	-nan	0.584032	0.334684	1	1	1	1	1	1	0.0890024	0.584032	0.584032	1	1	
0.000895365	-nan	0.58538	0.335798	1	1	1	1	1	1	0.0890029	0.58538	0.58538	1	1	
0.000928966	-nan	0.586751	0.336926	1	1	1	1	1	1	0.0890035	0.586751	0.586751	1	1	
0.000963829	-nan	0.588145	0.33807	1	1	1	1	1	1	0.0890041	0.588145	0.588145	1	1	
0.001	-nan	0.589562	0.339228	1	1	1	1	1	1	0.0890047	0.589562	0.589562	1	1	
0.00103753	-nan	0.591002	0.340402	1	1	1	1	1	1	0.0890053	0.591002	0.591002	1	1	
0.00107647	-nan	0.592466	0.341593	1	1	1	1	1	1	0.089006	0.592466	0.592466	1	1	
0.00111686	-nan	0.593954	0.342799	1	1	1	1	1	1	0.0890067	0.593954	0.593954	1	1	
0.00115878	-nan	0.595467	0.344023	1	1	1	1	1	1	0.0890074	0.595467	0.595467	1	1	
0.00120226	-nan	0.597004	0.345263	1	1	1	1	1	1	0.0890082	0.597004	0.597004	1	1	
0.00124738	-nan	0.598567	0.346522	1	1	1	1	1	1	0.0890089	0.598567	0.598567	1	1	
0.0012942	-nan	0.600156	0.347798	1	1	1	1	1	1	0.0890098	0.600156	0.600156	1	1	
0.00134276	-nan	0.60177	0.349094	1	1	1	1	1	1	0.0890106	0.60177	0.60177	1	1	
0.00139316	-nan	0.603411	0.350408	1	1	1	1	1	1	0.0890115	0.603411	0.603411	1	1	
0.00144544	-nan	0.605079	0.351742	1	1	1	1	1	1	0.0890125	0.605079	0.605079	1	1	
0.00149968	-nan	0.606775	0.353095	1	1	1	1	1	1	0.0890135	0.606775	0.606775	1	1	
0.00155597	-nan	0.608497	0.35447	1	1	1	1	1	1	0.0890145	0.608497	0.608497	1	1	
0.00161436	-nan	0.610248	0.355866	1	1	1	1	1	1	0.0890156	0.610248	0.610248	1	1	
0.00167494	-nan	0.612028	0.357283	1	1	1	1	1	1	0.0890167	0.612028	0.612028	1	1	
0.0017378	-nan	0.613836	0.358723	1	1	1	1	1	1	0.0890179	0.613836	0.613836	1	1	
0.00180302	-nan	0.615674	0.360185	1	1	1	1	1	1	0.0890191	0.615674	0.615674	1	1	
0.00187068	-nan	0.617542	0.361672	1	1	1	1	1	1	0.0890204	0.617542	0.617542	1	1	
0.00194089	-nan	0.61944	0.363182	1	1	1	1	1	1	0.0890218	0.61944	0.61944	1	1	
0.00201372	-nan	0.621368	0.364718	1	1	1	1	1	1	0.0890232	0.621368	0.621368	1	1	
0.0020893	-nan	0.623327	0.366279	1	1	1	1	1	1	0.0890247	0.623327	0.623327	1	1	
0.0021677	-nan	0.625318	0.367866	1	1	1	1	1	1	0.0890262	0.625318	0.625318	1	1	
0.00224905	-nan	0.627341	0.369481	1	1	1	1	1	1	0.0890278	0.627341	0.627341	1	1	
0.00233346	-nan	0.629396	0.371124	1	1	1	1	1	1	0.0890295	0.629396	0.629396	1	1	
0.00242103	-nan	0.631484	0.372795	1	1	1	1	1	1	0.0890313	0.631484	0.631484	1	1	
0.00251189	-nan	0.633606	0.374496	1	1	1	1	1	1	0.0890332	0.633606	0.633606	1	1	
0.00260615	-nan	0.63576	0.376227	1	1	1	1	1	1	0.0890351	0.63576	0.63576	1	1	
0.00270396	-nan	0.637949	0.377989	1	1	1	1	1	1	0.0890372	0.637949	0.637949	1	1	
0.00280543	-nan	0.640173	0.379784	1	1	1	1	1	1	0.0890393	0.640173	0.640173	1	1	
0.00291072	-nan	0.642431	0.381613	1	1	1	1	1	1	0.0890415	0.642431	0.642431	1	1	
0.00301995	-nan	0.644725	0.383475	1	1	1	1	1	1	0.0890439	0.644725	0.644725	1	1	
0.00313329	-nan	0.647055	0.385373	1	1	1	1	1	1	0.0890463	0.647055	0.647055	1	1	
0.00325087	-nan	0.64942	0.387307	1	1	1	1	1	1	0.0890489	0.64942	0.64942	1	1	
0.00337287	-nan	0.651823	0.389279	1	1	1	1	1	1	0.0890516	0.651823	0.651823	1	1	
0.00349945	-nan	0.654262	0.39129	1	1	1	1	1	1	0.0890544	0.654262	0.654262	1	1	
0.00363078	-nan	0.65674	0.39334	1	1	1	1	1	1	0.0890574	0.65674	0.65674	1	1	
0.00376704	-nan	0.659255	0.395432	1	1	1	1	1	1	0.0890605	0.659255	0.659255	1	1	
0.00390841	-nan	0.661808	0.397566	1	1	1	1	1	1	0.0890637	0.661808	0.661808	1	1	
0.00405509	-nan	0.6644	0.399744	1	1	1	1	1	1	0.0890671	0.6644	0.6644	1	1	
0.00420727	-nan	0.667031	0.401968	1	1	1	1	1	1	0.0890707	0.667031	0.667031	1	1	
0.00436516	-nan	0.669702	0.404238	1	1	1	1	1	1	0.0890744	0.669702	0.669702	1	1	
0.00452898	-nan	0.672413	0.406557	1	1	1	1	1	1	0.0890783	0.672413	0.672413	1	1	
0.00469894	-nan	0.675164	0.408925	1	1	1	1	1	1	0.0890824	0.675164	0.675164	1	1	
0.00487528	-nan	0.677956	0.411345	1	1	1	1	1	1	0.0890867	0.677956	0.677956	1	1	
0.00505825	-nan	0.680788	0.413817	1	1	1	1	1	1	0.0890912	0.680788	0.680788	1	1	
0.00524807	-nan	0.683663	0.416345	1	1	1	1	1	1	0.089096	0.683663	0.683663	1	1	
0.00544503	-nan	0.686578	0.41893	1	1	1	1	1	1	0.0891009	0.686578	0.686578	1	1	
0.00564937	-nan	0.689536	0.421573	1	1	1	1	1	1	0.0891061	0.689536	0.689536	1	1	
0.00586138	-nan	0.692537	0.424277	1	1	1	1	1	1	0.0891115	0.692537	0.692537	1	1	
0.00608135	-nan	0.695579	0.427043	1	1	1	1	1	1	0.0891172	0.695579	0.695579	1	1	
0.00630957	-nan	0.698665	0.429875	1	1	1	1	1	1	0.0891232	0.698665	0.698665	1	1	
0.00654636	-nan	0.701794	0.432773	1	1	1	1	1	1	0.0891295	0.701794	0.701794	1	1	
0.00679204	-nan	0.704967	0.43574	1	1	1	1	1	1	0.0891361	0.704967	0.704967	1	1	
0.00704693	-nan	0.708183	0.43878	1	1	1	1	1	1	0.089143	0.708183	0.708183	1	1	
0.00731139	-nan	0.711443	0.441893	1	1	1	1	1	1	0.0891503	0.711443	0.711443	1	1	
0.00758578	-nan	0.714747	0.445083	1	1	1	1	1	1	0.0891579	0.714747	0.714747	1	1	
0.00787046	-nan	0.718096	0.448352	1	1	1	1	1	1	0.0891658	0.718096	0.718096	1	1	
0.00816582	-nan	0.721488	0.451703	1	1	1	1	1	1	0.0891742	0.721488	0.721488	1	1	
0.00847227	-nan	0.724926	0.455139	1	1	1	1	1	1	0.089183	0.724926	0.724926	1	1	
0.00879023	-nan	0.728408	0.458663	1	1	1	1	1	1	0.0891922	0.728408	0.728408	1	1	
0.00912011	-nan	0.731934	0.462278	1	1	1	1	1	1	0.0892019	0.731934	0.731934	1	1	
0.00946237	-nan	0.735506	0.465987	1	1	1	1	1	1	0.089212	0.735506	0.735506	1	1	
0.00981748	-nan	0.739122	0.469794	1	1	1	1	1	1	0.0892227	0.739122	0.739122	1	1	
0.0101859	-nan	0.742783	0.473702	1	1	1	1	1	1	0.0892339	0.742783	0.742783	1	1	
0.0105682	-nan	0.746488	0.477714	1	1	1	1	1	1	0.0892456	0.746488	0.746488	1	1	
0.0109648	-nan	0.750238	0.481834	1	1	1	1	1	1	0.089258	0.750238	0.750238	1	1	
0.0113763	-nan	0.754032	0.486066	1	1	1	1	1	1	0.0892709	0.754032	0.754032	1	1	
0.0118032	-nan	0.75787	0.490415	1	1	1	1	1	1	0.0892846	0.75787	0.75787	1	1	
0.0122462	-nan	0.761753	0.494883	1	1	1	1	1	1	0.0892989	0.761753	0.761753	1	1	
0.0127057	-nan	0.765679	0.499476	1	1	1	1	1	1	0.0893139	0.765679	0.765679	1	1	
0.0131826	-nan	0.769648	0.504198	1	1	1	1	1	1	0.0893296	0.769648	0.769648	1	1	
0.0136773	-nan	0.773661	0.509054	1	1	1	1	1	1	0.0893462	0.773661	0.773661	1	1	
0.0141906	-nan	0.777715	0.514048	1	1	1	1	1	1	0.0893636	0.777715	0.777715	1	1	
0.0147231	-nan	0.781812	0.519185	1	1	1	1	1	1	0.0893819	0.781812	0.781812	1	1	
0.0152757	-nan	0.785951	0.524471	1	1	1	1	1	1	0.0894012	0.785951	0.785951	1	1	
0.0158489	-nan	0.79013	0.52991	1	1	1	1	1	1	0.0894214	0.79013	0.79013	1	1	
0.0164437	-nan	0.794349	0.535509	1	1	1	1	1	1	0.0894427	0.794349	0.794349	1	1	
0.0170608	-nan	0.798608	0.541273	1	1	1	1	1	1	0.089465	0.798608	0.798608	1	1	
0.0177011	-nan	0.802906	0.547208	1	1	1	1	1	1	0.0894885	0.802906	0.802906	1	1	
0.0183654	-nan	0.807241	0.55332	1	1	1	1	1	1	0.0895132	0.807241	0.807241	1	1	
0.0190546	-nan	0.811613	0.559615	1	1	1	1	1	1	0.0895392	0.811613	0.811613	1	1	
0.0197697	-nan	0.81602	0.5661	1	1	1	1	1	1	0.0895666	0.81602	0.81602	1	1	
0.0205116	-nan	0.820463	0.572782	1	1	1	1	1	1	0.0895954	0.820463	0.820463	1	1	
0.0212814	-nan	0.824938	0.579668	1	1	1	1	1	1	0.0896256	0.824938	0.824938	1	1	
0.02208	-nan	0.829445	0.586764	1	1	1	1	1	1	0.0896575	0.829445	0.829445	1	1	
0.0229087	-nan	0.833983	0.594079	1	1	1	1	1	1	0.089691	0.833983	0.833983	1	1	
0.0237684	-nan	0.838549	0.601619	1	1	1	1	1	1	0.0897264	0.838549	0.838549	1	1	
0.0246604	-nan	0.843143	0.609394	1	1	1	1	1	1	0.0897636	0.843143	0.843143	1	1	
0.0255859	-nan	0.847762	0.61741	1	1	1	1	1	1	0.0898027	0.847762	0.847762	1	1	
0.0265461	-nan	0.852404	0.625676	1	1	1	1	1	1	0.089844	0.852404	0.852404	1	1	
0.0275423	-nan	0.857068	0.634202	1	1	1	1	1	1	0.0898875	0.857068	0.857068	1	1	
0.0285759	-nan	0.861751	0.642995	1	1	1	1	1	1	0.0899333	0.861751	0.861751	1	1	
0.0296483	-nan	0.866451	0.652064	1	1	1	1	1	1	0.0899816	0.866451	0.866451	1	1	
0.030761	-nan	0.871165	0.661419	1	1	1	1	1	1	0.0900325	0.871165	0.871165	1	1	
0.0319154	-nan	0.87589	0.67107	1	1	1	1	1	1	0.0900862	0.87589	0.87589	1	1	
0.0331131	-nan	0.880624	0.681025	1	1	1	1	1	1	0.0901428	0.880624	0.880624	1	1	
0.0343558	-nan	0.885364	0.691294	1	1	1	1	1	1	0.0902026	0.885364	0.885364	1	1	
0.0356451	-nan	0.890106	0.701888	1	1	1	1	1	1	0.0902657	0.890106	0.890106	1	1	
0.0369828	-nan	0.894847	0.712817	1	1	1	1	1	1	0.0903322	0.894847	0.894847	1	1	
0.0383707	-nan	0.899583	0.72409	1	1	1	1	1	1	0.0904026	0.899583	0.899583	1	1	
0.0398107	-nan	0.904311	0.735718	1	1	1	1	1	1	0.0904768	0.904311	0.904311	1	1	
0.0413048	-nan	0.909026	0.747711	1	1	1	1	1	1	0.0905553	0.909026	0.909026	1	1	
0.0428549	-nan	0.913723	0.760079	1	1	1	1	1	1	0.0906383	0.913723	0.913723	1	1	
0.0444631	-nan	0.918399	0.772833	1	1	1	1	1	1	0.090726	0.918399	0.918399	1	1	
0.0461318	-nan	0.923049	0.785982	1	1	1	1	1	1	0.0908188	0.923049	0.923049	1	1	
0.047863	-nan	0.927666	0.799537	1	1	1	1	1	1	0.090917	0.927666	0.927666	1	1	
0.0496592	-nan	0.932247	0.813506	1	1	1	1	1	1	0.091021	0.932247	0.932247	1	1	
0.0515229	-nan	0.936784	0.827899	1	1	1	1	1	1	0.0911311	0.936784	0.936784	1	1	
0.0534564	-nan	0.941272	0.842725	1	1	1	1	1	1	0.0912478	0.941272	0.941272	1	1	
0.0554626	-nan	0.945704	0.857992	1	1	1	1	1	1	0.0913714	0.945704	0.945704	1	1	
0.057544	-nan	0.950074	0.873706	1	1	1	1	1	1	0.0915026	0.950074	0.950074	1	1	
0.0597035	-nan	0.954374	0.889874	1	1	1	1	1	1	0.0916418	0.954374	0.954374	1	1	
0.0619441	-nan	0.958598	0.906501	1	1	1	1	1	1	0.0917896	0.958598	0.958598	1	1	
0.0642688	-nan	0.962736	0.92359	1	1	1	1	1	1	0.0919466	0.962736	0.962736	1	1	
0.0666807	-nan	0.966782	0.941143	1	1	1	1	1	1	0.0921134	0.966782	0.966782	1	1	
0.0691831	-nan	0.970726	0.959159	1	1	1	1	1	1	0.0922909	0.970726	0.970726	1	1	
0.0717794	-nan	0.974559	0.977636	1	1	1	1	1	1	0.0924798	0.974559	0.974559	1	1	
0.0744732	-nan	0.978273	0.996567	1	1	1	1	1	1	0.092681	0.978273	0.978273	1	1	
0.0772681	-nan	0.981857	1.01594	1	1	1	1	1	1	0.0928954	0.981857	0.981857	1	1	
0.0801678	-nan	0.985302	1.03575	1	1	1	1	1	1	0.0931241	0.985302	0.985302	1	1	
0.0831764	-nan	0.988597	1.05597	1	1	1	1	1	1	0.0933683	0.988597	0.988597	1	1	
0.0862979	-nan	0.991732	1.07658	1	1	1	1	1	1	0.093629	0.991732	0.991732	1	1	
0.0895365	-nan	0.994696	1.09755	1	1	1	1	1	1	0.0939078	0.994696	0.994696	1	1	
0.0928966	-nan	0.997479	1.11885	1	1	1	1	1	1	0.0942062	0.997479	0.997479	1	1	
0.0963829	-nan	1.00007	1.14043	1	1	1	1	1	1	0.0945258	1.00007	1.00007	1	1	
0.1	-nan	1.00246	1.16225	1	1	1	1	1	1	0.0948685	1.00246	1.00246	1	1	
0.103614	-nan	1.00456	1.18344	1	1	1	1	1	1	0.0952225	1.00456	1.00456	1	1	
0.107229	-nan	1.00639	1.20401	1	1	1	1	1	1	0.0955884	1.00639	1.00639	1	1	
0.110843	-nan	1.00797	1.22394	1	1	1	1	1	1	0.0959665	1.00797	1.00797	1	1	
0.114458	-nan	1.00931	1.24321	1	1	1	1	1	1	0.0963572	1.00931	1.00931	1	1	
0.118072	-nan	1.01044	1.26181	1	1	1	1	1	1	0.0967608	1.01044	1.01044	1	1	
0.121687	-nan	1.01135	1.27974	1	1	1	1	1	1	0.0971778	1.01135	1.01135	1	1	
0.125301	-nan	1.01208	1.297	1	1	1	1	1	1	0.0976084	1.01208	1.01208	1	1	
0.128916	-nan	1.01262	1.31357	1	1	1	1	1	1	0.0980532	1.01262	1.01262	1	1	
0.13253	-nan	1.013	1.32947	1	1	1	1	1	1	0.0985124	1.013	1.013	1	1	
0.136145	-nan	1.01322	1.3447	1	1	1	1	1	1	0.0989866	1.01322	1.01322	1	1	
0.139759	-nan	1.0133	1.35928	1	1	1	1	1	1	0.0994762	1.0133	1.0133	1	1	
0.143373	-nan	1.01325	1.37321	1	1	1	1	1	1	0.0999816	1.01325	1.01325	1	1	
0.146988	-nan	1.01307	1.38651	1	1	1	1	1	1	0.100503	1.01307	1.01307	1	1	
0.150602	-nan	1.01278	1.39921	1	1	1	1	1	1	0.101042	1.01278	1.01278	1	1	
0.154217	-nan	1.01239	1.41132	1	1	1	1	1	1	0.101598	1.01239	1.01239	1	1	
0.157831	-nan	1.0119	1.42287	1	1	1	1	1	1	0.102171	1.0119	1.0119	1	1	
0.161446	-nan	1.01133	1.43389	1	1	1	1	1	1	0.102763	1.01133	1.01133	1	1	
0.16506	-nan	1.01068	1.44439	1	1	1	1	1	1	0.103374	1.01068	1.01068	1	1	
0.168675	-nan	1.00997	1.45441	1	1	1	1	1	1	0.104004	1.00997	1.00997	1	1	
0.172289	-nan	1.00919	1.46397	1	1	1	1	1	1	0.104655	1.00919	1.00919	1	1	
0.175904	-nan	1.00835	1.47311	1	1	1	1	1	1	0.105326	1.00835	1.00835	1	1	
0.179518	-nan	1.00746	1.48184	1	1	1	1	1	1	0.106018	1.00746	1.00746	1	1	
0.183133	-nan	1.00653	1.4902	1	1	1	1	1	1	0.106732	1.00653	1.00653	1	1	
0.186747	-nan	1.00556	1.49821	1	1	1	1	1	1	0.107468	1.00556	1.00556	1	1	
0.190361	-nan	1.00455	1.50589	1	1	1	1	1	1	0.108228	1.00455	1.00455	1	1	
0.193976	-nan	1.00352	1.51328	1	1	1	1	1	1	0.109011	1.00352	1.00352	1	1	
0.19759	-nan	1.00246	1.52039	1	1	1	1	1	1	0.109819	1.00246	1.00246	1	1	
0.201205	-nan	1.00137	1.52725	1	1	1	1	1	1	0.110652	1.00137	1.00137	1	1	
0.204819	-nan	1.00027	1.53388	1	1	1	1	1	1	0.111511	1.00027	1.00027	1	1	
0.208434	-nan	0.999147	1.54029	1	1	1	1	1	1	0.112397	0.999147	0.999147	1	1	
0.212048	-nan	0.998012	1.54652	1	1	1	1	1	1	0.11331	0.998012	0.998012	1	1	
0.215663	-nan	0.996864	1.55256	1	1	1	1	1	1	0.114251	0.996864	0.996864	1	1	
0.219277	-nan	0.995705	1.55845	1	1	1	1	1	1	0.115221	0.995705	0.995705	1	1	
0.222892	-nan	0.994537	1.5642	1	1	1	1	1	1	0.116221	0.994537	0.994537	1	1	
0.226506	-nan	0.993362	1.56981	1	1	1	1	1	1	0.117252	0.993362	0.993362	1	1	
0.23012	-nan	0.992179	1.57531	1	1	1	1	1	1	0.118314	0.992179	0.992179	1	1	
0.233735	-nan	0.990991	1.58071	1	1	1	1	1	1	0.119409	0.990991	0.990991	1	1	
0.237349	-nan	0.989797	1.58601	1	1	1	1	1	1	0.120536	0.989797	0.989797	1	1	
0.240964	-nan	0.988597	1.59122	1	1	1	1	1	1	0.121698	0.988597	0.988597	1	1	
0.244578	-nan	0.987393	1.59636	1	1	1	1	1	1	0.122894	0.987393	0.987393	1	1	
0.248193	-nan	0.986184	1.60144	1	1	1	1	1	1	0.124127	0.986184	0.986184	1	1	
0.251807	-nan	0.984971	1.60645	1	1	1	1	1	1	0.125396	0.984971	0.984971	1	1	
0.255422	-nan	0.983752	1.61142	1	1	1	1	1	1	0.126703	0.983752	0.983752	1	1	
0.259036	-nan	0.982529	1.61633	1	1	1	1	1	1	0.128049	0.982529	0.982529	1	1	
0.262651	-nan	0.981301	1.62121	1	1	1	1	1	1	0.129435	0.981301	0.981301	1	1	
0.266265	-nan	0.980067	1.62605	1	1	1	1	1	1	0.130861	0.980067	0.980067	1	1	
0.26988	-nan	0.978828	1.63086	1	1	1	1	1	1	0.132329	0.978828	0.978828	1	1	
0.273494	-nan	0.977582	1.63564	1	1	1	1	1	1	0.13384	0.977582	0.977582	1	1	
0.277108	-nan	0.976331	1.64039	1	1	1	1	1	1	0.135395	0.976331	0.976331	1	1	
0.280723	-nan	0.975073	1.64512	1	1	1	1	1	1	0.136994	0.975073	0.975073	1	1	
0.284337	-nan	0.973808	1.64983	1	1	1	1	1	1	0.13864	0.973808	0.973808	1	1	
0.287952	-nan	0.972536	1.65453	1	1	1	1	1	1	0.140332	0.972536	0.972536	1	1	
0.291566	-nan	0.971257	1.65921	1	1	1	1	1	1	0.142072	0.971257	0.971257	1	1	
0.295181	-nan	0.96997	1.66387	1	1	1	1	1	1	0.143862	0.96997	0.96997	1	1	
0.298795	-nan	0.968676	1.66853	1	1	1	1	1	1	0.145702	0.968676	0.968676	1	1	
0.30241	-nan	0.967374	1.67317	1	1	1	1	1	1	0.147593	0.967374	0.967374	1	1	
0.306024	-nan	0.966063	1.6778	1	1	1	1	1	1	0.149536	0.966063	0.966063	1	1	
0.309639	-nan	0.964745	1.68242	1	1	1	1	1	1	0.151534	0.964745	0.964745	1	1	
0.313253	-nan	0.963418	1.68702	1	1	1	1	1	1	0.153585	0.963418	0.963418	1	1	
0.316867	-nan	0.962084	1.69162	1	1	1	1	1	1	0.155693	0.962084	0.962084	1	1	
0.320482	-nan	0.960741	1.69621	1	1	1	1	1	1	0.157857	0.960741	0.960741	1	1	
0.324096	-nan	0.95939	1.7008	1	1	1	1	1	1	0.160079	0.95939	0.95939	1	1	
0.327711	-nan	0.958032	1.70537	1	1	1	1	1	1	0.162361	0.958032	0.958032	1	1	
0.331325	-nan	0.956665	1.70993	1	1	1	1	1	1	0.164702	0.956665	0.956665	1	1	
0.33494	-nan	0.955291	1.71448	1	1	1	1	1	1	0.167105	0.955291	0.955291	1	1	
0.338554	-nan	0.95391	1.71902	1	1	1	1	1	1	0.16957	0.95391	0.95391	1	1	
0.342169	-nan	0.952522	1.72356	1	1	1	1	1	1	0.172098	0.952522	0.952522	1	1	
0.345783	-nan	0.951127	1.72808	1	1	1	1	1	1	0.174691	0.951127	0.951127	1	1	
0.349398	-nan	0.949726	1.73259	1	1	1	1	1	1	0.177349	0.949726	0.949726	1	1	
0.353012	-nan	0.948318	1.73709	1	1	1	1	1	1	0.180074	0.948318	0.948318	1	1	
0.356627	-nan	0.946905	1.74158	1	1	1	1	1	1	0.182867	0.946905	0.946905	1	1	
0.360241	-nan	0.945487	1.74606	1	1	1	1	1	1	0.185727	0.945487	0.945487	1	1	
0.363855	-nan	0.944063	1.75052	1	1	1	1	1	1	0.188658	0.944063	0.944063	1	1	
0.36747	-nan	0.942635	1.75497	1	1	1	1	1	1	0.191659	0.942635	0.942635	1	1	
0.371084	-nan	0.941203	1.75941	1	1	1	1	1	1	0.194731	0.941203	0.941203	1	1	
0.374699	-nan	0.939767	1.76384	1	1	1	1	1	1	0.197875	0.939767	0.939767	1	1	
0.378313	-nan	0.938329	1.76825	1	1	1	1	1	1	0.201092	0.938329	0.938329	1	1	
0.381928	-nan	0.936887	1.77264	1	1	1	1	1	1	0.204383	0.936887	0.936887	1	1	
0.385542	-nan	0.935443	1.77702	1	1	1	1	1	1	0.207749	0.935443	0.935443	1	1	
0.389157	-nan	0.933998	1.78138	1	1	1	1	1	1	0.21119	0.933998	0.933998	1	1	
0.392771	-nan	0.932551	1.78573	1	1	1	1	1	1	0.214708	0.932551	0.932551	1	1	
0.396386	-nan	0.931103	1.79006	1	1	1	1	1	1	0.218302	0.931103	0.931103	1	1	
0.4	-nan	0.929655	1.79438	1	1	1	1	1	1	0.221973	0.929655	0.929655	1	1	
0.403614	-nan	0.928207	1.79867	1	1	1	1	1	1	0.225722	0.928207	0.928207	1	1	
0.407229	-nan	0.92676	1.80295	1	1	1	1	1	1	0.22955	0.92676	0.92676	1	1	
0.410843	-nan	0.925313	1.80721	1	1	1	1	1	1	0.233457	0.925313	0.925313	1	1	
0.414458	-nan	0.923869	1.81146	1	1	1	1	1	1	0.237443	0.923869	0.923869	1	1	
0.418072	-nan	0.922426	1.81568	1	1	1	1	1	1	0.241509	0.922426	0.922426	1	1	
0.421687	-nan	0.920985	1.81988	1	1	1	1	1	1	0.245655	0.920985	0.920985	1	1	
0.425301	-nan	0.919548	1.82407	1	1	1	1	1	1	0.249881	0.919548	0.919548	1	1	
0.428916	-nan	0.918114	1.82823	1	1	1	1	1	1	0.254187	0.918114	0.918114	1	1	
0.43253	-nan	0.916683	1.83238	1	1	1	1	1	1	0.258574	0.916683	0.916683	1	1	
0.436145	-nan	0.915256	1.8365	1	1	1	1	1	1	0.263042	0.915256	0.915256	1	1	
0.439759	-nan	0.913834	1.84061	1	1	1	1	1	1	0.26759	0.913834	0.913834	1	1	
0.443373	-nan	0.912417	1.84469	1	1	1	1	1	1	0.272219	0.912417	0.912417	1	1	
0.446988	-nan	0.911005	1.84876	1	1	1	1	1	1	0.276928	0.911005	0.911005	1	1	
0.450602	-nan	0.909599	1.8528	1	1	1	1	1	1	0.281718	0.909599	0.909599	1	1	
0.454217	-nan	0.908198	1.85682	1	1	1	1	1	1	0.286587	0.908198	0.908198	1	1	
0.457831	-nan	0.906804	1.86082	1	1	1	1	1	1	0.291536	0.906804	0.906804	1	1	
0.461446	-nan	0.905417	1.8648	1	1	1	1	1	1	0.296565	0.905417	0.905417	1	1	
0.46506	-nan	0.904036	1.86876	1	1	1	1	1	1	0.301672	0.904036	0.904036	1	1	
0.468675	-nan	0.902663	1.87269	1	1	1	1	1	1	0.306858	0.902663	0.902663	1	1	
0.472289	-nan	0.901297	1.87661	1	1	1	1	1	1	0.312121	0.901297	0.901297	1	1	
0.475904	-nan	0.899939	1.8805	1	1	1	1	1	1	0.317461	0.899939	0.899939	1	1	
0.479518	-nan	0.898588	1.88437	1	1	1	1	1	1	0.322877	0.898588	0.898588	1	1	
0.483133	-nan	0.897247	1.88822	1	1	1	1	1	1	0.328369	0.897247	0.897247	1	1	
0.486747	-nan	0.895913	1.89204	1	1	1	1	1	1	0.333935	0.895913	0.895913	1	1	
0.490361	-nan	0.894589	1.89585	1	1	1	1	1	1	0.339575	0.894589	0.894589	1	1	
0.493976	-nan	0.893273	1.89963	1	1	1	1	1	1	0.345288	0.893273	0.893273	1	1	
0.49759	-nan	0.891967	1.90339	1	1	1	1	1	1	0.351072	0.891967	0.891967	1	1	
0.501205	-nan	0.89067	1.90713	1	1	1	1	1	1	0.356926	0.89067	0.89067	1	1	
0.504819	-nan	0.889383	1.91085	1	1	1	1	1	1	0.36285	0.889383	0.889383	1	1	
0.508434	-nan	0.888105	1.91454	1	1	1	1	1	1	0.368841	0.888105	0.888105	1	1	
0.512048	-nan	0.886837	1.91821	1	1	1	1	1	1	0.374899	0.886837	0.886837	1	1	
0.515663	-nan	0.885579	1.92186	1	1	1	1	1	1	0.381023	0.885579	0.885579	1	1	
0.519277	-nan	0.884332	1.92549	1	1	1	1	1	1	0.38721	0.884332	0.884332	1	1	
0.522892	-nan	0.883094	1.9291	1	1	1	1	1	1	0.393459	0.883094	0.883094	1	1	
0.526506	-nan	0.881868	1.93268	1	1	1	1	1	1	0.39977	0.881868	0.881868	1	1	
0.53012	-nan	0.880651	1.93625	1	1	1	1	1	1	0.406139	0.880651	0.880651	1	1	
0.533735	-nan	0.879446	1.93979	1	1	1	1	1	1	0.412566	0.879446	0.879446	1	1	
0.537349	-nan	0.878251	1.94331	1	1	1	1	1	1	0.419049	0.878251	0.878251	1	1	
0.540964	-nan	0.877067	1.94681	1	1	1	1	1	1	0.425587	0.877067	0.877067	1	1	
0.544578	-nan	0.875893	1.95029	1	1	1	1	1	1	0.432176	0.875893	0.875893	1	1	
0.548193	-nan	0.874731	1.95374	1	1	1	1	1	1	0.438817	0.874731	0.874731	1	1	
0.551807	-nan	0.87358	1.95718	1	1	1	1	1	1	0.445506	0.87358	0.87358	1	1	
0.555422	-nan	0.87244	1.96059	1	1	1	1	1	1	0.452242	0.87244	0.87244	1	1	
0.559036	-nan	0.871311	1.96398	1	1	1	1	1	1	0.459024	0.871311	0.871311	1	1	
0.562651	-nan	0.870193	1.96736	1	1	1	1	1	1	0.465848	0.870193	0.870193	1	1	
0.566265	-nan	0.869087	1.97071	1	1	1	1	1	1	0.472714	0.869087	0.869087	1	1	
0.56988	-nan	0.867991	1.97404	1	1	1	1	1	1	0.47962	0.867991	0.867991	1	1	
0.573494	-nan	0.866907	1.97735	1	1	1	1	1	1	0.486562	0.866907	0.866907	1	1	
0.577108	-nan	0.865835	1.98064	1	1	1	1	1	1	0.49354	0.865835	0.865835	1	1	
0.580723	-nan	0.864773	1.98391	1	1	1	1	1	1	0.500552	0.864773	0.864773	1	1	
0.584337	-nan	0.863723	1.98716	1	1	1	1	1	1	0.507595	0.863723	0.863723	1	1	
0.587952	-nan	0.862684	1.99039	1	1	1	1	1	1	0.514668	0.862684	0.862684	1	1	
0.591566	-nan	0.861657	1.9936	1	1	1	1	1	1	0.521767	0.861657	0.861657	1	1	
0.595181	-nan	0.860641	1.99678	1	1	1	1	1	1	0.528893	0.860641	0.860641	1	1	
0.598795	-nan	0.859636	1.99995	1	1	1	1	1	1	0.536042	0.859636	0.859636	1	1	
0.60241	-nan	0.858642	2.00311	1	1	1	1	1	1	0.543212	0.858642	0.858642	1	1	
0.606024	-nan	0.857659	2.00624	1	1	1	1	1	1	0.550401	0.857659	0.857659	1	1	
0.609639	-nan	0.856688	2.00935	1	1	1	1	1	1	0.557608	0.856688	0.856688	1	1	
0.613253	-nan	0.855728	2.01244	1	1	1	1	1	1	0.564831	0.855728	0.855728	1	1	
0.616867	-nan	0.854779	2.01551	1	1	1	1	1	1	0.572067	0.854779	0.854779	1	1	
0.620482	-nan	0.853841	2.01857	1	1	1	1	1	1	0.579314	0.853841	0.853841	1	1	
0.624096	-nan	0.852915	2.02161	1	1	1	1	1	1	0.586572	0.852915	0.852915	1	1	
0.627711	-nan	0.851999	2.02462	1	1	1	1	1	1	0.593836	0.851999	0.851999	1	1	
0.631325	-nan	0.851094	2.02762	1	1	1	1	1	1	0.601107	0.851094	0.851094	1	1	
0.63494	-nan	0.850201	2.0306	1	1	1	1	1	1	0.608382	0.850201	0.850201	1	1	
0.638554	-nan	0.849318	2.03357	1	1	1	1	1	1	0.615659	0.849318	0.849318	1	1	
0.642169	-nan	0.848446	2.03651	1	1	1	1	1	1	0.622936	0.848446	0.848446	1	1	
0.645783	-nan	0.847585	2.03944	1	1	1	1	1	1	0.630211	0.847585	0.847585	1	1	
0.649398	-nan	0.846734	2.04235	1	1	1	1	1	1	0.637484	0.846734	0.846734	1	1	
0.653012	-nan	0.845894	2.04524	1	1	1	1	1	1	0.644751	0.845894	0.845894	1	1	
0.656627	-nan	0.845065	2.04811	1	1	1	1	1	1	0.652012	0.845065	0.845065	1	1	
0.660241	-nan	0.844246	2.05097	1	1	1	1	1	1	0.659264	0.844246	0.844246	1	1	
0.663855	-nan	0.843438	2.05381	1	1	1	1	1	1	0.666507	0.843438	0.843438	1	1	
0.66747	-nan	0.84264	2.05663	1	1	1	1	1	1	0.673738	0.84264	0.84264	1	1	
0.671084	-nan	0.841853	2.05944	1	1	1	1	1	1	0.680956	0.841853	0.841853	1	1	
0.674699	-nan	0.841076	2.06223	1	1	1	1	1	1	0.688159	0.841076	0.841076	1	1	
0.678313	-nan	0.840309	2.065	1	1	1	1	1	1	0.695346	0.840309	0.840309	1	1	
0.681928	-nan	0.839552	2.06775	1	1	1	1	1	1	0.702516	0.839552	0.839552	1	1	
0.685542	-nan	0.838805	2.07049	1	1	1	1	1	1	0.709666	0.838805	0.838805	1	1	
0.689157	-nan	0.838068	2.07322	1	1	1	1	1	1	0.716796	0.838068	0.838068	1	1	
0.692771	-nan	0.837341	2.07592	1	1	1	1	1	1	0.723905	0.837341	0.837341	1	1	
0.696386	-nan	0.836624	2.07862	1	1	1	1	1	1	0.73099	0.836624	0.836624	1	1	
0.7	-nan	0.835917	2.08129	1	1	1	1	1	1	0.738052	0.835917	0.835917	1	1	
0.703614	-nan	0.835219	2.08395	1	1	1	1	1	1	0.745088	0.835219	0.835219	1	1	
0.707229	-nan	0.834531	2.08659	1	1	1	1	1	1	0.752097	0.834531	0.834531	1	1	
0.710843	-nan	0.833852	2.08922	1	1	1	1	1	1	0.759079	0.833852	0.833852	1	1	
0.714458	-nan	0.833183	2.09184	1	1	1	1	1	1	0.766031	0.833183	0.833183	1	1	
0.718072	-nan	0.832523	2.09443	1	1	1	1	1	1	0.772954	0.832523	0.832523	1	1	
0.721687	-nan	0.831873	2.09702	1	1	1	1	1	1	0.779846	0.831873	0.831873	1	1	
0.725301	-nan	0.831232	2.09959	1	1	1	1	1	1	0.786706	0.831232	0.831232	1	1	
0.728916	-nan	0.830599	2.10214	1	1	1	1	1	1	0.793533	0.830599	0.830599	1	1	
0.73253	-nan	0.829976	2.10468	1	1	1	1	1	1	0.800327	0.829976	0.829976	1	1	
0.736145	-nan	0.829362	2.1072	1	1	1	1	1	1	0.807086	0.829362	0.829362	1	1	
0.739759	-nan	0.828757	2.10971	1	1	1	1	1	1	0.813809	0.828757	0.828757	1	1	
0.743373	-nan	0.82816	2.11221	1	1	1	1	1	1	0.820496	0.82816	0.82816	1	1	
0.746988	-nan	0.827572	2.11469	1	1	1	1	1	1	0.827147	0.827572	0.827572	1	1	
0.750602	-nan	0.826993	2.11715	1	1	1	1	1	1	0.833759	0.826993	0.826993	1	1	
0.754217	-nan	0.826423	2.11961	1	1	1	1	1	1	0.840334	0.826423	0.826423	1	1	
0.757831	-nan	0.82586	2.12205	1	1	1	1	1	1	0.846869	0.82586	0.82586	1	1	
0.761446	-nan	0.825307	2.12447	1	1	1	1	1	1	0.853365	0.825307	0.825307	1	1	
0.76506	-nan	0.824761	2.12688	1	1	1	1	1	1	0.85982	0.824761	0.824761	1	1	
0.768675	-nan	0.824224	2.12928	1	1	1	1	1	1	0.866235	0.824224	0.824224	1	1	
0.772289	-nan	0.823695	2.13167	1	1	1	1	1	1	0.872608	0.823695	0.823695	1	1	
0.775904	-nan	0.823174	2.13404	1	1	1	1	1	1	0.87894	0.823174	0.823174	1	1	
0.779518	-nan	0.82266	2.13639	1	1	1	1	1	1	0.88523	0.82266	0.82266	1	1	
0.783133	-nan	0.822155	2.13874	1	1	1	1	1	1	0.891477	0.822155	0.822155	1	1	
0.786747	-nan	0.821658	2.14107	1	1	1	1	1	1	0.897681	0.821658	0.821658	1	1	
0.790361	-nan	0.821168	2.14339	1	1	1	1	1	1	0.903842	0.821168	0.821168	1	1	
0.793976	-nan	0.820686	2.1457	1	1	1	1	1	1	0.90996	0.820686	0.820686	1	1	
0.79759	-nan	0.820212	2.14799	1	1	1	1	1	1	0.916033	0.820212	0.820212	1	1	
0.801205	-nan	0.819745	2.15027	1	1	1	1	1	1	0.922062	0.819745	0.819745	1	1	
0.804819	-nan	0.819286	2.15254	1	1	1	1	1	1	0.928047	0.819286	0.819286	1	1	
0.808434	-nan	0.818834	2.1548	1	1	1	1	1	1	0.933987	0.818834	0.818834	1	1	
0.812048	-nan	0.818389	2.15704	1	1	1	1	1	1	0.939882	0.818389	0.818389	1	1	
0.815663	-nan	0.817951	2.15927	1	1	1	1	1	1	0.945732	0.817951	0.817951	1	1	
0.819277	-nan	0.817521	2.16149	1	1	1	1	1	1	0.951537	0.817521	0.817521	1	1	
0.822892	-nan	0.817097	2.1637	1	1	1	1	1	1	0.957296	0.817097	0.817097	1	1	
0.826506	-nan	0.816681	2.1659	1	1	1	1	1	1	0.96301	0.816681	0.816681	1	1	
0.83012	-nan	0.816271	2.16808	1	1	1	1	1	1	0.968679	0.816271	0.816271	1	1	
0.833735	-nan	0.815868	2.17026	1	1	1	1	1	1	0.974302	0.815868	0.815868	1	1	
0.837349	-nan	0.815472	2.17242	1	1	1	1	1	1	0.979879	0.815472	0.815472	1	1	
0.840964	-nan	0.815083	2.17457	1	1	1	1	1	1	0.985411	0.815083	0.815083	1	1	
0.844578	-nan	0.8147	2.1767	1	1	1	1	1	1	0.990897	0.8147	0.8147	1	1	
0.848193	-nan	0.814324	2.17883	1	1	1	1	1	1	0.996337	0.814324	0.814324	1	1	
0.851807	-nan	0.813954	2.18095	1	1	1	1	1	1	1.00173	0.813954	0.813954	1	1	
0.855422	-nan	0.813591	2.18305	1	1	1	1	1	1	1.00708	0.813591	0.813591	1	1	
0.859036	-nan	0.813234	2.18515	1	1	1	1	1	1	1.01239	0.813234	0.813234	1	1	
0.862651	-nan	0.812883	2.18723	1	1	1	1	1	1	1.01764	0.812883	0.812883	1	1	
0.866265	-nan	0.812539	2.1893	1	1	1	1	1	1	1.02286	0.812539	0.812539	1	1	
0.86988	-nan	0.8122	2.19136	1	1	1	1	1	1	1.02802	0.8122	0.8122	1	1	
0.873494	-nan	0.811868	2.19341	1	1	1	1	1	1	1.03315	0.811868	0.811868	1	1	
0.877108	-nan	0.811541	2.19545	1	1	1	1	1	1	1.03822	0.811541	0.811541	1	1	
0.880723	-nan	0.81122	2.19748	1	1	1	1	1	1	1.04326	0.81122	0.81122	1	1	
0.884337	-nan	0.810906	2.1995	1	1	1	1	1	1	1.04825	0.810906	0.810906	1	1	
0.887952	-nan	0.810597	2.20151	1	1	1	1	1	1	1.05319	0.810597	0.810597	1	1	
0.891566	-nan	0.810293	2.2035	1	1	1	1	1	1	1.05809	0.810293	0.810293	1	1	
0.895181	-nan	0.809996	2.20549	1	1	1	1	1	1	1.06294	0.809996	0.809996	1	1	
0.898795	-nan	0.809704	2.20747	1	1	1	1	1	1	1.06775	0.809704	0.809704	1	1	
0.90241	-nan	0.809417	2.20944	1	1	1	1	1	1	1.07252	0.809417	0.809417	1	1	
0.906024	-nan	0.809136	2.21139	1	1	1	1	1	1	1.07725	0.809136	0.809136	1	1	
0.909639	-nan	0.80886	2.21334	1	1	1	1	1	1	1.08193	0.80886	0.80886	1	1	
0.913253	-nan	0.80859	2.21528	1	1	1	1	1	1	1.08656	0.80859	0.80859	1	1	
0.916867	-nan	0.808325	2.21721	1	1	1	1	1	1	1.09116	0.808325	0.808325	1	1	
0.920482	-nan	0.808065	2.21913	1	1	1	1	1	1	1.09571	0.808065	0.808065	1	1	
0.924096	-nan	0.80781	2.22104	1	1	1	1	1	1	1.10022	0.80781	0.80781	1	1	
0.927711	-nan	0.80756	2.22294	1	1	1	1	1	1	1.10469	0.80756	0.80756	1	1	
0.931325	-nan	0.807316	2.22483	1	1	1	1	1	1	1.10911	0.807316	0.807316	1	1	
0.93494	-nan	0.807076	2.22671	1	1	1	1	1	1	1.1135	0.807076	0.807076	1	1	
0.938554	-nan	0.806841	2.22858	1	1	1	1	1	1	1.11784	0.806841	0.806841	1	1	
0.942169	-nan	0.806611	2.23044	1	1	1	1	1	1	1.12214	0.806611	0.806611	1	1	
0.945783	-nan	0.806386	2.23229	1	1	1	1	1	1	1.1264	0.806386	0.806386	1	1	
0.949398	-nan	0.806166	2.23414	1	1	1	1	1	1	1.13062	0.806166	0.806166	1	1	
0.953012	-nan	0.80595	2.23597	1	1	1	1	1	1	1.1348	0.80595	0.80595	1	1	
0.956627	-nan	0.805739	2.2378	1	1	1	1	1	1	1.13895	0.805739	0.805739	1	1	
0.960241	-nan	0.805533	2.23961	1	1	1	1	1	1	1.14305	0.805533	0.805533	1	1	
0.963855	-nan	0.805331	2.24142	1	1	1	1	1	1	1.14711	0.805331	0.805331	1	1	
0.96747	-nan	0.805133	2.24322	1	1	1	1	1	1	1.15113	0.805133	0.805133	1	1	
0.971084	-nan	0.80494	2.24501	1	1	1	1	1	1	1.15512	0.80494	0.80494	1	1	
0.974699	-nan	0.804751	2.24679	1	1	1	1	1	1	1.15906	0.804751	0.804751	1	1	
0.978313	-nan	0.804567	2.24856	1	1	1	1	1	1	1.16297	0.804567	0.804567	1	1	
0.981928	-nan	0.804387	2.25033	1	1	1	1	1	1	1.16684	0.804387	0.804387	1	1	
0.985542	-nan	0.804211	2.25209	1	1	1	1	1	1	1.17067	0.804211	0.804211	1	1	
0.989157	-nan	0.804039	2.25383	1	1	1	1	1	1	1.17447	0.804039	0.804039	1	1	
0.992771	-nan	0.803871	2.25557	1	1	1	1	1	1	1.17823	0.803871	0.803871	1	1	
0.996386	-nan	0.803708	2.2573	1	1	1	1	1	1	1.18195	0.803708	0.803708	1	1	
1	-nan	-nan	-nan	-nan	-nan	-nan	-nan	-nan	-nan	-nan	-nan	-nan	-nan	-nan	
