1e-05	-nan	0.57184	0.360988	1	1	1	1	1	1	1.31487	0.57184	0.57184	1	1	
1.03753e-05	-nan	0.572048	0.361086	1	1	1	1	1	1	1.31399	0.572048	0.572048	1	1	
1.07647e-05	-nan	0.57226	0.361184	1	1	1	1	1	1	1.3131	0.57226	0.57226	1	1	
1.11686e-05	-nan	0.572476	0.361283	1	1	1	1	1	1	1.31219	0.572476	0.572476	1	1	
1.15878e-05	-nan	0.572694	0.361384	1	1	1	1	1	1	1.31127	0.572694	0.572694	1	1	
1.20226e-05	-nan	0.572917	0.361485	1	1	1	1	1	1	1.31034	0.572917	0.572917	1	1	
1.24738e-05	-nan	0.573142	0.361587	1	1	1	1	1	1	1.30939	0.573142	0.573142	1	1	
1.2942e-05	-nan	0.573371	0.361691	1	1	1	1	1	1	1.30843	0.573371	0.573371	1	1	
1.34276e-05	-nan	0.573604	0.361795	1	1	1	1	1	1	1.30745	0.573604	0.573604	1	1	
1.39316e-05	-nan	0.573841	0.361901	1	1	1	1	1	1	1.30646	0.573841	0.573841	1	1	
1.44544e-05	-nan	0.574081	0.362008	1	1	1	1	1	1	1.30545	0.574081	0.574081	1	1	
1.49968e-05	-nan	0.574325	0.362115	1	1	1	1	1	1	1.30443	0.574325	0.574325	1	1	
1.55597e-05	-nan	0.574573	0.362224	1	1	1	1	1	1	1.30339	0.574573	0.574573	1	1	
1.61436e-05	-nan	0.574825	0.362334	1	1	1	1	1	1	1.30234	0.574825	0.574825	1	1	
1.67494e-05	-nan	0.57508	0.362446	1	1	1	1	1	1	1.30127	0.57508	0.57508	1	1	
1.7378e-05	-nan	0.57534	0.362558	1	1	1	1	1	1	1.30019	0.57534	0.57534	1	1	
1.80302e-05	-nan	0.575604	0.362672	1	1	1	1	1	1	1.29909	0.575604	0.575604	1	1	
1.87068e-05	-nan	0.575872	0.362787	1	1	1	1	1	1	1.29797	0.575872	0.575872	1	1	
1.94089e-05	-nan	0.576144	0.362904	1	1	1	1	1	1	1.29684	0.576144	0.576144	1	1	
2.01372e-05	-nan	0.576421	0.363022	1	1	1	1	1	1	1.29569	0.576421	0.576421	1	1	
2.0893e-05	-nan	0.576702	0.363141	1	1	1	1	1	1	1.29452	0.576702	0.576702	1	1	
2.1677e-05	-nan	0.576987	0.363261	1	1	1	1	1	1	1.29334	0.576987	0.576987	1	1	
2.24905e-05	-nan	0.577277	0.363383	1	1	1	1	1	1	1.29214	0.577277	0.577277	1	1	
2.33346e-05	-nan	0.577571	0.363506	1	1	1	1	1	1	1.29092	0.577571	0.577571	1	1	
2.42103e-05	-nan	0.57787	0.363631	1	1	1	1	1	1	1.28968	0.57787	0.57787	1	1	
2.51189e-05	-nan	0.578173	0.363757	1	1	1	1	1	1	1.28842	0.578173	0.578173	1	1	
2.60615e-05	-nan	0.578482	0.363885	1	1	1	1	1	1	1.28715	0.578482	0.578482	1	1	
2.70396e-05	-nan	0.578795	0.364014	1	1	1	1	1	1	1.28586	0.578795	0.578795	1	1	
2.80543e-05	-nan	0.579113	0.364145	1	1	1	1	1	1	1.28455	0.579113	0.579113	1	1	
2.91072e-05	-nan	0.579436	0.364278	1	1	1	1	1	1	1.28322	0.579436	0.579436	1	1	
3.01995e-05	-nan	0.579765	0.364412	1	1	1	1	1	1	1.28187	0.579765	0.579765	1	1	
3.13329e-05	-nan	0.580098	0.364548	1	1	1	1	1	1	1.2805	0.580098	0.580098	1	1	
3.25087e-05	-nan	0.580437	0.364685	1	1	1	1	1	1	1.27911	0.580437	0.580437	1	1	
3.37287e-05	-nan	0.58078	0.364825	1	1	1	1	1	1	1.2777	0.58078	0.58078	1	1	
3.49945e-05	-nan	0.58113	0.364966	1	1	1	1	1	1	1.27627	0.58113	0.58113	1	1	
3.63078e-05	-nan	0.581485	0.365109	1	1	1	1	1	1	1.27482	0.581485	0.581485	1	1	
3.76704e-05	-nan	0.581845	0.365253	1	1	1	1	1	1	1.27335	0.581845	0.581845	1	1	
3.90841e-05	-nan	0.582211	0.3654	1	1	1	1	1	1	1.27186	0.582211	0.582211	1	1	
4.05509e-05	-nan	0.582583	0.365549	1	1	1	1	1	1	1.27035	0.582583	0.582583	1	1	
4.20727e-05	-nan	0.58296	0.365699	1	1	1	1	1	1	1.26881	0.58296	0.58296	1	1	
4.36516e-05	-nan	0.583344	0.365852	1	1	1	1	1	1	1.26726	0.583344	0.583344	1	1	
4.52898e-05	-nan	0.583733	0.366006	1	1	1	1	1	1	1.26568	0.583733	0.583733	1	1	
4.69894e-05	-nan	0.584129	0.366163	1	1	1	1	1	1	1.26408	0.584129	0.584129	1	1	
4.87528e-05	-nan	0.584531	0.366322	1	1	1	1	1	1	1.26246	0.584531	0.584531	1	1	
5.05825e-05	-nan	0.584939	0.366483	1	1	1	1	1	1	1.26082	0.584939	0.584939	1	1	
5.24807e-05	-nan	0.585353	0.366646	1	1	1	1	1	1	1.25915	0.585353	0.585353	1	1	
5.44503e-05	-nan	0.585774	0.366812	1	1	1	1	1	1	1.25746	0.585774	0.585774	1	1	
5.64937e-05	-nan	0.586202	0.366979	1	1	1	1	1	1	1.25575	0.586202	0.586202	1	1	
5.86138e-05	-nan	0.586636	0.367149	1	1	1	1	1	1	1.25401	0.586636	0.586636	1	1	
6.08135e-05	-nan	0.587077	0.367322	1	1	1	1	1	1	1.25225	0.587077	0.587077	1	1	
6.30957e-05	-nan	0.587525	0.367497	1	1	1	1	1	1	1.25047	0.587525	0.587525	1	1	
6.54636e-05	-nan	0.587979	0.367675	1	1	1	1	1	1	1.24866	0.587979	0.587979	1	1	
6.79204e-05	-nan	0.588441	0.367855	1	1	1	1	1	1	1.24683	0.588441	0.588441	1	1	
7.04693e-05	-nan	0.588911	0.368037	1	1	1	1	1	1	1.24497	0.588911	0.588911	1	1	
7.31139e-05	-nan	0.589387	0.368223	1	1	1	1	1	1	1.24309	0.589387	0.589387	1	1	
7.58578e-05	-nan	0.589871	0.368411	1	1	1	1	1	1	1.24119	0.589871	0.589871	1	1	
7.87046e-05	-nan	0.590362	0.368601	1	1	1	1	1	1	1.23925	0.590362	0.590362	1	1	
8.16582e-05	-nan	0.590861	0.368795	1	1	1	1	1	1	1.2373	0.590861	0.590861	1	1	
8.47227e-05	-nan	0.591368	0.368992	1	1	1	1	1	1	1.23531	0.591368	0.591368	1	1	
8.79023e-05	-nan	0.591883	0.369191	1	1	1	1	1	1	1.2333	0.591883	0.591883	1	1	
9.12011e-05	-nan	0.592406	0.369394	1	1	1	1	1	1	1.23127	0.592406	0.592406	1	1	
9.46237e-05	-nan	0.592937	0.369599	1	1	1	1	1	1	1.22921	0.592937	0.592937	1	1	
9.81748e-05	-nan	0.593476	0.369808	1	1	1	1	1	1	1.22712	0.593476	0.593476	1	1	
0.000101859	-nan	0.594023	0.37002	1	1	1	1	1	1	1.22501	0.594023	0.594023	1	1	
0.000105682	-nan	0.594579	0.370235	1	1	1	1	1	1	1.22286	0.594579	0.594579	1	1	
0.000109648	-nan	0.595144	0.370453	1	1	1	1	1	1	1.2207	0.595144	0.595144	1	1	
0.000113763	-nan	0.595718	0.370675	1	1	1	1	1	1	1.2185	0.595718	0.595718	1	1	
0.000118032	-nan	0.5963	0.3709	1	1	1	1	1	1	1.21628	0.5963	0.5963	1	1	
0.000122462	-nan	0.596891	0.371129	1	1	1	1	1	1	1.21403	0.596891	0.596891	1	1	
0.000127057	-nan	0.597492	0.371362	1	1	1	1	1	1	1.21175	0.597492	0.597492	1	1	
0.000131826	-nan	0.598101	0.371598	1	1	1	1	1	1	1.20944	0.598101	0.598101	1	1	
0.000136773	-nan	0.598721	0.371838	1	1	1	1	1	1	1.20711	0.598721	0.598721	1	1	
0.000141906	-nan	0.599349	0.372082	1	1	1	1	1	1	1.20474	0.599349	0.599349	1	1	
0.000147231	-nan	0.599988	0.37233	1	1	1	1	1	1	1.20235	0.599988	0.599988	1	1	
0.000152757	-nan	0.600636	0.372581	1	1	1	1	1	1	1.19993	0.600636	0.600636	1	1	
0.000158489	-nan	0.601294	0.372837	1	1	1	1	1	1	1.19748	0.601294	0.601294	1	1	
0.000164437	-nan	0.601963	0.373097	1	1	1	1	1	1	1.19501	0.601963	0.601963	1	1	
0.000170608	-nan	0.602642	0.373362	1	1	1	1	1	1	1.1925	0.602642	0.602642	1	1	
0.000177011	-nan	0.603331	0.37363	1	1	1	1	1	1	1.18996	0.603331	0.603331	1	1	
0.000183654	-nan	0.604031	0.373904	1	1	1	1	1	1	1.1874	0.604031	0.604031	1	1	
0.000190546	-nan	0.604741	0.374181	1	1	1	1	1	1	1.1848	0.604741	0.604741	1	1	
0.000197697	-nan	0.605463	0.374464	1	1	1	1	1	1	1.18218	0.605463	0.605463	1	1	
0.000205116	-nan	0.606195	0.374751	1	1	1	1	1	1	1.17953	0.606195	0.606195	1	1	
0.000212814	-nan	0.606939	0.375043	1	1	1	1	1	1	1.17685	0.606939	0.606939	1	1	
0.0002208	-nan	0.607694	0.37534	1	1	1	1	1	1	1.17413	0.607694	0.607694	1	1	
0.000229087	-nan	0.608461	0.375642	1	1	1	1	1	1	1.17139	0.608461	0.608461	1	1	
0.000237684	-nan	0.60924	0.375949	1	1	1	1	1	1	1.16862	0.60924	0.60924	1	1	
0.000246604	-nan	0.61003	0.376261	1	1	1	1	1	1	1.16582	0.61003	0.61003	1	1	
0.000255859	-nan	0.610832	0.376579	1	1	1	1	1	1	1.16299	0.610832	0.610832	1	1	
0.000265461	-nan	0.611647	0.376902	1	1	1	1	1	1	1.16013	0.611647	0.611647	1	1	
0.000275423	-nan	0.612474	0.377231	1	1	1	1	1	1	1.15724	0.612474	0.612474	1	1	
0.000285759	-nan	0.613314	0.377566	1	1	1	1	1	1	1.15432	0.613314	0.613314	1	1	
0.000296483	-nan	0.614166	0.377907	1	1	1	1	1	1	1.15137	0.614166	0.614166	1	1	
0.00030761	-nan	0.615031	0.378253	1	1	1	1	1	1	1.14839	0.615031	0.615031	1	1	
0.000319154	-nan	0.61591	0.378606	1	1	1	1	1	1	1.14538	0.61591	0.61591	1	1	
0.000331131	-nan	0.616801	0.378965	1	1	1	1	1	1	1.14234	0.616801	0.616801	1	1	
0.000343558	-nan	0.617707	0.37933	1	1	1	1	1	1	1.13927	0.617707	0.617707	1	1	
0.000356451	-nan	0.618626	0.379702	1	1	1	1	1	1	1.13617	0.618626	0.618626	1	1	
0.000369828	-nan	0.619558	0.380081	1	1	1	1	1	1	1.13304	0.619558	0.619558	1	1	
0.000383707	-nan	0.620505	0.380467	1	1	1	1	1	1	1.12989	0.620505	0.620505	1	1	
0.000398107	-nan	0.621466	0.380859	1	1	1	1	1	1	1.1267	0.621466	0.621466	1	1	
0.000413048	-nan	0.622442	0.381259	1	1	1	1	1	1	1.12348	0.622442	0.622442	1	1	
0.000428549	-nan	0.623432	0.381666	1	1	1	1	1	1	1.12024	0.623432	0.623432	1	1	
0.000444631	-nan	0.624437	0.38208	1	1	1	1	1	1	1.11697	0.624437	0.624437	1	1	
0.000461318	-nan	0.625457	0.382502	1	1	1	1	1	1	1.11367	0.625457	0.625457	1	1	
0.00047863	-nan	0.626492	0.382932	1	1	1	1	1	1	1.11034	0.626492	0.626492	1	1	
0.000496592	-nan	0.627542	0.38337	1	1	1	1	1	1	1.10698	0.627542	0.627542	1	1	
0.000515229	-nan	0.628609	0.383816	1	1	1	1	1	1	1.1036	0.628609	0.628609	1	1	
0.000534564	-nan	0.629691	0.38427	1	1	1	1	1	1	1.10018	0.629691	0.629691	1	1	
0.000554626	-nan	0.630789	0.384733	1	1	1	1	1	1	1.09674	0.630789	0.630789	1	1	
0.00057544	-nan	0.631903	0.385205	1	1	1	1	1	1	1.09328	0.631903	0.631903	1	1	
0.000597035	-nan	0.633034	0.385686	1	1	1	1	1	1	1.08978	0.633034	0.633034	1	1	
0.000619441	-nan	0.634182	0.386175	1	1	1	1	1	1	1.08626	0.634182	0.634182	1	1	
0.000642688	-nan	0.635346	0.386674	1	1	1	1	1	1	1.08271	0.635346	0.635346	1	1	
0.000666807	-nan	0.636528	0.387183	1	1	1	1	1	1	1.07914	0.636528	0.636528	1	1	
0.000691831	-nan	0.637727	0.387701	1	1	1	1	1	1	1.07554	0.637727	0.637727	1	1	
0.000717794	-nan	0.638943	0.38823	1	1	1	1	1	1	1.07192	0.638943	0.638943	1	1	
0.000744732	-nan	0.640177	0.388768	1	1	1	1	1	1	1.06827	0.640177	0.640177	1	1	
0.000772681	-nan	0.641429	0.389317	1	1	1	1	1	1	1.0646	0.641429	0.641429	1	1	
0.000801678	-nan	0.6427	0.389877	1	1	1	1	1	1	1.06091	0.6427	0.6427	1	1	
0.000831764	-nan	0.643988	0.390448	1	1	1	1	1	1	1.05719	0.643988	0.643988	1	1	
0.000862979	-nan	0.645296	0.39103	1	1	1	1	1	1	1.05345	0.645296	0.645296	1	1	
0.000895365	-nan	0.646622	0.391623	1	1	1	1	1	1	1.04968	0.646622	0.646622	1	1	
0.000928966	-nan	0.647967	0.392228	1	1	1	1	1	1	1.0459	0.647967	0.647967	1	1	
0.000963829	-nan	0.649332	0.392846	1	1	1	1	1	1	1.04209	0.649332	0.649332	1	1	
0.001	-nan	0.650716	0.393475	1	1	1	1	1	1	1.03826	0.650716	0.650716	1	1	
0.00103753	-nan	0.65212	0.394117	1	1	1	1	1	1	1.03442	0.65212	0.65212	1	1	
0.00107647	-nan	0.653544	0.394773	1	1	1	1	1	1	1.03055	0.653544	0.653544	1	1	
0.00111686	-nan	0.654988	0.395441	1	1	1	1	1	1	1.02666	0.654988	0.654988	1	1	
0.00115878	-nan	0.656452	0.396123	1	1	1	1	1	1	1.02276	0.656452	0.656452	1	1	
0.00120226	-nan	0.657937	0.396819	1	1	1	1	1	1	1.01883	0.657937	0.657937	1	1	
0.00124738	-nan	0.659443	0.397528	1	1	1	1	1	1	1.01489	0.659443	0.659443	1	1	
0.0012942	-nan	0.660971	0.398253	1	1	1	1	1	1	1.01094	0.660971	0.660971	1	1	
0.00134276	-nan	0.662519	0.398992	1	1	1	1	1	1	1.00697	0.662519	0.662519	1	1	
0.00139316	-nan	0.664089	0.399747	1	1	1	1	1	1	1.00298	0.664089	0.664089	1	1	
0.00144544	-nan	0.665681	0.400518	1	1	1	1	1	1	0.998977	0.665681	0.665681	1	1	
0.00149968	-nan	0.667295	0.401304	1	1	1	1	1	1	0.994961	0.667295	0.667295	1	1	
0.00155597	-nan	0.668931	0.402107	1	1	1	1	1	1	0.990933	0.668931	0.668931	1	1	
0.00161436	-nan	0.670589	0.402927	1	1	1	1	1	1	0.986892	0.670589	0.670589	1	1	
0.00167494	-nan	0.67227	0.403764	1	1	1	1	1	1	0.98284	0.67227	0.67227	1	1	
0.0017378	-nan	0.673974	0.404618	1	1	1	1	1	1	0.978777	0.673974	0.673974	1	1	
0.00180302	-nan	0.675701	0.405491	1	1	1	1	1	1	0.974705	0.675701	0.675701	1	1	
0.00187068	-nan	0.677452	0.406383	1	1	1	1	1	1	0.970623	0.677452	0.677452	1	1	
0.00194089	-nan	0.679226	0.407294	1	1	1	1	1	1	0.966533	0.679226	0.679226	1	1	
0.00201372	-nan	0.681024	0.408224	1	1	1	1	1	1	0.962436	0.681024	0.681024	1	1	
0.0020893	-nan	0.682845	0.409175	1	1	1	1	1	1	0.958332	0.682845	0.682845	1	1	
0.0021677	-nan	0.684691	0.410146	1	1	1	1	1	1	0.954222	0.684691	0.684691	1	1	
0.00224905	-nan	0.686561	0.411138	1	1	1	1	1	1	0.950107	0.686561	0.686561	1	1	
0.00233346	-nan	0.688456	0.412152	1	1	1	1	1	1	0.945989	0.688456	0.688456	1	1	
0.00242103	-nan	0.690376	0.413189	1	1	1	1	1	1	0.941867	0.690376	0.690376	1	1	
0.00251189	-nan	0.69232	0.414248	1	1	1	1	1	1	0.937742	0.69232	0.69232	1	1	
0.00260615	-nan	0.69429	0.415331	1	1	1	1	1	1	0.933617	0.69429	0.69429	1	1	
0.00270396	-nan	0.696285	0.416438	1	1	1	1	1	1	0.92949	0.696285	0.696285	1	1	
0.00280543	-nan	0.698306	0.41757	1	1	1	1	1	1	0.925364	0.698306	0.698306	1	1	
0.00291072	-nan	0.700352	0.418727	1	1	1	1	1	1	0.92124	0.700352	0.700352	1	1	
0.00301995	-nan	0.702425	0.419911	1	1	1	1	1	1	0.917117	0.702425	0.702425	1	1	
0.00313329	-nan	0.704523	0.421122	1	1	1	1	1	1	0.912997	0.704523	0.704523	1	1	
0.00325087	-nan	0.706648	0.42236	1	1	1	1	1	1	0.908882	0.706648	0.706648	1	1	
0.00337287	-nan	0.708799	0.423627	1	1	1	1	1	1	0.904771	0.708799	0.708799	1	1	
0.00349945	-nan	0.710977	0.424923	1	1	1	1	1	1	0.900665	0.710977	0.710977	1	1	
0.00363078	-nan	0.713182	0.42625	1	1	1	1	1	1	0.896567	0.713182	0.713182	1	1	
0.00376704	-nan	0.715413	0.427607	1	1	1	1	1	1	0.892475	0.715413	0.715413	1	1	
0.00390841	-nan	0.717672	0.428996	1	1	1	1	1	1	0.888393	0.717672	0.717672	1	1	
0.00405509	-nan	0.719958	0.430419	1	1	1	1	1	1	0.884319	0.719958	0.719958	1	1	
0.00420727	-nan	0.722271	0.431875	1	1	1	1	1	1	0.880255	0.722271	0.722271	1	1	
0.00436516	-nan	0.724612	0.433365	1	1	1	1	1	1	0.876202	0.724612	0.724612	1	1	
0.00452898	-nan	0.726981	0.434892	1	1	1	1	1	1	0.872162	0.726981	0.726981	1	1	
0.00469894	-nan	0.729377	0.436455	1	1	1	1	1	1	0.868133	0.729377	0.729377	1	1	
0.00487528	-nan	0.731801	0.438057	1	1	1	1	1	1	0.864119	0.731801	0.731801	1	1	
0.00505825	-nan	0.734254	0.439698	1	1	1	1	1	1	0.860118	0.734254	0.734254	1	1	
0.00524807	-nan	0.736734	0.441379	1	1	1	1	1	1	0.856133	0.736734	0.736734	1	1	
0.00544503	-nan	0.739243	0.443102	1	1	1	1	1	1	0.852163	0.739243	0.739243	1	1	
0.00564937	-nan	0.74178	0.444868	1	1	1	1	1	1	0.848211	0.74178	0.74178	1	1	
0.00586138	-nan	0.744346	0.446678	1	1	1	1	1	1	0.844276	0.744346	0.744346	1	1	
0.00608135	-nan	0.74694	0.448534	1	1	1	1	1	1	0.840359	0.74694	0.74694	1	1	
0.00630957	-nan	0.749562	0.450438	1	1	1	1	1	1	0.836461	0.749562	0.749562	1	1	
0.00654636	-nan	0.752214	0.45239	1	1	1	1	1	1	0.832583	0.752214	0.752214	1	1	
0.00679204	-nan	0.754894	0.454393	1	1	1	1	1	1	0.828725	0.754894	0.754894	1	1	
0.00704693	-nan	0.757603	0.456447	1	1	1	1	1	1	0.824889	0.757603	0.757603	1	1	
0.00731139	-nan	0.760341	0.458556	1	1	1	1	1	1	0.821074	0.760341	0.760341	1	1	
0.00758578	-nan	0.763107	0.46072	1	1	1	1	1	1	0.817282	0.763107	0.763107	1	1	
0.00787046	-nan	0.765903	0.462941	1	1	1	1	1	1	0.813514	0.765903	0.765903	1	1	
0.00816582	-nan	0.768727	0.465222	1	1	1	1	1	1	0.809769	0.768727	0.768727	1	1	
0.00847227	-nan	0.771581	0.467565	1	1	1	1	1	1	0.806048	0.771581	0.771581	1	1	
0.00879023	-nan	0.774464	0.469971	1	1	1	1	1	1	0.802352	0.774464	0.774464	1	1	
0.00912011	-nan	0.777375	0.472444	1	1	1	1	1	1	0.798682	0.777375	0.777375	1	1	
0.00946237	-nan	0.780316	0.474985	1	1	1	1	1	1	0.795038	0.780316	0.780316	1	1	
0.00981748	-nan	0.783285	0.477596	1	1	1	1	1	1	0.79142	0.783285	0.783285	1	1	
0.0101859	-nan	0.786284	0.480281	1	1	1	1	1	1	0.78783	0.786284	0.786284	1	1	
0.0105682	-nan	0.789311	0.483042	1	1	1	1	1	1	0.784267	0.789311	0.789311	1	1	
0.0109648	-nan	0.792367	0.485883	1	1	1	1	1	1	0.780732	0.792367	0.792367	1	1	
0.0113763	-nan	0.795452	0.488805	1	1	1	1	1	1	0.777226	0.795452	0.795452	1	1	
0.0118032	-nan	0.798566	0.491812	1	1	1	1	1	1	0.773748	0.798566	0.798566	1	1	
0.0122462	-nan	0.801709	0.494907	1	1	1	1	1	1	0.7703	0.801709	0.801709	1	1	
0.0127057	-nan	0.80488	0.498095	1	1	1	1	1	1	0.766881	0.80488	0.80488	1	1	
0.0131826	-nan	0.808079	0.501377	1	1	1	1	1	1	0.763493	0.808079	0.808079	1	1	
0.0136773	-nan	0.811307	0.504759	1	1	1	1	1	1	0.760134	0.811307	0.811307	1	1	
0.0141906	-nan	0.814563	0.508244	1	1	1	1	1	1	0.756806	0.814563	0.814563	1	1	
0.0147231	-nan	0.817847	0.511836	1	1	1	1	1	1	0.753509	0.817847	0.817847	1	1	
0.0152757	-nan	0.821159	0.51554	1	1	1	1	1	1	0.750242	0.821159	0.821159	1	1	
0.0158489	-nan	0.824499	0.51936	1	1	1	1	1	1	0.747007	0.824499	0.824499	1	1	
0.0164437	-nan	0.827866	0.523301	1	1	1	1	1	1	0.743804	0.827866	0.827866	1	1	
0.0170608	-nan	0.831261	0.527369	1	1	1	1	1	1	0.740632	0.831261	0.831261	1	1	
0.0177011	-nan	0.834682	0.531568	1	1	1	1	1	1	0.737491	0.834682	0.834682	1	1	
0.0183654	-nan	0.838131	0.535904	1	1	1	1	1	1	0.734383	0.838131	0.838131	1	1	
0.0190546	-nan	0.841606	0.540384	1	1	1	1	1	1	0.731307	0.841606	0.841606	1	1	
0.0197697	-nan	0.845107	0.545013	1	1	1	1	1	1	0.728263	0.845107	0.845107	1	1	
0.0205116	-nan	0.848634	0.549798	1	1	1	1	1	1	0.72525	0.848634	0.848634	1	1	
0.0212814	-nan	0.852187	0.554746	1	1	1	1	1	1	0.722271	0.852187	0.852187	1	1	
0.02208	-nan	0.855765	0.559864	1	1	1	1	1	1	0.719323	0.855765	0.855765	1	1	
0.0229087	-nan	0.859367	0.565161	1	1	1	1	1	1	0.716408	0.859367	0.859367	1	1	
0.0237684	-nan	0.862994	0.570643	1	1	1	1	1	1	0.713524	0.862994	0.862994	1	1	
0.0246604	-nan	0.866645	0.576321	1	1	1	1	1	1	0.710674	0.866645	0.866645	1	1	
0.0255859	-nan	0.870318	0.582202	1	1	1	1	1	1	0.707855	0.870318	0.870318	1	1	
0.0265461	-nan	0.874014	0.588296	1	1	1	1	1	1	0.705068	0.874014	0.874014	1	1	
0.0275423	-nan	0.877732	0.594614	1	1	1	1	1	1	0.702314	0.877732	0.877732	1	1	
0.0285759	-nan	0.881471	0.601165	1	1	1	1	1	1	0.699591	0.881471	0.881471	1	1	
0.0296483	-nan	0.885231	0.607962	1	1	1	1	1	1	0.696901	0.885231	0.885231	1	1	
0.030761	-nan	0.88901	0.615016	1	1	1	1	1	1	0.694242	0.88901	0.88901	1	1	
0.0319154	-nan	0.892808	0.622338	1	1	1	1	1	1	0.691615	0.892808	0.892808	1	1	
0.0331131	-nan	0.896623	0.629943	1	1	1	1	1	1	0.68902	0.896623	0.896623	1	1	
0.0343558	-nan	0.900455	0.637844	1	1	1	1	1	1	0.686456	0.900455	0.900455	1	1	
0.0356451	-nan	0.904302	0.646055	1	1	1	1	1	1	0.683924	0.904302	0.904302	1	1	
0.0369828	-nan	0.908163	0.654592	1	1	1	1	1	1	0.681422	0.908163	0.908163	1	1	
0.0383707	-nan	0.912036	0.66347	1	1	1	1	1	1	0.678952	0.912036	0.912036	1	1	
0.0398107	-nan	0.915921	0.672706	1	1	1	1	1	1	0.676513	0.915921	0.915921	1	1	
0.0413048	-nan	0.919815	0.682318	1	1	1	1	1	1	0.674105	0.919815	0.919815	1	1	
0.0428549	-nan	0.923717	0.692323	1	1	1	1	1	1	0.671727	0.923717	0.923717	1	1	
0.0444631	-nan	0.927624	0.702741	1	1	1	1	1	1	0.669381	0.927624	0.927624	1	1	
0.0461318	-nan	0.931535	0.713593	1	1	1	1	1	1	0.667064	0.931535	0.931535	1	1	
0.047863	-nan	0.935448	0.724898	1	1	1	1	1	1	0.664778	0.935448	0.935448	1	1	
0.0496592	-nan	0.939358	0.736678	1	1	1	1	1	1	0.662523	0.939358	0.939358	1	1	
0.0515229	-nan	0.943265	0.748956	1	1	1	1	1	1	0.660298	0.943265	0.943265	1	1	
0.0534564	-nan	0.947166	0.761755	1	1	1	1	1	1	0.658103	0.947166	0.947166	1	1	
0.0554626	-nan	0.951056	0.775098	1	1	1	1	1	1	0.655939	0.951056	0.951056	1	1	
0.057544	-nan	0.954932	0.789011	1	1	1	1	1	1	0.653805	0.954932	0.954932	1	1	
0.0597035	-nan	0.958792	0.803518	1	1	1	1	1	1	0.651701	0.958792	0.958792	1	1	
0.0619441	-nan	0.96263	0.818644	1	1	1	1	1	1	0.649628	0.96263	0.96263	1	1	
0.0642688	-nan	0.966443	0.834415	1	1	1	1	1	1	0.647586	0.966443	0.966443	1	1	
0.0666807	-nan	0.970226	0.850857	1	1	1	1	1	1	0.645575	0.970226	0.970226	1	1	
0.0691831	-nan	0.973974	0.867996	1	1	1	1	1	1	0.643595	0.973974	0.973974	1	1	
0.0717794	-nan	0.977682	0.885856	1	1	1	1	1	1	0.641646	0.977682	0.977682	1	1	
0.0744732	-nan	0.981343	0.904463	1	1	1	1	1	1	0.63973	0.981343	0.981343	1	1	
0.0772681	-nan	0.984952	0.923838	1	1	1	1	1	1	0.637846	0.984952	0.984952	1	1	
0.0801678	-nan	0.988503	0.944005	1	1	1	1	1	1	0.635995	0.988503	0.988503	1	1	
0.0831764	-nan	0.991988	0.964982	1	1	1	1	1	1	0.634179	0.991988	0.991988	1	1	
0.0862979	-nan	0.9954	0.986788	1	1	1	1	1	1	0.632397	0.9954	0.9954	1	1	
0.0895365	-nan	0.99873	1.00944	1	1	1	1	1	1	0.630651	0.99873	0.99873	1	1	
0.0928966	-nan	1.00197	1.03293	1	1	1	1	1	1	0.628942	1.00197	1.00197	1	1	
0.0963829	-nan	1.00511	1.05729	1	1	1	1	1	1	0.627272	1.00511	1.00511	1	1	
0.1	-nan	1.00815	1.0825	1	1	1	1	1	1	0.625641	1.00815	1.00815	1	1	
0.103614	-nan	1.01096	1.10761	1	1	1	1	1	1	0.62411	1.01096	1.01096	1	1	
0.107229	-nan	1.01357	1.13259	1	1	1	1	1	1	0.62267	1.01357	1.01357	1	1	
0.110843	-nan	1.01598	1.15742	1	1	1	1	1	1	0.621315	1.01598	1.01598	1	1	
0.114458	-nan	1.01819	1.18205	1	1	1	1	1	1	0.620042	1.01819	1.01819	1	1	
0.118072	-nan	1.02022	1.20647	1	1	1	1	1	1	0.618845	1.02022	1.02022	1	1	
0.121687	-nan	1.02208	1.23064	1	1	1	1	1	1	0.617721	1.02208	1.02208	1	1	
0.125301	-nan	1.02377	1.25452	1	1	1	1	1	1	0.616667	1.02377	1.02377	1	1	
0.128916	-nan	1.0253	1.27809	1	1	1	1	1	1	0.61568	1.0253	1.0253	1	1	
0.13253	-nan	1.02668	1.30132	1	1	1	1	1	1	0.614757	1.02668	1.02668	1	1	
0.136145	-nan	1.0279	1.32419	1	1	1	1	1	1	0.613896	1.0279	1.0279	1	1	
0.139759	-nan	1.02899	1.34665	1	1	1	1	1	1	0.613095	1.02899	1.02899	1	1	
0.143373	-nan	1.02994	1.3687	1	1	1	1	1	1	0.612352	1.02994	1.02994	1	1	
0.146988	-nan	1.03075	1.3903	1	1	1	1	1	1	0.611666	1.03075	1.03075	1	1	
0.150602	-nan	1.03144	1.41144	1	1	1	1	1	1	0.611035	1.03144	1.03144	1	1	
0.154217	-nan	1.03201	1.43209	1	1	1	1	1	1	0.610459	1.03201	1.03201	1	1	
0.157831	-nan	1.03247	1.45223	1	1	1	1	1	1	0.609936	1.03247	1.03247	1	1	
0.161446	-nan	1.03281	1.47185	1	1	1	1	1	1	0.609465	1.03281	1.03281	1	1	
0.16506	-nan	1.03305	1.49093	1	1	1	1	1	1	0.609046	1.03305	1.03305	1	1	
0.168675	-nan	1.03318	1.50945	1	1	1	1	1	1	0.608678	1.03318	1.03318	1	1	
0.172289	-nan	1.03322	1.5274	1	1	1	1	1	1	0.608361	1.03322	1.03322	1	1	
0.175904	-nan	1.03317	1.54477	1	1	1	1	1	1	0.608095	1.03317	1.03317	1	1	
0.179518	-nan	1.03302	1.56155	1	1	1	1	1	1	0.607879	1.03302	1.03302	1	1	
0.183133	-nan	1.03279	1.57773	1	1	1	1	1	1	0.607713	1.03279	1.03279	1	1	
0.186747	-nan	1.03248	1.5933	1	1	1	1	1	1	0.607598	1.03248	1.03248	1	1	
0.190361	-nan	1.03209	1.60826	1	1	1	1	1	1	0.607533	1.03209	1.03209	1	1	
0.193976	-nan	1.03162	1.6226	1	1	1	1	1	1	0.607518	1.03162	1.03162	1	1	
0.19759	-nan	1.03109	1.63631	1	1	1	1	1	1	0.607555	1.03109	1.03109	1	1	
0.201205	-nan	1.03049	1.6494	1	1	1	1	1	1	0.607642	1.03049	1.03049	1	1	
0.204819	-nan	1.02982	1.66187	1	1	1	1	1	1	0.607782	1.02982	1.02982	1	1	
0.208434	-nan	1.0291	1.67371	1	1	1	1	1	1	0.607973	1.0291	1.0291	1	1	
0.212048	-nan	1.02832	1.68492	1	1	1	1	1	1	0.608218	1.02832	1.02832	1	1	
0.215663	-nan	1.02748	1.69551	1	1	1	1	1	1	0.608516	1.02748	1.02748	1	1	
0.219277	-nan	1.02659	1.70547	1	1	1	1	1	1	0.608868	1.02659	1.02659	1	1	
0.222892	-nan	1.02566	1.71483	1	1	1	1	1	1	0.609275	1.02566	1.02566	1	1	
0.226506	-nan	1.02468	1.72357	1	1	1	1	1	1	0.609739	1.02468	1.02468	1	1	
0.23012	-nan	1.02366	1.7317	1	1	1	1	1	1	0.610259	1.02366	1.02366	1	1	
0.233735	-nan	1.02259	1.73923	1	1	1	1	1	1	0.610837	1.02259	1.02259	1	1	
0.237349	-nan	1.02149	1.74617	1	1	1	1	1	1	0.611474	1.02149	1.02149	1	1	
0.240964	-nan	1.02036	1.75252	1	1	1	1	1	1	0.612171	1.02036	1.02036	1	1	
0.244578	-nan	1.01919	1.7583	1	1	1	1	1	1	0.61293	1.01919	1.01919	1	1	
0.248193	-nan	1.01799	1.76351	1	1	1	1	1	1	0.613751	1.01799	1.01799	1	1	
0.251807	-nan	1.01677	1.76816	1	1	1	1	1	1	0.614637	1.01677	1.01677	1	1	
0.255422	-nan	1.01552	1.77225	1	1	1	1	1	1	0.615587	1.01552	1.01552	1	1	
0.259036	-nan	1.01424	1.77581	1	1	1	1	1	1	0.616605	1.01424	1.01424	1	1	
0.262651	-nan	1.01295	1.77885	1	1	1	1	1	1	0.617692	1.01295	1.01295	1	1	
0.266265	-nan	1.01163	1.78136	1	1	1	1	1	1	0.618848	1.01163	1.01163	1	1	
0.26988	-nan	1.0103	1.78337	1	1	1	1	1	1	0.620076	1.0103	1.0103	1	1	
0.273494	-nan	1.00895	1.78488	1	1	1	1	1	1	0.621378	1.00895	1.00895	1	1	
0.277108	-nan	1.00759	1.78592	1	1	1	1	1	1	0.622755	1.00759	1.00759	1	1	
0.280723	-nan	1.00621	1.78648	1	1	1	1	1	1	0.624209	1.00621	1.00621	1	1	
0.284337	-nan	1.00482	1.78659	1	1	1	1	1	1	0.625743	1.00482	1.00482	1	1	
0.287952	-nan	1.00343	1.78625	1	1	1	1	1	1	0.627357	1.00343	1.00343	1	1	
0.291566	-nan	1.00203	1.78547	1	1	1	1	1	1	0.629054	1.00203	1.00203	1	1	
0.295181	-nan	1.00062	1.78428	1	1	1	1	1	1	0.630837	1.00062	1.00062	1	1	
0.298795	-nan	0.999202	1.78268	1	1	1	1	1	1	0.632707	0.999202	0.999202	1	1	
0.30241	-nan	0.997784	1.78069	1	1	1	1	1	1	0.634666	0.997784	0.997784	1	1	
0.306024	-nan	0.996363	1.77832	1	1	1	1	1	1	0.636717	0.996363	0.996363	1	1	
0.309639	-nan	0.994941	1.77558	1	1	1	1	1	1	0.638862	0.994941	0.994941	1	1	
0.313253	-nan	0.993519	1.77249	1	1	1	1	1	1	0.641103	0.993519	0.993519	1	1	
0.316867	-nan	0.992097	1.76905	1	1	1	1	1	1	0.643443	0.992097	0.992097	1	1	
0.320482	-nan	0.990677	1.76529	1	1	1	1	1	1	0.645884	0.990677	0.990677	1	1	
0.324096	-nan	0.98926	1.76121	1	1	1	1	1	1	0.648428	0.98926	0.98926	1	1	
0.327711	-nan	0.987847	1.75683	1	1	1	1	1	1	0.651078	0.987847	0.987847	1	1	
0.331325	-nan	0.986438	1.75216	1	1	1	1	1	1	0.653836	0.986438	0.986438	1	1	
0.33494	-nan	0.985034	1.74721	1	1	1	1	1	1	0.656705	0.985034	0.985034	1	1	
0.338554	-nan	0.983637	1.74199	1	1	1	1	1	1	0.659687	0.983637	0.983637	1	1	
0.342169	-nan	0.982246	1.73653	1	1	1	1	1	1	0.662785	0.982246	0.982246	1	1	
0.345783	-nan	0.980862	1.73082	1	1	1	1	1	1	0.666001	0.980862	0.980862	1	1	
0.349398	-nan	0.979487	1.72489	1	1	1	1	1	1	0.669337	0.979487	0.979487	1	1	
0.353012	-nan	0.97812	1.71874	1	1	1	1	1	1	0.672796	0.97812	0.97812	1	1	
0.356627	-nan	0.976763	1.71239	1	1	1	1	1	1	0.676381	0.976763	0.976763	1	1	
0.360241	-nan	0.975415	1.70585	1	1	1	1	1	1	0.680094	0.975415	0.975415	1	1	
0.363855	-nan	0.974077	1.69912	1	1	1	1	1	1	0.683936	0.974077	0.974077	1	1	
0.36747	-nan	0.97275	1.69223	1	1	1	1	1	1	0.687911	0.97275	0.97275	1	1	
0.371084	-nan	0.971434	1.68517	1	1	1	1	1	1	0.69202	0.971434	0.971434	1	1	
0.374699	-nan	0.970129	1.67797	1	1	1	1	1	1	0.696265	0.970129	0.970129	1	1	
0.378313	-nan	0.968836	1.67063	1	1	1	1	1	1	0.700649	0.968836	0.968836	1	1	
0.381928	-nan	0.967554	1.66317	1	1	1	1	1	1	0.705173	0.967554	0.967554	1	1	
0.385542	-nan	0.966286	1.65559	1	1	1	1	1	1	0.709839	0.966286	0.966286	1	1	
0.389157	-nan	0.965029	1.64789	1	1	1	1	1	1	0.714648	0.965029	0.965029	1	1	
0.392771	-nan	0.963786	1.64011	1	1	1	1	1	1	0.719603	0.963786	0.963786	1	1	
0.396386	-nan	0.962555	1.63223	1	1	1	1	1	1	0.724704	0.962555	0.962555	1	1	
0.4	-nan	0.961337	1.62428	1	1	1	1	1	1	0.729952	0.961337	0.961337	1	1	
0.403614	-nan	0.960133	1.61625	1	1	1	1	1	1	0.735349	0.960133	0.960133	1	1	
0.407229	-nan	0.958942	1.60816	1	1	1	1	1	1	0.740896	0.958942	0.958942	1	1	
0.410843	-nan	0.957765	1.60002	1	1	1	1	1	1	0.746591	0.957765	0.957765	1	1	
0.414458	-nan	0.956601	1.59184	1	1	1	1	1	1	0.752437	0.956601	0.956601	1	1	
0.418072	-nan	0.955451	1.58361	1	1	1	1	1	1	0.758434	0.955451	0.955451	1	1	
0.421687	-nan	0.954315	1.57536	1	1	1	1	1	1	0.76458	0.954315	0.954315	1	1	
0.425301	-nan	0.953192	1.56708	1	1	1	1	1	1	0.770875	0.953192	0.953192	1	1	
0.428916	-nan	0.952083	1.55879	1	1	1	1	1	1	0.77732	0.952083	0.952083	1	1	
0.43253	-nan	0.950988	1.55049	1	1	1	1	1	1	0.783913	0.950988	0.950988	1	1	
0.436145	-nan	0.949907	1.54219	1	1	1	1	1	1	0.790652	0.949907	0.949907	1	1	
0.439759	-nan	0.948839	1.53389	1	1	1	1	1	1	0.797537	0.948839	0.948839	1	1	
0.443373	-nan	0.947785	1.5256	1	1	1	1	1	1	0.804565	0.947785	0.947785	1	1	
0.446988	-nan	0.946744	1.51733	1	1	1	1	1	1	0.811734	0.946744	0.946744	1	1	
0.450602	-nan	0.945717	1.50908	1	1	1	1	1	1	0.819043	0.945717	0.945717	1	1	
0.454217	-nan	0.944704	1.50086	1	1	1	1	1	1	0.826487	0.944704	0.944704	1	1	
0.457831	-nan	0.943704	1.49267	1	1	1	1	1	1	0.834065	0.943704	0.943704	1	1	
0.461446	-nan	0.942717	1.48451	1	1	1	1	1	1	0.841773	0.942717	0.942717	1	1	
0.46506	-nan	0.941743	1.4764	1	1	1	1	1	1	0.849607	0.941743	0.941743	1	1	
0.468675	-nan	0.940783	1.46833	1	1	1	1	1	1	0.857563	0.940783	0.940783	1	1	
0.472289	-nan	0.939835	1.46031	1	1	1	1	1	1	0.865638	0.939835	0.939835	1	1	
0.475904	-nan	0.9389	1.45235	1	1	1	1	1	1	0.873826	0.9389	0.9389	1	1	
0.479518	-nan	0.937977	1.44445	1	1	1	1	1	1	0.882124	0.937977	0.937977	1	1	
0.483133	-nan	0.937068	1.43661	1	1	1	1	1	1	0.890525	0.937068	0.937068	1	1	
0.486747	-nan	0.93617	1.42883	1	1	1	1	1	1	0.899025	0.93617	0.93617	1	1	
0.490361	-nan	0.935285	1.42112	1	1	1	1	1	1	0.907619	0.935285	0.935285	1	1	
0.493976	-nan	0.934411	1.41348	1	1	1	1	1	1	0.916299	0.934411	0.934411	1	1	
0.49759	-nan	0.933549	1.40592	1	1	1	1	1	1	0.925062	0.933549	0.933549	1	1	
0.501205	-nan	0.932699	1.39843	1	1	1	1	1	1	0.9339	0.932699	0.932699	1	1	
0.504819	-nan	0.931861	1.39102	1	1	1	1	1	1	0.942807	0.931861	0.931861	1	1	
0.508434	-nan	0.931033	1.3837	1	1	1	1	1	1	0.951777	0.931033	0.931033	1	1	
0.512048	-nan	0.930217	1.37646	1	1	1	1	1	1	0.960803	0.930217	0.930217	1	1	
0.515663	-nan	0.929412	1.3693	1	1	1	1	1	1	0.969879	0.929412	0.929412	1	1	
0.519277	-nan	0.928617	1.36223	1	1	1	1	1	1	0.978997	0.928617	0.928617	1	1	
0.522892	-nan	0.927833	1.35525	1	1	1	1	1	1	0.988151	0.927833	0.927833	1	1	
0.526506	-nan	0.927059	1.34837	1	1	1	1	1	1	0.997335	0.927059	0.927059	1	1	
0.53012	-nan	0.926295	1.34157	1	1	1	1	1	1	1.00654	0.926295	0.926295	1	1	
0.533735	-nan	0.925541	1.33487	1	1	1	1	1	1	1.01576	0.925541	0.925541	1	1	
0.537349	-nan	0.924796	1.32826	1	1	1	1	1	1	1.02499	0.924796	0.924796	1	1	
0.540964	-nan	0.924061	1.32175	1	1	1	1	1	1	1.03422	0.924061	0.924061	1	1	
0.544578	-nan	0.923336	1.31534	1	1	1	1	1	1	1.04344	0.923336	0.923336	1	1	
0.548193	-nan	0.922619	1.30902	1	1	1	1	1	1	1.05265	0.922619	0.922619	1	1	
0.551807	-nan	0.921911	1.30281	1	1	1	1	1	1	1.06185	0.921911	0.921911	1	1	
0.555422	-nan	0.921212	1.29669	1	1	1	1	1	1	1.07101	0.921212	0.921212	1	1	
0.559036	-nan	0.920521	1.29067	1	1	1	1	1	1	1.08015	0.920521	0.920521	1	1	
0.562651	-nan	0.919838	1.28475	1	1	1	1	1	1	1.08924	0.919838	0.919838	1	1	
0.566265	-nan	0.919163	1.27894	1	1	1	1	1	1	1.09829	0.919163	0.919163	1	1	
0.56988	-nan	0.918496	1.27322	1	1	1	1	1	1	1.10729	0.918496	0.918496	1	1	
0.573494	-nan	0.917837	1.26761	1	1	1	1	1	1	1.11624	0.917837	0.917837	1	1	
0.577108	-nan	0.917185	1.26209	1	1	1	1	1	1	1.12512	0.917185	0.917185	1	1	
0.580723	-nan	0.91654	1.25668	1	1	1	1	1	1	1.13393	0.91654	0.91654	1	1	
0.584337	-nan	0.915902	1.25137	1	1	1	1	1	1	1.14267	0.915902	0.915902	1	1	
0.587952	-nan	0.91527	1.24616	1	1	1	1	1	1	1.15134	0.91527	0.91527	1	1	
0.591566	-nan	0.914645	1.24105	1	1	1	1	1	1	1.15992	0.914645	0.914645	1	1	
0.595181	-nan	0.914027	1.23604	1	1	1	1	1	1	1.16841	0.914027	0.914027	1	1	
0.598795	-nan	0.913414	1.23113	1	1	1	1	1	1	1.17681	0.913414	0.913414	1	1	
0.60241	-nan	0.912808	1.22632	1	1	1	1	1	1	1.18511	0.912808	0.912808	1	1	
0.606024	-nan	0.912207	1.22162	1	1	1	1	1	1	1.19332	0.912207	0.912207	1	1	
0.609639	-nan	0.911611	1.21701	1	1	1	1	1	1	1.20142	0.911611	0.911611	1	1	
0.613253	-nan	0.911021	1.2125	1	1	1	1	1	1	1.20941	0.911021	0.911021	1	1	
0.616867	-nan	0.910436	1.20809	1	1	1	1	1	1	1.21729	0.910436	0.910436	1	1	
0.620482	-nan	0.909856	1.20377	1	1	1	1	1	1	1.22506	0.909856	0.909856	1	1	
0.624096	-nan	0.90928	1.19956	1	1	1	1	1	1	1.23272	0.90928	0.90928	1	1	
0.627711	-nan	0.908709	1.19544	1	1	1	1	1	1	1.24026	0.908709	0.908709	1	1	
0.631325	-nan	0.908142	1.19141	1	1	1	1	1	1	1.24767	0.908142	0.908142	1	1	
0.63494	-nan	0.907579	1.18749	1	1	1	1	1	1	1.25497	0.907579	0.907579	1	1	
0.638554	-nan	0.907021	1.18365	1	1	1	1	1	1	1.26213	0.907021	0.907021	1	1	
0.642169	-nan	0.906466	1.17992	1	1	1	1	1	1	1.26918	0.906466	0.906466	1	1	
0.645783	-nan	0.905914	1.17627	1	1	1	1	1	1	1.27609	0.905914	0.905914	1	1	
0.649398	-nan	0.905366	1.17272	1	1	1	1	1	1	1.28288	0.905366	0.905366	1	1	
0.653012	-nan	0.904822	1.16926	1	1	1	1	1	1	1.28954	0.904822	0.904822	1	1	
0.656627	-nan	0.90428	1.16589	1	1	1	1	1	1	1.29606	0.90428	0.90428	1	1	
0.660241	-nan	0.903741	1.16261	1	1	1	1	1	1	1.30246	0.903741	0.903741	1	1	
0.663855	-nan	0.903205	1.15942	1	1	1	1	1	1	1.30872	0.903205	0.903205	1	1	
0.66747	-nan	0.902671	1.15632	1	1	1	1	1	1	1.31486	0.902671	0.902671	1	1	
0.671084	-nan	0.90214	1.1533	1	1	1	1	1	1	1.32086	0.90214	0.90214	1	1	
0.674699	-nan	0.90161	1.15038	1	1	1	1	1	1	1.32673	0.90161	0.90161	1	1	
0.678313	-nan	0.901083	1.14754	1	1	1	1	1	1	1.33246	0.901083	0.901083	1	1	
0.681928	-nan	0.900558	1.14478	1	1	1	1	1	1	1.33807	0.900558	0.900558	1	1	
0.685542	-nan	0.900035	1.14211	1	1	1	1	1	1	1.34354	0.900035	0.900035	1	1	
0.689157	-nan	0.899513	1.13952	1	1	1	1	1	1	1.34889	0.899513	0.899513	1	1	
0.692771	-nan	0.898992	1.13702	1	1	1	1	1	1	1.3541	0.898992	0.898992	1	1	
0.696386	-nan	0.898473	1.1346	1	1	1	1	1	1	1.35919	0.898473	0.898473	1	1	
0.7	-nan	0.897955	1.13226	1	1	1	1	1	1	1.36414	0.897955	0.897955	1	1	
0.703614	-nan	0.897438	1.12999	1	1	1	1	1	1	1.36897	0.897438	0.897438	1	1	
0.707229	-nan	0.896922	1.12781	1	1	1	1	1	1	1.37368	0.896922	0.896922	1	1	
0.710843	-nan	0.896406	1.12571	1	1	1	1	1	1	1.37826	0.896406	0.896406	1	1	
0.714458	-nan	0.895891	1.12368	1	1	1	1	1	1	1.38271	0.895891	0.895891	1	1	
0.718072	-nan	0.895377	1.12173	1	1	1	1	1	1	1.38704	0.895377	0.895377	1	1	
0.721687	-nan	0.894863	1.11985	1	1	1	1	1	1	1.39125	0.894863	0.894863	1	1	
0.725301	-nan	0.894349	1.11805	1	1	1	1	1	1	1.39535	0.894349	0.894349	1	1	
0.728916	-nan	0.893835	1.11633	1	1	1	1	1	1	1.39932	0.893835	0.893835	1	1	
0.73253	-nan	0.893321	1.11467	1	1	1	1	1	1	1.40318	0.893321	0.893321	1	1	
0.736145	-nan	0.892807	1.11309	1	1	1	1	1	1	1.40692	0.892807	0.892807	1	1	
0.739759	-nan	0.892292	1.11158	1	1	1	1	1	1	1.41055	0.892292	0.892292	1	1	
0.743373	-nan	0.891777	1.11014	1	1	1	1	1	1	1.41406	0.891777	0.891777	1	1	
0.746988	-nan	0.891262	1.10877	1	1	1	1	1	1	1.41747	0.891262	0.891262	1	1	
0.750602	-nan	0.890746	1.10747	1	1	1	1	1	1	1.42076	0.890746	0.890746	1	1	
0.754217	-nan	0.890229	1.10624	1	1	1	1	1	1	1.42396	0.890229	0.890229	1	1	
0.757831	-nan	0.889712	1.10507	1	1	1	1	1	1	1.42704	0.889712	0.889712	1	1	
0.761446	-nan	0.889194	1.10397	1	1	1	1	1	1	1.43002	0.889194	0.889194	1	1	
0.76506	-nan	0.888674	1.10294	1	1	1	1	1	1	1.4329	0.888674	0.888674	1	1	
0.768675	-nan	0.888154	1.10197	1	1	1	1	1	1	1.43568	0.888154	0.888154	1	1	
0.772289	-nan	0.887632	1.10106	1	1	1	1	1	1	1.43836	0.887632	0.887632	1	1	
0.775904	-nan	0.887109	1.10022	1	1	1	1	1	1	1.44095	0.887109	0.887109	1	1	
0.779518	-nan	0.886584	1.09944	1	1	1	1	1	1	1.44344	0.886584	0.886584	1	1	
0.783133	-nan	0.886058	1.09872	1	1	1	1	1	1	1.44584	0.886058	0.886058	1	1	
0.786747	-nan	0.885531	1.09806	1	1	1	1	1	1	1.44815	0.885531	0.885531	1	1	
0.790361	-nan	0.885002	1.09746	1	1	1	1	1	1	1.45037	0.885002	0.885002	1	1	
0.793976	-nan	0.884471	1.09692	1	1	1	1	1	1	1.4525	0.884471	0.884471	1	1	
0.79759	-nan	0.883938	1.09643	1	1	1	1	1	1	1.45454	0.883938	0.883938	1	1	
0.801205	-nan	0.883404	1.09601	1	1	1	1	1	1	1.45651	0.883404	0.883404	1	1	
0.804819	-nan	0.882868	1.09564	1	1	1	1	1	1	1.45838	0.882868	0.882868	1	1	
0.808434	-nan	0.882329	1.09533	1	1	1	1	1	1	1.46018	0.882329	0.882329	1	1	
0.812048	-nan	0.881789	1.09507	1	1	1	1	1	1	1.4619	0.881789	0.881789	1	1	
0.815663	-nan	0.881246	1.09487	1	1	1	1	1	1	1.46355	0.881246	0.881246	1	1	
0.819277	-nan	0.880701	1.09473	1	1	1	1	1	1	1.46511	0.880701	0.880701	1	1	
0.822892	-nan	0.880154	1.09463	1	1	1	1	1	1	1.46661	0.880154	0.880154	1	1	
0.826506	-nan	0.879605	1.09459	1	1	1	1	1	1	1.46803	0.879605	0.879605	1	1	
0.83012	-nan	0.879053	1.0946	1	1	1	1	1	1	1.46938	0.879053	0.879053	1	1	
0.833735	-nan	0.878499	1.09466	1	1	1	1	1	1	1.47066	0.878499	0.878499	1	1	
0.837349	-nan	0.877943	1.09477	1	1	1	1	1	1	1.47187	0.877943	0.877943	1	1	
0.840964	-nan	0.877384	1.09493	1	1	1	1	1	1	1.47302	0.877384	0.877384	1	1	
0.844578	-nan	0.876822	1.09514	1	1	1	1	1	1	1.47411	0.876822	0.876822	1	1	
0.848193	-nan	0.876258	1.0954	1	1	1	1	1	1	1.47513	0.876258	0.876258	1	1	
0.851807	-nan	0.875691	1.09571	1	1	1	1	1	1	1.47609	0.875691	0.875691	1	1	
0.855422	-nan	0.875122	1.09606	1	1	1	1	1	1	1.47699	0.875122	0.875122	1	1	
0.859036	-nan	0.87455	1.09647	1	1	1	1	1	1	1.47783	0.87455	0.87455	1	1	
0.862651	-nan	0.873975	1.09691	1	1	1	1	1	1	1.47861	0.873975	0.873975	1	1	
0.866265	-nan	0.873397	1.09741	1	1	1	1	1	1	1.47934	0.873397	0.873397	1	1	
0.86988	-nan	0.872817	1.09794	1	1	1	1	1	1	1.48001	0.872817	0.872817	1	1	
0.873494	-nan	0.872233	1.09852	1	1	1	1	1	1	1.48064	0.872233	0.872233	1	1	
0.877108	-nan	0.871647	1.09915	1	1	1	1	1	1	1.4812	0.871647	0.871647	1	1	
0.880723	-nan	0.871058	1.09982	1	1	1	1	1	1	1.48172	0.871058	0.871058	1	1	
0.884337	-nan	0.870466	1.10053	1	1	1	1	1	1	1.48219	0.870466	0.870466	1	1	
0.887952	-nan	0.869871	1.10128	1	1	1	1	1	1	1.48261	0.869871	0.869871	1	1	
0.891566	-nan	0.869273	1.10207	1	1	1	1	1	1	1.48299	0.869273	0.869273	1	1	
0.895181	-nan	0.868672	1.10291	1	1	1	1	1	1	1.48332	0.868672	0.868672	1	1	
0.898795	-nan	0.868068	1.10378	1	1	1	1	1	1	1.4836	0.868068	0.868068	1	1	
0.90241	-nan	0.867462	1.1047	1	1	1	1	1	1	1.48384	0.867462	0.867462	1	1	
0.906024	-nan	0.866852	1.10565	1	1	1	1	1	1	1.48404	0.866852	0.866852	1	1	
0.909639	-nan	0.866239	1.10664	1	1	1	1	1	1	1.4842	0.866239	0.866239	1	1	
0.913253	-nan	0.865623	1.10767	1	1	1	1	1	1	1.48432	0.865623	0.865623	1	1	
0.916867	-nan	0.865004	1.10874	1	1	1	1	1	1	1.4844	0.865004	0.865004	1	1	
0.920482	-nan	0.864382	1.10985	1	1	1	1	1	1	1.48444	0.864382	0.864382	1	1	
0.924096	-nan	0.863757	1.11099	1	1	1	1	1	1	1.48444	0.863757	0.863757	1	1	
0.927711	-nan	0.863129	1.11217	1	1	1	1	1	1	1.48441	0.863129	0.863129	1	1	
0.931325	-nan	0.862498	1.11338	1	1	1	1	1	1	1.48434	0.862498	0.862498	1	1	
0.93494	-nan	0.861864	1.11463	1	1	1	1	1	1	1.48424	0.861864	0.861864	1	1	
0.938554	-nan	0.861226	1.11591	1	1	1	1	1	1	1.48411	0.861226	0.861226	1	1	
0.942169	-nan	0.860586	1.11723	1	1	1	1	1	1	1.48394	0.860586	0.860586	1	1	
0.945783	-nan	0.859943	1.11858	1	1	1	1	1	1	1.48375	0.859943	0.859943	1	1	
0.949398	-nan	0.859296	1.11996	1	1	1	1	1	1	1.48352	0.859296	0.859296	1	1	
0.953012	-nan	0.858647	1.12138	1	1	1	1	1	1	1.48326	0.858647	0.858647	1	1	
0.956627	-nan	0.857995	1.12283	1	1	1	1	1	1	1.48297	0.857995	0.857995	1	1	
0.960241	-nan	0.857339	1.12431	1	1	1	1	1	1	1.48266	0.857339	0.857339	1	1	
0.963855	-nan	0.856681	1.12582	1	1	1	1	1	1	1.48232	0.856681	0.856681	1	1	
0.96747	-nan	0.856019	1.12736	1	1	1	1	1	1	1.48195	0.856019	0.856019	1	1	
0.971084	-nan	0.855355	1.12894	1	1	1	1	1	1	1.48156	0.855355	0.855355	1	1	
0.974699	-nan	0.854688	1.13054	1	1	1	1	1	1	1.48114	0.854688	0.854688	1	1	
0.978313	-nan	0.854017	1.13217	1	1	1	1	1	1	1.48069	0.854017	0.854017	1	1	
0.981928	-nan	0.853344	1.13383	1	1	1	1	1	1	1.48023	0.853344	0.853344	1	1	
0.985542	-nan	0.852668	1.13552	1	1	1	1	1	1	1.47974	0.852668	0.852668	1	1	
0.989157	-nan	0.851989	1.13724	1	1	1	1	1	1	1.47922	0.851989	0.851989	1	1	
0.992771	-nan	0.851307	1.13899	1	1	1	1	1	1	1.47869	0.851307	0.851307	1	1	
0.996386	-nan	0.850622	1.14076	1	1	1	1	1	1	1.47814	0.850622	0.850622	1	1	
1	-nan	-nan	-nan	-nan	-nan	-nan	-nan	-nan	-nan	-nan	-nan	-nan	-nan	-nan	
