1e-05	-nan	0.30862	0.662614	1	1	1	1	1	1	0.313714	0.30862	0.30862	1	1	
1.03753e-05	-nan	0.308884	0.662891	1	1	1	1	1	1	0.313714	0.308884	0.308884	1	1	
1.07647e-05	-nan	0.309152	0.663172	1	1	1	1	1	1	0.313714	0.309152	0.309152	1	1	
1.11686e-05	-nan	0.309425	0.663456	1	1	1	1	1	1	0.313714	0.309425	0.309425	1	1	
1.15878e-05	-nan	0.309702	0.663743	1	1	1	1	1	1	0.313714	0.309702	0.309702	1	1	
1.20226e-05	-nan	0.309985	0.664034	1	1	1	1	1	1	0.313715	0.309985	0.309985	1	1	
1.24738e-05	-nan	0.310272	0.664328	1	1	1	1	1	1	0.313715	0.310272	0.310272	1	1	
1.2942e-05	-nan	0.310565	0.664625	1	1	1	1	1	1	0.313715	0.310565	0.310565	1	1	
1.34276e-05	-nan	0.310863	0.664926	1	1	1	1	1	1	0.313715	0.310863	0.310863	1	1	
1.39316e-05	-nan	0.311166	0.665231	1	1	1	1	1	1	0.313715	0.311166	0.311166	1	1	
1.44544e-05	-nan	0.311474	0.665539	1	1	1	1	1	1	0.313715	0.311474	0.311474	1	1	
1.49968e-05	-nan	0.311788	0.665851	1	1	1	1	1	1	0.313715	0.311788	0.311788	1	1	
1.55597e-05	-nan	0.312107	0.666166	1	1	1	1	1	1	0.313715	0.312107	0.312107	1	1	
1.61436e-05	-nan	0.312433	0.666485	1	1	1	1	1	1	0.313715	0.312433	0.312433	1	1	
1.67494e-05	-nan	0.312763	0.666808	1	1	1	1	1	1	0.313715	0.312763	0.312763	1	1	
1.7378e-05	-nan	0.3131	0.667135	1	1	1	1	1	1	0.313715	0.3131	0.3131	1	1	
1.80302e-05	-nan	0.313443	0.667466	1	1	1	1	1	1	0.313715	0.313443	0.313443	1	1	
1.87068e-05	-nan	0.313792	0.667801	1	1	1	1	1	1	0.313715	0.313792	0.313792	1	1	
1.94089e-05	-nan	0.314147	0.66814	1	1	1	1	1	1	0.313715	0.314147	0.314147	1	1	
2.01372e-05	-nan	0.314509	0.668483	1	1	1	1	1	1	0.313716	0.314509	0.314509	1	1	
2.0893e-05	-nan	0.314877	0.66883	1	1	1	1	1	1	0.313716	0.314877	0.314877	1	1	
2.1677e-05	-nan	0.315251	0.669181	1	1	1	1	1	1	0.313716	0.315251	0.315251	1	1	
2.24905e-05	-nan	0.315632	0.669537	1	1	1	1	1	1	0.313716	0.315632	0.315632	1	1	
2.33346e-05	-nan	0.31602	0.669896	1	1	1	1	1	1	0.313716	0.31602	0.31602	1	1	
2.42103e-05	-nan	0.316415	0.67026	1	1	1	1	1	1	0.313716	0.316415	0.316415	1	1	
2.51189e-05	-nan	0.316817	0.670629	1	1	1	1	1	1	0.313716	0.316817	0.316817	1	1	
2.60615e-05	-nan	0.317227	0.671002	1	1	1	1	1	1	0.313716	0.317227	0.317227	1	1	
2.70396e-05	-nan	0.317643	0.67138	1	1	1	1	1	1	0.313716	0.317643	0.317643	1	1	
2.80543e-05	-nan	0.318068	0.671762	1	1	1	1	1	1	0.313717	0.318068	0.318068	1	1	
2.91072e-05	-nan	0.318499	0.672149	1	1	1	1	1	1	0.313717	0.318499	0.318499	1	1	
3.01995e-05	-nan	0.318939	0.672541	1	1	1	1	1	1	0.313717	0.318939	0.318939	1	1	
3.13329e-05	-nan	0.319386	0.672937	1	1	1	1	1	1	0.313717	0.319386	0.319386	1	1	
3.25087e-05	-nan	0.319842	0.673338	1	1	1	1	1	1	0.313717	0.319842	0.319842	1	1	
3.37287e-05	-nan	0.320305	0.673745	1	1	1	1	1	1	0.313717	0.320305	0.320305	1	1	
3.49945e-05	-nan	0.320777	0.674156	1	1	1	1	1	1	0.313717	0.320777	0.320777	1	1	
3.63078e-05	-nan	0.321258	0.674572	1	1	1	1	1	1	0.313717	0.321258	0.321258	1	1	
3.76704e-05	-nan	0.321747	0.674994	1	1	1	1	1	1	0.313718	0.321747	0.321747	1	1	
3.90841e-05	-nan	0.322245	0.67542	1	1	1	1	1	1	0.313718	0.322245	0.322245	1	1	
4.05509e-05	-nan	0.322752	0.675852	1	1	1	1	1	1	0.313718	0.322752	0.322752	1	1	
4.20727e-05	-nan	0.323268	0.67629	1	1	1	1	1	1	0.313718	0.323268	0.323268	1	1	
4.36516e-05	-nan	0.323794	0.676733	1	1	1	1	1	1	0.313718	0.323794	0.323794	1	1	
4.52898e-05	-nan	0.324329	0.677181	1	1	1	1	1	1	0.313718	0.324329	0.324329	1	1	
4.69894e-05	-nan	0.324873	0.677635	1	1	1	1	1	1	0.313719	0.324873	0.324873	1	1	
4.87528e-05	-nan	0.325428	0.678095	1	1	1	1	1	1	0.313719	0.325428	0.325428	1	1	
5.05825e-05	-nan	0.325993	0.67856	1	1	1	1	1	1	0.313719	0.325993	0.325993	1	1	
5.24807e-05	-nan	0.326567	0.679031	1	1	1	1	1	1	0.313719	0.326567	0.326567	1	1	
5.44503e-05	-nan	0.327153	0.679509	1	1	1	1	1	1	0.313719	0.327153	0.327153	1	1	
5.64937e-05	-nan	0.327749	0.679992	1	1	1	1	1	1	0.31372	0.327749	0.327749	1	1	
5.86138e-05	-nan	0.328355	0.680481	1	1	1	1	1	1	0.31372	0.328355	0.328355	1	1	
6.08135e-05	-nan	0.328973	0.680977	1	1	1	1	1	1	0.31372	0.328973	0.328973	1	1	
6.30957e-05	-nan	0.329602	0.681478	1	1	1	1	1	1	0.31372	0.329602	0.329602	1	1	
6.54636e-05	-nan	0.330242	0.681987	1	1	1	1	1	1	0.31372	0.330242	0.330242	1	1	
6.79204e-05	-nan	0.330894	0.682501	1	1	1	1	1	1	0.313721	0.330894	0.330894	1	1	
7.04693e-05	-nan	0.331558	0.683022	1	1	1	1	1	1	0.313721	0.331558	0.331558	1	1	
7.31139e-05	-nan	0.332234	0.68355	1	1	1	1	1	1	0.313721	0.332234	0.332234	1	1	
7.58578e-05	-nan	0.332923	0.684085	1	1	1	1	1	1	0.313722	0.332923	0.332923	1	1	
7.87046e-05	-nan	0.333623	0.684626	1	1	1	1	1	1	0.313722	0.333623	0.333623	1	1	
8.16582e-05	-nan	0.334337	0.685174	1	1	1	1	1	1	0.313722	0.334337	0.334337	1	1	
8.47227e-05	-nan	0.335064	0.685729	1	1	1	1	1	1	0.313722	0.335064	0.335064	1	1	
8.79023e-05	-nan	0.335803	0.686292	1	1	1	1	1	1	0.313723	0.335803	0.335803	1	1	
9.12011e-05	-nan	0.336557	0.686861	1	1	1	1	1	1	0.313723	0.336557	0.336557	1	1	
9.46237e-05	-nan	0.337324	0.687438	1	1	1	1	1	1	0.313723	0.337324	0.337324	1	1	
9.81748e-05	-nan	0.338105	0.688023	1	1	1	1	1	1	0.313724	0.338105	0.338105	1	1	
0.000101859	-nan	0.3389	0.688615	1	1	1	1	1	1	0.313724	0.3389	0.3389	1	1	
0.000105682	-nan	0.33971	0.689214	1	1	1	1	1	1	0.313724	0.33971	0.33971	1	1	
0.000109648	-nan	0.340535	0.689822	1	1	1	1	1	1	0.313725	0.340535	0.340535	1	1	
0.000113763	-nan	0.341375	0.690437	1	1	1	1	1	1	0.313725	0.341375	0.341375	1	1	
0.000118032	-nan	0.34223	0.69106	1	1	1	1	1	1	0.313725	0.34223	0.34223	1	1	
0.000122462	-nan	0.3431	0.691691	1	1	1	1	1	1	0.313726	0.3431	0.3431	1	1	
0.000127057	-nan	0.343987	0.692331	1	1	1	1	1	1	0.313726	0.343987	0.343987	1	1	
0.000131826	-nan	0.34489	0.692979	1	1	1	1	1	1	0.313727	0.34489	0.34489	1	1	
0.000136773	-nan	0.345809	0.693635	1	1	1	1	1	1	0.313727	0.345809	0.345809	1	1	
0.000141906	-nan	0.346745	0.6943	1	1	1	1	1	1	0.313728	0.346745	0.346745	1	1	
0.000147231	-nan	0.347699	0.694974	1	1	1	1	1	1	0.313728	0.347699	0.347699	1	1	
0.000152757	-nan	0.348669	0.695656	1	1	1	1	1	1	0.313728	0.348669	0.348669	1	1	
0.000158489	-nan	0.349658	0.696348	1	1	1	1	1	1	0.313729	0.349658	0.349658	1	1	
0.000164437	-nan	0.350664	0.697048	1	1	1	1	1	1	0.313729	0.350664	0.350664	1	1	
0.000170608	-nan	0.351689	0.697758	1	1	1	1	1	1	0.31373	0.351689	0.351689	1	1	
0.000177011	-nan	0.352733	0.698477	1	1	1	1	1	1	0.313731	0.352733	0.352733	1	1	
0.000183654	-nan	0.353796	0.699206	1	1	1	1	1	1	0.313731	0.353796	0.353796	1	1	
0.000190546	-nan	0.354878	0.699944	1	1	1	1	1	1	0.313732	0.354878	0.354878	1	1	
0.000197697	-nan	0.35598	0.700692	1	1	1	1	1	1	0.313732	0.35598	0.35598	1	1	
0.000205116	-nan	0.357102	0.70145	1	1	1	1	1	1	0.313733	0.357102	0.357102	1	1	
0.000212814	-nan	0.358244	0.702218	1	1	1	1	1	1	0.313733	0.358244	0.358244	1	1	
0.0002208	-nan	0.359408	0.702996	1	1	1	1	1	1	0.313734	0.359408	0.359408	1	1	
0.000229087	-nan	0.360592	0.703784	1	1	1	1	1	1	0.313735	0.360592	0.360592	1	1	
0.000237684	-nan	0.361799	0.704583	1	1	1	1	1	1	0.313735	0.361799	0.361799	1	1	
0.000246604	-nan	0.363027	0.705393	1	1	1	1	1	1	0.313736	0.363027	0.363027	1	1	
0.000255859	-nan	0.364278	0.706213	1	1	1	1	1	1	0.313737	0.364278	0.364278	1	1	
0.000265461	-nan	0.365551	0.707044	1	1	1	1	1	1	0.313738	0.365551	0.365551	1	1	
0.000275423	-nan	0.366848	0.707887	1	1	1	1	1	1	0.313738	0.366848	0.366848	1	1	
0.000285759	-nan	0.368168	0.708741	1	1	1	1	1	1	0.313739	0.368168	0.368168	1	1	
0.000296483	-nan	0.369513	0.709606	1	1	1	1	1	1	0.31374	0.369513	0.369513	1	1	
0.00030761	-nan	0.370881	0.710483	1	1	1	1	1	1	0.313741	0.370881	0.370881	1	1	
0.000319154	-nan	0.372275	0.711371	1	1	1	1	1	1	0.313742	0.372275	0.372275	1	1	
0.000331131	-nan	0.373694	0.712272	1	1	1	1	1	1	0.313743	0.373694	0.373694	1	1	
0.000343558	-nan	0.375139	0.713184	1	1	1	1	1	1	0.313744	0.375139	0.375139	1	1	
0.000356451	-nan	0.37661	0.714109	1	1	1	1	1	1	0.313745	0.37661	0.37661	1	1	
0.000369828	-nan	0.378107	0.715047	1	1	1	1	1	1	0.313746	0.378107	0.378107	1	1	
0.000383707	-nan	0.379632	0.715997	1	1	1	1	1	1	0.313747	0.379632	0.379632	1	1	
0.000398107	-nan	0.381184	0.71696	1	1	1	1	1	1	0.313748	0.381184	0.381184	1	1	
0.000413048	-nan	0.382765	0.717935	1	1	1	1	1	1	0.313749	0.382765	0.382765	1	1	
0.000428549	-nan	0.384374	0.718924	1	1	1	1	1	1	0.31375	0.384374	0.384374	1	1	
0.000444631	-nan	0.386011	0.719927	1	1	1	1	1	1	0.313751	0.386011	0.386011	1	1	
0.000461318	-nan	0.387679	0.720943	1	1	1	1	1	1	0.313752	0.387679	0.387679	1	1	
0.00047863	-nan	0.389376	0.721973	1	1	1	1	1	1	0.313754	0.389376	0.389376	1	1	
0.000496592	-nan	0.391104	0.723017	1	1	1	1	1	1	0.313755	0.391104	0.391104	1	1	
0.000515229	-nan	0.392863	0.724074	1	1	1	1	1	1	0.313756	0.392863	0.392863	1	1	
0.000534564	-nan	0.394653	0.725147	1	1	1	1	1	1	0.313758	0.394653	0.394653	1	1	
0.000554626	-nan	0.396475	0.726234	1	1	1	1	1	1	0.313759	0.396475	0.396475	1	1	
0.00057544	-nan	0.39833	0.727335	1	1	1	1	1	1	0.31376	0.39833	0.39833	1	1	
0.000597035	-nan	0.400218	0.728452	1	1	1	1	1	1	0.313762	0.400218	0.400218	1	1	
0.000619441	-nan	0.40214	0.729584	1	1	1	1	1	1	0.313763	0.40214	0.40214	1	1	
0.000642688	-nan	0.404095	0.730731	1	1	1	1	1	1	0.313765	0.404095	0.404095	1	1	
0.000666807	-nan	0.406085	0.731894	1	1	1	1	1	1	0.313767	0.406085	0.406085	1	1	
0.000691831	-nan	0.408111	0.733073	1	1	1	1	1	1	0.313768	0.408111	0.408111	1	1	
0.000717794	-nan	0.410172	0.734268	1	1	1	1	1	1	0.31377	0.410172	0.410172	1	1	
0.000744732	-nan	0.41227	0.735479	1	1	1	1	1	1	0.313772	0.41227	0.41227	1	1	
0.000772681	-nan	0.414404	0.736707	1	1	1	1	1	1	0.313774	0.414404	0.414404	1	1	
0.000801678	-nan	0.416576	0.737952	1	1	1	1	1	1	0.313776	0.416576	0.416576	1	1	
0.000831764	-nan	0.418785	0.739213	1	1	1	1	1	1	0.313778	0.418785	0.418785	1	1	
0.000862979	-nan	0.421033	0.740492	1	1	1	1	1	1	0.31378	0.421033	0.421033	1	1	
0.000895365	-nan	0.423321	0.741788	1	1	1	1	1	1	0.313782	0.423321	0.423321	1	1	
0.000928966	-nan	0.425647	0.743102	1	1	1	1	1	1	0.313784	0.425647	0.425647	1	1	
0.000963829	-nan	0.428015	0.744434	1	1	1	1	1	1	0.313787	0.428015	0.428015	1	1	
0.001	-nan	0.430422	0.745785	1	1	1	1	1	1	0.313789	0.430422	0.430422	1	1	
0.00103753	-nan	0.432872	0.747154	1	1	1	1	1	1	0.313791	0.432872	0.432872	1	1	
0.00107647	-nan	0.435363	0.748541	1	1	1	1	1	1	0.313794	0.435363	0.435363	1	1	
0.00111686	-nan	0.437896	0.749948	1	1	1	1	1	1	0.313797	0.437896	0.437896	1	1	
0.00115878	-nan	0.440473	0.751373	1	1	1	1	1	1	0.313799	0.440473	0.440473	1	1	
0.00120226	-nan	0.443093	0.752819	1	1	1	1	1	1	0.313802	0.443093	0.443093	1	1	
0.00124738	-nan	0.445758	0.754284	1	1	1	1	1	1	0.313805	0.445758	0.445758	1	1	
0.0012942	-nan	0.448467	0.755769	1	1	1	1	1	1	0.313808	0.448467	0.448467	1	1	
0.00134276	-nan	0.451221	0.757275	1	1	1	1	1	1	0.313811	0.451221	0.451221	1	1	
0.00139316	-nan	0.454022	0.758801	1	1	1	1	1	1	0.313814	0.454022	0.454022	1	1	
0.00144544	-nan	0.456868	0.760348	1	1	1	1	1	1	0.313817	0.456868	0.456868	1	1	
0.00149968	-nan	0.459762	0.761916	1	1	1	1	1	1	0.313821	0.459762	0.459762	1	1	
0.00155597	-nan	0.462703	0.763506	1	1	1	1	1	1	0.313824	0.462703	0.462703	1	1	
0.00161436	-nan	0.465692	0.765117	1	1	1	1	1	1	0.313828	0.465692	0.465692	1	1	
0.00167494	-nan	0.46873	0.766751	1	1	1	1	1	1	0.313832	0.46873	0.46873	1	1	
0.0017378	-nan	0.471816	0.768407	1	1	1	1	1	1	0.313836	0.471816	0.471816	1	1	
0.00180302	-nan	0.474953	0.770085	1	1	1	1	1	1	0.31384	0.474953	0.474953	1	1	
0.00187068	-nan	0.478139	0.771787	1	1	1	1	1	1	0.313844	0.478139	0.478139	1	1	
0.00194089	-nan	0.481376	0.773511	1	1	1	1	1	1	0.313848	0.481376	0.481376	1	1	
0.00201372	-nan	0.484663	0.775259	1	1	1	1	1	1	0.313853	0.484663	0.484663	1	1	
0.0020893	-nan	0.488003	0.777032	1	1	1	1	1	1	0.313857	0.488003	0.488003	1	1	
0.0021677	-nan	0.491394	0.778828	1	1	1	1	1	1	0.313862	0.491394	0.491394	1	1	
0.00224905	-nan	0.494837	0.780649	1	1	1	1	1	1	0.313867	0.494837	0.494837	1	1	
0.00233346	-nan	0.498333	0.782494	1	1	1	1	1	1	0.313872	0.498333	0.498333	1	1	
0.00242103	-nan	0.501883	0.784365	1	1	1	1	1	1	0.313877	0.501883	0.501883	1	1	
0.00251189	-nan	0.505486	0.786261	1	1	1	1	1	1	0.313883	0.505486	0.505486	1	1	
0.00260615	-nan	0.509142	0.788183	1	1	1	1	1	1	0.313889	0.509142	0.509142	1	1	
0.00270396	-nan	0.512853	0.790131	1	1	1	1	1	1	0.313895	0.512853	0.512853	1	1	
0.00280543	-nan	0.516619	0.792105	1	1	1	1	1	1	0.313901	0.516619	0.516619	1	1	
0.00291072	-nan	0.520439	0.794106	1	1	1	1	1	1	0.313907	0.520439	0.520439	1	1	
0.00301995	-nan	0.524314	0.796135	1	1	1	1	1	1	0.313914	0.524314	0.524314	1	1	
0.00313329	-nan	0.528245	0.79819	1	1	1	1	1	1	0.31392	0.528245	0.528245	1	1	
0.00325087	-nan	0.532231	0.800274	1	1	1	1	1	1	0.313927	0.532231	0.532231	1	1	
0.00337287	-nan	0.536273	0.802386	1	1	1	1	1	1	0.313935	0.536273	0.536273	1	1	
0.00349945	-nan	0.540371	0.804526	1	1	1	1	1	1	0.313942	0.540371	0.540371	1	1	
0.00363078	-nan	0.544524	0.806695	1	1	1	1	1	1	0.31395	0.544524	0.544524	1	1	
0.00376704	-nan	0.548734	0.808893	1	1	1	1	1	1	0.313959	0.548734	0.548734	1	1	
0.00390841	-nan	0.553	0.811121	1	1	1	1	1	1	0.313967	0.553	0.553	1	1	
0.00405509	-nan	0.557322	0.813379	1	1	1	1	1	1	0.313976	0.557322	0.557322	1	1	
0.00420727	-nan	0.5617	0.815667	1	1	1	1	1	1	0.313985	0.5617	0.5617	1	1	
0.00436516	-nan	0.566134	0.817985	1	1	1	1	1	1	0.313995	0.566134	0.566134	1	1	
0.00452898	-nan	0.570624	0.820335	1	1	1	1	1	1	0.314004	0.570624	0.570624	1	1	
0.00469894	-nan	0.57517	0.822716	1	1	1	1	1	1	0.314015	0.57517	0.57517	1	1	
0.00487528	-nan	0.579772	0.825129	1	1	1	1	1	1	0.314025	0.579772	0.579772	1	1	
0.00505825	-nan	0.584429	0.827574	1	1	1	1	1	1	0.314037	0.584429	0.584429	1	1	
0.00524807	-nan	0.589141	0.830051	1	1	1	1	1	1	0.314048	0.589141	0.589141	1	1	
0.00544503	-nan	0.593907	0.832562	1	1	1	1	1	1	0.31406	0.593907	0.593907	1	1	
0.00564937	-nan	0.598728	0.835106	1	1	1	1	1	1	0.314073	0.598728	0.598728	1	1	
0.00586138	-nan	0.603603	0.837683	1	1	1	1	1	1	0.314086	0.603603	0.603603	1	1	
0.00608135	-nan	0.608532	0.840295	1	1	1	1	1	1	0.314099	0.608532	0.608532	1	1	
0.00630957	-nan	0.613513	0.842941	1	1	1	1	1	1	0.314113	0.613513	0.613513	1	1	
0.00654636	-nan	0.618547	0.845621	1	1	1	1	1	1	0.314128	0.618547	0.618547	1	1	
0.00679204	-nan	0.623633	0.848338	1	1	1	1	1	1	0.314143	0.623633	0.623633	1	1	
0.00704693	-nan	0.628769	0.851089	1	1	1	1	1	1	0.314159	0.628769	0.628769	1	1	
0.00731139	-nan	0.633956	0.853877	1	1	1	1	1	1	0.314176	0.633956	0.633956	1	1	
0.00758578	-nan	0.639193	0.856702	1	1	1	1	1	1	0.314194	0.639193	0.639193	1	1	
0.00787046	-nan	0.644477	0.859563	1	1	1	1	1	1	0.314212	0.644477	0.644477	1	1	
0.00816582	-nan	0.64981	0.862462	1	1	1	1	1	1	0.314231	0.64981	0.64981	1	1	
0.00847227	-nan	0.655189	0.865398	1	1	1	1	1	1	0.314251	0.655189	0.655189	1	1	
0.00879023	-nan	0.660614	0.868373	1	1	1	1	1	1	0.314271	0.660614	0.660614	1	1	
0.00912011	-nan	0.666083	0.871386	1	1	1	1	1	1	0.314293	0.666083	0.666083	1	1	
0.00946237	-nan	0.671595	0.874438	1	1	1	1	1	1	0.314316	0.671595	0.671595	1	1	
0.00981748	-nan	0.67715	0.87753	1	1	1	1	1	1	0.31434	0.67715	0.67715	1	1	
0.0101859	-nan	0.682745	0.880662	1	1	1	1	1	1	0.314364	0.682745	0.682745	1	1	
0.0105682	-nan	0.68838	0.883834	1	1	1	1	1	1	0.314391	0.68838	0.68838	1	1	
0.0109648	-nan	0.694052	0.887046	1	1	1	1	1	1	0.314418	0.694052	0.694052	1	1	
0.0113763	-nan	0.699761	0.8903	1	1	1	1	1	1	0.314447	0.699761	0.699761	1	1	
0.0118032	-nan	0.705504	0.893596	1	1	1	1	1	1	0.314477	0.705504	0.705504	1	1	
0.0122462	-nan	0.711281	0.896934	1	1	1	1	1	1	0.314509	0.711281	0.711281	1	1	
0.0127057	-nan	0.717089	0.900315	1	1	1	1	1	1	0.314542	0.717089	0.717089	1	1	
0.0131826	-nan	0.722927	0.903738	1	1	1	1	1	1	0.314578	0.722927	0.722927	1	1	
0.0136773	-nan	0.728793	0.907205	1	1	1	1	1	1	0.314615	0.728793	0.728793	1	1	
0.0141906	-nan	0.734685	0.910716	1	1	1	1	1	1	0.314654	0.734685	0.734685	1	1	
0.0147231	-nan	0.740601	0.914272	1	1	1	1	1	1	0.314695	0.740601	0.740601	1	1	
0.0152757	-nan	0.746538	0.917873	1	1	1	1	1	1	0.314739	0.746538	0.746538	1	1	
0.0158489	-nan	0.752496	0.921519	1	1	1	1	1	1	0.314785	0.752496	0.752496	1	1	
0.0164437	-nan	0.758472	0.925211	1	1	1	1	1	1	0.314834	0.758472	0.758472	1	1	
0.0170608	-nan	0.764464	0.92895	1	1	1	1	1	1	0.314886	0.764464	0.764464	1	1	
0.0177011	-nan	0.770468	0.932736	1	1	1	1	1	1	0.314941	0.770468	0.770468	1	1	
0.0183654	-nan	0.776485	0.936569	1	1	1	1	1	1	0.315	0.776485	0.776485	1	1	
0.0190546	-nan	0.782509	0.94045	1	1	1	1	1	1	0.315062	0.782509	0.782509	1	1	
0.0197697	-nan	0.788541	0.94438	1	1	1	1	1	1	0.315129	0.788541	0.788541	1	1	
0.0205116	-nan	0.794576	0.94836	1	1	1	1	1	1	0.3152	0.794576	0.794576	1	1	
0.0212814	-nan	0.800613	0.952388	1	1	1	1	1	1	0.315276	0.800613	0.800613	1	1	
0.02208	-nan	0.806649	0.956468	1	1	1	1	1	1	0.315358	0.806649	0.806649	1	1	
0.0229087	-nan	0.812681	0.960597	1	1	1	1	1	1	0.315445	0.812681	0.812681	1	1	
0.0237684	-nan	0.818707	0.964779	1	1	1	1	1	1	0.31554	0.818707	0.818707	1	1	
0.0246604	-nan	0.824725	0.969012	1	1	1	1	1	1	0.315642	0.824725	0.824725	1	1	
0.0255859	-nan	0.830731	0.973298	1	1	1	1	1	1	0.315752	0.830731	0.830731	1	1	
0.0265461	-nan	0.836722	0.977637	1	1	1	1	1	1	0.315871	0.836722	0.836722	1	1	
0.0275423	-nan	0.842697	0.98203	1	1	1	1	1	1	0.316	0.842697	0.842697	1	1	
0.0285759	-nan	0.848652	0.986478	1	1	1	1	1	1	0.316141	0.848652	0.848652	1	1	
0.0296483	-nan	0.854585	0.990981	1	1	1	1	1	1	0.316296	0.854585	0.854585	1	1	
0.030761	-nan	0.860492	0.995539	1	1	1	1	1	1	0.316465	0.860492	0.860492	1	1	
0.0319154	-nan	0.866372	1.00015	1	1	1	1	1	1	0.316651	0.866372	0.866372	1	1	
0.0331131	-nan	0.87222	1.00483	1	1	1	1	1	1	0.316856	0.87222	0.87222	1	1	
0.0343558	-nan	0.878034	1.00956	1	1	1	1	1	1	0.317083	0.878034	0.878034	1	1	
0.0356451	-nan	0.883812	1.01435	1	1	1	1	1	1	0.317336	0.883812	0.883812	1	1	
0.0369828	-nan	0.88955	1.01919	1	1	1	1	1	1	0.317619	0.88955	0.88955	1	1	
0.0383707	-nan	0.895245	1.0241	1	1	1	1	1	1	0.317936	0.895245	0.895245	1	1	
0.0398107	-nan	0.900895	1.02907	1	1	1	1	1	1	0.318293	0.900895	0.900895	1	1	
0.0413048	-nan	0.906496	1.0341	1	1	1	1	1	1	0.318699	0.906496	0.906496	1	1	
0.0428549	-nan	0.912047	1.03919	1	1	1	1	1	1	0.31916	0.912047	0.912047	1	1	
0.0444631	-nan	0.917543	1.04435	1	1	1	1	1	1	0.319689	0.917543	0.917543	1	1	
0.0461318	-nan	0.922981	1.04957	1	1	1	1	1	1	0.320299	0.922981	0.922981	1	1	
0.047863	-nan	0.92836	1.05486	1	1	1	1	1	1	0.321005	0.92836	0.92836	1	1	
0.0496592	-nan	0.933675	1.06021	1	1	1	1	1	1	0.32183	0.933675	0.933675	1	1	
0.0515229	-nan	0.938925	1.06563	1	1	1	1	1	1	0.3228	0.938925	0.938925	1	1	
0.0534564	-nan	0.944105	1.07112	1	1	1	1	1	1	0.323948	0.944105	0.944105	1	1	
0.0554626	-nan	0.949214	1.07668	1	1	1	1	1	1	0.325317	0.949214	0.949214	1	1	
0.057544	-nan	0.954248	1.0823	1	1	1	1	1	1	0.326962	0.954248	0.954248	1	1	
0.0597035	-nan	0.959204	1.088	1	1	1	1	1	1	0.328956	0.959204	0.959204	1	1	
0.0619441	-nan	0.964079	1.09377	1	1	1	1	1	1	0.331392	0.964079	0.964079	1	1	
0.0642688	-nan	0.96887	1.09961	1	1	1	1	1	1	0.334395	0.96887	0.96887	1	1	
0.0666807	-nan	0.973575	1.10553	1	1	1	1	1	1	0.338129	0.973575	0.973575	1	1	
0.0691831	-nan	0.978191	1.11153	1	1	1	1	1	1	0.342817	0.978191	0.978191	1	1	
0.0717794	-nan	0.982714	1.1176	1	1	1	1	1	1	0.348757	0.982714	0.982714	1	1	
0.0744732	-nan	0.987141	1.12375	1	1	1	1	1	1	0.356355	0.987141	0.987141	1	1	
0.0772681	-nan	0.99147	1.12998	1	1	1	1	1	1	0.366165	0.99147	0.99147	1	1	
0.0801678	-nan	0.995698	1.13629	1	1	1	1	1	1	0.378952	0.995698	0.995698	1	1	
0.0831764	-nan	0.999821	1.14268	1	1	1	1	1	1	0.395768	0.999821	0.999821	1	1	
0.0862979	-nan	1.00384	1.14916	1	1	1	1	1	1	0.418061	1.00384	1.00384	1	1	
0.0895365	-nan	1.00774	1.15573	1	1	1	1	1	1	0.447811	1.00774	1.00774	1	1	
0.0928966	-nan	1.01153	1.16238	1	1	1	1	1	1	0.487681	1.01153	1.01153	1	1	
0.0963829	-nan	1.01521	1.16912	1	1	1	1	1	1	0.541142	1.01521	1.01521	1	1	
0.1	-nan	1.01876	1.17595	1	1	1	1	1	1	0.612452	1.01876	1.01876	1	1	
0.103614	-nan	1.02207	1.18262	1	1	1	1	1	1	0.702465	1.02207	1.02207	1	1	
0.107229	-nan	1.02516	1.18915	1	1	1	1	1	1	0.812819	1.02516	1.02516	1	1	
0.110843	-nan	1.02804	1.19554	1	1	1	1	1	1	0.943098	1.02804	1.02804	1	1	
0.114458	-nan	1.03072	1.2018	1	1	1	1	1	1	1.09014	1.03072	1.03072	1	1	
0.118072	-nan	1.03322	1.20794	1	1	1	1	1	1	1.24799	1.03322	1.03322	1	1	
0.121687	-nan	1.03555	1.21396	1	1	1	1	1	1	1.4087	1.03555	1.03555	1	1	
0.125301	-nan	1.03773	1.21987	1	1	1	1	1	1	1.56398	1.03773	1.03773	1	1	
0.128916	-nan	1.03975	1.22568	1	1	1	1	1	1	1.70674	1.03975	1.03975	1	1	
0.13253	-nan	1.04164	1.23139	1	1	1	1	1	1	1.83224	1.04164	1.04164	1	1	
0.136145	-nan	1.04339	1.237	1	1	1	1	1	1	1.93826	1.04339	1.04339	1	1	
0.139759	-nan	1.04502	1.24252	1	1	1	1	1	1	2.02477	1.04502	1.04502	1	1	
0.143373	-nan	1.04653	1.24796	1	1	1	1	1	1	2.09322	1.04653	1.04653	1	1	
0.146988	-nan	1.04793	1.25332	1	1	1	1	1	1	2.14577	1.04793	1.04793	1	1	
0.150602	-nan	1.04923	1.25859	1	1	1	1	1	1	2.18486	1.04923	1.04923	1	1	
0.154217	-nan	1.05043	1.26379	1	1	1	1	1	1	2.2128	1.05043	1.05043	1	1	
0.157831	-nan	1.05153	1.26892	1	1	1	1	1	1	2.23163	1.05153	1.05153	1	1	
0.161446	-nan	1.05255	1.27398	1	1	1	1	1	1	2.24306	1.05255	1.05255	1	1	
0.16506	-nan	1.05348	1.27897	1	1	1	1	1	1	2.2485	1.05348	1.05348	1	1	
0.168675	-nan	1.05432	1.2839	1	1	1	1	1	1	2.24906	1.05432	1.05432	1	1	
0.172289	-nan	1.0551	1.28877	1	1	1	1	1	1	2.24563	1.0551	1.0551	1	1	
0.175904	-nan	1.05579	1.29357	1	1	1	1	1	1	2.23895	1.05579	1.05579	1	1	
0.179518	-nan	1.05642	1.29832	1	1	1	1	1	1	2.22959	1.05642	1.05642	1	1	
0.183133	-nan	1.05698	1.30302	1	1	1	1	1	1	2.21806	1.05698	1.05698	1	1	
0.186747	-nan	1.05747	1.30766	1	1	1	1	1	1	2.20477	1.05747	1.05747	1	1	
0.190361	-nan	1.0579	1.31224	1	1	1	1	1	1	2.19012	1.0579	1.0579	1	1	
0.193976	-nan	1.05828	1.31678	1	1	1	1	1	1	2.17443	1.05828	1.05828	1	1	
0.19759	-nan	1.05859	1.32127	1	1	1	1	1	1	2.15802	1.05859	1.05859	1	1	
0.201205	-nan	1.05885	1.32572	1	1	1	1	1	1	2.14117	1.05885	1.05885	1	1	
0.204819	-nan	1.05906	1.33011	1	1	1	1	1	1	2.12413	1.05906	1.05906	1	1	
0.208434	-nan	1.05922	1.33447	1	1	1	1	1	1	2.10713	1.05922	1.05922	1	1	
0.212048	-nan	1.05933	1.33878	1	1	1	1	1	1	2.09035	1.05933	1.05933	1	1	
0.215663	-nan	1.0594	1.34305	1	1	1	1	1	1	2.07397	1.0594	1.0594	1	1	
0.219277	-nan	1.05941	1.34728	1	1	1	1	1	1	2.05812	1.05941	1.05941	1	1	
0.222892	-nan	1.05939	1.35147	1	1	1	1	1	1	2.04291	1.05939	1.05939	1	1	
0.226506	-nan	1.05932	1.35562	1	1	1	1	1	1	2.02841	1.05932	1.05932	1	1	
0.23012	-nan	1.05921	1.35974	1	1	1	1	1	1	2.01468	1.05921	1.05921	1	1	
0.233735	-nan	1.05907	1.36382	1	1	1	1	1	1	2.00174	1.05907	1.05907	1	1	
0.237349	-nan	1.05888	1.36787	1	1	1	1	1	1	1.98961	1.05888	1.05888	1	1	
0.240964	-nan	1.05866	1.37188	1	1	1	1	1	1	1.97828	1.05866	1.05866	1	1	
0.244578	-nan	1.0584	1.37586	1	1	1	1	1	1	1.96773	1.0584	1.0584	1	1	
0.248193	-nan	1.05811	1.37981	1	1	1	1	1	1	1.95794	1.05811	1.05811	1	1	
0.251807	-nan	1.05778	1.38372	1	1	1	1	1	1	1.94888	1.05778	1.05778	1	1	
0.255422	-nan	1.05743	1.38761	1	1	1	1	1	1	1.9405	1.05743	1.05743	1	1	
0.259036	-nan	1.05704	1.39147	1	1	1	1	1	1	1.93276	1.05704	1.05704	1	1	
0.262651	-nan	1.05662	1.39529	1	1	1	1	1	1	1.92563	1.05662	1.05662	1	1	
0.266265	-nan	1.05617	1.39909	1	1	1	1	1	1	1.91905	1.05617	1.05617	1	1	
0.26988	-nan	1.05569	1.40286	1	1	1	1	1	1	1.91299	1.05569	1.05569	1	1	
0.273494	-nan	1.05519	1.40661	1	1	1	1	1	1	1.90741	1.05519	1.05519	1	1	
0.277108	-nan	1.05465	1.41032	1	1	1	1	1	1	1.90226	1.05465	1.05465	1	1	
0.280723	-nan	1.05409	1.41402	1	1	1	1	1	1	1.89752	1.05409	1.05409	1	1	
0.284337	-nan	1.05351	1.41768	1	1	1	1	1	1	1.89314	1.05351	1.05351	1	1	
0.287952	-nan	1.0529	1.42132	1	1	1	1	1	1	1.8891	1.0529	1.0529	1	1	
0.291566	-nan	1.05226	1.42494	1	1	1	1	1	1	1.88537	1.05226	1.05226	1	1	
0.295181	-nan	1.05161	1.42854	1	1	1	1	1	1	1.88191	1.05161	1.05161	1	1	
0.298795	-nan	1.05092	1.43211	1	1	1	1	1	1	1.87871	1.05092	1.05092	1	1	
0.30241	-nan	1.05022	1.43566	1	1	1	1	1	1	1.87574	1.05022	1.05022	1	1	
0.306024	-nan	1.04949	1.43918	1	1	1	1	1	1	1.87299	1.04949	1.04949	1	1	
0.309639	-nan	1.04875	1.44269	1	1	1	1	1	1	1.87043	1.04875	1.04875	1	1	
0.313253	-nan	1.04798	1.44617	1	1	1	1	1	1	1.86804	1.04798	1.04798	1	1	
0.316867	-nan	1.04719	1.44963	1	1	1	1	1	1	1.86582	1.04719	1.04719	1	1	
0.320482	-nan	1.04638	1.45307	1	1	1	1	1	1	1.86374	1.04638	1.04638	1	1	
0.324096	-nan	1.04555	1.4565	1	1	1	1	1	1	1.8618	1.04555	1.04555	1	1	
0.327711	-nan	1.0447	1.4599	1	1	1	1	1	1	1.85998	1.0447	1.0447	1	1	
0.331325	-nan	1.04383	1.46328	1	1	1	1	1	1	1.85827	1.04383	1.04383	1	1	
0.33494	-nan	1.04295	1.46664	1	1	1	1	1	1	1.85667	1.04295	1.04295	1	1	
0.338554	-nan	1.04204	1.46999	1	1	1	1	1	1	1.85517	1.04204	1.04204	1	1	
0.342169	-nan	1.04112	1.47332	1	1	1	1	1	1	1.85375	1.04112	1.04112	1	1	
0.345783	-nan	1.04018	1.47663	1	1	1	1	1	1	1.85241	1.04018	1.04018	1	1	
0.349398	-nan	1.03923	1.47992	1	1	1	1	1	1	1.85115	1.03923	1.03923	1	1	
0.353012	-nan	1.03826	1.48319	1	1	1	1	1	1	1.84995	1.03826	1.03826	1	1	
0.356627	-nan	1.03727	1.48645	1	1	1	1	1	1	1.84882	1.03727	1.03727	1	1	
0.360241	-nan	1.03627	1.48969	1	1	1	1	1	1	1.84775	1.03627	1.03627	1	1	
0.363855	-nan	1.03525	1.49291	1	1	1	1	1	1	1.84673	1.03525	1.03525	1	1	
0.36747	-nan	1.03421	1.49612	1	1	1	1	1	1	1.84576	1.03421	1.03421	1	1	
0.371084	-nan	1.03316	1.49931	1	1	1	1	1	1	1.84484	1.03316	1.03316	1	1	
0.374699	-nan	1.0321	1.50249	1	1	1	1	1	1	1.84397	1.0321	1.0321	1	1	
0.378313	-nan	1.03102	1.50565	1	1	1	1	1	1	1.84313	1.03102	1.03102	1	1	
0.381928	-nan	1.02992	1.50879	1	1	1	1	1	1	1.84233	1.02992	1.02992	1	1	
0.385542	-nan	1.02882	1.51192	1	1	1	1	1	1	1.84157	1.02882	1.02882	1	1	
0.389157	-nan	1.0277	1.51504	1	1	1	1	1	1	1.84084	1.0277	1.0277	1	1	
0.392771	-nan	1.02656	1.51814	1	1	1	1	1	1	1.84015	1.02656	1.02656	1	1	
0.396386	-nan	1.02542	1.52122	1	1	1	1	1	1	1.83948	1.02542	1.02542	1	1	
0.4	-nan	1.02426	1.5243	1	1	1	1	1	1	1.83884	1.02426	1.02426	1	1	
0.403614	-nan	1.02308	1.52736	1	1	1	1	1	1	1.83822	1.02308	1.02308	1	1	
0.407229	-nan	1.0219	1.5304	1	1	1	1	1	1	1.83763	1.0219	1.0219	1	1	
0.410843	-nan	1.0207	1.53343	1	1	1	1	1	1	1.83707	1.0207	1.0207	1	1	
0.414458	-nan	1.01949	1.53645	1	1	1	1	1	1	1.83652	1.01949	1.01949	1	1	
0.418072	-nan	1.01827	1.53945	1	1	1	1	1	1	1.836	1.01827	1.01827	1	1	
0.421687	-nan	1.01704	1.54245	1	1	1	1	1	1	1.8355	1.01704	1.01704	1	1	
0.425301	-nan	1.01579	1.54542	1	1	1	1	1	1	1.83501	1.01579	1.01579	1	1	
0.428916	-nan	1.01453	1.54839	1	1	1	1	1	1	1.83454	1.01453	1.01453	1	1	
0.43253	-nan	1.01327	1.55135	1	1	1	1	1	1	1.83409	1.01327	1.01327	1	1	
0.436145	-nan	1.01199	1.55429	1	1	1	1	1	1	1.83365	1.01199	1.01199	1	1	
0.439759	-nan	1.0107	1.55722	1	1	1	1	1	1	1.83323	1.0107	1.0107	1	1	
0.443373	-nan	1.0094	1.56013	1	1	1	1	1	1	1.83283	1.0094	1.0094	1	1	
0.446988	-nan	1.00809	1.56304	1	1	1	1	1	1	1.83243	1.00809	1.00809	1	1	
0.450602	-nan	1.00677	1.56593	1	1	1	1	1	1	1.83205	1.00677	1.00677	1	1	
0.454217	-nan	1.00544	1.56882	1	1	1	1	1	1	1.83169	1.00544	1.00544	1	1	
0.457831	-nan	1.0041	1.57169	1	1	1	1	1	1	1.83133	1.0041	1.0041	1	1	
0.461446	-nan	1.00275	1.57455	1	1	1	1	1	1	1.83099	1.00275	1.00275	1	1	
0.46506	-nan	1.0014	1.5774	1	1	1	1	1	1	1.83065	1.0014	1.0014	1	1	
0.468675	-nan	1.00003	1.58023	1	1	1	1	1	1	1.83033	1.00003	1.00003	1	1	
0.472289	-nan	0.998649	1.58306	1	1	1	1	1	1	1.83002	0.998649	0.998649	1	1	
0.475904	-nan	0.997262	1.58588	1	1	1	1	1	1	1.82971	0.997262	0.997262	1	1	
0.479518	-nan	0.995866	1.58868	1	1	1	1	1	1	1.82942	0.995866	0.995866	1	1	
0.483133	-nan	0.994461	1.59148	1	1	1	1	1	1	1.82914	0.994461	0.994461	1	1	
0.486747	-nan	0.993048	1.59426	1	1	1	1	1	1	1.82886	0.993048	0.993048	1	1	
0.490361	-nan	0.991625	1.59703	1	1	1	1	1	1	1.82859	0.991625	0.991625	1	1	
0.493976	-nan	0.990195	1.5998	1	1	1	1	1	1	1.82833	0.990195	0.990195	1	1	
0.49759	-nan	0.988756	1.60255	1	1	1	1	1	1	1.82808	0.988756	0.988756	1	1	
0.501205	-nan	0.987308	1.60529	1	1	1	1	1	1	1.82783	0.987308	0.987308	1	1	
0.504819	-nan	0.985853	1.60803	1	1	1	1	1	1	1.82759	0.985853	0.985853	1	1	
0.508434	-nan	0.98439	1.61075	1	1	1	1	1	1	1.82736	0.98439	0.98439	1	1	
0.512048	-nan	0.982919	1.61347	1	1	1	1	1	1	1.82714	0.982919	0.982919	1	1	
0.515663	-nan	0.98144	1.61617	1	1	1	1	1	1	1.82692	0.98144	0.98144	1	1	
0.519277	-nan	0.979953	1.61887	1	1	1	1	1	1	1.82671	0.979953	0.979953	1	1	
0.522892	-nan	0.978459	1.62155	1	1	1	1	1	1	1.8265	0.978459	0.978459	1	1	
0.526506	-nan	0.976958	1.62423	1	1	1	1	1	1	1.8263	0.976958	0.976958	1	1	
0.53012	-nan	0.975449	1.6269	1	1	1	1	1	1	1.8261	0.975449	0.975449	1	1	
0.533735	-nan	0.973933	1.62956	1	1	1	1	1	1	1.82591	0.973933	0.973933	1	1	
0.537349	-nan	0.97241	1.6322	1	1	1	1	1	1	1.82573	0.97241	0.97241	1	1	
0.540964	-nan	0.97088	1.63484	1	1	1	1	1	1	1.82555	0.97088	0.97088	1	1	
0.544578	-nan	0.969343	1.63748	1	1	1	1	1	1	1.82537	0.969343	0.969343	1	1	
0.548193	-nan	0.9678	1.6401	1	1	1	1	1	1	1.8252	0.9678	0.9678	1	1	
0.551807	-nan	0.96625	1.64271	1	1	1	1	1	1	1.82504	0.96625	0.96625	1	1	
0.555422	-nan	0.964693	1.64532	1	1	1	1	1	1	1.82487	0.964693	0.964693	1	1	
0.559036	-nan	0.96313	1.64791	1	1	1	1	1	1	1.82472	0.96313	0.96313	1	1	
0.562651	-nan	0.96156	1.6505	1	1	1	1	1	1	1.82456	0.96156	0.96156	1	1	
0.566265	-nan	0.959984	1.65308	1	1	1	1	1	1	1.82441	0.959984	0.959984	1	1	
0.56988	-nan	0.958402	1.65565	1	1	1	1	1	1	1.82427	0.958402	0.958402	1	1	
0.573494	-nan	0.956815	1.65821	1	1	1	1	1	1	1.82413	0.956815	0.956815	1	1	
0.577108	-nan	0.955221	1.66077	1	1	1	1	1	1	1.82399	0.955221	0.955221	1	1	
0.580723	-nan	0.953621	1.66331	1	1	1	1	1	1	1.82385	0.953621	0.953621	1	1	
0.584337	-nan	0.952015	1.66585	1	1	1	1	1	1	1.82372	0.952015	0.952015	1	1	
0.587952	-nan	0.950404	1.66838	1	1	1	1	1	1	1.8236	0.950404	0.950404	1	1	
0.591566	-nan	0.948787	1.67091	1	1	1	1	1	1	1.82347	0.948787	0.948787	1	1	
0.595181	-nan	0.947165	1.67342	1	1	1	1	1	1	1.82335	0.947165	0.947165	1	1	
0.598795	-nan	0.945537	1.67593	1	1	1	1	1	1	1.82323	0.945537	0.945537	1	1	
0.60241	-nan	0.943904	1.67842	1	1	1	1	1	1	1.82312	0.943904	0.943904	1	1	
0.606024	-nan	0.942265	1.68091	1	1	1	1	1	1	1.823	0.942265	0.942265	1	1	
0.609639	-nan	0.940622	1.6834	1	1	1	1	1	1	1.82289	0.940622	0.940622	1	1	
0.613253	-nan	0.938973	1.68587	1	1	1	1	1	1	1.82279	0.938973	0.938973	1	1	
0.616867	-nan	0.93732	1.68834	1	1	1	1	1	1	1.82268	0.93732	0.93732	1	1	
0.620482	-nan	0.935661	1.6908	1	1	1	1	1	1	1.82258	0.935661	0.935661	1	1	
0.624096	-nan	0.933998	1.69325	1	1	1	1	1	1	1.82248	0.933998	0.933998	1	1	
0.627711	-nan	0.93233	1.6957	1	1	1	1	1	1	1.82239	0.93233	0.93233	1	1	
0.631325	-nan	0.930657	1.69814	1	1	1	1	1	1	1.82229	0.930657	0.930657	1	1	
0.63494	-nan	0.92898	1.70057	1	1	1	1	1	1	1.8222	0.92898	0.92898	1	1	
0.638554	-nan	0.927298	1.70299	1	1	1	1	1	1	1.82211	0.927298	0.927298	1	1	
0.642169	-nan	0.925612	1.70541	1	1	1	1	1	1	1.82202	0.925612	0.925612	1	1	
0.645783	-nan	0.923922	1.70782	1	1	1	1	1	1	1.82194	0.923922	0.923922	1	1	
0.649398	-nan	0.922227	1.71022	1	1	1	1	1	1	1.82185	0.922227	0.922227	1	1	
0.653012	-nan	0.920528	1.71261	1	1	1	1	1	1	1.82177	0.920528	0.920528	1	1	
0.656627	-nan	0.918825	1.715	1	1	1	1	1	1	1.82169	0.918825	0.918825	1	1	
0.660241	-nan	0.917118	1.71738	1	1	1	1	1	1	1.82162	0.917118	0.917118	1	1	
0.663855	-nan	0.915407	1.71975	1	1	1	1	1	1	1.82154	0.915407	0.915407	1	1	
0.66747	-nan	0.913692	1.72212	1	1	1	1	1	1	1.82147	0.913692	0.913692	1	1	
0.671084	-nan	0.911973	1.72448	1	1	1	1	1	1	1.8214	0.911973	0.911973	1	1	
0.674699	-nan	0.91025	1.72683	1	1	1	1	1	1	1.82133	0.91025	0.91025	1	1	
0.678313	-nan	0.908524	1.72918	1	1	1	1	1	1	1.82126	0.908524	0.908524	1	1	
0.681928	-nan	0.906795	1.73152	1	1	1	1	1	1	1.82119	0.906795	0.906795	1	1	
0.685542	-nan	0.905061	1.73385	1	1	1	1	1	1	1.82113	0.905061	0.905061	1	1	
0.689157	-nan	0.903325	1.73617	1	1	1	1	1	1	1.82106	0.903325	0.903325	1	1	
0.692771	-nan	0.901585	1.73849	1	1	1	1	1	1	1.821	0.901585	0.901585	1	1	
0.696386	-nan	0.899841	1.74081	1	1	1	1	1	1	1.82094	0.899841	0.899841	1	1	
0.7	-nan	0.898095	1.74311	1	1	1	1	1	1	1.82088	0.898095	0.898095	1	1	
0.703614	-nan	0.896345	1.74541	1	1	1	1	1	1	1.82082	0.896345	0.896345	1	1	
0.707229	-nan	0.894592	1.7477	1	1	1	1	1	1	1.82077	0.894592	0.894592	1	1	
0.710843	-nan	0.892837	1.74999	1	1	1	1	1	1	1.82071	0.892837	0.892837	1	1	
0.714458	-nan	0.891078	1.75227	1	1	1	1	1	1	1.82066	0.891078	0.891078	1	1	
0.718072	-nan	0.889316	1.75454	1	1	1	1	1	1	1.8206	0.889316	0.889316	1	1	
0.721687	-nan	0.887552	1.75681	1	1	1	1	1	1	1.82055	0.887552	0.887552	1	1	
0.725301	-nan	0.885784	1.75907	1	1	1	1	1	1	1.8205	0.885784	0.885784	1	1	
0.728916	-nan	0.884015	1.76132	1	1	1	1	1	1	1.82045	0.884015	0.884015	1	1	
0.73253	-nan	0.882242	1.76357	1	1	1	1	1	1	1.82041	0.882242	0.882242	1	1	
0.736145	-nan	0.880467	1.76581	1	1	1	1	1	1	1.82036	0.880467	0.880467	1	1	
0.739759	-nan	0.878689	1.76805	1	1	1	1	1	1	1.82032	0.878689	0.878689	1	1	
0.743373	-nan	0.876909	1.77028	1	1	1	1	1	1	1.82027	0.876909	0.876909	1	1	
0.746988	-nan	0.875127	1.7725	1	1	1	1	1	1	1.82023	0.875127	0.875127	1	1	
0.750602	-nan	0.873342	1.77471	1	1	1	1	1	1	1.82019	0.873342	0.873342	1	1	
0.754217	-nan	0.871556	1.77693	1	1	1	1	1	1	1.82014	0.871556	0.871556	1	1	
0.757831	-nan	0.869767	1.77913	1	1	1	1	1	1	1.8201	0.869767	0.869767	1	1	
0.761446	-nan	0.867975	1.78133	1	1	1	1	1	1	1.82006	0.867975	0.867975	1	1	
0.76506	-nan	0.866182	1.78352	1	1	1	1	1	1	1.82003	0.866182	0.866182	1	1	
0.768675	-nan	0.864387	1.78571	1	1	1	1	1	1	1.81999	0.864387	0.864387	1	1	
0.772289	-nan	0.86259	1.78789	1	1	1	1	1	1	1.81995	0.86259	0.86259	1	1	
0.775904	-nan	0.860791	1.79006	1	1	1	1	1	1	1.81992	0.860791	0.860791	1	1	
0.779518	-nan	0.85899	1.79223	1	1	1	1	1	1	1.81988	0.85899	0.85899	1	1	
0.783133	-nan	0.857188	1.79439	1	1	1	1	1	1	1.81985	0.857188	0.857188	1	1	
0.786747	-nan	0.855384	1.79655	1	1	1	1	1	1	1.81981	0.855384	0.855384	1	1	
0.790361	-nan	0.853578	1.7987	1	1	1	1	1	1	1.81978	0.853578	0.853578	1	1	
0.793976	-nan	0.851771	1.80084	1	1	1	1	1	1	1.81975	0.851771	0.851771	1	1	
0.79759	-nan	0.849962	1.80298	1	1	1	1	1	1	1.81972	0.849962	0.849962	1	1	
0.801205	-nan	0.848152	1.80511	1	1	1	1	1	1	1.81969	0.848152	0.848152	1	1	
0.804819	-nan	0.84634	1.80724	1	1	1	1	1	1	1.81966	0.84634	0.84634	1	1	
0.808434	-nan	0.844527	1.80936	1	1	1	1	1	1	1.81963	0.844527	0.844527	1	1	
0.812048	-nan	0.842713	1.81148	1	1	1	1	1	1	1.8196	0.842713	0.842713	1	1	
0.815663	-nan	0.840898	1.81359	1	1	1	1	1	1	1.81958	0.840898	0.840898	1	1	
0.819277	-nan	0.839081	1.81569	1	1	1	1	1	1	1.81955	0.839081	0.839081	1	1	
0.822892	-nan	0.837263	1.81779	1	1	1	1	1	1	1.81952	0.837263	0.837263	1	1	
0.826506	-nan	0.835445	1.81988	1	1	1	1	1	1	1.8195	0.835445	0.835445	1	1	
0.83012	-nan	0.833625	1.82197	1	1	1	1	1	1	1.81947	0.833625	0.833625	1	1	
0.833735	-nan	0.831804	1.82405	1	1	1	1	1	1	1.81945	0.831804	0.831804	1	1	
0.837349	-nan	0.829983	1.82613	1	1	1	1	1	1	1.81942	0.829983	0.829983	1	1	
0.840964	-nan	0.828161	1.8282	1	1	1	1	1	1	1.8194	0.828161	0.828161	1	1	
0.844578	-nan	0.826337	1.83026	1	1	1	1	1	1	1.81938	0.826337	0.826337	1	1	
0.848193	-nan	0.824514	1.83232	1	1	1	1	1	1	1.81936	0.824514	0.824514	1	1	
0.851807	-nan	0.822689	1.83438	1	1	1	1	1	1	1.81933	0.822689	0.822689	1	1	
0.855422	-nan	0.820864	1.83643	1	1	1	1	1	1	1.81931	0.820864	0.820864	1	1	
0.859036	-nan	0.819039	1.83847	1	1	1	1	1	1	1.81929	0.819039	0.819039	1	1	
0.862651	-nan	0.817212	1.84051	1	1	1	1	1	1	1.81927	0.817212	0.817212	1	1	
0.866265	-nan	0.815386	1.84254	1	1	1	1	1	1	1.81925	0.815386	0.815386	1	1	
0.86988	-nan	0.813559	1.84456	1	1	1	1	1	1	1.81923	0.813559	0.813559	1	1	
0.873494	-nan	0.811732	1.84659	1	1	1	1	1	1	1.81922	0.811732	0.811732	1	1	
0.877108	-nan	0.809904	1.8486	1	1	1	1	1	1	1.8192	0.809904	0.809904	1	1	
0.880723	-nan	0.808076	1.85061	1	1	1	1	1	1	1.81918	0.808076	0.808076	1	1	
0.884337	-nan	0.806248	1.85262	1	1	1	1	1	1	1.81916	0.806248	0.806248	1	1	
0.887952	-nan	0.80442	1.85462	1	1	1	1	1	1	1.81915	0.80442	0.80442	1	1	
0.891566	-nan	0.802592	1.85661	1	1	1	1	1	1	1.81913	0.802592	0.802592	1	1	
0.895181	-nan	0.800763	1.8586	1	1	1	1	1	1	1.81911	0.800763	0.800763	1	1	
0.898795	-nan	0.798935	1.86058	1	1	1	1	1	1	1.8191	0.798935	0.798935	1	1	
0.90241	-nan	0.797107	1.86256	1	1	1	1	1	1	1.81908	0.797107	0.797107	1	1	
0.906024	-nan	0.795278	1.86453	1	1	1	1	1	1	1.81907	0.795278	0.795278	1	1	
0.909639	-nan	0.79345	1.8665	1	1	1	1	1	1	1.81905	0.79345	0.79345	1	1	
0.913253	-nan	0.791622	1.86846	1	1	1	1	1	1	1.81904	0.791622	0.791622	1	1	
0.916867	-nan	0.789795	1.87042	1	1	1	1	1	1	1.81903	0.789795	0.789795	1	1	
0.920482	-nan	0.787967	1.87237	1	1	1	1	1	1	1.81901	0.787967	0.787967	1	1	
0.924096	-nan	0.78614	1.87432	1	1	1	1	1	1	1.819	0.78614	0.78614	1	1	
0.927711	-nan	0.784314	1.87626	1	1	1	1	1	1	1.81899	0.784314	0.784314	1	1	
0.931325	-nan	0.782487	1.8782	1	1	1	1	1	1	1.81897	0.782487	0.782487	1	1	
0.93494	-nan	0.780662	1.88013	1	1	1	1	1	1	1.81896	0.780662	0.780662	1	1	
0.938554	-nan	0.778836	1.88206	1	1	1	1	1	1	1.81895	0.778836	0.778836	1	1	
0.942169	-nan	0.777012	1.88398	1	1	1	1	1	1	1.81894	0.777012	0.777012	1	1	
0.945783	-nan	0.775187	1.88589	1	1	1	1	1	1	1.81893	0.775187	0.775187	1	1	
0.949398	-nan	0.773364	1.88781	1	1	1	1	1	1	1.81892	0.773364	0.773364	1	1	
0.953012	-nan	0.771541	1.88971	1	1	1	1	1	1	1.81891	0.771541	0.771541	1	1	
0.956627	-nan	0.769719	1.89161	1	1	1	1	1	1	1.8189	0.769719	0.769719	1	1	
0.960241	-nan	0.767898	1.89351	1	1	1	1	1	1	1.81889	0.767898	0.767898	1	1	
0.963855	-nan	0.766077	1.8954	1	1	1	1	1	1	1.81888	0.766077	0.766077	1	1	
0.96747	-nan	0.764258	1.89728	1	1	1	1	1	1	1.81887	0.764258	0.764258	1	1	
0.971084	-nan	0.762439	1.89917	1	1	1	1	1	1	1.81886	0.762439	0.762439	1	1	
0.974699	-nan	0.760621	1.90104	1	1	1	1	1	1	1.81885	0.760621	0.760621	1	1	
0.978313	-nan	0.758804	1.90291	1	1	1	1	1	1	1.81884	0.758804	0.758804	1	1	
0.981928	-nan	0.756988	1.90478	1	1	1	1	1	1	1.81883	0.756988	0.756988	1	1	
0.985542	-nan	0.755173	1.90664	1	1	1	1	1	1	1.81882	0.755173	0.755173	1	1	
0.989157	-nan	0.75336	1.90849	1	1	1	1	1	1	1.81881	0.75336	0.75336	1	1	
0.992771	-nan	0.751547	1.91034	1	1	1	1	1	1	1.81881	0.751547	0.751547	1	1	
0.996386	-nan	0.749736	1.91219	1	1	1	1	1	1	1.8188	0.749736	0.749736	1	1	
1	-nan	-nan	-nan	-nan	-nan	-nan	-nan	-nan	-nan	-nan	-nan	-nan	-nan	-nan	
