1e-05	-nan	0.550625	0.614055	1	1	1	1	1	1	1.93191	0.550625	0.550625	1	1	
1.03753e-05	-nan	0.550653	0.614084	1	1	1	1	1	1	1.93191	0.550653	0.550653	1	1	
1.07647e-05	-nan	0.550682	0.614114	1	1	1	1	1	1	1.93191	0.550682	0.550682	1	1	
1.11686e-05	-nan	0.550712	0.614145	1	1	1	1	1	1	1.93191	0.550712	0.550712	1	1	
1.15878e-05	-nan	0.550743	0.614176	1	1	1	1	1	1	1.93191	0.550743	0.550743	1	1	
1.20226e-05	-nan	0.550774	0.614208	1	1	1	1	1	1	1.93191	0.550774	0.550774	1	1	
1.24738e-05	-nan	0.550807	0.614241	1	1	1	1	1	1	1.93191	0.550807	0.550807	1	1	
1.2942e-05	-nan	0.55084	0.614275	1	1	1	1	1	1	1.93191	0.55084	0.55084	1	1	
1.34276e-05	-nan	0.550873	0.614309	1	1	1	1	1	1	1.9319	0.550873	0.550873	1	1	
1.39316e-05	-nan	0.550908	0.614344	1	1	1	1	1	1	1.9319	0.550908	0.550908	1	1	
1.44544e-05	-nan	0.550943	0.61438	1	1	1	1	1	1	1.9319	0.550943	0.550943	1	1	
1.49968e-05	-nan	0.55098	0.614416	1	1	1	1	1	1	1.9319	0.55098	0.55098	1	1	
1.55597e-05	-nan	0.551017	0.614454	1	1	1	1	1	1	1.9319	0.551017	0.551017	1	1	
1.61436e-05	-nan	0.551055	0.614492	1	1	1	1	1	1	1.9319	0.551055	0.551055	1	1	
1.67494e-05	-nan	0.551094	0.614531	1	1	1	1	1	1	1.9319	0.551094	0.551094	1	1	
1.7378e-05	-nan	0.551134	0.614571	1	1	1	1	1	1	1.93189	0.551134	0.551134	1	1	
1.80302e-05	-nan	0.551175	0.614611	1	1	1	1	1	1	1.93189	0.551175	0.551175	1	1	
1.87068e-05	-nan	0.551217	0.614653	1	1	1	1	1	1	1.93189	0.551217	0.551217	1	1	
1.94089e-05	-nan	0.55126	0.614695	1	1	1	1	1	1	1.93189	0.55126	0.55126	1	1	
2.01372e-05	-nan	0.551304	0.614739	1	1	1	1	1	1	1.93189	0.551304	0.551304	1	1	
2.0893e-05	-nan	0.551349	0.614783	1	1	1	1	1	1	1.93188	0.551349	0.551349	1	1	
2.1677e-05	-nan	0.551395	0.614829	1	1	1	1	1	1	1.93188	0.551395	0.551395	1	1	
2.24905e-05	-nan	0.551443	0.614875	1	1	1	1	1	1	1.93188	0.551443	0.551443	1	1	
2.33346e-05	-nan	0.551491	0.614923	1	1	1	1	1	1	1.93188	0.551491	0.551491	1	1	
2.42103e-05	-nan	0.551541	0.614972	1	1	1	1	1	1	1.93188	0.551541	0.551541	1	1	
2.51189e-05	-nan	0.551592	0.615021	1	1	1	1	1	1	1.93187	0.551592	0.551592	1	1	
2.60615e-05	-nan	0.551645	0.615072	1	1	1	1	1	1	1.93187	0.551645	0.551645	1	1	
2.70396e-05	-nan	0.551699	0.615124	1	1	1	1	1	1	1.93187	0.551699	0.551699	1	1	
2.80543e-05	-nan	0.551754	0.615177	1	1	1	1	1	1	1.93187	0.551754	0.551754	1	1	
2.91072e-05	-nan	0.55181	0.615231	1	1	1	1	1	1	1.93186	0.55181	0.55181	1	1	
3.01995e-05	-nan	0.551868	0.615287	1	1	1	1	1	1	1.93186	0.551868	0.551868	1	1	
3.13329e-05	-nan	0.551927	0.615344	1	1	1	1	1	1	1.93186	0.551927	0.551927	1	1	
3.25087e-05	-nan	0.551988	0.615402	1	1	1	1	1	1	1.93186	0.551988	0.551988	1	1	
3.37287e-05	-nan	0.552051	0.615461	1	1	1	1	1	1	1.93185	0.552051	0.552051	1	1	
3.49945e-05	-nan	0.552115	0.615522	1	1	1	1	1	1	1.93185	0.552115	0.552115	1	1	
3.63078e-05	-nan	0.55218	0.615584	1	1	1	1	1	1	1.93185	0.55218	0.55218	1	1	
3.76704e-05	-nan	0.552248	0.615648	1	1	1	1	1	1	1.93185	0.552248	0.552248	1	1	
3.90841e-05	-nan	0.552317	0.615713	1	1	1	1	1	1	1.93184	0.552317	0.552317	1	1	
4.05509e-05	-nan	0.552388	0.615779	1	1	1	1	1	1	1.93184	0.552388	0.552388	1	1	
4.20727e-05	-nan	0.55246	0.615847	1	1	1	1	1	1	1.93184	0.55246	0.55246	1	1	
4.36516e-05	-nan	0.552535	0.615917	1	1	1	1	1	1	1.93183	0.552535	0.552535	1	1	
4.52898e-05	-nan	0.552611	0.615988	1	1	1	1	1	1	1.93183	0.552611	0.552611	1	1	
4.69894e-05	-nan	0.55269	0.616061	1	1	1	1	1	1	1.93183	0.55269	0.55269	1	1	
4.87528e-05	-nan	0.55277	0.616135	1	1	1	1	1	1	1.93182	0.55277	0.55277	1	1	
5.05825e-05	-nan	0.552853	0.616211	1	1	1	1	1	1	1.93182	0.552853	0.552853	1	1	
5.24807e-05	-nan	0.552937	0.616289	1	1	1	1	1	1	1.93181	0.552937	0.552937	1	1	
5.44503e-05	-nan	0.553024	0.616369	1	1	1	1	1	1	1.93181	0.553024	0.553024	1	1	
5.64937e-05	-nan	0.553114	0.616451	1	1	1	1	1	1	1.93181	0.553114	0.553114	1	1	
5.86138e-05	-nan	0.553205	0.616534	1	1	1	1	1	1	1.9318	0.553205	0.553205	1	1	
6.08135e-05	-nan	0.553299	0.61662	1	1	1	1	1	1	1.9318	0.553299	0.553299	1	1	
6.30957e-05	-nan	0.553395	0.616707	1	1	1	1	1	1	1.93179	0.553395	0.553395	1	1	
6.54636e-05	-nan	0.553494	0.616797	1	1	1	1	1	1	1.93179	0.553494	0.553494	1	1	
6.79204e-05	-nan	0.553596	0.616888	1	1	1	1	1	1	1.93178	0.553596	0.553596	1	1	
7.04693e-05	-nan	0.5537	0.616982	1	1	1	1	1	1	1.93178	0.5537	0.5537	1	1	
7.31139e-05	-nan	0.553807	0.617078	1	1	1	1	1	1	1.93177	0.553807	0.553807	1	1	
7.58578e-05	-nan	0.553916	0.617176	1	1	1	1	1	1	1.93177	0.553916	0.553916	1	1	
7.87046e-05	-nan	0.554029	0.617277	1	1	1	1	1	1	1.93176	0.554029	0.554029	1	1	
8.16582e-05	-nan	0.554145	0.617379	1	1	1	1	1	1	1.93176	0.554145	0.554145	1	1	
8.47227e-05	-nan	0.554263	0.617485	1	1	1	1	1	1	1.93175	0.554263	0.554263	1	1	
8.79023e-05	-nan	0.554385	0.617593	1	1	1	1	1	1	1.93175	0.554385	0.554385	1	1	
9.12011e-05	-nan	0.55451	0.617703	1	1	1	1	1	1	1.93174	0.55451	0.55451	1	1	
9.46237e-05	-nan	0.554638	0.617816	1	1	1	1	1	1	1.93173	0.554638	0.554638	1	1	
9.81748e-05	-nan	0.55477	0.617931	1	1	1	1	1	1	1.93173	0.55477	0.55477	1	1	
0.000101859	-nan	0.554906	0.61805	1	1	1	1	1	1	1.93172	0.554906	0.554906	1	1	
0.000105682	-nan	0.555045	0.618171	1	1	1	1	1	1	1.93171	0.555045	0.555045	1	1	
0.000109648	-nan	0.555187	0.618295	1	1	1	1	1	1	1.93171	0.555187	0.555187	1	1	
0.000113763	-nan	0.555334	0.618422	1	1	1	1	1	1	1.9317	0.555334	0.555334	1	1	
0.000118032	-nan	0.555484	0.618552	1	1	1	1	1	1	1.93169	0.555484	0.555484	1	1	
0.000122462	-nan	0.555639	0.618686	1	1	1	1	1	1	1.93168	0.555639	0.555639	1	1	
0.000127057	-nan	0.555797	0.618822	1	1	1	1	1	1	1.93168	0.555797	0.555797	1	1	
0.000131826	-nan	0.55596	0.618962	1	1	1	1	1	1	1.93167	0.55596	0.55596	1	1	
0.000136773	-nan	0.556127	0.619105	1	1	1	1	1	1	1.93166	0.556127	0.556127	1	1	
0.000141906	-nan	0.556299	0.619252	1	1	1	1	1	1	1.93165	0.556299	0.556299	1	1	
0.000147231	-nan	0.556476	0.619402	1	1	1	1	1	1	1.93164	0.556476	0.556476	1	1	
0.000152757	-nan	0.556657	0.619556	1	1	1	1	1	1	1.93163	0.556657	0.556657	1	1	
0.000158489	-nan	0.556843	0.619713	1	1	1	1	1	1	1.93162	0.556843	0.556843	1	1	
0.000164437	-nan	0.557034	0.619874	1	1	1	1	1	1	1.93161	0.557034	0.557034	1	1	
0.000170608	-nan	0.557231	0.62004	1	1	1	1	1	1	1.9316	0.557231	0.557231	1	1	
0.000177011	-nan	0.557433	0.620209	1	1	1	1	1	1	1.93159	0.557433	0.557433	1	1	
0.000183654	-nan	0.55764	0.620383	1	1	1	1	1	1	1.93158	0.55764	0.55764	1	1	
0.000190546	-nan	0.557853	0.62056	1	1	1	1	1	1	1.93157	0.557853	0.557853	1	1	
0.000197697	-nan	0.558072	0.620742	1	1	1	1	1	1	1.93156	0.558072	0.558072	1	1	
0.000205116	-nan	0.558297	0.620929	1	1	1	1	1	1	1.93155	0.558297	0.558297	1	1	
0.000212814	-nan	0.558528	0.62112	1	1	1	1	1	1	1.93154	0.558528	0.558528	1	1	
0.0002208	-nan	0.558765	0.621316	1	1	1	1	1	1	1.93152	0.558765	0.558765	1	1	
0.000229087	-nan	0.559009	0.621517	1	1	1	1	1	1	1.93151	0.559009	0.559009	1	1	
0.000237684	-nan	0.559259	0.621723	1	1	1	1	1	1	1.9315	0.559259	0.559259	1	1	
0.000246604	-nan	0.559517	0.621934	1	1	1	1	1	1	1.93148	0.559517	0.559517	1	1	
0.000255859	-nan	0.559781	0.62215	1	1	1	1	1	1	1.93147	0.559781	0.559781	1	1	
0.000265461	-nan	0.560053	0.622371	1	1	1	1	1	1	1.93146	0.560053	0.560053	1	1	
0.000275423	-nan	0.560333	0.622598	1	1	1	1	1	1	1.93144	0.560333	0.560333	1	1	
0.000285759	-nan	0.56062	0.622831	1	1	1	1	1	1	1.93143	0.56062	0.56062	1	1	
0.000296483	-nan	0.560915	0.623069	1	1	1	1	1	1	1.93141	0.560915	0.560915	1	1	
0.00030761	-nan	0.561219	0.623314	1	1	1	1	1	1	1.93139	0.561219	0.561219	1	1	
0.000319154	-nan	0.56153	0.623565	1	1	1	1	1	1	1.93138	0.56153	0.56153	1	1	
0.000331131	-nan	0.561851	0.623822	1	1	1	1	1	1	1.93136	0.561851	0.561851	1	1	
0.000343558	-nan	0.56218	0.624085	1	1	1	1	1	1	1.93134	0.56218	0.56218	1	1	
0.000356451	-nan	0.562519	0.624355	1	1	1	1	1	1	1.93132	0.562519	0.562519	1	1	
0.000369828	-nan	0.562867	0.624632	1	1	1	1	1	1	1.9313	0.562867	0.562867	1	1	
0.000383707	-nan	0.563225	0.624916	1	1	1	1	1	1	1.93128	0.563225	0.563225	1	1	
0.000398107	-nan	0.563593	0.625207	1	1	1	1	1	1	1.93126	0.563593	0.563593	1	1	
0.000413048	-nan	0.563971	0.625506	1	1	1	1	1	1	1.93124	0.563971	0.563971	1	1	
0.000428549	-nan	0.56436	0.625812	1	1	1	1	1	1	1.93122	0.56436	0.56436	1	1	
0.000444631	-nan	0.56476	0.626127	1	1	1	1	1	1	1.93119	0.56476	0.56476	1	1	
0.000461318	-nan	0.565171	0.626449	1	1	1	1	1	1	1.93117	0.565171	0.565171	1	1	
0.00047863	-nan	0.565594	0.626779	1	1	1	1	1	1	1.93115	0.565594	0.565594	1	1	
0.000496592	-nan	0.566029	0.627118	1	1	1	1	1	1	1.93112	0.566029	0.566029	1	1	
0.000515229	-nan	0.566476	0.627466	1	1	1	1	1	1	1.9311	0.566476	0.566476	1	1	
0.000534564	-nan	0.566935	0.627822	1	1	1	1	1	1	1.93107	0.566935	0.566935	1	1	
0.000554626	-nan	0.567408	0.628188	1	1	1	1	1	1	1.93104	0.567408	0.567408	1	1	
0.00057544	-nan	0.567894	0.628564	1	1	1	1	1	1	1.93101	0.567894	0.567894	1	1	
0.000597035	-nan	0.568394	0.628949	1	1	1	1	1	1	1.93098	0.568394	0.568394	1	1	
0.000619441	-nan	0.568908	0.629344	1	1	1	1	1	1	1.93095	0.568908	0.568908	1	1	
0.000642688	-nan	0.569437	0.629749	1	1	1	1	1	1	1.93092	0.569437	0.569437	1	1	
0.000666807	-nan	0.569981	0.630166	1	1	1	1	1	1	1.93089	0.569981	0.569981	1	1	
0.000691831	-nan	0.57054	0.630592	1	1	1	1	1	1	1.93086	0.57054	0.57054	1	1	
0.000717794	-nan	0.571115	0.631031	1	1	1	1	1	1	1.93082	0.571115	0.571115	1	1	
0.000744732	-nan	0.571707	0.63148	1	1	1	1	1	1	1.93079	0.571707	0.571707	1	1	
0.000772681	-nan	0.572316	0.631942	1	1	1	1	1	1	1.93075	0.572316	0.572316	1	1	
0.000801678	-nan	0.572942	0.632415	1	1	1	1	1	1	1.93071	0.572942	0.572942	1	1	
0.000831764	-nan	0.573587	0.632902	1	1	1	1	1	1	1.93067	0.573587	0.573587	1	1	
0.000862979	-nan	0.57425	0.633401	1	1	1	1	1	1	1.93063	0.57425	0.57425	1	1	
0.000895365	-nan	0.574932	0.633913	1	1	1	1	1	1	1.93059	0.574932	0.574932	1	1	
0.000928966	-nan	0.575633	0.634439	1	1	1	1	1	1	1.93055	0.575633	0.575633	1	1	
0.000963829	-nan	0.576355	0.634979	1	1	1	1	1	1	1.9305	0.576355	0.576355	1	1	
0.001	-nan	0.577097	0.635533	1	1	1	1	1	1	1.93046	0.577097	0.577097	1	1	
0.00103753	-nan	0.577862	0.636102	1	1	1	1	1	1	1.93041	0.577862	0.577862	1	1	
0.00107647	-nan	0.578648	0.636687	1	1	1	1	1	1	1.93036	0.578648	0.578648	1	1	
0.00111686	-nan	0.579457	0.637287	1	1	1	1	1	1	1.93031	0.579457	0.579457	1	1	
0.00115878	-nan	0.580289	0.637903	1	1	1	1	1	1	1.93026	0.580289	0.580289	1	1	
0.00120226	-nan	0.581146	0.638536	1	1	1	1	1	1	1.9302	0.581146	0.581146	1	1	
0.00124738	-nan	0.582027	0.639186	1	1	1	1	1	1	1.93015	0.582027	0.582027	1	1	
0.0012942	-nan	0.582935	0.639854	1	1	1	1	1	1	1.93009	0.582935	0.582935	1	1	
0.00134276	-nan	0.583868	0.640539	1	1	1	1	1	1	1.93003	0.583868	0.583868	1	1	
0.00139316	-nan	0.584829	0.641244	1	1	1	1	1	1	1.92996	0.584829	0.584829	1	1	
0.00144544	-nan	0.585818	0.641967	1	1	1	1	1	1	1.9299	0.585818	0.585818	1	1	
0.00149968	-nan	0.586835	0.642711	1	1	1	1	1	1	1.92983	0.586835	0.586835	1	1	
0.00155597	-nan	0.587883	0.643474	1	1	1	1	1	1	1.92977	0.587883	0.587883	1	1	
0.00161436	-nan	0.58896	0.644259	1	1	1	1	1	1	1.92969	0.58896	0.58896	1	1	
0.00167494	-nan	0.59007	0.645065	1	1	1	1	1	1	1.92962	0.59007	0.59007	1	1	
0.0017378	-nan	0.591212	0.645894	1	1	1	1	1	1	1.92954	0.591212	0.591212	1	1	
0.00180302	-nan	0.592387	0.646745	1	1	1	1	1	1	1.92947	0.592387	0.592387	1	1	
0.00187068	-nan	0.593597	0.64762	1	1	1	1	1	1	1.92939	0.593597	0.593597	1	1	
0.00194089	-nan	0.594842	0.648519	1	1	1	1	1	1	1.9293	0.594842	0.594842	1	1	
0.00201372	-nan	0.596124	0.649443	1	1	1	1	1	1	1.92921	0.596124	0.596124	1	1	
0.0020893	-nan	0.597443	0.650393	1	1	1	1	1	1	1.92912	0.597443	0.597443	1	1	
0.0021677	-nan	0.598801	0.651369	1	1	1	1	1	1	1.92903	0.598801	0.598801	1	1	
0.00224905	-nan	0.600199	0.652373	1	1	1	1	1	1	1.92893	0.600199	0.600199	1	1	
0.00233346	-nan	0.601638	0.653405	1	1	1	1	1	1	1.92884	0.601638	0.601638	1	1	
0.00242103	-nan	0.603119	0.654466	1	1	1	1	1	1	1.92873	0.603119	0.603119	1	1	
0.00251189	-nan	0.604643	0.655556	1	1	1	1	1	1	1.92863	0.604643	0.604643	1	1	
0.00260615	-nan	0.606212	0.656678	1	1	1	1	1	1	1.92852	0.606212	0.606212	1	1	
0.00270396	-nan	0.607828	0.657831	1	1	1	1	1	1	1.9284	0.607828	0.607828	1	1	
0.00280543	-nan	0.60949	0.659017	1	1	1	1	1	1	1.92828	0.60949	0.60949	1	1	
0.00291072	-nan	0.611201	0.660237	1	1	1	1	1	1	1.92816	0.611201	0.611201	1	1	
0.00301995	-nan	0.612963	0.661492	1	1	1	1	1	1	1.92803	0.612963	0.612963	1	1	
0.00313329	-nan	0.614776	0.662782	1	1	1	1	1	1	1.9279	0.614776	0.614776	1	1	
0.00325087	-nan	0.616642	0.664109	1	1	1	1	1	1	1.92777	0.616642	0.616642	1	1	
0.00337287	-nan	0.618562	0.665475	1	1	1	1	1	1	1.92763	0.618562	0.618562	1	1	
0.00349945	-nan	0.620538	0.66688	1	1	1	1	1	1	1.92748	0.620538	0.620538	1	1	
0.00363078	-nan	0.622572	0.668325	1	1	1	1	1	1	1.92733	0.622572	0.622572	1	1	
0.00376704	-nan	0.624665	0.669812	1	1	1	1	1	1	1.92718	0.624665	0.624665	1	1	
0.00390841	-nan	0.626819	0.671342	1	1	1	1	1	1	1.92702	0.626819	0.626819	1	1	
0.00405509	-nan	0.629035	0.672917	1	1	1	1	1	1	1.92685	0.629035	0.629035	1	1	
0.00420727	-nan	0.631315	0.674538	1	1	1	1	1	1	1.92668	0.631315	0.631315	1	1	
0.00436516	-nan	0.633661	0.676206	1	1	1	1	1	1	1.9265	0.633661	0.633661	1	1	
0.00452898	-nan	0.636074	0.677923	1	1	1	1	1	1	1.92631	0.636074	0.636074	1	1	
0.00469894	-nan	0.638556	0.67969	1	1	1	1	1	1	1.92612	0.638556	0.638556	1	1	
0.00487528	-nan	0.641109	0.681509	1	1	1	1	1	1	1.92592	0.641109	0.641109	1	1	
0.00505825	-nan	0.643735	0.683382	1	1	1	1	1	1	1.92571	0.643735	0.643735	1	1	
0.00524807	-nan	0.646436	0.685311	1	1	1	1	1	1	1.9255	0.646436	0.646436	1	1	
0.00544503	-nan	0.649212	0.687297	1	1	1	1	1	1	1.92528	0.649212	0.649212	1	1	
0.00564937	-nan	0.652066	0.689342	1	1	1	1	1	1	1.92505	0.652066	0.652066	1	1	
0.00586138	-nan	0.655	0.691448	1	1	1	1	1	1	1.92481	0.655	0.655	1	1	
0.00608135	-nan	0.658016	0.693617	1	1	1	1	1	1	1.92456	0.658016	0.658016	1	1	
0.00630957	-nan	0.661115	0.695851	1	1	1	1	1	1	1.92431	0.661115	0.661115	1	1	
0.00654636	-nan	0.664299	0.698152	1	1	1	1	1	1	1.92404	0.664299	0.664299	1	1	
0.00679204	-nan	0.66757	0.700523	1	1	1	1	1	1	1.92377	0.66757	0.66757	1	1	
0.00704693	-nan	0.670929	0.702965	1	1	1	1	1	1	1.92348	0.670929	0.670929	1	1	
0.00731139	-nan	0.674378	0.705482	1	1	1	1	1	1	1.92319	0.674378	0.674378	1	1	
0.00758578	-nan	0.677919	0.708075	1	1	1	1	1	1	1.92288	0.677919	0.677919	1	1	
0.00787046	-nan	0.681553	0.710747	1	1	1	1	1	1	1.92256	0.681553	0.681553	1	1	
0.00816582	-nan	0.685282	0.713501	1	1	1	1	1	1	1.92223	0.685282	0.685282	1	1	
0.00847227	-nan	0.689107	0.716339	1	1	1	1	1	1	1.92189	0.689107	0.689107	1	1	
0.00879023	-nan	0.69303	0.719264	1	1	1	1	1	1	1.92154	0.69303	0.69303	1	1	
0.00912011	-nan	0.697051	0.72228	1	1	1	1	1	1	1.92117	0.697051	0.697051	1	1	
0.00946237	-nan	0.701172	0.725389	1	1	1	1	1	1	1.92079	0.701172	0.701172	1	1	
0.00981748	-nan	0.705394	0.728594	1	1	1	1	1	1	1.92039	0.705394	0.705394	1	1	
0.0101859	-nan	0.709717	0.731899	1	1	1	1	1	1	1.91998	0.709717	0.709717	1	1	
0.0105682	-nan	0.714143	0.735306	1	1	1	1	1	1	1.91956	0.714143	0.714143	1	1	
0.0109648	-nan	0.718672	0.73882	1	1	1	1	1	1	1.91911	0.718672	0.718672	1	1	
0.0113763	-nan	0.723305	0.742444	1	1	1	1	1	1	1.91865	0.723305	0.723305	1	1	
0.0118032	-nan	0.728041	0.746182	1	1	1	1	1	1	1.91818	0.728041	0.728041	1	1	
0.0122462	-nan	0.73288	0.750037	1	1	1	1	1	1	1.91768	0.73288	0.73288	1	1	
0.0127057	-nan	0.737823	0.754014	1	1	1	1	1	1	1.91717	0.737823	0.737823	1	1	
0.0131826	-nan	0.742868	0.758116	1	1	1	1	1	1	1.91664	0.742868	0.742868	1	1	
0.0136773	-nan	0.748016	0.762348	1	1	1	1	1	1	1.91608	0.748016	0.748016	1	1	
0.0141906	-nan	0.753264	0.766714	1	1	1	1	1	1	1.91551	0.753264	0.753264	1	1	
0.0147231	-nan	0.758612	0.771219	1	1	1	1	1	1	1.91491	0.758612	0.758612	1	1	
0.0152757	-nan	0.764058	0.775867	1	1	1	1	1	1	1.91429	0.764058	0.764058	1	1	
0.0158489	-nan	0.769601	0.780663	1	1	1	1	1	1	1.91364	0.769601	0.769601	1	1	
0.0164437	-nan	0.775237	0.785613	1	1	1	1	1	1	1.91297	0.775237	0.775237	1	1	
0.0170608	-nan	0.780964	0.79072	1	1	1	1	1	1	1.91228	0.780964	0.780964	1	1	
0.0177011	-nan	0.78678	0.795991	1	1	1	1	1	1	1.91155	0.78678	0.78678	1	1	
0.0183654	-nan	0.792681	0.80143	1	1	1	1	1	1	1.9108	0.792681	0.792681	1	1	
0.0190546	-nan	0.798663	0.807044	1	1	1	1	1	1	1.91002	0.798663	0.798663	1	1	
0.0197697	-nan	0.804723	0.812837	1	1	1	1	1	1	1.90921	0.804723	0.804723	1	1	
0.0205116	-nan	0.810855	0.818816	1	1	1	1	1	1	1.90836	0.810855	0.810855	1	1	
0.0212814	-nan	0.817055	0.824986	1	1	1	1	1	1	1.90748	0.817055	0.817055	1	1	
0.02208	-nan	0.823318	0.831354	1	1	1	1	1	1	1.90657	0.823318	0.823318	1	1	
0.0229087	-nan	0.829637	0.837925	1	1	1	1	1	1	1.90562	0.829637	0.829637	1	1	
0.0237684	-nan	0.836008	0.844706	1	1	1	1	1	1	1.90463	0.836008	0.836008	1	1	
0.0246604	-nan	0.842424	0.851703	1	1	1	1	1	1	1.90361	0.842424	0.842424	1	1	
0.0255859	-nan	0.848878	0.858922	1	1	1	1	1	1	1.90254	0.848878	0.848878	1	1	
0.0265461	-nan	0.855363	0.86637	1	1	1	1	1	1	1.90143	0.855363	0.855363	1	1	
0.0275423	-nan	0.861872	0.874053	1	1	1	1	1	1	1.90027	0.861872	0.861872	1	1	
0.0285759	-nan	0.868396	0.881977	1	1	1	1	1	1	1.89907	0.868396	0.868396	1	1	
0.0296483	-nan	0.87493	0.890148	1	1	1	1	1	1	1.89782	0.87493	0.87493	1	1	
0.030761	-nan	0.881463	0.898573	1	1	1	1	1	1	1.89652	0.881463	0.881463	1	1	
0.0319154	-nan	0.887988	0.907258	1	1	1	1	1	1	1.89516	0.887988	0.887988	1	1	
0.0331131	-nan	0.894496	0.916209	1	1	1	1	1	1	1.89375	0.894496	0.894496	1	1	
0.0343558	-nan	0.900978	0.925431	1	1	1	1	1	1	1.89229	0.900978	0.900978	1	1	
0.0356451	-nan	0.907427	0.934929	1	1	1	1	1	1	1.89076	0.907427	0.907427	1	1	
0.0369828	-nan	0.913833	0.944709	1	1	1	1	1	1	1.88917	0.913833	0.913833	1	1	
0.0383707	-nan	0.920186	0.954775	1	1	1	1	1	1	1.88751	0.920186	0.920186	1	1	
0.0398107	-nan	0.926479	0.96513	1	1	1	1	1	1	1.88579	0.926479	0.926479	1	1	
0.0413048	-nan	0.932703	0.975778	1	1	1	1	1	1	1.88399	0.932703	0.932703	1	1	
0.0428549	-nan	0.938849	0.986721	1	1	1	1	1	1	1.88212	0.938849	0.938849	1	1	
0.0444631	-nan	0.944908	0.997961	1	1	1	1	1	1	1.88017	0.944908	0.944908	1	1	
0.0461318	-nan	0.950872	1.0095	1	1	1	1	1	1	1.87814	0.950872	0.950872	1	1	
0.047863	-nan	0.956733	1.02133	1	1	1	1	1	1	1.87603	0.956733	0.956733	1	1	
0.0496592	-nan	0.962482	1.03346	1	1	1	1	1	1	1.87383	0.962482	0.962482	1	1	
0.0515229	-nan	0.968113	1.04587	1	1	1	1	1	1	1.87154	0.968113	0.968113	1	1	
0.0534564	-nan	0.973619	1.05857	1	1	1	1	1	1	1.86915	0.973619	0.973619	1	1	
0.0554626	-nan	0.978991	1.07155	1	1	1	1	1	1	1.86666	0.978991	0.978991	1	1	
0.057544	-nan	0.984223	1.08479	1	1	1	1	1	1	1.86407	0.984223	0.984223	1	1	
0.0597035	-nan	0.989309	1.09828	1	1	1	1	1	1	1.86136	0.989309	0.989309	1	1	
0.0619441	-nan	0.994244	1.11201	1	1	1	1	1	1	1.85855	0.994244	0.994244	1	1	
0.0642688	-nan	0.999021	1.12595	1	1	1	1	1	1	1.85562	0.999021	0.999021	1	1	
0.0666807	-nan	1.00364	1.14009	1	1	1	1	1	1	1.85256	1.00364	1.00364	1	1	
0.0691831	-nan	1.00808	1.15439	1	1	1	1	1	1	1.84937	1.00808	1.00808	1	1	
0.0717794	-nan	1.01236	1.16883	1	1	1	1	1	1	1.84605	1.01236	1.01236	1	1	
0.0744732	-nan	1.01646	1.18336	1	1	1	1	1	1	1.8426	1.01646	1.01646	1	1	
0.0772681	-nan	1.02038	1.19794	1	1	1	1	1	1	1.83899	1.02038	1.02038	1	1	
0.0801678	-nan	1.02412	1.21252	1	1	1	1	1	1	1.83524	1.02412	1.02412	1	1	
0.0831764	-nan	1.02768	1.22705	1	1	1	1	1	1	1.83132	1.02768	1.02768	1	1	
0.0862979	-nan	1.03105	1.24145	1	1	1	1	1	1	1.82725	1.03105	1.03105	1	1	
0.0895365	-nan	1.03423	1.25566	1	1	1	1	1	1	1.823	1.03423	1.03423	1	1	
0.0928966	-nan	1.03721	1.26959	1	1	1	1	1	1	1.81858	1.03721	1.03721	1	1	
0.0963829	-nan	1.04001	1.28315	1	1	1	1	1	1	1.81397	1.04001	1.04001	1	1	
0.1	-nan	1.04262	1.29623	1	1	1	1	1	1	1.80917	1.04262	1.04262	1	1	
0.103614	-nan	1.04494	1.30828	1	1	1	1	1	1	1.80436	1.04494	1.04494	1	1	
0.107229	-nan	1.04702	1.31928	1	1	1	1	1	1	1.79953	1.04702	1.04702	1	1	
0.110843	-nan	1.04886	1.32921	1	1	1	1	1	1	1.79469	1.04886	1.04886	1	1	
0.114458	-nan	1.0505	1.33807	1	1	1	1	1	1	1.78983	1.0505	1.0505	1	1	
0.118072	-nan	1.05194	1.34584	1	1	1	1	1	1	1.78497	1.05194	1.05194	1	1	
0.121687	-nan	1.05321	1.35252	1	1	1	1	1	1	1.78009	1.05321	1.05321	1	1	
0.125301	-nan	1.05432	1.35809	1	1	1	1	1	1	1.77521	1.05432	1.05432	1	1	
0.128916	-nan	1.05527	1.36257	1	1	1	1	1	1	1.77031	1.05527	1.05527	1	1	
0.13253	-nan	1.05609	1.36597	1	1	1	1	1	1	1.76542	1.05609	1.05609	1	1	
0.136145	-nan	1.05679	1.36829	1	1	1	1	1	1	1.76051	1.05679	1.05679	1	1	
0.139759	-nan	1.05736	1.36958	1	1	1	1	1	1	1.7556	1.05736	1.05736	1	1	
0.143373	-nan	1.05783	1.36987	1	1	1	1	1	1	1.75069	1.05783	1.05783	1	1	
0.146988	-nan	1.05819	1.36921	1	1	1	1	1	1	1.74578	1.05819	1.05819	1	1	
0.150602	-nan	1.05846	1.36766	1	1	1	1	1	1	1.74087	1.05846	1.05846	1	1	
0.154217	-nan	1.05865	1.36528	1	1	1	1	1	1	1.73596	1.05865	1.05865	1	1	
0.157831	-nan	1.05875	1.36217	1	1	1	1	1	1	1.73106	1.05875	1.05875	1	1	
0.161446	-nan	1.05878	1.3584	1	1	1	1	1	1	1.72615	1.05878	1.05878	1	1	
0.16506	-nan	1.05873	1.3541	1	1	1	1	1	1	1.72125	1.05873	1.05873	1	1	
0.168675	-nan	1.05862	1.34935	1	1	1	1	1	1	1.71636	1.05862	1.05862	1	1	
0.172289	-nan	1.05845	1.34428	1	1	1	1	1	1	1.71148	1.05845	1.05845	1	1	
0.175904	-nan	1.05822	1.339	1	1	1	1	1	1	1.7066	1.05822	1.05822	1	1	
0.179518	-nan	1.05794	1.33362	1	1	1	1	1	1	1.70173	1.05794	1.05794	1	1	
0.183133	-nan	1.05761	1.32826	1	1	1	1	1	1	1.69687	1.05761	1.05761	1	1	
0.186747	-nan	1.05722	1.32301	1	1	1	1	1	1	1.69203	1.05722	1.05722	1	1	
0.190361	-nan	1.0568	1.31798	1	1	1	1	1	1	1.68719	1.0568	1.0568	1	1	
0.193976	-nan	1.05633	1.31324	1	1	1	1	1	1	1.68236	1.05633	1.05633	1	1	
0.19759	-nan	1.05582	1.30886	1	1	1	1	1	1	1.67755	1.05582	1.05582	1	1	
0.201205	-nan	1.05527	1.30491	1	1	1	1	1	1	1.67275	1.05527	1.05527	1	1	
0.204819	-nan	1.05469	1.30141	1	1	1	1	1	1	1.66797	1.05469	1.05469	1	1	
0.208434	-nan	1.05407	1.29841	1	1	1	1	1	1	1.6632	1.05407	1.05407	1	1	
0.212048	-nan	1.05342	1.29592	1	1	1	1	1	1	1.65844	1.05342	1.05342	1	1	
0.215663	-nan	1.05275	1.29393	1	1	1	1	1	1	1.6537	1.05275	1.05275	1	1	
0.219277	-nan	1.05204	1.29246	1	1	1	1	1	1	1.64897	1.05204	1.05204	1	1	
0.222892	-nan	1.05131	1.29147	1	1	1	1	1	1	1.64426	1.05131	1.05131	1	1	
0.226506	-nan	1.05055	1.29097	1	1	1	1	1	1	1.63956	1.05055	1.05055	1	1	
0.23012	-nan	1.04977	1.29091	1	1	1	1	1	1	1.63487	1.04977	1.04977	1	1	
0.233735	-nan	1.04897	1.29127	1	1	1	1	1	1	1.6302	1.04897	1.04897	1	1	
0.237349	-nan	1.04814	1.29202	1	1	1	1	1	1	1.62553	1.04814	1.04814	1	1	
0.240964	-nan	1.0473	1.29313	1	1	1	1	1	1	1.62088	1.0473	1.0473	1	1	
0.244578	-nan	1.04643	1.29456	1	1	1	1	1	1	1.61623	1.04643	1.04643	1	1	
0.248193	-nan	1.04555	1.29629	1	1	1	1	1	1	1.61159	1.04555	1.04555	1	1	
0.251807	-nan	1.04464	1.29828	1	1	1	1	1	1	1.60695	1.04464	1.04464	1	1	
0.255422	-nan	1.04373	1.3005	1	1	1	1	1	1	1.60232	1.04373	1.04373	1	1	
0.259036	-nan	1.04279	1.30292	1	1	1	1	1	1	1.59768	1.04279	1.04279	1	1	
0.262651	-nan	1.04184	1.30552	1	1	1	1	1	1	1.59304	1.04184	1.04184	1	1	
0.266265	-nan	1.04088	1.30828	1	1	1	1	1	1	1.58839	1.04088	1.04088	1	1	
0.26988	-nan	1.0399	1.31116	1	1	1	1	1	1	1.58373	1.0399	1.0399	1	1	
0.273494	-nan	1.03891	1.31415	1	1	1	1	1	1	1.57904	1.03891	1.03891	1	1	
0.277108	-nan	1.03791	1.31722	1	1	1	1	1	1	1.57433	1.03791	1.03791	1	1	
0.280723	-nan	1.03689	1.32036	1	1	1	1	1	1	1.56959	1.03689	1.03689	1	1	
0.284337	-nan	1.03587	1.32356	1	1	1	1	1	1	1.56481	1.03587	1.03587	1	1	
0.287952	-nan	1.03483	1.32679	1	1	1	1	1	1	1.55999	1.03483	1.03483	1	1	
0.291566	-nan	1.03378	1.33005	1	1	1	1	1	1	1.55511	1.03378	1.03378	1	1	
0.295181	-nan	1.03273	1.33332	1	1	1	1	1	1	1.55016	1.03273	1.03273	1	1	
0.298795	-nan	1.03166	1.33659	1	1	1	1	1	1	1.54514	1.03166	1.03166	1	1	
0.30241	-nan	1.03059	1.33984	1	1	1	1	1	1	1.54002	1.03059	1.03059	1	1	
0.306024	-nan	1.0295	1.34308	1	1	1	1	1	1	1.53481	1.0295	1.0295	1	1	
0.309639	-nan	1.02841	1.34629	1	1	1	1	1	1	1.52948	1.02841	1.02841	1	1	
0.313253	-nan	1.02731	1.34947	1	1	1	1	1	1	1.52402	1.02731	1.02731	1	1	
0.316867	-nan	1.0262	1.35261	1	1	1	1	1	1	1.5184	1.0262	1.0262	1	1	
0.320482	-nan	1.02509	1.35571	1	1	1	1	1	1	1.51262	1.02509	1.02509	1	1	
0.324096	-nan	1.02397	1.35875	1	1	1	1	1	1	1.50666	1.02397	1.02397	1	1	
0.327711	-nan	1.02284	1.36174	1	1	1	1	1	1	1.50049	1.02284	1.02284	1	1	
0.331325	-nan	1.02171	1.36467	1	1	1	1	1	1	1.49409	1.02171	1.02171	1	1	
0.33494	-nan	1.02057	1.36755	1	1	1	1	1	1	1.48744	1.02057	1.02057	1	1	
0.338554	-nan	1.01943	1.37036	1	1	1	1	1	1	1.48052	1.01943	1.01943	1	1	
0.342169	-nan	1.01828	1.37312	1	1	1	1	1	1	1.4733	1.01828	1.01828	1	1	
0.345783	-nan	1.01712	1.37581	1	1	1	1	1	1	1.46576	1.01712	1.01712	1	1	
0.349398	-nan	1.01596	1.37843	1	1	1	1	1	1	1.45788	1.01596	1.01596	1	1	
0.353012	-nan	1.0148	1.38099	1	1	1	1	1	1	1.44964	1.0148	1.0148	1	1	
0.356627	-nan	1.01363	1.38349	1	1	1	1	1	1	1.441	1.01363	1.01363	1	1	
0.360241	-nan	1.01246	1.38593	1	1	1	1	1	1	1.43197	1.01246	1.01246	1	1	
0.363855	-nan	1.01128	1.3883	1	1	1	1	1	1	1.42252	1.01128	1.01128	1	1	
0.36747	-nan	1.0101	1.39061	1	1	1	1	1	1	1.41265	1.0101	1.0101	1	1	
0.371084	-nan	1.00892	1.39285	1	1	1	1	1	1	1.40234	1.00892	1.00892	1	1	
0.374699	-nan	1.00773	1.39504	1	1	1	1	1	1	1.3916	1.00773	1.00773	1	1	
0.378313	-nan	1.00654	1.39717	1	1	1	1	1	1	1.38045	1.00654	1.00654	1	1	
0.381928	-nan	1.00535	1.39925	1	1	1	1	1	1	1.3689	1.00535	1.00535	1	1	
0.385542	-nan	1.00416	1.40127	1	1	1	1	1	1	1.35699	1.00416	1.00416	1	1	
0.389157	-nan	1.00296	1.40323	1	1	1	1	1	1	1.34475	1.00296	1.00296	1	1	
0.392771	-nan	1.00176	1.40514	1	1	1	1	1	1	1.33225	1.00176	1.00176	1	1	
0.396386	-nan	1.00055	1.407	1	1	1	1	1	1	1.31954	1.00055	1.00055	1	1	
0.4	-nan	0.99935	1.40882	1	1	1	1	1	1	1.30672	0.99935	0.99935	1	1	
0.403614	-nan	0.998144	1.41058	1	1	1	1	1	1	1.29387	0.998144	0.998144	1	1	
0.407229	-nan	0.996936	1.4123	1	1	1	1	1	1	1.28112	0.996936	0.996936	1	1	
0.410843	-nan	0.995726	1.41398	1	1	1	1	1	1	1.26857	0.995726	0.995726	1	1	
0.414458	-nan	0.994514	1.41561	1	1	1	1	1	1	1.25636	0.994514	0.994514	1	1	
0.418072	-nan	0.993302	1.4172	1	1	1	1	1	1	1.24463	0.993302	0.993302	1	1	
0.421687	-nan	0.992087	1.41876	1	1	1	1	1	1	1.23354	0.992087	0.992087	1	1	
0.425301	-nan	0.990872	1.42027	1	1	1	1	1	1	1.22323	0.990872	0.990872	1	1	
0.428916	-nan	0.989656	1.42176	1	1	1	1	1	1	1.21387	0.989656	0.989656	1	1	
0.43253	-nan	0.988439	1.4232	1	1	1	1	1	1	1.20562	0.988439	0.988439	1	1	
0.436145	-nan	0.987221	1.42462	1	1	1	1	1	1	1.19862	0.987221	0.987221	1	1	
0.439759	-nan	0.986003	1.426	1	1	1	1	1	1	1.19303	0.986003	0.986003	1	1	
0.443373	-nan	0.984783	1.42735	1	1	1	1	1	1	1.18898	0.984783	0.984783	1	1	
0.446988	-nan	0.983564	1.42867	1	1	1	1	1	1	1.18659	0.983564	0.983564	1	1	
0.450602	-nan	0.982344	1.42997	1	1	1	1	1	1	1.18593	0.982344	0.982344	1	1	
0.454217	-nan	0.981124	1.43123	1	1	1	1	1	1	1.18706	0.981124	0.981124	1	1	
0.457831	-nan	0.979904	1.43248	1	1	1	1	1	1	1.19	0.979904	0.979904	1	1	
0.461446	-nan	0.978683	1.43369	1	1	1	1	1	1	1.1947	0.978683	0.978683	1	1	
0.46506	-nan	0.977463	1.43489	1	1	1	1	1	1	1.20108	0.977463	0.977463	1	1	
0.468675	-nan	0.976243	1.43606	1	1	1	1	1	1	1.20901	0.976243	0.976243	1	1	
0.472289	-nan	0.975023	1.43721	1	1	1	1	1	1	1.21831	0.975023	0.975023	1	1	
0.475904	-nan	0.973804	1.43834	1	1	1	1	1	1	1.22878	0.973804	0.973804	1	1	
0.479518	-nan	0.972585	1.43945	1	1	1	1	1	1	1.24019	0.972585	0.972585	1	1	
0.483133	-nan	0.971367	1.44055	1	1	1	1	1	1	1.25228	0.971367	0.971367	1	1	
0.486747	-nan	0.970149	1.44162	1	1	1	1	1	1	1.26482	0.970149	0.970149	1	1	
0.490361	-nan	0.968931	1.44268	1	1	1	1	1	1	1.27758	0.968931	0.968931	1	1	
0.493976	-nan	0.967715	1.44372	1	1	1	1	1	1	1.29034	0.967715	0.967715	1	1	
0.49759	-nan	0.9665	1.44474	1	1	1	1	1	1	1.30294	0.9665	0.9665	1	1	
0.501205	-nan	0.965285	1.44575	1	1	1	1	1	1	1.3152	0.965285	0.965285	1	1	
0.504819	-nan	0.964071	1.44675	1	1	1	1	1	1	1.32701	0.964071	0.964071	1	1	
0.508434	-nan	0.962859	1.44773	1	1	1	1	1	1	1.33827	0.962859	0.962859	1	1	
0.512048	-nan	0.961647	1.4487	1	1	1	1	1	1	1.34892	0.961647	0.961647	1	1	
0.515663	-nan	0.960437	1.44965	1	1	1	1	1	1	1.35891	0.960437	0.960437	1	1	
0.519277	-nan	0.959228	1.45059	1	1	1	1	1	1	1.36821	0.959228	0.959228	1	1	
0.522892	-nan	0.958021	1.45153	1	1	1	1	1	1	1.37681	0.958021	0.958021	1	1	
0.526506	-nan	0.956815	1.45245	1	1	1	1	1	1	1.38472	0.956815	0.956815	1	1	
0.53012	-nan	0.95561	1.45335	1	1	1	1	1	1	1.39196	0.95561	0.95561	1	1	
0.533735	-nan	0.954407	1.45425	1	1	1	1	1	1	1.39853	0.954407	0.954407	1	1	
0.537349	-nan	0.953206	1.45514	1	1	1	1	1	1	1.40447	0.953206	0.953206	1	1	
0.540964	-nan	0.952006	1.45602	1	1	1	1	1	1	1.40982	0.952006	0.952006	1	1	
0.544578	-nan	0.950809	1.45689	1	1	1	1	1	1	1.41459	0.950809	0.950809	1	1	
0.548193	-nan	0.949613	1.45775	1	1	1	1	1	1	1.41883	0.949613	0.949613	1	1	
0.551807	-nan	0.948419	1.4586	1	1	1	1	1	1	1.42258	0.948419	0.948419	1	1	
0.555422	-nan	0.947226	1.45945	1	1	1	1	1	1	1.42585	0.947226	0.947226	1	1	
0.559036	-nan	0.946036	1.46028	1	1	1	1	1	1	1.4287	0.946036	0.946036	1	1	
0.562651	-nan	0.944848	1.46111	1	1	1	1	1	1	1.43114	0.944848	0.944848	1	1	
0.566265	-nan	0.943662	1.46193	1	1	1	1	1	1	1.43322	0.943662	0.943662	1	1	
0.56988	-nan	0.942478	1.46275	1	1	1	1	1	1	1.43496	0.942478	0.942478	1	1	
0.573494	-nan	0.941297	1.46356	1	1	1	1	1	1	1.43638	0.941297	0.941297	1	1	
0.577108	-nan	0.940118	1.46436	1	1	1	1	1	1	1.43752	0.940118	0.940118	1	1	
0.580723	-nan	0.938941	1.46515	1	1	1	1	1	1	1.43841	0.938941	0.938941	1	1	
0.584337	-nan	0.937766	1.46594	1	1	1	1	1	1	1.43905	0.937766	0.937766	1	1	
0.587952	-nan	0.936594	1.46672	1	1	1	1	1	1	1.43948	0.936594	0.936594	1	1	
0.591566	-nan	0.935425	1.4675	1	1	1	1	1	1	1.43971	0.935425	0.935425	1	1	
0.595181	-nan	0.934258	1.46827	1	1	1	1	1	1	1.43976	0.934258	0.934258	1	1	
0.598795	-nan	0.933093	1.46904	1	1	1	1	1	1	1.43966	0.933093	0.933093	1	1	
0.60241	-nan	0.931931	1.4698	1	1	1	1	1	1	1.4394	0.931931	0.931931	1	1	
0.606024	-nan	0.930772	1.47055	1	1	1	1	1	1	1.43902	0.930772	0.930772	1	1	
0.609639	-nan	0.929616	1.4713	1	1	1	1	1	1	1.43851	0.929616	0.929616	1	1	
0.613253	-nan	0.928462	1.47205	1	1	1	1	1	1	1.4379	0.928462	0.928462	1	1	
0.616867	-nan	0.927311	1.47279	1	1	1	1	1	1	1.4372	0.927311	0.927311	1	1	
0.620482	-nan	0.926163	1.47353	1	1	1	1	1	1	1.43641	0.926163	0.926163	1	1	
0.624096	-nan	0.925018	1.47426	1	1	1	1	1	1	1.43554	0.925018	0.925018	1	1	
0.627711	-nan	0.923876	1.47499	1	1	1	1	1	1	1.43461	0.923876	0.923876	1	1	
0.631325	-nan	0.922737	1.47572	1	1	1	1	1	1	1.43361	0.922737	0.922737	1	1	
0.63494	-nan	0.921601	1.47644	1	1	1	1	1	1	1.43257	0.921601	0.921601	1	1	
0.638554	-nan	0.920468	1.47716	1	1	1	1	1	1	1.43147	0.920468	0.920468	1	1	
0.642169	-nan	0.919338	1.47787	1	1	1	1	1	1	1.43034	0.919338	0.919338	1	1	
0.645783	-nan	0.918211	1.47858	1	1	1	1	1	1	1.42917	0.918211	0.918211	1	1	
0.649398	-nan	0.917088	1.47929	1	1	1	1	1	1	1.42797	0.917088	0.917088	1	1	
0.653012	-nan	0.915967	1.47999	1	1	1	1	1	1	1.42674	0.915967	0.915967	1	1	
0.656627	-nan	0.91485	1.48069	1	1	1	1	1	1	1.42549	0.91485	0.91485	1	1	
0.660241	-nan	0.913736	1.48139	1	1	1	1	1	1	1.42422	0.913736	0.913736	1	1	
0.663855	-nan	0.912625	1.48208	1	1	1	1	1	1	1.42294	0.912625	0.912625	1	1	
0.66747	-nan	0.911518	1.48277	1	1	1	1	1	1	1.42164	0.911518	0.911518	1	1	
0.671084	-nan	0.910414	1.48346	1	1	1	1	1	1	1.42033	0.910414	0.910414	1	1	
0.674699	-nan	0.909313	1.48414	1	1	1	1	1	1	1.41902	0.909313	0.909313	1	1	
0.678313	-nan	0.908216	1.48482	1	1	1	1	1	1	1.4177	0.908216	0.908216	1	1	
0.681928	-nan	0.907123	1.4855	1	1	1	1	1	1	1.41637	0.907123	0.907123	1	1	
0.685542	-nan	0.906032	1.48618	1	1	1	1	1	1	1.41505	0.906032	0.906032	1	1	
0.689157	-nan	0.904946	1.48685	1	1	1	1	1	1	1.41372	0.904946	0.904946	1	1	
0.692771	-nan	0.903863	1.48752	1	1	1	1	1	1	1.4124	0.903863	0.903863	1	1	
0.696386	-nan	0.902783	1.48819	1	1	1	1	1	1	1.41108	0.902783	0.902783	1	1	
0.7	-nan	0.901707	1.48886	1	1	1	1	1	1	1.40976	0.901707	0.901707	1	1	
0.703614	-nan	0.900635	1.48952	1	1	1	1	1	1	1.40845	0.900635	0.900635	1	1	
0.707229	-nan	0.899566	1.49018	1	1	1	1	1	1	1.40715	0.899566	0.899566	1	1	
0.710843	-nan	0.898501	1.49084	1	1	1	1	1	1	1.40585	0.898501	0.898501	1	1	
0.714458	-nan	0.897439	1.49149	1	1	1	1	1	1	1.40455	0.897439	0.897439	1	1	
0.718072	-nan	0.896382	1.49215	1	1	1	1	1	1	1.40327	0.896382	0.896382	1	1	
0.721687	-nan	0.895328	1.4928	1	1	1	1	1	1	1.402	0.895328	0.895328	1	1	
0.725301	-nan	0.894278	1.49345	1	1	1	1	1	1	1.40073	0.894278	0.894278	1	1	
0.728916	-nan	0.893231	1.4941	1	1	1	1	1	1	1.39947	0.893231	0.893231	1	1	
0.73253	-nan	0.892188	1.49474	1	1	1	1	1	1	1.39823	0.892188	0.892188	1	1	
0.736145	-nan	0.89115	1.49538	1	1	1	1	1	1	1.39699	0.89115	0.89115	1	1	
0.739759	-nan	0.890114	1.49602	1	1	1	1	1	1	1.39577	0.890114	0.890114	1	1	
0.743373	-nan	0.889083	1.49666	1	1	1	1	1	1	1.39455	0.889083	0.889083	1	1	
0.746988	-nan	0.888056	1.4973	1	1	1	1	1	1	1.39335	0.888056	0.888056	1	1	
0.750602	-nan	0.887032	1.49793	1	1	1	1	1	1	1.39216	0.887032	0.887032	1	1	
0.754217	-nan	0.886013	1.49857	1	1	1	1	1	1	1.39098	0.886013	0.886013	1	1	
0.757831	-nan	0.884997	1.4992	1	1	1	1	1	1	1.38981	0.884997	0.884997	1	1	
0.761446	-nan	0.883985	1.49983	1	1	1	1	1	1	1.38865	0.883985	0.883985	1	1	
0.76506	-nan	0.882978	1.50045	1	1	1	1	1	1	1.3875	0.882978	0.882978	1	1	
0.768675	-nan	0.881974	1.50108	1	1	1	1	1	1	1.38637	0.881974	0.881974	1	1	
0.772289	-nan	0.880974	1.5017	1	1	1	1	1	1	1.38525	0.880974	0.880974	1	1	
0.775904	-nan	0.879978	1.50232	1	1	1	1	1	1	1.38414	0.879978	0.879978	1	1	
0.779518	-nan	0.878986	1.50294	1	1	1	1	1	1	1.38304	0.878986	0.878986	1	1	
0.783133	-nan	0.877998	1.50356	1	1	1	1	1	1	1.38195	0.877998	0.877998	1	1	
0.786747	-nan	0.877014	1.50418	1	1	1	1	1	1	1.38088	0.877014	0.877014	1	1	
0.790361	-nan	0.876034	1.50479	1	1	1	1	1	1	1.37982	0.876034	0.876034	1	1	
0.793976	-nan	0.875058	1.5054	1	1	1	1	1	1	1.37876	0.875058	0.875058	1	1	
0.79759	-nan	0.874086	1.50601	1	1	1	1	1	1	1.37772	0.874086	0.874086	1	1	
0.801205	-nan	0.873118	1.50662	1	1	1	1	1	1	1.3767	0.873118	0.873118	1	1	
0.804819	-nan	0.872154	1.50723	1	1	1	1	1	1	1.37568	0.872154	0.872154	1	1	
0.808434	-nan	0.871194	1.50783	1	1	1	1	1	1	1.37467	0.871194	0.871194	1	1	
0.812048	-nan	0.870238	1.50844	1	1	1	1	1	1	1.37368	0.870238	0.870238	1	1	
0.815663	-nan	0.869287	1.50904	1	1	1	1	1	1	1.3727	0.869287	0.869287	1	1	
0.819277	-nan	0.868339	1.50964	1	1	1	1	1	1	1.37172	0.868339	0.868339	1	1	
0.822892	-nan	0.867395	1.51024	1	1	1	1	1	1	1.37076	0.867395	0.867395	1	1	
0.826506	-nan	0.866456	1.51083	1	1	1	1	1	1	1.36981	0.866456	0.866456	1	1	
0.83012	-nan	0.865521	1.51143	1	1	1	1	1	1	1.36887	0.865521	0.865521	1	1	
0.833735	-nan	0.864589	1.51202	1	1	1	1	1	1	1.36794	0.864589	0.864589	1	1	
0.837349	-nan	0.863662	1.51262	1	1	1	1	1	1	1.36702	0.863662	0.863662	1	1	
0.840964	-nan	0.862739	1.51321	1	1	1	1	1	1	1.36612	0.862739	0.862739	1	1	
0.844578	-nan	0.86182	1.5138	1	1	1	1	1	1	1.36522	0.86182	0.86182	1	1	
0.848193	-nan	0.860905	1.51438	1	1	1	1	1	1	1.36433	0.860905	0.860905	1	1	
0.851807	-nan	0.859994	1.51497	1	1	1	1	1	1	1.36345	0.859994	0.859994	1	1	
0.855422	-nan	0.859087	1.51555	1	1	1	1	1	1	1.36259	0.859087	0.859087	1	1	
0.859036	-nan	0.858185	1.51613	1	1	1	1	1	1	1.36173	0.858185	0.858185	1	1	
0.862651	-nan	0.857286	1.51672	1	1	1	1	1	1	1.36088	0.857286	0.857286	1	1	
0.866265	-nan	0.856392	1.5173	1	1	1	1	1	1	1.36004	0.856392	0.856392	1	1	
0.86988	-nan	0.855501	1.51787	1	1	1	1	1	1	1.35921	0.855501	0.855501	1	1	
0.873494	-nan	0.854615	1.51845	1	1	1	1	1	1	1.35839	0.854615	0.854615	1	1	
0.877108	-nan	0.853733	1.51902	1	1	1	1	1	1	1.35758	0.853733	0.853733	1	1	
0.880723	-nan	0.852855	1.5196	1	1	1	1	1	1	1.35678	0.852855	0.852855	1	1	
0.884337	-nan	0.851981	1.52017	1	1	1	1	1	1	1.35599	0.851981	0.851981	1	1	
0.887952	-nan	0.851111	1.52074	1	1	1	1	1	1	1.35521	0.851111	0.851111	1	1	
0.891566	-nan	0.850245	1.52131	1	1	1	1	1	1	1.35443	0.850245	0.850245	1	1	
0.895181	-nan	0.849383	1.52187	1	1	1	1	1	1	1.35367	0.849383	0.849383	1	1	
0.898795	-nan	0.848526	1.52244	1	1	1	1	1	1	1.35291	0.848526	0.848526	1	1	
0.90241	-nan	0.847672	1.523	1	1	1	1	1	1	1.35216	0.847672	0.847672	1	1	
0.906024	-nan	0.846823	1.52357	1	1	1	1	1	1	1.35142	0.846823	0.846823	1	1	
0.909639	-nan	0.845977	1.52413	1	1	1	1	1	1	1.35069	0.845977	0.845977	1	1	
0.913253	-nan	0.845136	1.52469	1	1	1	1	1	1	1.34996	0.845136	0.845136	1	1	
0.916867	-nan	0.844298	1.52524	1	1	1	1	1	1	1.34925	0.844298	0.844298	1	1	
0.920482	-nan	0.843465	1.5258	1	1	1	1	1	1	1.34854	0.843465	0.843465	1	1	
0.924096	-nan	0.842636	1.52636	1	1	1	1	1	1	1.34784	0.842636	0.842636	1	1	
0.927711	-nan	0.841811	1.52691	1	1	1	1	1	1	1.34714	0.841811	0.841811	1	1	
0.931325	-nan	0.84099	1.52746	1	1	1	1	1	1	1.34646	0.84099	0.84099	1	1	
0.93494	-nan	0.840173	1.52801	1	1	1	1	1	1	1.34578	0.840173	0.840173	1	1	
0.938554	-nan	0.839359	1.52856	1	1	1	1	1	1	1.34511	0.839359	0.839359	1	1	
0.942169	-nan	0.83855	1.52911	1	1	1	1	1	1	1.34445	0.83855	0.83855	1	1	
0.945783	-nan	0.837745	1.52965	1	1	1	1	1	1	1.34379	0.837745	0.837745	1	1	
0.949398	-nan	0.836944	1.5302	1	1	1	1	1	1	1.34314	0.836944	0.836944	1	1	
0.953012	-nan	0.836147	1.53074	1	1	1	1	1	1	1.3425	0.836147	0.836147	1	1	
0.956627	-nan	0.835354	1.53128	1	1	1	1	1	1	1.34186	0.835354	0.835354	1	1	
0.960241	-nan	0.834565	1.53182	1	1	1	1	1	1	1.34124	0.834565	0.834565	1	1	
0.963855	-nan	0.833779	1.53236	1	1	1	1	1	1	1.34061	0.833779	0.833779	1	1	
0.96747	-nan	0.832998	1.5329	1	1	1	1	1	1	1.34	0.832998	0.832998	1	1	
0.971084	-nan	0.832221	1.53343	1	1	1	1	1	1	1.33939	0.832221	0.832221	1	1	
0.974699	-nan	0.831447	1.53397	1	1	1	1	1	1	1.33879	0.831447	0.831447	1	1	
0.978313	-nan	0.830678	1.5345	1	1	1	1	1	1	1.33819	0.830678	0.830678	1	1	
0.981928	-nan	0.829912	1.53503	1	1	1	1	1	1	1.3376	0.829912	0.829912	1	1	
0.985542	-nan	0.829151	1.53556	1	1	1	1	1	1	1.33702	0.829151	0.829151	1	1	
0.989157	-nan	0.828393	1.53609	1	1	1	1	1	1	1.33644	0.828393	0.828393	1	1	
0.992771	-nan	0.827639	1.53662	1	1	1	1	1	1	1.33587	0.827639	0.827639	1	1	
0.996386	-nan	0.826889	1.53714	1	1	1	1	1	1	1.33531	0.826889	0.826889	1	1	
1	-nan	-nan	-nan	-nan	-nan	-nan	-nan	-nan	-nan	-nan	-nan	-nan	-nan	-nan	
