1e-05	-nan	0.479595	0.48993	1	1	1	1	1	1	4.07186	0.479595	0.479595	1	1	
1.03753e-05	-nan	0.479973	0.489962	1	1	1	1	1	1	4.07186	0.479973	0.479973	1	1	
1.07647e-05	-nan	0.480356	0.489995	1	1	1	1	1	1	4.07186	0.480356	0.480356	1	1	
1.11686e-05	-nan	0.480744	0.490028	1	1	1	1	1	1	4.07186	0.480744	0.480744	1	1	
1.15878e-05	-nan	0.481136	0.490062	1	1	1	1	1	1	4.07186	0.481136	0.481136	1	1	
1.20226e-05	-nan	0.481532	0.490096	1	1	1	1	1	1	4.07186	0.481532	0.481532	1	1	
1.24738e-05	-nan	0.481933	0.490131	1	1	1	1	1	1	4.07186	0.481933	0.481933	1	1	
1.2942e-05	-nan	0.482339	0.490166	1	1	1	1	1	1	4.07186	0.482339	0.482339	1	1	
1.34276e-05	-nan	0.482749	0.490202	1	1	1	1	1	1	4.07186	0.482749	0.482749	1	1	
1.39316e-05	-nan	0.483164	0.490239	1	1	1	1	1	1	4.07186	0.483164	0.483164	1	1	
1.44544e-05	-nan	0.483584	0.490275	1	1	1	1	1	1	4.07186	0.483584	0.483584	1	1	
1.49968e-05	-nan	0.484009	0.490313	1	1	1	1	1	1	4.07186	0.484009	0.484009	1	1	
1.55597e-05	-nan	0.484439	0.490351	1	1	1	1	1	1	4.07186	0.484439	0.484439	1	1	
1.61436e-05	-nan	0.484874	0.490389	1	1	1	1	1	1	4.07186	0.484874	0.484874	1	1	
1.67494e-05	-nan	0.485314	0.490428	1	1	1	1	1	1	4.07186	0.485314	0.485314	1	1	
1.7378e-05	-nan	0.485759	0.490468	1	1	1	1	1	1	4.07186	0.485759	0.485759	1	1	
1.80302e-05	-nan	0.486209	0.490508	1	1	1	1	1	1	4.07186	0.486209	0.486209	1	1	
1.87068e-05	-nan	0.486664	0.490549	1	1	1	1	1	1	4.07186	0.486664	0.486664	1	1	
1.94089e-05	-nan	0.487125	0.49059	1	1	1	1	1	1	4.07186	0.487125	0.487125	1	1	
2.01372e-05	-nan	0.487591	0.490632	1	1	1	1	1	1	4.07186	0.487591	0.487591	1	1	
2.0893e-05	-nan	0.488063	0.490675	1	1	1	1	1	1	4.07186	0.488063	0.488063	1	1	
2.1677e-05	-nan	0.48854	0.490718	1	1	1	1	1	1	4.07186	0.48854	0.48854	1	1	
2.24905e-05	-nan	0.489023	0.490762	1	1	1	1	1	1	4.07186	0.489023	0.489023	1	1	
2.33346e-05	-nan	0.489512	0.490807	1	1	1	1	1	1	4.07186	0.489512	0.489512	1	1	
2.42103e-05	-nan	0.490006	0.490852	1	1	1	1	1	1	4.07186	0.490006	0.490006	1	1	
2.51189e-05	-nan	0.490506	0.490898	1	1	1	1	1	1	4.07186	0.490506	0.490506	1	1	
2.60615e-05	-nan	0.491012	0.490944	1	1	1	1	1	1	4.07186	0.491012	0.491012	1	1	
2.70396e-05	-nan	0.491524	0.490991	1	1	1	1	1	1	4.07186	0.491524	0.491524	1	1	
2.80543e-05	-nan	0.492042	0.491039	1	1	1	1	1	1	4.07186	0.492042	0.492042	1	1	
2.91072e-05	-nan	0.492566	0.491088	1	1	1	1	1	1	4.07186	0.492566	0.492566	1	1	
3.01995e-05	-nan	0.493097	0.491137	1	1	1	1	1	1	4.07186	0.493097	0.493097	1	1	
3.13329e-05	-nan	0.493633	0.491187	1	1	1	1	1	1	4.07186	0.493633	0.493633	1	1	
3.25087e-05	-nan	0.494176	0.491238	1	1	1	1	1	1	4.07186	0.494176	0.494176	1	1	
3.37287e-05	-nan	0.494726	0.491289	1	1	1	1	1	1	4.07186	0.494726	0.494726	1	1	
3.49945e-05	-nan	0.495282	0.491341	1	1	1	1	1	1	4.07186	0.495282	0.495282	1	1	
3.63078e-05	-nan	0.495844	0.491395	1	1	1	1	1	1	4.07186	0.495844	0.495844	1	1	
3.76704e-05	-nan	0.496413	0.491448	1	1	1	1	1	1	4.07186	0.496413	0.496413	1	1	
3.90841e-05	-nan	0.496989	0.491503	1	1	1	1	1	1	4.07186	0.496989	0.496989	1	1	
4.05509e-05	-nan	0.497572	0.491558	1	1	1	1	1	1	4.07186	0.497572	0.497572	1	1	
4.20727e-05	-nan	0.498162	0.491615	1	1	1	1	1	1	4.07186	0.498162	0.498162	1	1	
4.36516e-05	-nan	0.498759	0.491672	1	1	1	1	1	1	4.07186	0.498759	0.498759	1	1	
4.52898e-05	-nan	0.499363	0.49173	1	1	1	1	1	1	4.07186	0.499363	0.499363	1	1	
4.69894e-05	-nan	0.499974	0.491788	1	1	1	1	1	1	4.07186	0.499974	0.499974	1	1	
4.87528e-05	-nan	0.500592	0.491848	1	1	1	1	1	1	4.07186	0.500592	0.500592	1	1	
5.05825e-05	-nan	0.501218	0.491908	1	1	1	1	1	1	4.07186	0.501218	0.501218	1	1	
5.24807e-05	-nan	0.501852	0.49197	1	1	1	1	1	1	4.07186	0.501852	0.501852	1	1	
5.44503e-05	-nan	0.502493	0.492032	1	1	1	1	1	1	4.07186	0.502493	0.502493	1	1	
5.64937e-05	-nan	0.503141	0.492095	1	1	1	1	1	1	4.07186	0.503141	0.503141	1	1	
5.86138e-05	-nan	0.503798	0.49216	1	1	1	1	1	1	4.07186	0.503798	0.503798	1	1	
6.08135e-05	-nan	0.504462	0.492225	1	1	1	1	1	1	4.07186	0.504462	0.504462	1	1	
6.30957e-05	-nan	0.505134	0.492291	1	1	1	1	1	1	4.07186	0.505134	0.505134	1	1	
6.54636e-05	-nan	0.505815	0.492358	1	1	1	1	1	1	4.07186	0.505815	0.505815	1	1	
6.79204e-05	-nan	0.506503	0.492426	1	1	1	1	1	1	4.07186	0.506503	0.506503	1	1	
7.04693e-05	-nan	0.5072	0.492495	1	1	1	1	1	1	4.07187	0.5072	0.5072	1	1	
7.31139e-05	-nan	0.507905	0.492565	1	1	1	1	1	1	4.07187	0.507905	0.507905	1	1	
7.58578e-05	-nan	0.508619	0.492637	1	1	1	1	1	1	4.07187	0.508619	0.508619	1	1	
7.87046e-05	-nan	0.509342	0.492709	1	1	1	1	1	1	4.07187	0.509342	0.509342	1	1	
8.16582e-05	-nan	0.510073	0.492782	1	1	1	1	1	1	4.07187	0.510073	0.510073	1	1	
8.47227e-05	-nan	0.510813	0.492857	1	1	1	1	1	1	4.07187	0.510813	0.510813	1	1	
8.79023e-05	-nan	0.511562	0.492932	1	1	1	1	1	1	4.07187	0.511562	0.511562	1	1	
9.12011e-05	-nan	0.51232	0.493009	1	1	1	1	1	1	4.07187	0.51232	0.51232	1	1	
9.46237e-05	-nan	0.513087	0.493087	1	1	1	1	1	1	4.07187	0.513087	0.513087	1	1	
9.81748e-05	-nan	0.513864	0.493166	1	1	1	1	1	1	4.07187	0.513864	0.513864	1	1	
0.000101859	-nan	0.51465	0.493246	1	1	1	1	1	1	4.07187	0.51465	0.51465	1	1	
0.000105682	-nan	0.515446	0.493328	1	1	1	1	1	1	4.07187	0.515446	0.515446	1	1	
0.000109648	-nan	0.516251	0.49341	1	1	1	1	1	1	4.07187	0.516251	0.516251	1	1	
0.000113763	-nan	0.517066	0.493494	1	1	1	1	1	1	4.07187	0.517066	0.517066	1	1	
0.000118032	-nan	0.517891	0.49358	1	1	1	1	1	1	4.07188	0.517891	0.517891	1	1	
0.000122462	-nan	0.518726	0.493666	1	1	1	1	1	1	4.07188	0.518726	0.518726	1	1	
0.000127057	-nan	0.519572	0.493754	1	1	1	1	1	1	4.07188	0.519572	0.519572	1	1	
0.000131826	-nan	0.520427	0.493843	1	1	1	1	1	1	4.07188	0.520427	0.520427	1	1	
0.000136773	-nan	0.521293	0.493934	1	1	1	1	1	1	4.07188	0.521293	0.521293	1	1	
0.000141906	-nan	0.52217	0.494026	1	1	1	1	1	1	4.07188	0.52217	0.52217	1	1	
0.000147231	-nan	0.523058	0.494119	1	1	1	1	1	1	4.07188	0.523058	0.523058	1	1	
0.000152757	-nan	0.523956	0.494214	1	1	1	1	1	1	4.07188	0.523956	0.523956	1	1	
0.000158489	-nan	0.524865	0.49431	1	1	1	1	1	1	4.07188	0.524865	0.524865	1	1	
0.000164437	-nan	0.525786	0.494408	1	1	1	1	1	1	4.07189	0.525786	0.525786	1	1	
0.000170608	-nan	0.526718	0.494507	1	1	1	1	1	1	4.07189	0.526718	0.526718	1	1	
0.000177011	-nan	0.527661	0.494608	1	1	1	1	1	1	4.07189	0.527661	0.527661	1	1	
0.000183654	-nan	0.528616	0.494711	1	1	1	1	1	1	4.07189	0.528616	0.528616	1	1	
0.000190546	-nan	0.529583	0.494815	1	1	1	1	1	1	4.07189	0.529583	0.529583	1	1	
0.000197697	-nan	0.530562	0.49492	1	1	1	1	1	1	4.07189	0.530562	0.530562	1	1	
0.000205116	-nan	0.531552	0.495028	1	1	1	1	1	1	4.0719	0.531552	0.531552	1	1	
0.000212814	-nan	0.532555	0.495137	1	1	1	1	1	1	4.0719	0.532555	0.532555	1	1	
0.0002208	-nan	0.533571	0.495247	1	1	1	1	1	1	4.0719	0.533571	0.533571	1	1	
0.000229087	-nan	0.534599	0.49536	1	1	1	1	1	1	4.0719	0.534599	0.534599	1	1	
0.000237684	-nan	0.535639	0.495474	1	1	1	1	1	1	4.07191	0.535639	0.535639	1	1	
0.000246604	-nan	0.536693	0.49559	1	1	1	1	1	1	4.07191	0.536693	0.536693	1	1	
0.000255859	-nan	0.53776	0.495708	1	1	1	1	1	1	4.07191	0.53776	0.53776	1	1	
0.000265461	-nan	0.538839	0.495827	1	1	1	1	1	1	4.07191	0.538839	0.538839	1	1	
0.000275423	-nan	0.539933	0.495949	1	1	1	1	1	1	4.07192	0.539933	0.539933	1	1	
0.000285759	-nan	0.541039	0.496073	1	1	1	1	1	1	4.07192	0.541039	0.541039	1	1	
0.000296483	-nan	0.54216	0.496198	1	1	1	1	1	1	4.07192	0.54216	0.54216	1	1	
0.00030761	-nan	0.543294	0.496326	1	1	1	1	1	1	4.07192	0.543294	0.543294	1	1	
0.000319154	-nan	0.544443	0.496456	1	1	1	1	1	1	4.07193	0.544443	0.544443	1	1	
0.000331131	-nan	0.545606	0.496587	1	1	1	1	1	1	4.07193	0.545606	0.545606	1	1	
0.000343558	-nan	0.546783	0.496721	1	1	1	1	1	1	4.07194	0.546783	0.546783	1	1	
0.000356451	-nan	0.547975	0.496857	1	1	1	1	1	1	4.07194	0.547975	0.547975	1	1	
0.000369828	-nan	0.549182	0.496996	1	1	1	1	1	1	4.07194	0.549182	0.549182	1	1	
0.000383707	-nan	0.550404	0.497136	1	1	1	1	1	1	4.07195	0.550404	0.550404	1	1	
0.000398107	-nan	0.551642	0.497279	1	1	1	1	1	1	4.07195	0.551642	0.551642	1	1	
0.000413048	-nan	0.552895	0.497425	1	1	1	1	1	1	4.07196	0.552895	0.552895	1	1	
0.000428549	-nan	0.554163	0.497572	1	1	1	1	1	1	4.07196	0.554163	0.554163	1	1	
0.000444631	-nan	0.555447	0.497723	1	1	1	1	1	1	4.07197	0.555447	0.555447	1	1	
0.000461318	-nan	0.556748	0.497875	1	1	1	1	1	1	4.07197	0.556748	0.556748	1	1	
0.00047863	-nan	0.558064	0.498031	1	1	1	1	1	1	4.07198	0.558064	0.558064	1	1	
0.000496592	-nan	0.559397	0.498189	1	1	1	1	1	1	4.07199	0.559397	0.559397	1	1	
0.000515229	-nan	0.560747	0.498349	1	1	1	1	1	1	4.07199	0.560747	0.560747	1	1	
0.000534564	-nan	0.562114	0.498513	1	1	1	1	1	1	4.072	0.562114	0.562114	1	1	
0.000554626	-nan	0.563498	0.498679	1	1	1	1	1	1	4.07201	0.563498	0.563498	1	1	
0.00057544	-nan	0.564899	0.498848	1	1	1	1	1	1	4.07201	0.564899	0.564899	1	1	
0.000597035	-nan	0.566318	0.49902	1	1	1	1	1	1	4.07202	0.566318	0.566318	1	1	
0.000619441	-nan	0.567755	0.499195	1	1	1	1	1	1	4.07203	0.567755	0.567755	1	1	
0.000642688	-nan	0.56921	0.499373	1	1	1	1	1	1	4.07204	0.56921	0.56921	1	1	
0.000666807	-nan	0.570683	0.499554	1	1	1	1	1	1	4.07205	0.570683	0.570683	1	1	
0.000691831	-nan	0.572175	0.499738	1	1	1	1	1	1	4.07206	0.572175	0.572175	1	1	
0.000717794	-nan	0.573685	0.499926	1	1	1	1	1	1	4.07207	0.573685	0.573685	1	1	
0.000744732	-nan	0.575215	0.500117	1	1	1	1	1	1	4.07208	0.575215	0.575215	1	1	
0.000772681	-nan	0.576763	0.500312	1	1	1	1	1	1	4.07209	0.576763	0.576763	1	1	
0.000801678	-nan	0.578332	0.50051	1	1	1	1	1	1	4.0721	0.578332	0.578332	1	1	
0.000831764	-nan	0.57992	0.500711	1	1	1	1	1	1	4.07211	0.57992	0.57992	1	1	
0.000862979	-nan	0.581528	0.500917	1	1	1	1	1	1	4.07212	0.581528	0.581528	1	1	
0.000895365	-nan	0.583156	0.501126	1	1	1	1	1	1	4.07214	0.583156	0.583156	1	1	
0.000928966	-nan	0.584805	0.501339	1	1	1	1	1	1	4.07215	0.584805	0.584805	1	1	
0.000963829	-nan	0.586474	0.501556	1	1	1	1	1	1	4.07217	0.586474	0.586474	1	1	
0.001	-nan	0.588165	0.501777	1	1	1	1	1	1	4.07218	0.588165	0.588165	1	1	
0.00103753	-nan	0.589877	0.502002	1	1	1	1	1	1	4.0722	0.589877	0.589877	1	1	
0.00107647	-nan	0.59161	0.502231	1	1	1	1	1	1	4.07221	0.59161	0.59161	1	1	
0.00111686	-nan	0.593366	0.502465	1	1	1	1	1	1	4.07223	0.593366	0.593366	1	1	
0.00115878	-nan	0.595144	0.502704	1	1	1	1	1	1	4.07225	0.595144	0.595144	1	1	
0.00120226	-nan	0.596944	0.502947	1	1	1	1	1	1	4.07227	0.596944	0.596944	1	1	
0.00124738	-nan	0.598766	0.503195	1	1	1	1	1	1	4.07229	0.598766	0.598766	1	1	
0.0012942	-nan	0.600612	0.503448	1	1	1	1	1	1	4.07231	0.600612	0.600612	1	1	
0.00134276	-nan	0.602481	0.503706	1	1	1	1	1	1	4.07233	0.602481	0.602481	1	1	
0.00139316	-nan	0.604374	0.503969	1	1	1	1	1	1	4.07236	0.604374	0.604374	1	1	
0.00144544	-nan	0.60629	0.504237	1	1	1	1	1	1	4.07238	0.60629	0.60629	1	1	
0.00149968	-nan	0.608231	0.504511	1	1	1	1	1	1	4.07241	0.608231	0.608231	1	1	
0.00155597	-nan	0.610196	0.504791	1	1	1	1	1	1	4.07244	0.610196	0.610196	1	1	
0.00161436	-nan	0.612185	0.505076	1	1	1	1	1	1	4.07247	0.612185	0.612185	1	1	
0.00167494	-nan	0.6142	0.505368	1	1	1	1	1	1	4.0725	0.6142	0.6142	1	1	
0.0017378	-nan	0.616241	0.505665	1	1	1	1	1	1	4.07253	0.616241	0.616241	1	1	
0.00180302	-nan	0.618307	0.505969	1	1	1	1	1	1	4.07256	0.618307	0.618307	1	1	
0.00187068	-nan	0.620399	0.50628	1	1	1	1	1	1	4.0726	0.620399	0.620399	1	1	
0.00194089	-nan	0.622517	0.506597	1	1	1	1	1	1	4.07264	0.622517	0.622517	1	1	
0.00201372	-nan	0.624662	0.506921	1	1	1	1	1	1	4.07267	0.624662	0.624662	1	1	
0.0020893	-nan	0.626834	0.507253	1	1	1	1	1	1	4.07272	0.626834	0.626834	1	1	
0.0021677	-nan	0.629033	0.507592	1	1	1	1	1	1	4.07276	0.629033	0.629033	1	1	
0.00224905	-nan	0.63126	0.507939	1	1	1	1	1	1	4.0728	0.63126	0.63126	1	1	
0.00233346	-nan	0.633514	0.508293	1	1	1	1	1	1	4.07285	0.633514	0.633514	1	1	
0.00242103	-nan	0.635797	0.508656	1	1	1	1	1	1	4.0729	0.635797	0.635797	1	1	
0.00251189	-nan	0.638109	0.509027	1	1	1	1	1	1	4.07295	0.638109	0.638109	1	1	
0.00260615	-nan	0.640449	0.509407	1	1	1	1	1	1	4.07301	0.640449	0.640449	1	1	
0.00270396	-nan	0.642819	0.509797	1	1	1	1	1	1	4.07307	0.642819	0.642819	1	1	
0.00280543	-nan	0.645218	0.510195	1	1	1	1	1	1	4.07313	0.645218	0.645218	1	1	
0.00291072	-nan	0.647648	0.510603	1	1	1	1	1	1	4.07319	0.647648	0.647648	1	1	
0.00301995	-nan	0.650107	0.511022	1	1	1	1	1	1	4.07326	0.650107	0.650107	1	1	
0.00313329	-nan	0.652598	0.511451	1	1	1	1	1	1	4.07333	0.652598	0.652598	1	1	
0.00325087	-nan	0.655119	0.51189	1	1	1	1	1	1	4.07341	0.655119	0.655119	1	1	
0.00337287	-nan	0.657671	0.512341	1	1	1	1	1	1	4.07349	0.657671	0.657671	1	1	
0.00349945	-nan	0.660256	0.512804	1	1	1	1	1	1	4.07357	0.660256	0.660256	1	1	
0.00363078	-nan	0.662872	0.513279	1	1	1	1	1	1	4.07366	0.662872	0.662872	1	1	
0.00376704	-nan	0.665521	0.513766	1	1	1	1	1	1	4.07375	0.665521	0.665521	1	1	
0.00390841	-nan	0.668202	0.514266	1	1	1	1	1	1	4.07385	0.668202	0.668202	1	1	
0.00405509	-nan	0.670916	0.51478	1	1	1	1	1	1	4.07395	0.670916	0.670916	1	1	
0.00420727	-nan	0.673664	0.515309	1	1	1	1	1	1	4.07406	0.673664	0.673664	1	1	
0.00436516	-nan	0.676446	0.515851	1	1	1	1	1	1	4.07418	0.676446	0.676446	1	1	
0.00452898	-nan	0.679262	0.516409	1	1	1	1	1	1	4.0743	0.679262	0.679262	1	1	
0.00469894	-nan	0.682112	0.516983	1	1	1	1	1	1	4.07443	0.682112	0.682112	1	1	
0.00487528	-nan	0.684997	0.517574	1	1	1	1	1	1	4.07456	0.684997	0.684997	1	1	
0.00505825	-nan	0.687918	0.518182	1	1	1	1	1	1	4.0747	0.687918	0.687918	1	1	
0.00524807	-nan	0.690874	0.518808	1	1	1	1	1	1	4.07485	0.690874	0.690874	1	1	
0.00544503	-nan	0.693866	0.519452	1	1	1	1	1	1	4.07501	0.693866	0.693866	1	1	
0.00564937	-nan	0.696894	0.520116	1	1	1	1	1	1	4.07518	0.696894	0.696894	1	1	
0.00586138	-nan	0.699959	0.520801	1	1	1	1	1	1	4.07535	0.699959	0.699959	1	1	
0.00608135	-nan	0.703061	0.521507	1	1	1	1	1	1	4.07554	0.703061	0.703061	1	1	
0.00630957	-nan	0.706201	0.522235	1	1	1	1	1	1	4.07573	0.706201	0.706201	1	1	
0.00654636	-nan	0.709378	0.522987	1	1	1	1	1	1	4.07594	0.709378	0.709378	1	1	
0.00679204	-nan	0.712593	0.523763	1	1	1	1	1	1	4.07616	0.712593	0.712593	1	1	
0.00704693	-nan	0.715846	0.524565	1	1	1	1	1	1	4.07639	0.715846	0.715846	1	1	
0.00731139	-nan	0.719139	0.525393	1	1	1	1	1	1	4.07664	0.719139	0.719139	1	1	
0.00758578	-nan	0.72247	0.52625	1	1	1	1	1	1	4.0769	0.72247	0.72247	1	1	
0.00787046	-nan	0.725841	0.527136	1	1	1	1	1	1	4.07718	0.725841	0.725841	1	1	
0.00816582	-nan	0.729252	0.528052	1	1	1	1	1	1	4.07747	0.729252	0.729252	1	1	
0.00847227	-nan	0.732702	0.529001	1	1	1	1	1	1	4.07778	0.732702	0.732702	1	1	
0.00879023	-nan	0.736194	0.529984	1	1	1	1	1	1	4.07811	0.736194	0.736194	1	1	
0.00912011	-nan	0.739726	0.531002	1	1	1	1	1	1	4.07846	0.739726	0.739726	1	1	
0.00946237	-nan	0.743299	0.532058	1	1	1	1	1	1	4.07883	0.743299	0.743299	1	1	
0.00981748	-nan	0.746914	0.533153	1	1	1	1	1	1	4.07922	0.746914	0.746914	1	1	
0.0101859	-nan	0.75057	0.53429	1	1	1	1	1	1	4.07964	0.75057	0.75057	1	1	
0.0105682	-nan	0.754268	0.53547	1	1	1	1	1	1	4.08009	0.754268	0.754268	1	1	
0.0109648	-nan	0.758009	0.536695	1	1	1	1	1	1	4.08056	0.758009	0.758009	1	1	
0.0113763	-nan	0.761793	0.53797	1	1	1	1	1	1	4.08107	0.761793	0.761793	1	1	
0.0118032	-nan	0.765619	0.539294	1	1	1	1	1	1	4.08161	0.765619	0.765619	1	1	
0.0122462	-nan	0.769489	0.540673	1	1	1	1	1	1	4.08218	0.769489	0.769489	1	1	
0.0127057	-nan	0.773402	0.542108	1	1	1	1	1	1	4.08279	0.773402	0.773402	1	1	
0.0131826	-nan	0.777359	0.543604	1	1	1	1	1	1	4.08345	0.777359	0.777359	1	1	
0.0136773	-nan	0.781361	0.545162	1	1	1	1	1	1	4.08415	0.781361	0.781361	1	1	
0.0141906	-nan	0.785406	0.546787	1	1	1	1	1	1	4.08489	0.785406	0.785406	1	1	
0.0147231	-nan	0.789496	0.548483	1	1	1	1	1	1	4.08569	0.789496	0.789496	1	1	
0.0152757	-nan	0.793631	0.550254	1	1	1	1	1	1	4.08655	0.793631	0.793631	1	1	
0.0158489	-nan	0.797812	0.552104	1	1	1	1	1	1	4.08747	0.797812	0.797812	1	1	
0.0164437	-nan	0.802037	0.554038	1	1	1	1	1	1	4.08845	0.802037	0.802037	1	1	
0.0170608	-nan	0.806308	0.556062	1	1	1	1	1	1	4.08951	0.806308	0.806308	1	1	
0.0177011	-nan	0.810624	0.55818	1	1	1	1	1	1	4.09065	0.810624	0.810624	1	1	
0.0183654	-nan	0.814987	0.560399	1	1	1	1	1	1	4.09188	0.814987	0.814987	1	1	
0.0190546	-nan	0.819396	0.562725	1	1	1	1	1	1	4.0932	0.819396	0.819396	1	1	
0.0197697	-nan	0.82385	0.565165	1	1	1	1	1	1	4.09462	0.82385	0.82385	1	1	
0.0205116	-nan	0.828352	0.567727	1	1	1	1	1	1	4.09616	0.828352	0.828352	1	1	
0.0212814	-nan	0.832899	0.570417	1	1	1	1	1	1	4.09782	0.832899	0.832899	1	1	
0.02208	-nan	0.837494	0.573246	1	1	1	1	1	1	4.09962	0.837494	0.837494	1	1	
0.0229087	-nan	0.842135	0.576221	1	1	1	1	1	1	4.10157	0.842135	0.842135	1	1	
0.0237684	-nan	0.846823	0.579354	1	1	1	1	1	1	4.10369	0.846823	0.846823	1	1	
0.0246604	-nan	0.851558	0.582655	1	1	1	1	1	1	4.10598	0.851558	0.851558	1	1	
0.0255859	-nan	0.856341	0.586136	1	1	1	1	1	1	4.10848	0.856341	0.856341	1	1	
0.0265461	-nan	0.86117	0.58981	1	1	1	1	1	1	4.1112	0.86117	0.86117	1	1	
0.0275423	-nan	0.866046	0.59369	1	1	1	1	1	1	4.11417	0.866046	0.866046	1	1	
0.0285759	-nan	0.87097	0.597792	1	1	1	1	1	1	4.11741	0.87097	0.87097	1	1	
0.0296483	-nan	0.87594	0.602133	1	1	1	1	1	1	4.12096	0.87594	0.87594	1	1	
0.030761	-nan	0.880958	0.60673	1	1	1	1	1	1	4.12484	0.880958	0.880958	1	1	
0.0319154	-nan	0.886023	0.611603	1	1	1	1	1	1	4.12909	0.886023	0.886023	1	1	
0.0331131	-nan	0.891135	0.616774	1	1	1	1	1	1	4.13376	0.891135	0.891135	1	1	
0.0343558	-nan	0.896294	0.622265	1	1	1	1	1	1	4.13889	0.896294	0.896294	1	1	
0.0356451	-nan	0.9015	0.628102	1	1	1	1	1	1	4.14454	0.9015	0.9015	1	1	
0.0369828	-nan	0.906752	0.634315	1	1	1	1	1	1	4.15077	0.906752	0.906752	1	1	
0.0383707	-nan	0.912051	0.640932	1	1	1	1	1	1	4.15764	0.912051	0.912051	1	1	
0.0398107	-nan	0.917397	0.647988	1	1	1	1	1	1	4.16523	0.917397	0.917397	1	1	
0.0413048	-nan	0.922789	0.655521	1	1	1	1	1	1	4.17363	0.922789	0.922789	1	1	
0.0428549	-nan	0.928227	0.66357	1	1	1	1	1	1	4.18293	0.928227	0.928227	1	1	
0.0444631	-nan	0.93371	0.672181	1	1	1	1	1	1	4.19323	0.93371	0.93371	1	1	
0.0461318	-nan	0.93924	0.681402	1	1	1	1	1	1	4.20465	0.93924	0.93924	1	1	
0.047863	-nan	0.944814	0.691289	1	1	1	1	1	1	4.21733	0.944814	0.944814	1	1	
0.0496592	-nan	0.950434	0.701901	1	1	1	1	1	1	4.2314	0.950434	0.950434	1	1	
0.0515229	-nan	0.956099	0.713302	1	1	1	1	1	1	4.24702	0.956099	0.956099	1	1	
0.0534564	-nan	0.961807	0.725567	1	1	1	1	1	1	4.26437	0.961807	0.961807	1	1	
0.0554626	-nan	0.96756	0.738772	1	1	1	1	1	1	4.28363	0.96756	0.96756	1	1	
0.057544	-nan	0.973356	0.753005	1	1	1	1	1	1	4.305	0.973356	0.973356	1	1	
0.0597035	-nan	0.979196	0.768361	1	1	1	1	1	1	4.32869	0.979196	0.979196	1	1	
0.0619441	-nan	0.985078	0.784941	1	1	1	1	1	1	4.35493	0.985078	0.985078	1	1	
0.0642688	-nan	0.991002	0.802858	1	1	1	1	1	1	4.38393	0.991002	0.991002	1	1	
0.0666807	-nan	0.996968	0.822231	1	1	1	1	1	1	4.41594	0.996968	0.996968	1	1	
0.0691831	-nan	1.00298	0.843187	1	1	1	1	1	1	4.45117	1.00298	1.00298	1	1	
0.0717794	-nan	1.00902	0.865859	1	1	1	1	1	1	4.48984	1.00902	1.00902	1	1	
0.0744732	-nan	1.01511	0.890388	1	1	1	1	1	1	4.53215	1.01511	1.01511	1	1	
0.0772681	-nan	1.02124	0.916911	1	1	1	1	1	1	4.57825	1.02124	1.02124	1	1	
0.0801678	-nan	1.0274	0.945567	1	1	1	1	1	1	4.62828	1.0274	1.0274	1	1	
0.0831764	-nan	1.03361	0.976481	1	1	1	1	1	1	4.68231	1.03361	1.03361	1	1	
0.0862979	-nan	1.03985	1.00976	1	1	1	1	1	1	4.74035	1.03985	1.03985	1	1	
0.0895365	-nan	1.04613	1.04548	1	1	1	1	1	1	4.80236	1.04613	1.04613	1	1	
0.0928966	-nan	1.05244	1.08368	1	1	1	1	1	1	4.86821	1.05244	1.05244	1	1	
0.0963829	-nan	1.05879	1.1243	1	1	1	1	1	1	4.93769	1.05879	1.05879	1	1	
0.1	-nan	1.06518	1.16723	1	1	1	1	1	1	5.01053	1.06518	1.06518	1	1	
0.103614	-nan	1.07136	1.21056	1	1	1	1	1	1	5.08359	1.07136	1.07136	1	1	
0.107229	-nan	1.07736	1.2539	1	1	1	1	1	1	5.15645	1.07736	1.07736	1	1	
0.110843	-nan	1.08319	1.29678	1	1	1	1	1	1	5.2287	1.08319	1.08319	1	1	
0.114458	-nan	1.08886	1.33871	1	1	1	1	1	1	5.29998	1.08886	1.08886	1	1	
0.118072	-nan	1.09437	1.37919	1	1	1	1	1	1	5.36998	1.09437	1.09437	1	1	
0.121687	-nan	1.09974	1.4177	1	1	1	1	1	1	5.43844	1.09974	1.09974	1	1	
0.125301	-nan	1.10497	1.45377	1	1	1	1	1	1	5.50514	1.10497	1.10497	1	1	
0.128916	-nan	1.11006	1.48698	1	1	1	1	1	1	5.56993	1.11006	1.11006	1	1	
0.13253	-nan	1.11503	1.51695	1	1	1	1	1	1	5.63267	1.11503	1.11503	1	1	
0.136145	-nan	1.11988	1.5434	1	1	1	1	1	1	5.69327	1.11988	1.11988	1	1	
0.139759	-nan	1.12462	1.56614	1	1	1	1	1	1	5.75169	1.12462	1.12462	1	1	
0.143373	-nan	1.12925	1.58507	1	1	1	1	1	1	5.80787	1.12925	1.12925	1	1	
0.146988	-nan	1.13378	1.60019	1	1	1	1	1	1	5.86182	1.13378	1.13378	1	1	
0.150602	-nan	1.1382	1.61158	1	1	1	1	1	1	5.91353	1.1382	1.1382	1	1	
0.154217	-nan	1.14253	1.6194	1	1	1	1	1	1	5.96302	1.14253	1.14253	1	1	
0.157831	-nan	1.14677	1.62388	1	1	1	1	1	1	6.01034	1.14677	1.14677	1	1	
0.161446	-nan	1.15093	1.6253	1	1	1	1	1	1	6.05551	1.15093	1.15093	1	1	
0.16506	-nan	1.15499	1.62397	1	1	1	1	1	1	6.09858	1.15499	1.15499	1	1	
0.168675	-nan	1.15898	1.62022	1	1	1	1	1	1	6.13962	1.15898	1.15898	1	1	
0.172289	-nan	1.16289	1.6144	1	1	1	1	1	1	6.17868	1.16289	1.16289	1	1	
0.175904	-nan	1.16672	1.60684	1	1	1	1	1	1	6.21582	1.16672	1.16672	1	1	
0.179518	-nan	1.17049	1.59787	1	1	1	1	1	1	6.2511	1.17049	1.17049	1	1	
0.183133	-nan	1.17418	1.58778	1	1	1	1	1	1	6.28459	1.17418	1.17418	1	1	
0.186747	-nan	1.17781	1.57685	1	1	1	1	1	1	6.31635	1.17781	1.17781	1	1	
0.190361	-nan	1.18137	1.56533	1	1	1	1	1	1	6.34644	1.18137	1.18137	1	1	
0.193976	-nan	1.18486	1.55343	1	1	1	1	1	1	6.37493	1.18486	1.18486	1	1	
0.19759	-nan	1.1883	1.54136	1	1	1	1	1	1	6.40188	1.1883	1.1883	1	1	
0.201205	-nan	1.19168	1.52926	1	1	1	1	1	1	6.42735	1.19168	1.19168	1	1	
0.204819	-nan	1.195	1.51727	1	1	1	1	1	1	6.45139	1.195	1.195	1	1	
0.208434	-nan	1.19827	1.5055	1	1	1	1	1	1	6.47407	1.19827	1.19827	1	1	
0.212048	-nan	1.20149	1.49404	1	1	1	1	1	1	6.49544	1.20149	1.20149	1	1	
0.215663	-nan	1.20465	1.48295	1	1	1	1	1	1	6.51555	1.20465	1.20465	1	1	
0.219277	-nan	1.20776	1.47229	1	1	1	1	1	1	6.53447	1.20776	1.20776	1	1	
0.222892	-nan	1.21083	1.46208	1	1	1	1	1	1	6.55223	1.21083	1.21083	1	1	
0.226506	-nan	1.21385	1.45236	1	1	1	1	1	1	6.56888	1.21385	1.21385	1	1	
0.23012	-nan	1.21682	1.44313	1	1	1	1	1	1	6.58448	1.21682	1.21682	1	1	
0.233735	-nan	1.21975	1.43439	1	1	1	1	1	1	6.59906	1.21975	1.21975	1	1	
0.237349	-nan	1.22263	1.42615	1	1	1	1	1	1	6.61268	1.22263	1.22263	1	1	
0.240964	-nan	1.22548	1.41839	1	1	1	1	1	1	6.62536	1.22548	1.22548	1	1	
0.244578	-nan	1.22828	1.41109	1	1	1	1	1	1	6.63716	1.22828	1.22828	1	1	
0.248193	-nan	1.23104	1.40425	1	1	1	1	1	1	6.64811	1.23104	1.23104	1	1	
0.251807	-nan	1.23377	1.39784	1	1	1	1	1	1	6.65825	1.23377	1.23377	1	1	
0.255422	-nan	1.23645	1.39184	1	1	1	1	1	1	6.66761	1.23645	1.23645	1	1	
0.259036	-nan	1.2391	1.38624	1	1	1	1	1	1	6.67624	1.2391	1.2391	1	1	
0.262651	-nan	1.24172	1.381	1	1	1	1	1	1	6.68416	1.24172	1.24172	1	1	
0.266265	-nan	1.2443	1.37611	1	1	1	1	1	1	6.6914	1.2443	1.2443	1	1	
0.26988	-nan	1.24685	1.37155	1	1	1	1	1	1	6.698	1.24685	1.24685	1	1	
0.273494	-nan	1.24936	1.3673	1	1	1	1	1	1	6.704	1.24936	1.24936	1	1	
0.277108	-nan	1.25184	1.36333	1	1	1	1	1	1	6.70941	1.25184	1.25184	1	1	
0.280723	-nan	1.25429	1.35963	1	1	1	1	1	1	6.71428	1.25429	1.25429	1	1	
0.284337	-nan	1.25671	1.35618	1	1	1	1	1	1	6.71863	1.25671	1.25671	1	1	
0.287952	-nan	1.2591	1.35296	1	1	1	1	1	1	6.72248	1.2591	1.2591	1	1	
0.291566	-nan	1.26146	1.34995	1	1	1	1	1	1	6.72588	1.26146	1.26146	1	1	
0.295181	-nan	1.26379	1.34715	1	1	1	1	1	1	6.72884	1.26379	1.26379	1	1	
0.298795	-nan	1.26609	1.34453	1	1	1	1	1	1	6.7314	1.26609	1.26609	1	1	
0.30241	-nan	1.26837	1.34209	1	1	1	1	1	1	6.73357	1.26837	1.26837	1	1	
0.306024	-nan	1.27062	1.33981	1	1	1	1	1	1	6.7354	1.27062	1.27062	1	1	
0.309639	-nan	1.27284	1.33768	1	1	1	1	1	1	6.7369	1.27284	1.27284	1	1	
0.313253	-nan	1.27504	1.33569	1	1	1	1	1	1	6.73811	1.27504	1.27504	1	1	
0.316867	-nan	1.27721	1.33382	1	1	1	1	1	1	6.73905	1.27721	1.27721	1	1	
0.320482	-nan	1.27936	1.33208	1	1	1	1	1	1	6.73975	1.27936	1.27936	1	1	
0.324096	-nan	1.28148	1.33045	1	1	1	1	1	1	6.74023	1.28148	1.28148	1	1	
0.327711	-nan	1.28358	1.32893	1	1	1	1	1	1	6.74052	1.28358	1.28358	1	1	
0.331325	-nan	1.28566	1.3275	1	1	1	1	1	1	6.74065	1.28566	1.28566	1	1	
0.33494	-nan	1.28771	1.32616	1	1	1	1	1	1	6.74065	1.28771	1.28771	1	1	
0.338554	-nan	1.28975	1.3249	1	1	1	1	1	1	6.74054	1.28975	1.28975	1	1	
0.342169	-nan	1.29176	1.32372	1	1	1	1	1	1	6.74035	1.29176	1.29176	1	1	
0.345783	-nan	1.29375	1.32262	1	1	1	1	1	1	6.74011	1.29375	1.29375	1	1	
0.349398	-nan	1.29572	1.32158	1	1	1	1	1	1	6.73984	1.29572	1.29572	1	1	
0.353012	-nan	1.29767	1.32061	1	1	1	1	1	1	6.73957	1.29767	1.29767	1	1	
0.356627	-nan	1.2996	1.31969	1	1	1	1	1	1	6.73933	1.2996	1.2996	1	1	
0.360241	-nan	1.3015	1.31884	1	1	1	1	1	1	6.73914	1.3015	1.3015	1	1	
0.363855	-nan	1.30339	1.31803	1	1	1	1	1	1	6.73903	1.30339	1.30339	1	1	
0.36747	-nan	1.30527	1.31727	1	1	1	1	1	1	6.73902	1.30527	1.30527	1	1	
0.371084	-nan	1.30712	1.31656	1	1	1	1	1	1	6.73915	1.30712	1.30712	1	1	
0.374699	-nan	1.30895	1.31589	1	1	1	1	1	1	6.73943	1.30895	1.30895	1	1	
0.378313	-nan	1.31077	1.31526	1	1	1	1	1	1	6.7399	1.31077	1.31077	1	1	
0.381928	-nan	1.31257	1.31466	1	1	1	1	1	1	6.74058	1.31257	1.31257	1	1	
0.385542	-nan	1.31435	1.31411	1	1	1	1	1	1	6.74149	1.31435	1.31435	1	1	
0.389157	-nan	1.31611	1.31358	1	1	1	1	1	1	6.74265	1.31611	1.31611	1	1	
0.392771	-nan	1.31786	1.31309	1	1	1	1	1	1	6.7441	1.31786	1.31786	1	1	
0.396386	-nan	1.31959	1.31262	1	1	1	1	1	1	6.74586	1.31959	1.31959	1	1	
0.4	-nan	1.32131	1.31218	1	1	1	1	1	1	6.74795	1.32131	1.32131	1	1	
0.403614	-nan	1.32301	1.31177	1	1	1	1	1	1	6.75039	1.32301	1.32301	1	1	
0.407229	-nan	1.32469	1.31138	1	1	1	1	1	1	6.7532	1.32469	1.32469	1	1	
0.410843	-nan	1.32636	1.31102	1	1	1	1	1	1	6.75642	1.32636	1.32636	1	1	
0.414458	-nan	1.32801	1.31068	1	1	1	1	1	1	6.76005	1.32801	1.32801	1	1	
0.418072	-nan	1.32965	1.31035	1	1	1	1	1	1	6.76413	1.32965	1.32965	1	1	
0.421687	-nan	1.33127	1.31005	1	1	1	1	1	1	6.76868	1.33127	1.33127	1	1	
0.425301	-nan	1.33288	1.30976	1	1	1	1	1	1	6.77371	1.33288	1.33288	1	1	
0.428916	-nan	1.33448	1.30949	1	1	1	1	1	1	6.77925	1.33448	1.33448	1	1	
0.43253	-nan	1.33606	1.30924	1	1	1	1	1	1	6.78532	1.33606	1.33606	1	1	
0.436145	-nan	1.33763	1.30901	1	1	1	1	1	1	6.79194	1.33763	1.33763	1	1	
0.439759	-nan	1.33918	1.30878	1	1	1	1	1	1	6.79913	1.33918	1.33918	1	1	
0.443373	-nan	1.34072	1.30857	1	1	1	1	1	1	6.80691	1.34072	1.34072	1	1	
0.446988	-nan	1.34225	1.30838	1	1	1	1	1	1	6.8153	1.34225	1.34225	1	1	
0.450602	-nan	1.34376	1.30819	1	1	1	1	1	1	6.82431	1.34376	1.34376	1	1	
0.454217	-nan	1.34526	1.30802	1	1	1	1	1	1	6.83398	1.34526	1.34526	1	1	
0.457831	-nan	1.34675	1.30786	1	1	1	1	1	1	6.84432	1.34675	1.34675	1	1	
0.461446	-nan	1.34823	1.30771	1	1	1	1	1	1	6.85534	1.34823	1.34823	1	1	
0.46506	-nan	1.3497	1.30757	1	1	1	1	1	1	6.86707	1.3497	1.3497	1	1	
0.468675	-nan	1.35115	1.30743	1	1	1	1	1	1	6.87953	1.35115	1.35115	1	1	
0.472289	-nan	1.35259	1.30731	1	1	1	1	1	1	6.89273	1.35259	1.35259	1	1	
0.475904	-nan	1.35402	1.3072	1	1	1	1	1	1	6.9067	1.35402	1.35402	1	1	
0.479518	-nan	1.35543	1.30709	1	1	1	1	1	1	6.92146	1.35543	1.35543	1	1	
0.483133	-nan	1.35684	1.30699	1	1	1	1	1	1	6.93702	1.35684	1.35684	1	1	
0.486747	-nan	1.35824	1.3069	1	1	1	1	1	1	6.9534	1.35824	1.35824	1	1	
0.490361	-nan	1.35962	1.30681	1	1	1	1	1	1	6.97063	1.35962	1.35962	1	1	
0.493976	-nan	1.36099	1.30673	1	1	1	1	1	1	6.98872	1.36099	1.36099	1	1	
0.49759	-nan	1.36235	1.30666	1	1	1	1	1	1	7.00768	1.36235	1.36235	1	1	
0.501205	-nan	1.36371	1.3066	1	1	1	1	1	1	7.02755	1.36371	1.36371	1	1	
0.504819	-nan	1.36505	1.30653	1	1	1	1	1	1	7.04834	1.36505	1.36505	1	1	
0.508434	-nan	1.36638	1.30648	1	1	1	1	1	1	7.07007	1.36638	1.36638	1	1	
0.512048	-nan	1.3677	1.30643	1	1	1	1	1	1	7.09276	1.3677	1.3677	1	1	
0.515663	-nan	1.36901	1.30638	1	1	1	1	1	1	7.11642	1.36901	1.36901	1	1	
0.519277	-nan	1.37031	1.30634	1	1	1	1	1	1	7.14108	1.37031	1.37031	1	1	
0.522892	-nan	1.3716	1.3063	1	1	1	1	1	1	7.16675	1.3716	1.3716	1	1	
0.526506	-nan	1.37288	1.30627	1	1	1	1	1	1	7.19346	1.37288	1.37288	1	1	
0.53012	-nan	1.37415	1.30624	1	1	1	1	1	1	7.22122	1.37415	1.37415	1	1	
0.533735	-nan	1.37541	1.30621	1	1	1	1	1	1	7.25004	1.37541	1.37541	1	1	
0.537349	-nan	1.37666	1.30619	1	1	1	1	1	1	7.27995	1.37666	1.37666	1	1	
0.540964	-nan	1.3779	1.30617	1	1	1	1	1	1	7.31095	1.3779	1.3779	1	1	
0.544578	-nan	1.37913	1.30616	1	1	1	1	1	1	7.34308	1.37913	1.37913	1	1	
0.548193	-nan	1.38036	1.30614	1	1	1	1	1	1	7.37633	1.38036	1.38036	1	1	
0.551807	-nan	1.38157	1.30613	1	1	1	1	1	1	7.41073	1.38157	1.38157	1	1	
0.555422	-nan	1.38278	1.30613	1	1	1	1	1	1	7.44629	1.38278	1.38278	1	1	
0.559036	-nan	1.38398	1.30612	1	1	1	1	1	1	7.48302	1.38398	1.38398	1	1	
0.562651	-nan	1.38517	1.30612	1	1	1	1	1	1	7.52093	1.38517	1.38517	1	1	
0.566265	-nan	1.38635	1.30612	1	1	1	1	1	1	7.56002	1.38635	1.38635	1	1	
0.56988	-nan	1.38752	1.30612	1	1	1	1	1	1	7.60032	1.38752	1.38752	1	1	
0.573494	-nan	1.38868	1.30613	1	1	1	1	1	1	7.64182	1.38868	1.38868	1	1	
0.577108	-nan	1.38983	1.30613	1	1	1	1	1	1	7.68452	1.38983	1.38983	1	1	
0.580723	-nan	1.39098	1.30614	1	1	1	1	1	1	7.72844	1.39098	1.39098	1	1	
0.584337	-nan	1.39212	1.30615	1	1	1	1	1	1	7.77357	1.39212	1.39212	1	1	
0.587952	-nan	1.39325	1.30616	1	1	1	1	1	1	7.8199	1.39325	1.39325	1	1	
0.591566	-nan	1.39437	1.30618	1	1	1	1	1	1	7.86745	1.39437	1.39437	1	1	
0.595181	-nan	1.39548	1.30619	1	1	1	1	1	1	7.91619	1.39548	1.39548	1	1	
0.598795	-nan	1.39659	1.30621	1	1	1	1	1	1	7.96612	1.39659	1.39659	1	1	
0.60241	-nan	1.39769	1.30622	1	1	1	1	1	1	8.01724	1.39769	1.39769	1	1	
0.606024	-nan	1.39878	1.30624	1	1	1	1	1	1	8.06952	1.39878	1.39878	1	1	
0.609639	-nan	1.39986	1.30626	1	1	1	1	1	1	8.12295	1.39986	1.39986	1	1	
0.613253	-nan	1.40094	1.30628	1	1	1	1	1	1	8.17751	1.40094	1.40094	1	1	
0.616867	-nan	1.40201	1.30631	1	1	1	1	1	1	8.23318	1.40201	1.40201	1	1	
0.620482	-nan	1.40307	1.30633	1	1	1	1	1	1	8.28993	1.40307	1.40307	1	1	
0.624096	-nan	1.40412	1.30635	1	1	1	1	1	1	8.34774	1.40412	1.40412	1	1	
0.627711	-nan	1.40517	1.30638	1	1	1	1	1	1	8.40657	1.40517	1.40517	1	1	
0.631325	-nan	1.40621	1.3064	1	1	1	1	1	1	8.46639	1.40621	1.40621	1	1	
0.63494	-nan	1.40724	1.30643	1	1	1	1	1	1	8.52717	1.40724	1.40724	1	1	
0.638554	-nan	1.40826	1.30646	1	1	1	1	1	1	8.58885	1.40826	1.40826	1	1	
0.642169	-nan	1.40928	1.30649	1	1	1	1	1	1	8.65141	1.40928	1.40928	1	1	
0.645783	-nan	1.41029	1.30652	1	1	1	1	1	1	8.7148	1.41029	1.41029	1	1	
0.649398	-nan	1.4113	1.30654	1	1	1	1	1	1	8.77896	1.4113	1.4113	1	1	
0.653012	-nan	1.41229	1.30657	1	1	1	1	1	1	8.84385	1.41229	1.41229	1	1	
0.656627	-nan	1.41328	1.30661	1	1	1	1	1	1	8.90942	1.41328	1.41328	1	1	
0.660241	-nan	1.41427	1.30664	1	1	1	1	1	1	8.9756	1.41427	1.41427	1	1	
0.663855	-nan	1.41525	1.30667	1	1	1	1	1	1	9.04236	1.41525	1.41525	1	1	
0.66747	-nan	1.41622	1.3067	1	1	1	1	1	1	9.10962	1.41622	1.41622	1	1	
0.671084	-nan	1.41718	1.30673	1	1	1	1	1	1	9.17733	1.41718	1.41718	1	1	
0.674699	-nan	1.41814	1.30676	1	1	1	1	1	1	9.24542	1.41814	1.41814	1	1	
0.678313	-nan	1.41909	1.3068	1	1	1	1	1	1	9.31385	1.41909	1.41909	1	1	
0.681928	-nan	1.42003	1.30683	1	1	1	1	1	1	9.38254	1.42003	1.42003	1	1	
0.685542	-nan	1.42097	1.30686	1	1	1	1	1	1	9.45143	1.42097	1.42097	1	1	
0.689157	-nan	1.42191	1.3069	1	1	1	1	1	1	9.52046	1.42191	1.42191	1	1	
0.692771	-nan	1.42283	1.30693	1	1	1	1	1	1	9.58957	1.42283	1.42283	1	1	
0.696386	-nan	1.42375	1.30697	1	1	1	1	1	1	9.65869	1.42375	1.42375	1	1	
0.7	-nan	1.42466	1.307	1	1	1	1	1	1	9.72777	1.42466	1.42466	1	1	
0.703614	-nan	1.42557	1.30703	1	1	1	1	1	1	9.79674	1.42557	1.42557	1	1	
0.707229	-nan	1.42647	1.30707	1	1	1	1	1	1	9.86554	1.42647	1.42647	1	1	
0.710843	-nan	1.42737	1.3071	1	1	1	1	1	1	9.93412	1.42737	1.42737	1	1	
0.714458	-nan	1.42826	1.30714	1	1	1	1	1	1	10.0024	1.42826	1.42826	1	1	
0.718072	-nan	1.42914	1.30717	1	1	1	1	1	1	10.0704	1.42914	1.42914	1	1	
0.721687	-nan	1.43002	1.30721	1	1	1	1	1	1	10.1379	1.43002	1.43002	1	1	
0.725301	-nan	1.43089	1.30724	1	1	1	1	1	1	10.2051	1.43089	1.43089	1	1	
0.728916	-nan	1.43176	1.30728	1	1	1	1	1	1	10.2717	1.43176	1.43176	1	1	
0.73253	-nan	1.43262	1.30731	1	1	1	1	1	1	10.3378	1.43262	1.43262	1	1	
0.736145	-nan	1.43348	1.30735	1	1	1	1	1	1	10.4033	1.43348	1.43348	1	1	
0.739759	-nan	1.43433	1.30738	1	1	1	1	1	1	10.4682	1.43433	1.43433	1	1	
0.743373	-nan	1.43517	1.30742	1	1	1	1	1	1	10.5325	1.43517	1.43517	1	1	
0.746988	-nan	1.43601	1.30745	1	1	1	1	1	1	10.596	1.43601	1.43601	1	1	
0.750602	-nan	1.43684	1.30749	1	1	1	1	1	1	10.6588	1.43684	1.43684	1	1	
0.754217	-nan	1.43767	1.30752	1	1	1	1	1	1	10.7209	1.43767	1.43767	1	1	
0.757831	-nan	1.43849	1.30756	1	1	1	1	1	1	10.7821	1.43849	1.43849	1	1	
0.761446	-nan	1.43931	1.30759	1	1	1	1	1	1	10.8425	1.43931	1.43931	1	1	
0.76506	-nan	1.44012	1.30762	1	1	1	1	1	1	10.9021	1.44012	1.44012	1	1	
0.768675	-nan	1.44093	1.30766	1	1	1	1	1	1	10.9608	1.44093	1.44093	1	1	
0.772289	-nan	1.44173	1.30769	1	1	1	1	1	1	11.0186	1.44173	1.44173	1	1	
0.775904	-nan	1.44252	1.30773	1	1	1	1	1	1	11.0756	1.44252	1.44252	1	1	
0.779518	-nan	1.44331	1.30776	1	1	1	1	1	1	11.1316	1.44331	1.44331	1	1	
0.783133	-nan	1.4441	1.30779	1	1	1	1	1	1	11.1867	1.4441	1.4441	1	1	
0.786747	-nan	1.44488	1.30783	1	1	1	1	1	1	11.2408	1.44488	1.44488	1	1	
0.790361	-nan	1.44565	1.30786	1	1	1	1	1	1	11.294	1.44565	1.44565	1	1	
0.793976	-nan	1.44642	1.3079	1	1	1	1	1	1	11.3462	1.44642	1.44642	1	1	
0.79759	-nan	1.44719	1.30793	1	1	1	1	1	1	11.3975	1.44719	1.44719	1	1	
0.801205	-nan	1.44795	1.30796	1	1	1	1	1	1	11.4479	1.44795	1.44795	1	1	
0.804819	-nan	1.4487	1.30799	1	1	1	1	1	1	11.4972	1.4487	1.4487	1	1	
0.808434	-nan	1.44945	1.30803	1	1	1	1	1	1	11.5457	1.44945	1.44945	1	1	
0.812048	-nan	1.4502	1.30806	1	1	1	1	1	1	11.5931	1.4502	1.4502	1	1	
0.815663	-nan	1.45094	1.30809	1	1	1	1	1	1	11.6396	1.45094	1.45094	1	1	
0.819277	-nan	1.45167	1.30812	1	1	1	1	1	1	11.6852	1.45167	1.45167	1	1	
0.822892	-nan	1.4524	1.30816	1	1	1	1	1	1	11.7298	1.4524	1.4524	1	1	
0.826506	-nan	1.45313	1.30819	1	1	1	1	1	1	11.7735	1.45313	1.45313	1	1	
0.83012	-nan	1.45385	1.30822	1	1	1	1	1	1	11.8162	1.45385	1.45385	1	1	
0.833735	-nan	1.45457	1.30825	1	1	1	1	1	1	11.8581	1.45457	1.45457	1	1	
0.837349	-nan	1.45528	1.30828	1	1	1	1	1	1	11.899	1.45528	1.45528	1	1	
0.840964	-nan	1.45598	1.30831	1	1	1	1	1	1	11.939	1.45598	1.45598	1	1	
0.844578	-nan	1.45669	1.30834	1	1	1	1	1	1	11.9782	1.45669	1.45669	1	1	
0.848193	-nan	1.45738	1.30837	1	1	1	1	1	1	12.0165	1.45738	1.45738	1	1	
0.851807	-nan	1.45808	1.3084	1	1	1	1	1	1	12.0539	1.45808	1.45808	1	1	
0.855422	-nan	1.45877	1.30843	1	1	1	1	1	1	12.0905	1.45877	1.45877	1	1	
0.859036	-nan	1.45945	1.30846	1	1	1	1	1	1	12.1262	1.45945	1.45945	1	1	
0.862651	-nan	1.46013	1.30849	1	1	1	1	1	1	12.1611	1.46013	1.46013	1	1	
0.866265	-nan	1.4608	1.30852	1	1	1	1	1	1	12.1952	1.4608	1.4608	1	1	
0.86988	-nan	1.46147	1.30855	1	1	1	1	1	1	12.2285	1.46147	1.46147	1	1	
0.873494	-nan	1.46214	1.30858	1	1	1	1	1	1	12.261	1.46214	1.46214	1	1	
0.877108	-nan	1.4628	1.30861	1	1	1	1	1	1	12.2928	1.4628	1.4628	1	1	
0.880723	-nan	1.46346	1.30864	1	1	1	1	1	1	12.3238	1.46346	1.46346	1	1	
0.884337	-nan	1.46411	1.30866	1	1	1	1	1	1	12.3541	1.46411	1.46411	1	1	
0.887952	-nan	1.46476	1.30869	1	1	1	1	1	1	12.3837	1.46476	1.46476	1	1	
0.891566	-nan	1.4654	1.30872	1	1	1	1	1	1	12.4125	1.4654	1.4654	1	1	
0.895181	-nan	1.46604	1.30875	1	1	1	1	1	1	12.4407	1.46604	1.46604	1	1	
0.898795	-nan	1.46668	1.30877	1	1	1	1	1	1	12.4681	1.46668	1.46668	1	1	
0.90241	-nan	1.46731	1.3088	1	1	1	1	1	1	12.495	1.46731	1.46731	1	1	
0.906024	-nan	1.46794	1.30883	1	1	1	1	1	1	12.5211	1.46794	1.46794	1	1	
0.909639	-nan	1.46856	1.30885	1	1	1	1	1	1	12.5467	1.46856	1.46856	1	1	
0.913253	-nan	1.46918	1.30888	1	1	1	1	1	1	12.5716	1.46918	1.46918	1	1	
0.916867	-nan	1.46979	1.3089	1	1	1	1	1	1	12.5959	1.46979	1.46979	1	1	
0.920482	-nan	1.4704	1.30893	1	1	1	1	1	1	12.6196	1.4704	1.4704	1	1	
0.924096	-nan	1.47101	1.30896	1	1	1	1	1	1	12.6427	1.47101	1.47101	1	1	
0.927711	-nan	1.47161	1.30898	1	1	1	1	1	1	12.6653	1.47161	1.47161	1	1	
0.931325	-nan	1.47221	1.30901	1	1	1	1	1	1	12.6873	1.47221	1.47221	1	1	
0.93494	-nan	1.4728	1.30903	1	1	1	1	1	1	12.7088	1.4728	1.4728	1	1	
0.938554	-nan	1.47339	1.30906	1	1	1	1	1	1	12.7298	1.47339	1.47339	1	1	
0.942169	-nan	1.47398	1.30908	1	1	1	1	1	1	12.7502	1.47398	1.47398	1	1	
0.945783	-nan	1.47456	1.3091	1	1	1	1	1	1	12.7701	1.47456	1.47456	1	1	
0.949398	-nan	1.47514	1.30913	1	1	1	1	1	1	12.7896	1.47514	1.47514	1	1	
0.953012	-nan	1.47571	1.30915	1	1	1	1	1	1	12.8086	1.47571	1.47571	1	1	
0.956627	-nan	1.47628	1.30917	1	1	1	1	1	1	12.8271	1.47628	1.47628	1	1	
0.960241	-nan	1.47685	1.3092	1	1	1	1	1	1	12.8451	1.47685	1.47685	1	1	
0.963855	-nan	1.47741	1.30922	1	1	1	1	1	1	12.8627	1.47741	1.47741	1	1	
0.96747	-nan	1.47797	1.30924	1	1	1	1	1	1	12.8799	1.47797	1.47797	1	1	
0.971084	-nan	1.47853	1.30926	1	1	1	1	1	1	12.8967	1.47853	1.47853	1	1	
0.974699	-nan	1.47908	1.30929	1	1	1	1	1	1	12.913	1.47908	1.47908	1	1	
0.978313	-nan	1.47962	1.30931	1	1	1	1	1	1	12.929	1.47962	1.47962	1	1	
0.981928	-nan	1.48017	1.30933	1	1	1	1	1	1	12.9445	1.48017	1.48017	1	1	
0.985542	-nan	1.48071	1.30935	1	1	1	1	1	1	12.9597	1.48071	1.48071	1	1	
0.989157	-nan	1.48124	1.30937	1	1	1	1	1	1	12.9745	1.48124	1.48124	1	1	
0.992771	-nan	1.48177	1.30939	1	1	1	1	1	1	12.9889	1.48177	1.48177	1	1	
0.996386	-nan	1.4823	1.30942	1	1	1	1	1	1	13.003	1.4823	1.4823	1	1	
1	-nan	-nan	-nan	-nan	-nan	-nan	-nan	-nan	-nan	-nan	-nan	-nan	-nan	-nan	
