1e-05	-nan	0.382716	0.53558	1	1	1	1	1	1	6.19004	0.382716	0.382716	1	1	
1.03753e-05	-nan	0.383094	0.535614	1	1	1	1	1	1	6.19028	0.383094	0.383094	1	1	
1.07647e-05	-nan	0.383476	0.535649	1	1	1	1	1	1	6.19052	0.383476	0.383476	1	1	
1.11686e-05	-nan	0.383863	0.535684	1	1	1	1	1	1	6.19076	0.383863	0.383863	1	1	
1.15878e-05	-nan	0.384255	0.53572	1	1	1	1	1	1	6.19101	0.384255	0.384255	1	1	
1.20226e-05	-nan	0.384651	0.535757	1	1	1	1	1	1	6.19127	0.384651	0.384651	1	1	
1.24738e-05	-nan	0.385051	0.535794	1	1	1	1	1	1	6.19153	0.385051	0.385051	1	1	
1.2942e-05	-nan	0.385457	0.535832	1	1	1	1	1	1	6.19179	0.385457	0.385457	1	1	
1.34276e-05	-nan	0.385866	0.53587	1	1	1	1	1	1	6.19206	0.385866	0.385866	1	1	
1.39316e-05	-nan	0.386281	0.535909	1	1	1	1	1	1	6.19234	0.386281	0.386281	1	1	
1.44544e-05	-nan	0.386701	0.535949	1	1	1	1	1	1	6.19262	0.386701	0.386701	1	1	
1.49968e-05	-nan	0.387125	0.535989	1	1	1	1	1	1	6.1929	0.387125	0.387125	1	1	
1.55597e-05	-nan	0.387555	0.53603	1	1	1	1	1	1	6.19319	0.387555	0.387555	1	1	
1.61436e-05	-nan	0.38799	0.536071	1	1	1	1	1	1	6.19349	0.38799	0.38799	1	1	
1.67494e-05	-nan	0.388429	0.536114	1	1	1	1	1	1	6.19379	0.388429	0.388429	1	1	
1.7378e-05	-nan	0.388874	0.536157	1	1	1	1	1	1	6.1941	0.388874	0.388874	1	1	
1.80302e-05	-nan	0.389325	0.5362	1	1	1	1	1	1	6.19441	0.389325	0.389325	1	1	
1.87068e-05	-nan	0.389781	0.536245	1	1	1	1	1	1	6.19473	0.389781	0.389781	1	1	
1.94089e-05	-nan	0.390242	0.53629	1	1	1	1	1	1	6.19506	0.390242	0.390242	1	1	
2.01372e-05	-nan	0.390709	0.536335	1	1	1	1	1	1	6.19539	0.390709	0.390709	1	1	
2.0893e-05	-nan	0.391181	0.536382	1	1	1	1	1	1	6.19573	0.391181	0.391181	1	1	
2.1677e-05	-nan	0.39166	0.536429	1	1	1	1	1	1	6.19607	0.39166	0.39166	1	1	
2.24905e-05	-nan	0.392144	0.536477	1	1	1	1	1	1	6.19642	0.392144	0.392144	1	1	
2.33346e-05	-nan	0.392634	0.536526	1	1	1	1	1	1	6.19678	0.392634	0.392634	1	1	
2.42103e-05	-nan	0.39313	0.536576	1	1	1	1	1	1	6.19715	0.39313	0.39313	1	1	
2.51189e-05	-nan	0.393633	0.536626	1	1	1	1	1	1	6.19752	0.393633	0.393633	1	1	
2.60615e-05	-nan	0.394141	0.536677	1	1	1	1	1	1	6.1979	0.394141	0.394141	1	1	
2.70396e-05	-nan	0.394656	0.53673	1	1	1	1	1	1	6.19828	0.394656	0.394656	1	1	
2.80543e-05	-nan	0.395177	0.536783	1	1	1	1	1	1	6.19867	0.395177	0.395177	1	1	
2.91072e-05	-nan	0.395705	0.536837	1	1	1	1	1	1	6.19908	0.395705	0.395705	1	1	
3.01995e-05	-nan	0.396239	0.536891	1	1	1	1	1	1	6.19948	0.396239	0.396239	1	1	
3.13329e-05	-nan	0.396781	0.536947	1	1	1	1	1	1	6.1999	0.396781	0.396781	1	1	
3.25087e-05	-nan	0.397329	0.537004	1	1	1	1	1	1	6.20032	0.397329	0.397329	1	1	
3.37287e-05	-nan	0.397884	0.537061	1	1	1	1	1	1	6.20075	0.397884	0.397884	1	1	
3.49945e-05	-nan	0.398446	0.53712	1	1	1	1	1	1	6.20119	0.398446	0.398446	1	1	
3.63078e-05	-nan	0.399015	0.53718	1	1	1	1	1	1	6.20164	0.399015	0.399015	1	1	
3.76704e-05	-nan	0.399591	0.53724	1	1	1	1	1	1	6.2021	0.399591	0.399591	1	1	
3.90841e-05	-nan	0.400175	0.537302	1	1	1	1	1	1	6.20256	0.400175	0.400175	1	1	
4.05509e-05	-nan	0.400767	0.537365	1	1	1	1	1	1	6.20304	0.400767	0.400767	1	1	
4.20727e-05	-nan	0.401366	0.537428	1	1	1	1	1	1	6.20352	0.401366	0.401366	1	1	
4.36516e-05	-nan	0.401973	0.537493	1	1	1	1	1	1	6.20401	0.401973	0.401973	1	1	
4.52898e-05	-nan	0.402588	0.537559	1	1	1	1	1	1	6.20451	0.402588	0.402588	1	1	
4.69894e-05	-nan	0.403211	0.537626	1	1	1	1	1	1	6.20502	0.403211	0.403211	1	1	
4.87528e-05	-nan	0.403842	0.537695	1	1	1	1	1	1	6.20554	0.403842	0.403842	1	1	
5.05825e-05	-nan	0.404481	0.537764	1	1	1	1	1	1	6.20607	0.404481	0.404481	1	1	
5.24807e-05	-nan	0.405129	0.537835	1	1	1	1	1	1	6.20661	0.405129	0.405129	1	1	
5.44503e-05	-nan	0.405785	0.537907	1	1	1	1	1	1	6.20716	0.405785	0.405785	1	1	
5.64937e-05	-nan	0.40645	0.53798	1	1	1	1	1	1	6.20772	0.40645	0.40645	1	1	
5.86138e-05	-nan	0.407124	0.538054	1	1	1	1	1	1	6.20829	0.407124	0.407124	1	1	
6.08135e-05	-nan	0.407807	0.53813	1	1	1	1	1	1	6.20888	0.407807	0.407807	1	1	
6.30957e-05	-nan	0.408499	0.538207	1	1	1	1	1	1	6.20947	0.408499	0.408499	1	1	
6.54636e-05	-nan	0.409201	0.538286	1	1	1	1	1	1	6.21007	0.409201	0.409201	1	1	
6.79204e-05	-nan	0.409912	0.538365	1	1	1	1	1	1	6.21069	0.409912	0.409912	1	1	
7.04693e-05	-nan	0.410632	0.538447	1	1	1	1	1	1	6.21132	0.410632	0.410632	1	1	
7.31139e-05	-nan	0.411363	0.538529	1	1	1	1	1	1	6.21196	0.411363	0.411363	1	1	
7.58578e-05	-nan	0.412103	0.538614	1	1	1	1	1	1	6.21261	0.412103	0.412103	1	1	
7.87046e-05	-nan	0.412854	0.538699	1	1	1	1	1	1	6.21327	0.412854	0.412854	1	1	
8.16582e-05	-nan	0.413614	0.538787	1	1	1	1	1	1	6.21395	0.413614	0.413614	1	1	
8.47227e-05	-nan	0.414386	0.538875	1	1	1	1	1	1	6.21464	0.414386	0.414386	1	1	
8.79023e-05	-nan	0.415168	0.538966	1	1	1	1	1	1	6.21534	0.415168	0.415168	1	1	
9.12011e-05	-nan	0.41596	0.539058	1	1	1	1	1	1	6.21605	0.41596	0.41596	1	1	
9.46237e-05	-nan	0.416764	0.539152	1	1	1	1	1	1	6.21678	0.416764	0.416764	1	1	
9.81748e-05	-nan	0.417579	0.539247	1	1	1	1	1	1	6.21752	0.417579	0.417579	1	1	
0.000101859	-nan	0.418405	0.539344	1	1	1	1	1	1	6.21828	0.418405	0.418405	1	1	
0.000105682	-nan	0.419243	0.539444	1	1	1	1	1	1	6.21905	0.419243	0.419243	1	1	
0.000109648	-nan	0.420093	0.539544	1	1	1	1	1	1	6.21983	0.420093	0.420093	1	1	
0.000113763	-nan	0.420955	0.539647	1	1	1	1	1	1	6.22063	0.420955	0.420955	1	1	
0.000118032	-nan	0.421828	0.539752	1	1	1	1	1	1	6.22145	0.421828	0.421828	1	1	
0.000122462	-nan	0.422715	0.539858	1	1	1	1	1	1	6.22228	0.422715	0.422715	1	1	
0.000127057	-nan	0.423613	0.539967	1	1	1	1	1	1	6.22313	0.423613	0.423613	1	1	
0.000131826	-nan	0.424525	0.540078	1	1	1	1	1	1	6.22399	0.424525	0.424525	1	1	
0.000136773	-nan	0.42545	0.540191	1	1	1	1	1	1	6.22487	0.42545	0.42545	1	1	
0.000141906	-nan	0.426388	0.540306	1	1	1	1	1	1	6.22576	0.426388	0.426388	1	1	
0.000147231	-nan	0.427339	0.540423	1	1	1	1	1	1	6.22667	0.427339	0.427339	1	1	
0.000152757	-nan	0.428304	0.540542	1	1	1	1	1	1	6.2276	0.428304	0.428304	1	1	
0.000158489	-nan	0.429283	0.540664	1	1	1	1	1	1	6.22855	0.429283	0.429283	1	1	
0.000164437	-nan	0.430276	0.540788	1	1	1	1	1	1	6.22951	0.430276	0.430276	1	1	
0.000170608	-nan	0.431284	0.540914	1	1	1	1	1	1	6.23049	0.431284	0.431284	1	1	
0.000177011	-nan	0.432306	0.541043	1	1	1	1	1	1	6.23149	0.432306	0.432306	1	1	
0.000183654	-nan	0.433343	0.541174	1	1	1	1	1	1	6.23251	0.433343	0.433343	1	1	
0.000190546	-nan	0.434395	0.541308	1	1	1	1	1	1	6.23355	0.434395	0.434395	1	1	
0.000197697	-nan	0.435463	0.541445	1	1	1	1	1	1	6.23461	0.435463	0.435463	1	1	
0.000205116	-nan	0.436546	0.541584	1	1	1	1	1	1	6.23568	0.436546	0.436546	1	1	
0.000212814	-nan	0.437646	0.541727	1	1	1	1	1	1	6.23678	0.437646	0.437646	1	1	
0.0002208	-nan	0.438761	0.541872	1	1	1	1	1	1	6.2379	0.438761	0.438761	1	1	
0.000229087	-nan	0.439893	0.542019	1	1	1	1	1	1	6.23904	0.439893	0.439893	1	1	
0.000237684	-nan	0.441042	0.54217	1	1	1	1	1	1	6.2402	0.441042	0.441042	1	1	
0.000246604	-nan	0.442208	0.542324	1	1	1	1	1	1	6.24138	0.442208	0.442208	1	1	
0.000255859	-nan	0.443391	0.542481	1	1	1	1	1	1	6.24259	0.443391	0.443391	1	1	
0.000265461	-nan	0.444592	0.542641	1	1	1	1	1	1	6.24381	0.444592	0.444592	1	1	
0.000275423	-nan	0.445811	0.542805	1	1	1	1	1	1	6.24506	0.445811	0.445811	1	1	
0.000285759	-nan	0.447048	0.542972	1	1	1	1	1	1	6.24634	0.447048	0.447048	1	1	
0.000296483	-nan	0.448304	0.543142	1	1	1	1	1	1	6.24763	0.448304	0.448304	1	1	
0.00030761	-nan	0.449578	0.543316	1	1	1	1	1	1	6.24896	0.449578	0.449578	1	1	
0.000319154	-nan	0.450872	0.543494	1	1	1	1	1	1	6.2503	0.450872	0.450872	1	1	
0.000331131	-nan	0.452185	0.543675	1	1	1	1	1	1	6.25167	0.452185	0.452185	1	1	
0.000343558	-nan	0.453518	0.54386	1	1	1	1	1	1	6.25307	0.453518	0.453518	1	1	
0.000356451	-nan	0.454871	0.544049	1	1	1	1	1	1	6.25449	0.454871	0.454871	1	1	
0.000369828	-nan	0.456245	0.544242	1	1	1	1	1	1	6.25594	0.456245	0.456245	1	1	
0.000383707	-nan	0.457639	0.544439	1	1	1	1	1	1	6.25742	0.457639	0.457639	1	1	
0.000398107	-nan	0.459055	0.544641	1	1	1	1	1	1	6.25893	0.459055	0.459055	1	1	
0.000413048	-nan	0.460492	0.544846	1	1	1	1	1	1	6.26046	0.460492	0.460492	1	1	
0.000428549	-nan	0.461951	0.545057	1	1	1	1	1	1	6.26202	0.461951	0.461951	1	1	
0.000444631	-nan	0.463433	0.545271	1	1	1	1	1	1	6.26361	0.463433	0.463433	1	1	
0.000461318	-nan	0.464937	0.545491	1	1	1	1	1	1	6.26523	0.464937	0.464937	1	1	
0.00047863	-nan	0.466463	0.545715	1	1	1	1	1	1	6.26688	0.466463	0.466463	1	1	
0.000496592	-nan	0.468014	0.545945	1	1	1	1	1	1	6.26856	0.468014	0.468014	1	1	
0.000515229	-nan	0.469588	0.546179	1	1	1	1	1	1	6.27027	0.469588	0.469588	1	1	
0.000534564	-nan	0.471186	0.546419	1	1	1	1	1	1	6.27202	0.471186	0.471186	1	1	
0.000554626	-nan	0.472809	0.546664	1	1	1	1	1	1	6.27379	0.472809	0.472809	1	1	
0.00057544	-nan	0.474457	0.546915	1	1	1	1	1	1	6.2756	0.474457	0.474457	1	1	
0.000597035	-nan	0.47613	0.547171	1	1	1	1	1	1	6.27745	0.47613	0.47613	1	1	
0.000619441	-nan	0.477828	0.547433	1	1	1	1	1	1	6.27932	0.477828	0.477828	1	1	
0.000642688	-nan	0.479553	0.547702	1	1	1	1	1	1	6.28123	0.479553	0.479553	1	1	
0.000666807	-nan	0.481305	0.547976	1	1	1	1	1	1	6.28318	0.481305	0.481305	1	1	
0.000691831	-nan	0.483083	0.548257	1	1	1	1	1	1	6.28517	0.483083	0.483083	1	1	
0.000717794	-nan	0.484889	0.548544	1	1	1	1	1	1	6.28719	0.484889	0.484889	1	1	
0.000744732	-nan	0.486722	0.548839	1	1	1	1	1	1	6.28924	0.486722	0.486722	1	1	
0.000772681	-nan	0.488584	0.54914	1	1	1	1	1	1	6.29134	0.488584	0.488584	1	1	
0.000801678	-nan	0.490475	0.549448	1	1	1	1	1	1	6.29347	0.490475	0.490475	1	1	
0.000831764	-nan	0.492395	0.549764	1	1	1	1	1	1	6.29565	0.492395	0.492395	1	1	
0.000862979	-nan	0.494344	0.550087	1	1	1	1	1	1	6.29786	0.494344	0.494344	1	1	
0.000895365	-nan	0.496323	0.550418	1	1	1	1	1	1	6.30012	0.496323	0.496323	1	1	
0.000928966	-nan	0.498333	0.550757	1	1	1	1	1	1	6.30241	0.498333	0.498333	1	1	
0.000963829	-nan	0.500374	0.551104	1	1	1	1	1	1	6.30475	0.500374	0.500374	1	1	
0.001	-nan	0.502447	0.55146	1	1	1	1	1	1	6.30714	0.502447	0.502447	1	1	
0.00103753	-nan	0.504551	0.551825	1	1	1	1	1	1	6.30956	0.504551	0.504551	1	1	
0.00107647	-nan	0.506688	0.552198	1	1	1	1	1	1	6.31203	0.506688	0.506688	1	1	
0.00111686	-nan	0.508857	0.552581	1	1	1	1	1	1	6.31455	0.508857	0.508857	1	1	
0.00115878	-nan	0.51106	0.552974	1	1	1	1	1	1	6.31711	0.51106	0.51106	1	1	
0.00120226	-nan	0.513297	0.553376	1	1	1	1	1	1	6.31972	0.513297	0.513297	1	1	
0.00124738	-nan	0.515568	0.553789	1	1	1	1	1	1	6.32238	0.515568	0.515568	1	1	
0.0012942	-nan	0.517873	0.554212	1	1	1	1	1	1	6.32509	0.517873	0.517873	1	1	
0.00134276	-nan	0.520214	0.554646	1	1	1	1	1	1	6.32784	0.520214	0.520214	1	1	
0.00139316	-nan	0.522591	0.555091	1	1	1	1	1	1	6.33065	0.522591	0.522591	1	1	
0.00144544	-nan	0.525004	0.555548	1	1	1	1	1	1	6.33351	0.525004	0.525004	1	1	
0.00149968	-nan	0.527454	0.556017	1	1	1	1	1	1	6.33642	0.527454	0.527454	1	1	
0.00155597	-nan	0.529941	0.556498	1	1	1	1	1	1	6.33938	0.529941	0.529941	1	1	
0.00161436	-nan	0.532466	0.556991	1	1	1	1	1	1	6.3424	0.532466	0.532466	1	1	
0.00167494	-nan	0.53503	0.557498	1	1	1	1	1	1	6.34547	0.53503	0.53503	1	1	
0.0017378	-nan	0.537632	0.558019	1	1	1	1	1	1	6.3486	0.537632	0.537632	1	1	
0.00180302	-nan	0.540273	0.558553	1	1	1	1	1	1	6.35179	0.540273	0.540273	1	1	
0.00187068	-nan	0.542954	0.559101	1	1	1	1	1	1	6.35503	0.542954	0.542954	1	1	
0.00194089	-nan	0.545676	0.559665	1	1	1	1	1	1	6.35834	0.545676	0.545676	1	1	
0.00201372	-nan	0.548438	0.560244	1	1	1	1	1	1	6.3617	0.548438	0.548438	1	1	
0.0020893	-nan	0.551242	0.560839	1	1	1	1	1	1	6.36513	0.551242	0.551242	1	1	
0.0021677	-nan	0.554087	0.56145	1	1	1	1	1	1	6.36862	0.554087	0.554087	1	1	
0.00224905	-nan	0.556975	0.562078	1	1	1	1	1	1	6.37217	0.556975	0.556975	1	1	
0.00233346	-nan	0.559906	0.562724	1	1	1	1	1	1	6.37578	0.559906	0.559906	1	1	
0.00242103	-nan	0.56288	0.563388	1	1	1	1	1	1	6.37946	0.56288	0.56288	1	1	
0.00251189	-nan	0.565898	0.56407	1	1	1	1	1	1	6.38321	0.565898	0.565898	1	1	
0.00260615	-nan	0.568961	0.564772	1	1	1	1	1	1	6.38703	0.568961	0.568961	1	1	
0.00270396	-nan	0.572068	0.565494	1	1	1	1	1	1	6.39091	0.572068	0.572068	1	1	
0.00280543	-nan	0.575221	0.566237	1	1	1	1	1	1	6.39487	0.575221	0.575221	1	1	
0.00291072	-nan	0.578419	0.567001	1	1	1	1	1	1	6.3989	0.578419	0.578419	1	1	
0.00301995	-nan	0.581664	0.567788	1	1	1	1	1	1	6.403	0.581664	0.581664	1	1	
0.00313329	-nan	0.584956	0.568597	1	1	1	1	1	1	6.40717	0.584956	0.584956	1	1	
0.00325087	-nan	0.588295	0.56943	1	1	1	1	1	1	6.41143	0.588295	0.588295	1	1	
0.00337287	-nan	0.591681	0.570288	1	1	1	1	1	1	6.41575	0.591681	0.591681	1	1	
0.00349945	-nan	0.595116	0.571171	1	1	1	1	1	1	6.42016	0.595116	0.595116	1	1	
0.00363078	-nan	0.5986	0.57208	1	1	1	1	1	1	6.42465	0.5986	0.5986	1	1	
0.00376704	-nan	0.602133	0.573017	1	1	1	1	1	1	6.42921	0.602133	0.602133	1	1	
0.00390841	-nan	0.605716	0.573982	1	1	1	1	1	1	6.43386	0.605716	0.605716	1	1	
0.00405509	-nan	0.609348	0.574976	1	1	1	1	1	1	6.4386	0.609348	0.609348	1	1	
0.00420727	-nan	0.613031	0.576001	1	1	1	1	1	1	6.44341	0.613031	0.613031	1	1	
0.00436516	-nan	0.616765	0.577057	1	1	1	1	1	1	6.44832	0.616765	0.616765	1	1	
0.00452898	-nan	0.620551	0.578146	1	1	1	1	1	1	6.45332	0.620551	0.620551	1	1	
0.00469894	-nan	0.624388	0.579269	1	1	1	1	1	1	6.4584	0.624388	0.624388	1	1	
0.00487528	-nan	0.628277	0.580426	1	1	1	1	1	1	6.46358	0.628277	0.628277	1	1	
0.00505825	-nan	0.632218	0.58162	1	1	1	1	1	1	6.46885	0.632218	0.632218	1	1	
0.00524807	-nan	0.636213	0.582852	1	1	1	1	1	1	6.47422	0.636213	0.636213	1	1	
0.00544503	-nan	0.64026	0.584122	1	1	1	1	1	1	6.47968	0.64026	0.64026	1	1	
0.00564937	-nan	0.644361	0.585434	1	1	1	1	1	1	6.48524	0.644361	0.644361	1	1	
0.00586138	-nan	0.648517	0.586787	1	1	1	1	1	1	6.49091	0.648517	0.648517	1	1	
0.00608135	-nan	0.652726	0.588183	1	1	1	1	1	1	6.49668	0.652726	0.652726	1	1	
0.00630957	-nan	0.656989	0.589625	1	1	1	1	1	1	6.50255	0.656989	0.656989	1	1	
0.00654636	-nan	0.661308	0.591114	1	1	1	1	1	1	6.50853	0.661308	0.661308	1	1	
0.00679204	-nan	0.665682	0.592652	1	1	1	1	1	1	6.51462	0.665682	0.665682	1	1	
0.00704693	-nan	0.67011	0.594241	1	1	1	1	1	1	6.52082	0.67011	0.67011	1	1	
0.00731139	-nan	0.674595	0.595882	1	1	1	1	1	1	6.52713	0.674595	0.674595	1	1	
0.00758578	-nan	0.679135	0.597577	1	1	1	1	1	1	6.53356	0.679135	0.679135	1	1	
0.00787046	-nan	0.683731	0.599329	1	1	1	1	1	1	6.54011	0.683731	0.683731	1	1	
0.00816582	-nan	0.688383	0.60114	1	1	1	1	1	1	6.54678	0.688383	0.688383	1	1	
0.00847227	-nan	0.693091	0.603013	1	1	1	1	1	1	6.55357	0.693091	0.693091	1	1	
0.00879023	-nan	0.697856	0.604949	1	1	1	1	1	1	6.56049	0.697856	0.697856	1	1	
0.00912011	-nan	0.702677	0.606951	1	1	1	1	1	1	6.56754	0.702677	0.702677	1	1	
0.00946237	-nan	0.707555	0.609021	1	1	1	1	1	1	6.57472	0.707555	0.707555	1	1	
0.00981748	-nan	0.712489	0.611163	1	1	1	1	1	1	6.58203	0.712489	0.712489	1	1	
0.0101859	-nan	0.71748	0.613379	1	1	1	1	1	1	6.58948	0.71748	0.71748	1	1	
0.0105682	-nan	0.722528	0.615672	1	1	1	1	1	1	6.59708	0.722528	0.722528	1	1	
0.0109648	-nan	0.727633	0.618046	1	1	1	1	1	1	6.60482	0.727633	0.727633	1	1	
0.0113763	-nan	0.732794	0.620503	1	1	1	1	1	1	6.6127	0.732794	0.732794	1	1	
0.0118032	-nan	0.738012	0.623046	1	1	1	1	1	1	6.62075	0.738012	0.738012	1	1	
0.0122462	-nan	0.743286	0.62568	1	1	1	1	1	1	6.62894	0.743286	0.743286	1	1	
0.0127057	-nan	0.748617	0.628408	1	1	1	1	1	1	6.6373	0.748617	0.748617	1	1	
0.0131826	-nan	0.754003	0.631233	1	1	1	1	1	1	6.64582	0.754003	0.754003	1	1	
0.0136773	-nan	0.759447	0.634161	1	1	1	1	1	1	6.65451	0.759447	0.759447	1	1	
0.0141906	-nan	0.764945	0.637193	1	1	1	1	1	1	6.66338	0.764945	0.764945	1	1	
0.0147231	-nan	0.7705	0.640336	1	1	1	1	1	1	6.67243	0.7705	0.7705	1	1	
0.0152757	-nan	0.77611	0.643594	1	1	1	1	1	1	6.68166	0.77611	0.77611	1	1	
0.0158489	-nan	0.781775	0.64697	1	1	1	1	1	1	6.69109	0.781775	0.781775	1	1	
0.0164437	-nan	0.787495	0.650471	1	1	1	1	1	1	6.70071	0.787495	0.787495	1	1	
0.0170608	-nan	0.793269	0.654101	1	1	1	1	1	1	6.71053	0.793269	0.793269	1	1	
0.0177011	-nan	0.799097	0.657866	1	1	1	1	1	1	6.72057	0.799097	0.799097	1	1	
0.0183654	-nan	0.804979	0.66177	1	1	1	1	1	1	6.73083	0.804979	0.804979	1	1	
0.0190546	-nan	0.810913	0.66582	1	1	1	1	1	1	6.74131	0.810913	0.810913	1	1	
0.0197697	-nan	0.816901	0.670023	1	1	1	1	1	1	6.75203	0.816901	0.816901	1	1	
0.0205116	-nan	0.82294	0.674383	1	1	1	1	1	1	6.76299	0.82294	0.82294	1	1	
0.0212814	-nan	0.829031	0.678908	1	1	1	1	1	1	6.7742	0.829031	0.829031	1	1	
0.02208	-nan	0.835173	0.683604	1	1	1	1	1	1	6.78568	0.835173	0.835173	1	1	
0.0229087	-nan	0.841364	0.688479	1	1	1	1	1	1	6.79743	0.841364	0.841364	1	1	
0.0237684	-nan	0.847606	0.693539	1	1	1	1	1	1	6.80947	0.847606	0.847606	1	1	
0.0246604	-nan	0.853896	0.698793	1	1	1	1	1	1	6.82181	0.853896	0.853896	1	1	
0.0255859	-nan	0.860234	0.704249	1	1	1	1	1	1	6.83446	0.860234	0.860234	1	1	
0.0265461	-nan	0.866619	0.709914	1	1	1	1	1	1	6.84744	0.866619	0.866619	1	1	
0.0275423	-nan	0.87305	0.715797	1	1	1	1	1	1	6.86076	0.87305	0.87305	1	1	
0.0285759	-nan	0.879527	0.721908	1	1	1	1	1	1	6.87443	0.879527	0.879527	1	1	
0.0296483	-nan	0.886047	0.728255	1	1	1	1	1	1	6.88848	0.886047	0.886047	1	1	
0.030761	-nan	0.892612	0.734849	1	1	1	1	1	1	6.90293	0.892612	0.892612	1	1	
0.0319154	-nan	0.899218	0.741698	1	1	1	1	1	1	6.91778	0.899218	0.899218	1	1	
0.0331131	-nan	0.905866	0.748814	1	1	1	1	1	1	6.93307	0.905866	0.905866	1	1	
0.0343558	-nan	0.912553	0.756207	1	1	1	1	1	1	6.94882	0.912553	0.912553	1	1	
0.0356451	-nan	0.91928	0.763888	1	1	1	1	1	1	6.96504	0.91928	0.91928	1	1	
0.0369828	-nan	0.926043	0.771868	1	1	1	1	1	1	6.98177	0.926043	0.926043	1	1	
0.0383707	-nan	0.932843	0.78016	1	1	1	1	1	1	6.99902	0.932843	0.932843	1	1	
0.0398107	-nan	0.939677	0.788775	1	1	1	1	1	1	7.01683	0.939677	0.939677	1	1	
0.0413048	-nan	0.946545	0.797726	1	1	1	1	1	1	7.03523	0.946545	0.946545	1	1	
0.0428549	-nan	0.953444	0.807025	1	1	1	1	1	1	7.05423	0.953444	0.953444	1	1	
0.0444631	-nan	0.960373	0.816687	1	1	1	1	1	1	7.07388	0.960373	0.960373	1	1	
0.0461318	-nan	0.967331	0.826723	1	1	1	1	1	1	7.0942	0.967331	0.967331	1	1	
0.047863	-nan	0.974315	0.837148	1	1	1	1	1	1	7.11523	0.974315	0.974315	1	1	
0.0496592	-nan	0.981324	0.847975	1	1	1	1	1	1	7.13698	0.981324	0.981324	1	1	
0.0515229	-nan	0.988355	0.85922	1	1	1	1	1	1	7.1595	0.988355	0.988355	1	1	
0.0534564	-nan	0.995408	0.870895	1	1	1	1	1	1	7.18281	0.995408	0.995408	1	1	
0.0554626	-nan	1.00248	0.883016	1	1	1	1	1	1	7.20693	1.00248	1.00248	1	1	
0.057544	-nan	1.00957	0.895597	1	1	1	1	1	1	7.23188	1.00957	1.00957	1	1	
0.0597035	-nan	1.01667	0.908653	1	1	1	1	1	1	7.25769	1.01667	1.01667	1	1	
0.0619441	-nan	1.02378	0.922197	1	1	1	1	1	1	7.28435	1.02378	1.02378	1	1	
0.0642688	-nan	1.03091	0.936244	1	1	1	1	1	1	7.31187	1.03091	1.03091	1	1	
0.0666807	-nan	1.03803	0.950808	1	1	1	1	1	1	7.34023	1.03803	1.03803	1	1	
0.0691831	-nan	1.04517	0.965902	1	1	1	1	1	1	7.3694	1.04517	1.04517	1	1	
0.0717794	-nan	1.0523	0.981539	1	1	1	1	1	1	7.39935	1.0523	1.0523	1	1	
0.0744732	-nan	1.05944	0.997731	1	1	1	1	1	1	7.43	1.05944	1.05944	1	1	
0.0772681	-nan	1.06656	1.01449	1	1	1	1	1	1	7.46125	1.06656	1.06656	1	1	
0.0801678	-nan	1.07368	1.03182	1	1	1	1	1	1	7.49299	1.07368	1.07368	1	1	
0.0831764	-nan	1.08079	1.04974	1	1	1	1	1	1	7.52504	1.08079	1.08079	1	1	
0.0862979	-nan	1.08788	1.06825	1	1	1	1	1	1	7.55721	1.08788	1.08788	1	1	
0.0895365	-nan	1.09495	1.08736	1	1	1	1	1	1	7.58924	1.09495	1.09495	1	1	
0.0928966	-nan	1.102	1.10706	1	1	1	1	1	1	7.62085	1.102	1.102	1	1	
0.0963829	-nan	1.10903	1.12736	1	1	1	1	1	1	7.65167	1.10903	1.10903	1	1	
0.1	-nan	1.11602	1.14826	1	1	1	1	1	1	7.68131	1.11602	1.11602	1	1	
0.103614	-nan	1.12272	1.16895	1	1	1	1	1	1	7.70833	1.12272	1.12272	1	1	
0.107229	-nan	1.12915	1.18945	1	1	1	1	1	1	7.73256	1.12915	1.12915	1	1	
0.110843	-nan	1.13534	1.20972	1	1	1	1	1	1	7.75383	1.13534	1.13534	1	1	
0.114458	-nan	1.14129	1.22977	1	1	1	1	1	1	7.77201	1.14129	1.14129	1	1	
0.118072	-nan	1.14701	1.24957	1	1	1	1	1	1	7.78702	1.14701	1.14701	1	1	
0.121687	-nan	1.15252	1.2691	1	1	1	1	1	1	7.79879	1.15252	1.15252	1	1	
0.125301	-nan	1.15782	1.28837	1	1	1	1	1	1	7.80731	1.15782	1.15782	1	1	
0.128916	-nan	1.16294	1.30734	1	1	1	1	1	1	7.81262	1.16294	1.16294	1	1	
0.13253	-nan	1.16786	1.32601	1	1	1	1	1	1	7.81479	1.16786	1.16786	1	1	
0.136145	-nan	1.17262	1.34436	1	1	1	1	1	1	7.8139	1.17262	1.17262	1	1	
0.139759	-nan	1.1772	1.36239	1	1	1	1	1	1	7.81009	1.1772	1.1772	1	1	
0.143373	-nan	1.18162	1.38007	1	1	1	1	1	1	7.80353	1.18162	1.18162	1	1	
0.146988	-nan	1.18589	1.3974	1	1	1	1	1	1	7.79438	1.18589	1.18589	1	1	
0.150602	-nan	1.19001	1.41437	1	1	1	1	1	1	7.78284	1.19001	1.19001	1	1	
0.154217	-nan	1.19398	1.43096	1	1	1	1	1	1	7.76911	1.19398	1.19398	1	1	
0.157831	-nan	1.19782	1.44716	1	1	1	1	1	1	7.75339	1.19782	1.19782	1	1	
0.161446	-nan	1.20153	1.46296	1	1	1	1	1	1	7.7359	1.20153	1.20153	1	1	
0.16506	-nan	1.20511	1.47836	1	1	1	1	1	1	7.71684	1.20511	1.20511	1	1	
0.168675	-nan	1.20857	1.49334	1	1	1	1	1	1	7.6964	1.20857	1.20857	1	1	
0.172289	-nan	1.21191	1.50789	1	1	1	1	1	1	7.67477	1.21191	1.21191	1	1	
0.175904	-nan	1.21513	1.52201	1	1	1	1	1	1	7.65213	1.21513	1.21513	1	1	
0.179518	-nan	1.21825	1.53568	1	1	1	1	1	1	7.62863	1.21825	1.21825	1	1	
0.183133	-nan	1.22125	1.5489	1	1	1	1	1	1	7.60443	1.22125	1.22125	1	1	
0.186747	-nan	1.22416	1.56167	1	1	1	1	1	1	7.57966	1.22416	1.22416	1	1	
0.190361	-nan	1.22696	1.57397	1	1	1	1	1	1	7.55444	1.22696	1.22696	1	1	
0.193976	-nan	1.22967	1.58579	1	1	1	1	1	1	7.52887	1.22967	1.22967	1	1	
0.19759	-nan	1.23228	1.59714	1	1	1	1	1	1	7.50306	1.23228	1.23228	1	1	
0.201205	-nan	1.2348	1.608	1	1	1	1	1	1	7.47708	1.2348	1.2348	1	1	
0.204819	-nan	1.23723	1.61838	1	1	1	1	1	1	7.45101	1.23723	1.23723	1	1	
0.208434	-nan	1.23958	1.62826	1	1	1	1	1	1	7.42489	1.23958	1.23958	1	1	
0.212048	-nan	1.24184	1.63765	1	1	1	1	1	1	7.39879	1.24184	1.24184	1	1	
0.215663	-nan	1.24402	1.64654	1	1	1	1	1	1	7.37274	1.24402	1.24402	1	1	
0.219277	-nan	1.24612	1.65492	1	1	1	1	1	1	7.34678	1.24612	1.24612	1	1	
0.222892	-nan	1.24814	1.6628	1	1	1	1	1	1	7.32094	1.24814	1.24814	1	1	
0.226506	-nan	1.25009	1.67017	1	1	1	1	1	1	7.29523	1.25009	1.25009	1	1	
0.23012	-nan	1.25196	1.67703	1	1	1	1	1	1	7.26967	1.25196	1.25196	1	1	
0.233735	-nan	1.25376	1.68339	1	1	1	1	1	1	7.24427	1.25376	1.25376	1	1	
0.237349	-nan	1.25549	1.68923	1	1	1	1	1	1	7.21904	1.25549	1.25549	1	1	
0.240964	-nan	1.25715	1.69456	1	1	1	1	1	1	7.19399	1.25715	1.25715	1	1	
0.244578	-nan	1.25875	1.69938	1	1	1	1	1	1	7.16911	1.25875	1.25875	1	1	
0.248193	-nan	1.26028	1.7037	1	1	1	1	1	1	7.14441	1.26028	1.26028	1	1	
0.251807	-nan	1.26174	1.7075	1	1	1	1	1	1	7.11988	1.26174	1.26174	1	1	
0.255422	-nan	1.26315	1.71081	1	1	1	1	1	1	7.09553	1.26315	1.26315	1	1	
0.259036	-nan	1.26449	1.71361	1	1	1	1	1	1	7.07133	1.26449	1.26449	1	1	
0.262651	-nan	1.26578	1.71591	1	1	1	1	1	1	7.0473	1.26578	1.26578	1	1	
0.266265	-nan	1.267	1.71771	1	1	1	1	1	1	7.02342	1.267	1.267	1	1	
0.26988	-nan	1.26817	1.71902	1	1	1	1	1	1	6.99968	1.26817	1.26817	1	1	
0.273494	-nan	1.26928	1.71984	1	1	1	1	1	1	6.97608	1.26928	1.26928	1	1	
0.277108	-nan	1.27034	1.72018	1	1	1	1	1	1	6.95261	1.27034	1.27034	1	1	
0.280723	-nan	1.27134	1.72004	1	1	1	1	1	1	6.92926	1.27134	1.27134	1	1	
0.284337	-nan	1.2723	1.71943	1	1	1	1	1	1	6.90602	1.2723	1.2723	1	1	
0.287952	-nan	1.2732	1.71835	1	1	1	1	1	1	6.88289	1.2732	1.2732	1	1	
0.291566	-nan	1.27404	1.71681	1	1	1	1	1	1	6.85986	1.27404	1.27404	1	1	
0.295181	-nan	1.27484	1.71482	1	1	1	1	1	1	6.83692	1.27484	1.27484	1	1	
0.298795	-nan	1.27559	1.71238	1	1	1	1	1	1	6.81406	1.27559	1.27559	1	1	
0.30241	-nan	1.2763	1.7095	1	1	1	1	1	1	6.79128	1.2763	1.2763	1	1	
0.306024	-nan	1.27695	1.70618	1	1	1	1	1	1	6.76857	1.27695	1.27695	1	1	
0.309639	-nan	1.27756	1.70245	1	1	1	1	1	1	6.74592	1.27756	1.27756	1	1	
0.313253	-nan	1.27813	1.6983	1	1	1	1	1	1	6.72333	1.27813	1.27813	1	1	
0.316867	-nan	1.27865	1.69374	1	1	1	1	1	1	6.7008	1.27865	1.27865	1	1	
0.320482	-nan	1.27913	1.68878	1	1	1	1	1	1	6.67831	1.27913	1.27913	1	1	
0.324096	-nan	1.27956	1.68344	1	1	1	1	1	1	6.65586	1.27956	1.27956	1	1	
0.327711	-nan	1.27995	1.67771	1	1	1	1	1	1	6.63344	1.27995	1.27995	1	1	
0.331325	-nan	1.2803	1.67162	1	1	1	1	1	1	6.61106	1.2803	1.2803	1	1	
0.33494	-nan	1.28061	1.66516	1	1	1	1	1	1	6.58871	1.28061	1.28061	1	1	
0.338554	-nan	1.28088	1.65836	1	1	1	1	1	1	6.56638	1.28088	1.28088	1	1	
0.342169	-nan	1.28112	1.65122	1	1	1	1	1	1	6.54407	1.28112	1.28112	1	1	
0.345783	-nan	1.28131	1.64375	1	1	1	1	1	1	6.52178	1.28131	1.28131	1	1	
0.349398	-nan	1.28146	1.63596	1	1	1	1	1	1	6.4995	1.28146	1.28146	1	1	
0.353012	-nan	1.28158	1.62786	1	1	1	1	1	1	6.47723	1.28158	1.28158	1	1	
0.356627	-nan	1.28166	1.61947	1	1	1	1	1	1	6.45497	1.28166	1.28166	1	1	
0.360241	-nan	1.2817	1.61079	1	1	1	1	1	1	6.43272	1.2817	1.2817	1	1	
0.363855	-nan	1.28171	1.60184	1	1	1	1	1	1	6.41047	1.28171	1.28171	1	1	
0.36747	-nan	1.28168	1.59262	1	1	1	1	1	1	6.38823	1.28168	1.28168	1	1	
0.371084	-nan	1.28161	1.58315	1	1	1	1	1	1	6.36598	1.28161	1.28161	1	1	
0.374699	-nan	1.28152	1.57344	1	1	1	1	1	1	6.34374	1.28152	1.28152	1	1	
0.378313	-nan	1.28139	1.5635	1	1	1	1	1	1	6.32149	1.28139	1.28139	1	1	
0.381928	-nan	1.28122	1.55334	1	1	1	1	1	1	6.29924	1.28122	1.28122	1	1	
0.385542	-nan	1.28102	1.54298	1	1	1	1	1	1	6.27699	1.28102	1.28102	1	1	
0.389157	-nan	1.28079	1.53242	1	1	1	1	1	1	6.25473	1.28079	1.28079	1	1	
0.392771	-nan	1.28053	1.52167	1	1	1	1	1	1	6.23247	1.28053	1.28053	1	1	
0.396386	-nan	1.28024	1.51075	1	1	1	1	1	1	6.2102	1.28024	1.28024	1	1	
0.4	-nan	1.27992	1.49967	1	1	1	1	1	1	6.18792	1.27992	1.27992	1	1	
0.403614	-nan	1.27956	1.48844	1	1	1	1	1	1	6.16564	1.27956	1.27956	1	1	
0.407229	-nan	1.27918	1.47706	1	1	1	1	1	1	6.14335	1.27918	1.27918	1	1	
0.410843	-nan	1.27876	1.46555	1	1	1	1	1	1	6.12106	1.27876	1.27876	1	1	
0.414458	-nan	1.27832	1.45393	1	1	1	1	1	1	6.09875	1.27832	1.27832	1	1	
0.418072	-nan	1.27785	1.44219	1	1	1	1	1	1	6.07645	1.27785	1.27785	1	1	
0.421687	-nan	1.27735	1.43036	1	1	1	1	1	1	6.05413	1.27735	1.27735	1	1	
0.425301	-nan	1.27682	1.41843	1	1	1	1	1	1	6.03181	1.27682	1.27682	1	1	
0.428916	-nan	1.27626	1.40643	1	1	1	1	1	1	6.00949	1.27626	1.27626	1	1	
0.43253	-nan	1.27568	1.39436	1	1	1	1	1	1	5.98716	1.27568	1.27568	1	1	
0.436145	-nan	1.27507	1.38223	1	1	1	1	1	1	5.96482	1.27507	1.27507	1	1	
0.439759	-nan	1.27443	1.37005	1	1	1	1	1	1	5.94248	1.27443	1.27443	1	1	
0.443373	-nan	1.27376	1.35782	1	1	1	1	1	1	5.92014	1.27376	1.27376	1	1	
0.446988	-nan	1.27307	1.34557	1	1	1	1	1	1	5.8978	1.27307	1.27307	1	1	
0.450602	-nan	1.27236	1.33329	1	1	1	1	1	1	5.87546	1.27236	1.27236	1	1	
0.454217	-nan	1.27162	1.32099	1	1	1	1	1	1	5.85311	1.27162	1.27162	1	1	
0.457831	-nan	1.27085	1.30869	1	1	1	1	1	1	5.83077	1.27085	1.27085	1	1	
0.461446	-nan	1.27006	1.29639	1	1	1	1	1	1	5.80842	1.27006	1.27006	1	1	
0.46506	-nan	1.26924	1.28409	1	1	1	1	1	1	5.78608	1.26924	1.26924	1	1	
0.468675	-nan	1.2684	1.27182	1	1	1	1	1	1	5.76374	1.2684	1.2684	1	1	
0.472289	-nan	1.26753	1.25956	1	1	1	1	1	1	5.74141	1.26753	1.26753	1	1	
0.475904	-nan	1.26665	1.24734	1	1	1	1	1	1	5.71908	1.26665	1.26665	1	1	
0.479518	-nan	1.26573	1.23515	1	1	1	1	1	1	5.69676	1.26573	1.26573	1	1	
0.483133	-nan	1.2648	1.22301	1	1	1	1	1	1	5.67445	1.2648	1.2648	1	1	
0.486747	-nan	1.26384	1.21092	1	1	1	1	1	1	5.65214	1.26384	1.26384	1	1	
0.490361	-nan	1.26286	1.19888	1	1	1	1	1	1	5.62984	1.26286	1.26286	1	1	
0.493976	-nan	1.26186	1.1869	1	1	1	1	1	1	5.60756	1.26186	1.26186	1	1	
0.49759	-nan	1.26083	1.175	1	1	1	1	1	1	5.58528	1.26083	1.26083	1	1	
0.501205	-nan	1.25979	1.16316	1	1	1	1	1	1	5.56302	1.25979	1.25979	1	1	
0.504819	-nan	1.25872	1.1514	1	1	1	1	1	1	5.54078	1.25872	1.25872	1	1	
0.508434	-nan	1.25763	1.13972	1	1	1	1	1	1	5.51855	1.25763	1.25763	1	1	
0.512048	-nan	1.25652	1.12813	1	1	1	1	1	1	5.49633	1.25652	1.25652	1	1	
0.515663	-nan	1.25539	1.11663	1	1	1	1	1	1	5.47413	1.25539	1.25539	1	1	
0.519277	-nan	1.25424	1.10522	1	1	1	1	1	1	5.45196	1.25424	1.25424	1	1	
0.522892	-nan	1.25306	1.09391	1	1	1	1	1	1	5.4298	1.25306	1.25306	1	1	
0.526506	-nan	1.25187	1.0827	1	1	1	1	1	1	5.40766	1.25187	1.25187	1	1	
0.53012	-nan	1.25066	1.07159	1	1	1	1	1	1	5.38555	1.25066	1.25066	1	1	
0.533735	-nan	1.24942	1.0606	1	1	1	1	1	1	5.36346	1.24942	1.24942	1	1	
0.537349	-nan	1.24817	1.04971	1	1	1	1	1	1	5.34139	1.24817	1.24817	1	1	
0.540964	-nan	1.2469	1.03894	1	1	1	1	1	1	5.31935	1.2469	1.2469	1	1	
0.544578	-nan	1.24561	1.02828	1	1	1	1	1	1	5.29734	1.24561	1.24561	1	1	
0.548193	-nan	1.2443	1.01774	1	1	1	1	1	1	5.27535	1.2443	1.2443	1	1	
0.551807	-nan	1.24297	1.00732	1	1	1	1	1	1	5.2534	1.24297	1.24297	1	1	
0.555422	-nan	1.24162	0.997024	1	1	1	1	1	1	5.23147	1.24162	1.24162	1	1	
0.559036	-nan	1.24026	0.986849	1	1	1	1	1	1	5.20958	1.24026	1.24026	1	1	
0.562651	-nan	1.23888	0.976798	1	1	1	1	1	1	5.18772	1.23888	1.23888	1	1	
0.566265	-nan	1.23747	0.966874	1	1	1	1	1	1	5.16589	1.23747	1.23747	1	1	
0.56988	-nan	1.23605	0.957076	1	1	1	1	1	1	5.1441	1.23605	1.23605	1	1	
0.573494	-nan	1.23462	0.947406	1	1	1	1	1	1	5.12235	1.23462	1.23462	1	1	
0.577108	-nan	1.23316	0.937865	1	1	1	1	1	1	5.10063	1.23316	1.23316	1	1	
0.580723	-nan	1.23169	0.928453	1	1	1	1	1	1	5.07895	1.23169	1.23169	1	1	
0.584337	-nan	1.2302	0.919171	1	1	1	1	1	1	5.05731	1.2302	1.2302	1	1	
0.587952	-nan	1.2287	0.91002	1	1	1	1	1	1	5.03571	1.2287	1.2287	1	1	
0.591566	-nan	1.22718	0.900999	1	1	1	1	1	1	5.01415	1.22718	1.22718	1	1	
0.595181	-nan	1.22564	0.892109	1	1	1	1	1	1	4.99263	1.22564	1.22564	1	1	
0.598795	-nan	1.22408	0.88335	1	1	1	1	1	1	4.97116	1.22408	1.22408	1	1	
0.60241	-nan	1.22251	0.874721	1	1	1	1	1	1	4.94973	1.22251	1.22251	1	1	
0.606024	-nan	1.22092	0.866223	1	1	1	1	1	1	4.92835	1.22092	1.22092	1	1	
0.609639	-nan	1.21932	0.857854	1	1	1	1	1	1	4.90701	1.21932	1.21932	1	1	
0.613253	-nan	1.2177	0.849616	1	1	1	1	1	1	4.88572	1.2177	1.2177	1	1	
0.616867	-nan	1.21607	0.841507	1	1	1	1	1	1	4.86448	1.21607	1.21607	1	1	
0.620482	-nan	1.21441	0.833526	1	1	1	1	1	1	4.84329	1.21441	1.21441	1	1	
0.624096	-nan	1.21275	0.825674	1	1	1	1	1	1	4.82215	1.21275	1.21275	1	1	
0.627711	-nan	1.21107	0.817948	1	1	1	1	1	1	4.80105	1.21107	1.21107	1	1	
0.631325	-nan	1.20937	0.81035	1	1	1	1	1	1	4.78001	1.20937	1.20937	1	1	
0.63494	-nan	1.20766	0.802877	1	1	1	1	1	1	4.75903	1.20766	1.20766	1	1	
0.638554	-nan	1.20594	0.795528	1	1	1	1	1	1	4.73809	1.20594	1.20594	1	1	
0.642169	-nan	1.2042	0.788304	1	1	1	1	1	1	4.71721	1.2042	1.2042	1	1	
0.645783	-nan	1.20245	0.781202	1	1	1	1	1	1	4.69639	1.20245	1.20245	1	1	
0.649398	-nan	1.20068	0.774222	1	1	1	1	1	1	4.67562	1.20068	1.20068	1	1	
0.653012	-nan	1.1989	0.767362	1	1	1	1	1	1	4.65491	1.1989	1.1989	1	1	
0.656627	-nan	1.1971	0.760622	1	1	1	1	1	1	4.63425	1.1971	1.1971	1	1	
0.660241	-nan	1.19529	0.754	1	1	1	1	1	1	4.61366	1.19529	1.19529	1	1	
0.663855	-nan	1.19347	0.747495	1	1	1	1	1	1	4.59312	1.19347	1.19347	1	1	
0.66747	-nan	1.19163	0.741106	1	1	1	1	1	1	4.57264	1.19163	1.19163	1	1	
0.671084	-nan	1.18978	0.734831	1	1	1	1	1	1	4.55222	1.18978	1.18978	1	1	
0.674699	-nan	1.18792	0.728669	1	1	1	1	1	1	4.53186	1.18792	1.18792	1	1	
0.678313	-nan	1.18604	0.722619	1	1	1	1	1	1	4.51157	1.18604	1.18604	1	1	
0.681928	-nan	1.18415	0.71668	1	1	1	1	1	1	4.49133	1.18415	1.18415	1	1	
0.685542	-nan	1.18225	0.710849	1	1	1	1	1	1	4.47116	1.18225	1.18225	1	1	
0.689157	-nan	1.18034	0.705126	1	1	1	1	1	1	4.45105	1.18034	1.18034	1	1	
0.692771	-nan	1.17841	0.69951	1	1	1	1	1	1	4.43101	1.17841	1.17841	1	1	
0.696386	-nan	1.17647	0.693998	1	1	1	1	1	1	4.41103	1.17647	1.17647	1	1	
0.7	-nan	1.17452	0.688589	1	1	1	1	1	1	4.39112	1.17452	1.17452	1	1	
0.703614	-nan	1.17255	0.683283	1	1	1	1	1	1	4.37127	1.17255	1.17255	1	1	
0.707229	-nan	1.17058	0.678077	1	1	1	1	1	1	4.35149	1.17058	1.17058	1	1	
0.710843	-nan	1.16859	0.67297	1	1	1	1	1	1	4.33177	1.16859	1.16859	1	1	
0.714458	-nan	1.16659	0.667961	1	1	1	1	1	1	4.31212	1.16659	1.16659	1	1	
0.718072	-nan	1.16458	0.663048	1	1	1	1	1	1	4.29254	1.16458	1.16458	1	1	
0.721687	-nan	1.16255	0.658231	1	1	1	1	1	1	4.27303	1.16255	1.16255	1	1	
0.725301	-nan	1.16052	0.653506	1	1	1	1	1	1	4.25359	1.16052	1.16052	1	1	
0.728916	-nan	1.15847	0.648874	1	1	1	1	1	1	4.23421	1.15847	1.15847	1	1	
0.73253	-nan	1.15642	0.644332	1	1	1	1	1	1	4.21491	1.15642	1.15642	1	1	
0.736145	-nan	1.15435	0.639879	1	1	1	1	1	1	4.19567	1.15435	1.15435	1	1	
0.739759	-nan	1.15227	0.635514	1	1	1	1	1	1	4.17651	1.15227	1.15227	1	1	
0.743373	-nan	1.15018	0.631235	1	1	1	1	1	1	4.15741	1.15018	1.15018	1	1	
0.746988	-nan	1.14808	0.627042	1	1	1	1	1	1	4.13839	1.14808	1.14808	1	1	
0.750602	-nan	1.14597	0.622932	1	1	1	1	1	1	4.11944	1.14597	1.14597	1	1	
0.754217	-nan	1.14385	0.618904	1	1	1	1	1	1	4.10056	1.14385	1.14385	1	1	
0.757831	-nan	1.14172	0.614957	1	1	1	1	1	1	4.08175	1.14172	1.14172	1	1	
0.761446	-nan	1.13958	0.61109	1	1	1	1	1	1	4.06302	1.13958	1.13958	1	1	
0.76506	-nan	1.13743	0.607301	1	1	1	1	1	1	4.04435	1.13743	1.13743	1	1	
0.768675	-nan	1.13526	0.603589	1	1	1	1	1	1	4.02576	1.13526	1.13526	1	1	
0.772289	-nan	1.13309	0.599953	1	1	1	1	1	1	4.00725	1.13309	1.13309	1	1	
0.775904	-nan	1.13091	0.596391	1	1	1	1	1	1	3.98881	1.13091	1.13091	1	1	
0.779518	-nan	1.12872	0.592902	1	1	1	1	1	1	3.97044	1.12872	1.12872	1	1	
0.783133	-nan	1.12652	0.589485	1	1	1	1	1	1	3.95215	1.12652	1.12652	1	1	
0.786747	-nan	1.12431	0.586138	1	1	1	1	1	1	3.93393	1.12431	1.12431	1	1	
0.790361	-nan	1.12209	0.582861	1	1	1	1	1	1	3.91578	1.12209	1.12209	1	1	
0.793976	-nan	1.11986	0.579652	1	1	1	1	1	1	3.89771	1.11986	1.11986	1	1	
0.79759	-nan	1.11763	0.57651	1	1	1	1	1	1	3.87972	1.11763	1.11763	1	1	
0.801205	-nan	1.11538	0.573434	1	1	1	1	1	1	3.8618	1.11538	1.11538	1	1	
0.804819	-nan	1.11313	0.570423	1	1	1	1	1	1	3.84395	1.11313	1.11313	1	1	
0.808434	-nan	1.11086	0.567475	1	1	1	1	1	1	3.82618	1.11086	1.11086	1	1	
0.812048	-nan	1.10859	0.56459	1	1	1	1	1	1	3.80849	1.10859	1.10859	1	1	
0.815663	-nan	1.10631	0.561765	1	1	1	1	1	1	3.79087	1.10631	1.10631	1	1	
0.819277	-nan	1.10402	0.559001	1	1	1	1	1	1	3.77333	1.10402	1.10402	1	1	
0.822892	-nan	1.10172	0.556296	1	1	1	1	1	1	3.75587	1.10172	1.10172	1	1	
0.826506	-nan	1.09942	0.55365	1	1	1	1	1	1	3.73848	1.09942	1.09942	1	1	
0.83012	-nan	1.09711	0.55106	1	1	1	1	1	1	3.72116	1.09711	1.09711	1	1	
0.833735	-nan	1.09478	0.548526	1	1	1	1	1	1	3.70393	1.09478	1.09478	1	1	
0.837349	-nan	1.09245	0.546047	1	1	1	1	1	1	3.68677	1.09245	1.09245	1	1	
0.840964	-nan	1.09012	0.543622	1	1	1	1	1	1	3.66969	1.09012	1.09012	1	1	
0.844578	-nan	1.08777	0.54125	1	1	1	1	1	1	3.65268	1.08777	1.08777	1	1	
0.848193	-nan	1.08542	0.53893	1	1	1	1	1	1	3.63575	1.08542	1.08542	1	1	
0.851807	-nan	1.08306	0.536661	1	1	1	1	1	1	3.6189	1.08306	1.08306	1	1	
0.855422	-nan	1.08069	0.534442	1	1	1	1	1	1	3.60212	1.08069	1.08069	1	1	
0.859036	-nan	1.07832	0.532273	1	1	1	1	1	1	3.58542	1.07832	1.07832	1	1	
0.862651	-nan	1.07594	0.530151	1	1	1	1	1	1	3.5688	1.07594	1.07594	1	1	
0.866265	-nan	1.07355	0.528078	1	1	1	1	1	1	3.55225	1.07355	1.07355	1	1	
0.86988	-nan	1.07116	0.52605	1	1	1	1	1	1	3.53579	1.07116	1.07116	1	1	
0.873494	-nan	1.06875	0.524069	1	1	1	1	1	1	3.51939	1.06875	1.06875	1	1	
0.877108	-nan	1.06635	0.522132	1	1	1	1	1	1	3.50308	1.06635	1.06635	1	1	
0.880723	-nan	1.06393	0.520239	1	1	1	1	1	1	3.48684	1.06393	1.06393	1	1	
0.884337	-nan	1.06151	0.51839	1	1	1	1	1	1	3.47068	1.06151	1.06151	1	1	
0.887952	-nan	1.05908	0.516583	1	1	1	1	1	1	3.4546	1.05908	1.05908	1	1	
0.891566	-nan	1.05665	0.514818	1	1	1	1	1	1	3.43859	1.05665	1.05665	1	1	
0.895181	-nan	1.05421	0.513093	1	1	1	1	1	1	3.42266	1.05421	1.05421	1	1	
0.898795	-nan	1.05176	0.511409	1	1	1	1	1	1	3.40681	1.05176	1.05176	1	1	
0.90241	-nan	1.04931	0.509763	1	1	1	1	1	1	3.39103	1.04931	1.04931	1	1	
0.906024	-nan	1.04685	0.508157	1	1	1	1	1	1	3.37533	1.04685	1.04685	1	1	
0.909639	-nan	1.04438	0.506588	1	1	1	1	1	1	3.3597	1.04438	1.04438	1	1	
0.913253	-nan	1.04191	0.505057	1	1	1	1	1	1	3.34415	1.04191	1.04191	1	1	
0.916867	-nan	1.03944	0.503562	1	1	1	1	1	1	3.32868	1.03944	1.03944	1	1	
0.920482	-nan	1.03696	0.502103	1	1	1	1	1	1	3.31329	1.03696	1.03696	1	1	
0.924096	-nan	1.03447	0.500679	1	1	1	1	1	1	3.29797	1.03447	1.03447	1	1	
0.927711	-nan	1.03198	0.49929	1	1	1	1	1	1	3.28272	1.03198	1.03198	1	1	
0.931325	-nan	1.02948	0.497934	1	1	1	1	1	1	3.26756	1.02948	1.02948	1	1	
0.93494	-nan	1.02698	0.496612	1	1	1	1	1	1	3.25246	1.02698	1.02698	1	1	
0.938554	-nan	1.02447	0.495322	1	1	1	1	1	1	3.23745	1.02447	1.02447	1	1	
0.942169	-nan	1.02196	0.494065	1	1	1	1	1	1	3.22251	1.02196	1.02196	1	1	
0.945783	-nan	1.01944	0.492838	1	1	1	1	1	1	3.20764	1.01944	1.01944	1	1	
0.949398	-nan	1.01692	0.491643	1	1	1	1	1	1	3.19285	1.01692	1.01692	1	1	
0.953012	-nan	1.01439	0.490477	1	1	1	1	1	1	3.17814	1.01439	1.01439	1	1	
0.956627	-nan	1.01186	0.489342	1	1	1	1	1	1	3.1635	1.01186	1.01186	1	1	
0.960241	-nan	1.00933	0.488235	1	1	1	1	1	1	3.14893	1.00933	1.00933	1	1	
0.963855	-nan	1.00679	0.487157	1	1	1	1	1	1	3.13444	1.00679	1.00679	1	1	
0.96747	-nan	1.00424	0.486107	1	1	1	1	1	1	3.12002	1.00424	1.00424	1	1	
0.971084	-nan	1.0017	0.485085	1	1	1	1	1	1	3.10568	1.0017	1.0017	1	1	
0.974699	-nan	0.999145	0.484089	1	1	1	1	1	1	3.09141	0.999145	0.999145	1	1	
0.978313	-nan	0.996589	0.48312	1	1	1	1	1	1	3.07722	0.996589	0.996589	1	1	
0.981928	-nan	0.994029	0.482177	1	1	1	1	1	1	3.0631	0.994029	0.994029	1	1	
0.985542	-nan	0.991465	0.481259	1	1	1	1	1	1	3.04905	0.991465	0.991465	1	1	
0.989157	-nan	0.988898	0.480367	1	1	1	1	1	1	3.03508	0.988898	0.988898	1	1	
0.992771	-nan	0.986327	0.479499	1	1	1	1	1	1	3.02118	0.986327	0.986327	1	1	
0.996386	-nan	0.983752	0.478655	1	1	1	1	1	1	3.00735	0.983752	0.983752	1	1	
1	-nan	-nan	-nan	-nan	-nan	-nan	-nan	-nan	-nan	-nan	-nan	-nan	-nan	-nan	
