1e-05	-nan	0.497818	0.872898	1	1	1	1	1	1	7.29579	0.497818	0.497818	1	1	
1.03753e-05	-nan	0.497909	0.874639	1	1	1	1	1	1	7.29577	0.497909	0.497909	1	1	
1.07647e-05	-nan	0.498002	0.876379	1	1	1	1	1	1	7.29574	0.498002	0.498002	1	1	
1.11686e-05	-nan	0.498097	0.878119	1	1	1	1	1	1	7.29572	0.498097	0.498097	1	1	
1.15878e-05	-nan	0.498194	0.879859	1	1	1	1	1	1	7.29569	0.498194	0.498194	1	1	
1.20226e-05	-nan	0.498294	0.881598	1	1	1	1	1	1	7.29567	0.498294	0.498294	1	1	
1.24738e-05	-nan	0.498396	0.883336	1	1	1	1	1	1	7.29564	0.498396	0.498396	1	1	
1.2942e-05	-nan	0.4985	0.885073	1	1	1	1	1	1	7.29561	0.4985	0.4985	1	1	
1.34276e-05	-nan	0.498607	0.886809	1	1	1	1	1	1	7.29559	0.498607	0.498607	1	1	
1.39316e-05	-nan	0.498716	0.888544	1	1	1	1	1	1	7.29556	0.498716	0.498716	1	1	
1.44544e-05	-nan	0.498828	0.890279	1	1	1	1	1	1	7.29553	0.498828	0.498828	1	1	
1.49968e-05	-nan	0.498942	0.892011	1	1	1	1	1	1	7.2955	0.498942	0.498942	1	1	
1.55597e-05	-nan	0.499059	0.893743	1	1	1	1	1	1	7.29548	0.499059	0.499059	1	1	
1.61436e-05	-nan	0.499179	0.895473	1	1	1	1	1	1	7.29545	0.499179	0.499179	1	1	
1.67494e-05	-nan	0.499302	0.897202	1	1	1	1	1	1	7.29542	0.499302	0.499302	1	1	
1.7378e-05	-nan	0.499427	0.898929	1	1	1	1	1	1	7.29539	0.499427	0.499427	1	1	
1.80302e-05	-nan	0.499556	0.900654	1	1	1	1	1	1	7.29536	0.499556	0.499556	1	1	
1.87068e-05	-nan	0.499687	0.902377	1	1	1	1	1	1	7.29533	0.499687	0.499687	1	1	
1.94089e-05	-nan	0.499821	0.904098	1	1	1	1	1	1	7.29531	0.499821	0.499821	1	1	
2.01372e-05	-nan	0.499959	0.905818	1	1	1	1	1	1	7.29528	0.499959	0.499959	1	1	
2.0893e-05	-nan	0.5001	0.907534	1	1	1	1	1	1	7.29525	0.5001	0.5001	1	1	
2.1677e-05	-nan	0.500244	0.909249	1	1	1	1	1	1	7.29522	0.500244	0.500244	1	1	
2.24905e-05	-nan	0.500391	0.910961	1	1	1	1	1	1	7.29518	0.500391	0.500391	1	1	
2.33346e-05	-nan	0.500542	0.912671	1	1	1	1	1	1	7.29515	0.500542	0.500542	1	1	
2.42103e-05	-nan	0.500696	0.914377	1	1	1	1	1	1	7.29512	0.500696	0.500696	1	1	
2.51189e-05	-nan	0.500854	0.916081	1	1	1	1	1	1	7.29509	0.500854	0.500854	1	1	
2.60615e-05	-nan	0.501015	0.917782	1	1	1	1	1	1	7.29506	0.501015	0.501015	1	1	
2.70396e-05	-nan	0.501181	0.91948	1	1	1	1	1	1	7.29502	0.501181	0.501181	1	1	
2.80543e-05	-nan	0.50135	0.921174	1	1	1	1	1	1	7.29499	0.50135	0.50135	1	1	
2.91072e-05	-nan	0.501523	0.922865	1	1	1	1	1	1	7.29496	0.501523	0.501523	1	1	
3.01995e-05	-nan	0.5017	0.924552	1	1	1	1	1	1	7.29492	0.5017	0.5017	1	1	
3.13329e-05	-nan	0.501881	0.926236	1	1	1	1	1	1	7.29489	0.501881	0.501881	1	1	
3.25087e-05	-nan	0.502067	0.927916	1	1	1	1	1	1	7.29485	0.502067	0.502067	1	1	
3.37287e-05	-nan	0.502256	0.929591	1	1	1	1	1	1	7.29482	0.502256	0.502256	1	1	
3.49945e-05	-nan	0.502451	0.931263	1	1	1	1	1	1	7.29478	0.502451	0.502451	1	1	
3.63078e-05	-nan	0.502649	0.93293	1	1	1	1	1	1	7.29475	0.502649	0.502649	1	1	
3.76704e-05	-nan	0.502852	0.934593	1	1	1	1	1	1	7.29471	0.502852	0.502852	1	1	
3.90841e-05	-nan	0.50306	0.936251	1	1	1	1	1	1	7.29467	0.50306	0.50306	1	1	
4.05509e-05	-nan	0.503273	0.937904	1	1	1	1	1	1	7.29463	0.503273	0.503273	1	1	
4.20727e-05	-nan	0.503491	0.939552	1	1	1	1	1	1	7.29459	0.503491	0.503491	1	1	
4.36516e-05	-nan	0.503714	0.941195	1	1	1	1	1	1	7.29455	0.503714	0.503714	1	1	
4.52898e-05	-nan	0.503942	0.942833	1	1	1	1	1	1	7.29451	0.503942	0.503942	1	1	
4.69894e-05	-nan	0.504175	0.944465	1	1	1	1	1	1	7.29447	0.504175	0.504175	1	1	
4.87528e-05	-nan	0.504413	0.946091	1	1	1	1	1	1	7.29443	0.504413	0.504413	1	1	
5.05825e-05	-nan	0.504657	0.947712	1	1	1	1	1	1	7.29439	0.504657	0.504657	1	1	
5.24807e-05	-nan	0.504907	0.949326	1	1	1	1	1	1	7.29435	0.504907	0.504907	1	1	
5.44503e-05	-nan	0.505163	0.950934	1	1	1	1	1	1	7.2943	0.505163	0.505163	1	1	
5.64937e-05	-nan	0.505424	0.952536	1	1	1	1	1	1	7.29426	0.505424	0.505424	1	1	
5.86138e-05	-nan	0.505692	0.954131	1	1	1	1	1	1	7.29421	0.505692	0.505692	1	1	
6.08135e-05	-nan	0.505965	0.955719	1	1	1	1	1	1	7.29417	0.505965	0.505965	1	1	
6.30957e-05	-nan	0.506245	0.957299	1	1	1	1	1	1	7.29412	0.506245	0.506245	1	1	
6.54636e-05	-nan	0.506532	0.958873	1	1	1	1	1	1	7.29407	0.506532	0.506532	1	1	
6.79204e-05	-nan	0.506825	0.960439	1	1	1	1	1	1	7.29402	0.506825	0.506825	1	1	
7.04693e-05	-nan	0.507125	0.961997	1	1	1	1	1	1	7.29397	0.507125	0.507125	1	1	
7.31139e-05	-nan	0.507431	0.963547	1	1	1	1	1	1	7.29392	0.507431	0.507431	1	1	
7.58578e-05	-nan	0.507745	0.965089	1	1	1	1	1	1	7.29387	0.507745	0.507745	1	1	
7.87046e-05	-nan	0.508066	0.966623	1	1	1	1	1	1	7.29382	0.508066	0.508066	1	1	
8.16582e-05	-nan	0.508395	0.968148	1	1	1	1	1	1	7.29376	0.508395	0.508395	1	1	
8.47227e-05	-nan	0.508731	0.969664	1	1	1	1	1	1	7.29371	0.508731	0.508731	1	1	
8.79023e-05	-nan	0.509075	0.971171	1	1	1	1	1	1	7.29365	0.509075	0.509075	1	1	
9.12011e-05	-nan	0.509426	0.972669	1	1	1	1	1	1	7.29359	0.509426	0.509426	1	1	
9.46237e-05	-nan	0.509786	0.974157	1	1	1	1	1	1	7.29354	0.509786	0.509786	1	1	
9.81748e-05	-nan	0.510154	0.975635	1	1	1	1	1	1	7.29348	0.510154	0.510154	1	1	
0.000101859	-nan	0.510531	0.977102	1	1	1	1	1	1	7.29341	0.510531	0.510531	1	1	
0.000105682	-nan	0.510916	0.97856	1	1	1	1	1	1	7.29335	0.510916	0.510916	1	1	
0.000109648	-nan	0.51131	0.980007	1	1	1	1	1	1	7.29329	0.51131	0.51131	1	1	
0.000113763	-nan	0.511713	0.981443	1	1	1	1	1	1	7.29322	0.511713	0.511713	1	1	
0.000118032	-nan	0.512125	0.982867	1	1	1	1	1	1	7.29316	0.512125	0.512125	1	1	
0.000122462	-nan	0.512547	0.984281	1	1	1	1	1	1	7.29309	0.512547	0.512547	1	1	
0.000127057	-nan	0.512978	0.985682	1	1	1	1	1	1	7.29302	0.512978	0.512978	1	1	
0.000131826	-nan	0.51342	0.987071	1	1	1	1	1	1	7.29294	0.51342	0.51342	1	1	
0.000136773	-nan	0.513871	0.988448	1	1	1	1	1	1	7.29287	0.513871	0.513871	1	1	
0.000141906	-nan	0.514333	0.989813	1	1	1	1	1	1	7.2928	0.514333	0.514333	1	1	
0.000147231	-nan	0.514805	0.991164	1	1	1	1	1	1	7.29272	0.514805	0.514805	1	1	
0.000152757	-nan	0.515288	0.992502	1	1	1	1	1	1	7.29264	0.515288	0.515288	1	1	
0.000158489	-nan	0.515782	0.993827	1	1	1	1	1	1	7.29256	0.515782	0.515782	1	1	
0.000164437	-nan	0.516288	0.995138	1	1	1	1	1	1	7.29247	0.516288	0.516288	1	1	
0.000170608	-nan	0.516805	0.996434	1	1	1	1	1	1	7.29239	0.516805	0.516805	1	1	
0.000177011	-nan	0.517334	0.997716	1	1	1	1	1	1	7.2923	0.517334	0.517334	1	1	
0.000183654	-nan	0.517874	0.998984	1	1	1	1	1	1	7.29221	0.517874	0.517874	1	1	
0.000190546	-nan	0.518427	1.00024	1	1	1	1	1	1	7.29212	0.518427	0.518427	1	1	
0.000197697	-nan	0.518993	1.00147	1	1	1	1	1	1	7.29202	0.518993	0.518993	1	1	
0.000205116	-nan	0.519572	1.00269	1	1	1	1	1	1	7.29192	0.519572	0.519572	1	1	
0.000212814	-nan	0.520163	1.0039	1	1	1	1	1	1	7.29182	0.520163	0.520163	1	1	
0.0002208	-nan	0.520768	1.00509	1	1	1	1	1	1	7.29172	0.520768	0.520768	1	1	
0.000229087	-nan	0.521387	1.00626	1	1	1	1	1	1	7.29161	0.521387	0.521387	1	1	
0.000237684	-nan	0.52202	1.00741	1	1	1	1	1	1	7.2915	0.52202	0.52202	1	1	
0.000246604	-nan	0.522667	1.00855	1	1	1	1	1	1	7.29139	0.522667	0.522667	1	1	
0.000255859	-nan	0.523329	1.00967	1	1	1	1	1	1	7.29128	0.523329	0.523329	1	1	
0.000265461	-nan	0.524006	1.01077	1	1	1	1	1	1	7.29116	0.524006	0.524006	1	1	
0.000275423	-nan	0.524698	1.01185	1	1	1	1	1	1	7.29103	0.524698	0.524698	1	1	
0.000285759	-nan	0.525405	1.01291	1	1	1	1	1	1	7.29091	0.525405	0.525405	1	1	
0.000296483	-nan	0.526129	1.01395	1	1	1	1	1	1	7.29078	0.526129	0.526129	1	1	
0.00030761	-nan	0.526868	1.01498	1	1	1	1	1	1	7.29064	0.526868	0.526868	1	1	
0.000319154	-nan	0.527625	1.01598	1	1	1	1	1	1	7.2905	0.527625	0.527625	1	1	
0.000331131	-nan	0.528398	1.01696	1	1	1	1	1	1	7.29036	0.528398	0.528398	1	1	
0.000343558	-nan	0.529189	1.01793	1	1	1	1	1	1	7.29021	0.529189	0.529189	1	1	
0.000356451	-nan	0.529997	1.01887	1	1	1	1	1	1	7.29006	0.529997	0.529997	1	1	
0.000369828	-nan	0.530824	1.01978	1	1	1	1	1	1	7.28991	0.530824	0.530824	1	1	
0.000383707	-nan	0.531669	1.02068	1	1	1	1	1	1	7.28974	0.531669	0.531669	1	1	
0.000398107	-nan	0.532532	1.02155	1	1	1	1	1	1	7.28958	0.532532	0.532532	1	1	
0.000413048	-nan	0.533415	1.0224	1	1	1	1	1	1	7.2894	0.533415	0.533415	1	1	
0.000428549	-nan	0.534318	1.02323	1	1	1	1	1	1	7.28923	0.534318	0.534318	1	1	
0.000444631	-nan	0.535241	1.02404	1	1	1	1	1	1	7.28904	0.535241	0.535241	1	1	
0.000461318	-nan	0.536184	1.02482	1	1	1	1	1	1	7.28885	0.536184	0.536184	1	1	
0.00047863	-nan	0.537148	1.02557	1	1	1	1	1	1	7.28865	0.537148	0.537148	1	1	
0.000496592	-nan	0.538133	1.0263	1	1	1	1	1	1	7.28845	0.538133	0.538133	1	1	
0.000515229	-nan	0.539141	1.027	1	1	1	1	1	1	7.28824	0.539141	0.539141	1	1	
0.000534564	-nan	0.54017	1.02768	1	1	1	1	1	1	7.28802	0.54017	0.54017	1	1	
0.000554626	-nan	0.541222	1.02833	1	1	1	1	1	1	7.28779	0.541222	0.541222	1	1	
0.00057544	-nan	0.542297	1.02896	1	1	1	1	1	1	7.28756	0.542297	0.542297	1	1	
0.000597035	-nan	0.543396	1.02956	1	1	1	1	1	1	7.28732	0.543396	0.543396	1	1	
0.000619441	-nan	0.544518	1.03013	1	1	1	1	1	1	7.28707	0.544518	0.544518	1	1	
0.000642688	-nan	0.545666	1.03067	1	1	1	1	1	1	7.28681	0.545666	0.545666	1	1	
0.000666807	-nan	0.546838	1.03118	1	1	1	1	1	1	7.28654	0.546838	0.546838	1	1	
0.000691831	-nan	0.548036	1.03167	1	1	1	1	1	1	7.28625	0.548036	0.548036	1	1	
0.000717794	-nan	0.549259	1.03212	1	1	1	1	1	1	7.28596	0.549259	0.549259	1	1	
0.000744732	-nan	0.55051	1.03255	1	1	1	1	1	1	7.28566	0.55051	0.55051	1	1	
0.000772681	-nan	0.551787	1.03295	1	1	1	1	1	1	7.28535	0.551787	0.551787	1	1	
0.000801678	-nan	0.553092	1.03331	1	1	1	1	1	1	7.28502	0.553092	0.553092	1	1	
0.000831764	-nan	0.554425	1.03365	1	1	1	1	1	1	7.28469	0.554425	0.554425	1	1	
0.000862979	-nan	0.555787	1.03395	1	1	1	1	1	1	7.28434	0.555787	0.555787	1	1	
0.000895365	-nan	0.557177	1.03422	1	1	1	1	1	1	7.28397	0.557177	0.557177	1	1	
0.000928966	-nan	0.558598	1.03446	1	1	1	1	1	1	7.28359	0.558598	0.558598	1	1	
0.000963829	-nan	0.560049	1.03466	1	1	1	1	1	1	7.2832	0.560049	0.560049	1	1	
0.001	-nan	0.56153	1.03484	1	1	1	1	1	1	7.28279	0.56153	0.56153	1	1	
0.00103753	-nan	0.563044	1.03498	1	1	1	1	1	1	7.28236	0.563044	0.563044	1	1	
0.00107647	-nan	0.564589	1.03508	1	1	1	1	1	1	7.28192	0.564589	0.564589	1	1	
0.00111686	-nan	0.566167	1.03516	1	1	1	1	1	1	7.28146	0.566167	0.566167	1	1	
0.00115878	-nan	0.567778	1.03519	1	1	1	1	1	1	7.28097	0.567778	0.567778	1	1	
0.00120226	-nan	0.569422	1.03519	1	1	1	1	1	1	7.28047	0.569422	0.569422	1	1	
0.00124738	-nan	0.571101	1.03516	1	1	1	1	1	1	7.27995	0.571101	0.571101	1	1	
0.0012942	-nan	0.572816	1.03509	1	1	1	1	1	1	7.2794	0.572816	0.572816	1	1	
0.00134276	-nan	0.574565	1.03499	1	1	1	1	1	1	7.27884	0.574565	0.574565	1	1	
0.00139316	-nan	0.576351	1.03485	1	1	1	1	1	1	7.27824	0.576351	0.576351	1	1	
0.00144544	-nan	0.578174	1.03467	1	1	1	1	1	1	7.27763	0.578174	0.578174	1	1	
0.00149968	-nan	0.580034	1.03446	1	1	1	1	1	1	7.27698	0.580034	0.580034	1	1	
0.00155597	-nan	0.581933	1.0342	1	1	1	1	1	1	7.27631	0.581933	0.581933	1	1	
0.00161436	-nan	0.58387	1.03392	1	1	1	1	1	1	7.2756	0.58387	0.58387	1	1	
0.00167494	-nan	0.585847	1.03359	1	1	1	1	1	1	7.27487	0.585847	0.585847	1	1	
0.0017378	-nan	0.587864	1.03323	1	1	1	1	1	1	7.2741	0.587864	0.587864	1	1	
0.00180302	-nan	0.589921	1.03282	1	1	1	1	1	1	7.2733	0.589921	0.589921	1	1	
0.00187068	-nan	0.59202	1.03238	1	1	1	1	1	1	7.27246	0.59202	0.59202	1	1	
0.00194089	-nan	0.59416	1.0319	1	1	1	1	1	1	7.27158	0.59416	0.59416	1	1	
0.00201372	-nan	0.596344	1.03139	1	1	1	1	1	1	7.27066	0.596344	0.596344	1	1	
0.0020893	-nan	0.598571	1.03083	1	1	1	1	1	1	7.26969	0.598571	0.598571	1	1	
0.0021677	-nan	0.600841	1.03024	1	1	1	1	1	1	7.26868	0.600841	0.600841	1	1	
0.00224905	-nan	0.603157	1.0296	1	1	1	1	1	1	7.26763	0.603157	0.603157	1	1	
0.00233346	-nan	0.605517	1.02893	1	1	1	1	1	1	7.26652	0.605517	0.605517	1	1	
0.00242103	-nan	0.607924	1.02822	1	1	1	1	1	1	7.26536	0.607924	0.607924	1	1	
0.00251189	-nan	0.610377	1.02747	1	1	1	1	1	1	7.26414	0.610377	0.610377	1	1	
0.00260615	-nan	0.612877	1.02668	1	1	1	1	1	1	7.26286	0.612877	0.612877	1	1	
0.00270396	-nan	0.615425	1.02585	1	1	1	1	1	1	7.26151	0.615425	0.615425	1	1	
0.00280543	-nan	0.618022	1.02498	1	1	1	1	1	1	7.2601	0.618022	0.618022	1	1	
0.00291072	-nan	0.620668	1.02408	1	1	1	1	1	1	7.25862	0.620668	0.620668	1	1	
0.00301995	-nan	0.623363	1.02313	1	1	1	1	1	1	7.25706	0.623363	0.623363	1	1	
0.00313329	-nan	0.626109	1.02215	1	1	1	1	1	1	7.25543	0.626109	0.626109	1	1	
0.00325087	-nan	0.628906	1.02113	1	1	1	1	1	1	7.2537	0.628906	0.628906	1	1	
0.00337287	-nan	0.631755	1.02008	1	1	1	1	1	1	7.25189	0.631755	0.631755	1	1	
0.00349945	-nan	0.634655	1.01899	1	1	1	1	1	1	7.24998	0.634655	0.634655	1	1	
0.00363078	-nan	0.637609	1.01786	1	1	1	1	1	1	7.24796	0.637609	0.637609	1	1	
0.00376704	-nan	0.640616	1.01669	1	1	1	1	1	1	7.24584	0.640616	0.640616	1	1	
0.00390841	-nan	0.643677	1.01549	1	1	1	1	1	1	7.2436	0.643677	0.643677	1	1	
0.00405509	-nan	0.646792	1.01426	1	1	1	1	1	1	7.24124	0.646792	0.646792	1	1	
0.00420727	-nan	0.649962	1.01299	1	1	1	1	1	1	7.23874	0.649962	0.649962	1	1	
0.00436516	-nan	0.653188	1.01168	1	1	1	1	1	1	7.2361	0.653188	0.653188	1	1	
0.00452898	-nan	0.65647	1.01035	1	1	1	1	1	1	7.23332	0.65647	0.65647	1	1	
0.00469894	-nan	0.659808	1.00898	1	1	1	1	1	1	7.23037	0.659808	0.659808	1	1	
0.00487528	-nan	0.663203	1.00759	1	1	1	1	1	1	7.22725	0.663203	0.663203	1	1	
0.00505825	-nan	0.666656	1.00616	1	1	1	1	1	1	7.22394	0.666656	0.666656	1	1	
0.00524807	-nan	0.670166	1.00471	1	1	1	1	1	1	7.22044	0.670166	0.670166	1	1	
0.00544503	-nan	0.673734	1.00323	1	1	1	1	1	1	7.21673	0.673734	0.673734	1	1	
0.00564937	-nan	0.677361	1.00172	1	1	1	1	1	1	7.21279	0.677361	0.677361	1	1	
0.00586138	-nan	0.681047	1.00019	1	1	1	1	1	1	7.2086	0.681047	0.681047	1	1	
0.00608135	-nan	0.684792	0.998635	1	1	1	1	1	1	7.20415	0.684792	0.684792	1	1	
0.00630957	-nan	0.688596	0.997061	1	1	1	1	1	1	7.19942	0.688596	0.688596	1	1	
0.00654636	-nan	0.69246	0.995467	1	1	1	1	1	1	7.19438	0.69246	0.69246	1	1	
0.00679204	-nan	0.696383	0.993857	1	1	1	1	1	1	7.18902	0.696383	0.696383	1	1	
0.00704693	-nan	0.700367	0.992231	1	1	1	1	1	1	7.1833	0.700367	0.700367	1	1	
0.00731139	-nan	0.70441	0.990592	1	1	1	1	1	1	7.1772	0.70441	0.70441	1	1	
0.00758578	-nan	0.708514	0.988943	1	1	1	1	1	1	7.17068	0.708514	0.708514	1	1	
0.00787046	-nan	0.712678	0.987285	1	1	1	1	1	1	7.16371	0.712678	0.712678	1	1	
0.00816582	-nan	0.716902	0.985621	1	1	1	1	1	1	7.15625	0.716902	0.716902	1	1	
0.00847227	-nan	0.721186	0.983955	1	1	1	1	1	1	7.14826	0.721186	0.721186	1	1	
0.00879023	-nan	0.72553	0.982288	1	1	1	1	1	1	7.1397	0.72553	0.72553	1	1	
0.00912011	-nan	0.729933	0.980625	1	1	1	1	1	1	7.1305	0.729933	0.729933	1	1	
0.00946237	-nan	0.734396	0.978968	1	1	1	1	1	1	7.12062	0.734396	0.734396	1	1	
0.00981748	-nan	0.738919	0.977321	1	1	1	1	1	1	7.11	0.738919	0.738919	1	1	
0.0101859	-nan	0.7435	0.975688	1	1	1	1	1	1	7.09855	0.7435	0.7435	1	1	
0.0105682	-nan	0.74814	0.974071	1	1	1	1	1	1	7.08621	0.74814	0.74814	1	1	
0.0109648	-nan	0.752837	0.972477	1	1	1	1	1	1	7.07289	0.752837	0.752837	1	1	
0.0113763	-nan	0.757592	0.970908	1	1	1	1	1	1	7.05849	0.757592	0.757592	1	1	
0.0118032	-nan	0.762404	0.96937	1	1	1	1	1	1	7.0429	0.762404	0.762404	1	1	
0.0122462	-nan	0.767272	0.967867	1	1	1	1	1	1	7.02601	0.767272	0.767272	1	1	
0.0127057	-nan	0.772196	0.966404	1	1	1	1	1	1	7.00768	0.772196	0.772196	1	1	
0.0131826	-nan	0.777173	0.964987	1	1	1	1	1	1	6.98776	0.777173	0.777173	1	1	
0.0136773	-nan	0.782205	0.963622	1	1	1	1	1	1	6.96608	0.782205	0.782205	1	1	
0.0141906	-nan	0.787288	0.962314	1	1	1	1	1	1	6.94246	0.787288	0.787288	1	1	
0.0147231	-nan	0.792424	0.96107	1	1	1	1	1	1	6.91668	0.792424	0.792424	1	1	
0.0152757	-nan	0.797609	0.959897	1	1	1	1	1	1	6.8885	0.797609	0.797609	1	1	
0.0158489	-nan	0.802843	0.958801	1	1	1	1	1	1	6.85765	0.802843	0.802843	1	1	
0.0164437	-nan	0.808125	0.95779	1	1	1	1	1	1	6.82383	0.808125	0.808125	1	1	
0.0170608	-nan	0.813453	0.956872	1	1	1	1	1	1	6.78671	0.813453	0.813453	1	1	
0.0177011	-nan	0.818825	0.956054	1	1	1	1	1	1	6.74589	0.818825	0.818825	1	1	
0.0183654	-nan	0.82424	0.955346	1	1	1	1	1	1	6.70095	0.82424	0.82424	1	1	
0.0190546	-nan	0.829696	0.954757	1	1	1	1	1	1	6.6514	0.829696	0.829696	1	1	
0.0197697	-nan	0.835191	0.954297	1	1	1	1	1	1	6.59668	0.835191	0.835191	1	1	
0.0205116	-nan	0.840723	0.953974	1	1	1	1	1	1	6.53619	0.840723	0.840723	1	1	
0.0212814	-nan	0.846289	0.953801	1	1	1	1	1	1	6.46923	0.846289	0.846289	1	1	
0.02208	-nan	0.851888	0.953787	1	1	1	1	1	1	6.39502	0.851888	0.851888	1	1	
0.0229087	-nan	0.857517	0.953946	1	1	1	1	1	1	6.31272	0.857517	0.857517	1	1	
0.0237684	-nan	0.863173	0.954288	1	1	1	1	1	1	6.22136	0.863173	0.863173	1	1	
0.0246604	-nan	0.868854	0.954827	1	1	1	1	1	1	6.11988	0.868854	0.868854	1	1	
0.0255859	-nan	0.874558	0.955577	1	1	1	1	1	1	6.00714	0.874558	0.874558	1	1	
0.0265461	-nan	0.88028	0.956552	1	1	1	1	1	1	5.88188	0.88028	0.88028	1	1	
0.0275423	-nan	0.886018	0.957766	1	1	1	1	1	1	5.74277	0.886018	0.886018	1	1	
0.0285759	-nan	0.891768	0.959235	1	1	1	1	1	1	5.58838	0.891768	0.891768	1	1	
0.0296483	-nan	0.897528	0.960975	1	1	1	1	1	1	5.41729	0.897528	0.897528	1	1	
0.030761	-nan	0.903293	0.963004	1	1	1	1	1	1	5.22804	0.903293	0.903293	1	1	
0.0319154	-nan	0.90906	0.965338	1	1	1	1	1	1	5.01927	0.90906	0.90906	1	1	
0.0331131	-nan	0.914825	0.967996	1	1	1	1	1	1	4.78976	0.914825	0.914825	1	1	
0.0343558	-nan	0.920583	0.970997	1	1	1	1	1	1	4.53858	0.920583	0.920583	1	1	
0.0356451	-nan	0.926331	0.974361	1	1	1	1	1	1	4.26523	0.926331	0.926331	1	1	
0.0369828	-nan	0.932065	0.978107	1	1	1	1	1	1	3.96978	0.932065	0.932065	1	1	
0.0383707	-nan	0.937778	0.982256	1	1	1	1	1	1	3.65313	0.937778	0.937778	1	1	
0.0398107	-nan	0.943467	0.986829	1	1	1	1	1	1	3.31719	0.943467	0.943467	1	1	
0.0413048	-nan	0.949127	0.991848	1	1	1	1	1	1	2.96507	0.949127	0.949127	1	1	
0.0428549	-nan	0.954752	0.997334	1	1	1	1	1	1	2.60128	0.954752	0.954752	1	1	
0.0444631	-nan	0.960337	1.00331	1	1	1	1	1	1	2.2318	0.960337	0.960337	1	1	
0.0461318	-nan	0.965876	1.00979	1	1	1	1	1	1	1.86402	0.965876	0.965876	1	1	
0.047863	-nan	0.971364	1.0168	1	1	1	1	1	1	1.50655	0.971364	0.971364	1	1	
0.0496592	-nan	0.976794	1.02437	1	1	1	1	1	1	1.16879	0.976794	0.976794	1	1	
0.0515229	-nan	0.98216	1.03249	1	1	1	1	1	1	0.860383	0.98216	0.98216	1	1	
0.0534564	-nan	0.987455	1.0412	1	1	1	1	1	1	0.59038	0.987455	0.987455	1	1	
0.0554626	-nan	0.992673	1.05051	1	1	1	1	1	1	0.36649	0.992673	0.992673	1	1	
0.057544	-nan	0.997807	1.06042	1	1	1	1	1	1	0.194284	0.997807	0.997807	1	1	
0.0597035	-nan	1.00285	1.07094	1	1	1	1	1	1	0.0766319	1.00285	1.00285	1	1	
0.0619441	-nan	1.00779	1.08206	1	1	1	1	1	1	0.0134155	1.00779	1.00779	1	1	
0.0642688	-nan	1.01263	1.09378	1	1	1	1	1	1	0.00160313	1.01263	1.01263	1	1	
0.0666807	-nan	1.01735	1.10609	1	1	1	1	1	1	0.0356531	1.01735	1.01735	1	1	
0.0691831	-nan	1.02195	1.11895	1	1	1	1	1	1	0.108174	1.02195	1.02195	1	1	
0.0717794	-nan	1.02641	1.13232	1	1	1	1	1	1	0.210716	1.02641	1.02641	1	1	
0.0744732	-nan	1.03074	1.14615	1	1	1	1	1	1	0.334562	1.03074	1.03074	1	1	
0.0772681	-nan	1.03492	1.16037	1	1	1	1	1	1	0.471408	1.03492	1.03492	1	1	
0.0801678	-nan	1.03893	1.17489	1	1	1	1	1	1	0.613863	1.03893	1.03893	1	1	
0.0831764	-nan	1.04278	1.18959	1	1	1	1	1	1	0.755751	1.04278	1.04278	1	1	
0.0862979	-nan	1.04646	1.20435	1	1	1	1	1	1	0.892224	1.04646	1.04646	1	1	
0.0895365	-nan	1.04994	1.21899	1	1	1	1	1	1	1.01973	1.04994	1.04994	1	1	
0.0928966	-nan	1.05322	1.23333	1	1	1	1	1	1	1.13588	1.05322	1.05322	1	1	
0.0963829	-nan	1.0563	1.24716	1	1	1	1	1	1	1.23927	1.0563	1.0563	1	1	
0.1	-nan	1.05916	1.26024	1	1	1	1	1	1	1.32926	1.05916	1.05916	1	1	
0.103614	-nan	1.06169	1.27188	1	1	1	1	1	1	1.40327	1.06169	1.06169	1	1	
0.107229	-nan	1.06393	1.28199	1	1	1	1	1	1	1.46317	1.06393	1.06393	1	1	
0.110843	-nan	1.06588	1.29049	1	1	1	1	1	1	1.51075	1.06588	1.06588	1	1	
0.114458	-nan	1.06757	1.29733	1	1	1	1	1	1	1.54764	1.06757	1.06757	1	1	
0.118072	-nan	1.06901	1.30248	1	1	1	1	1	1	1.57532	1.06901	1.06901	1	1	
0.121687	-nan	1.07022	1.30593	1	1	1	1	1	1	1.59506	1.07022	1.07022	1	1	
0.125301	-nan	1.0712	1.30773	1	1	1	1	1	1	1.60798	1.0712	1.0712	1	1	
0.128916	-nan	1.07198	1.30793	1	1	1	1	1	1	1.61503	1.07198	1.07198	1	1	
0.13253	-nan	1.07256	1.30662	1	1	1	1	1	1	1.617	1.07256	1.07256	1	1	
0.136145	-nan	1.07295	1.30388	1	1	1	1	1	1	1.61458	1.07295	1.07295	1	1	
0.139759	-nan	1.07317	1.29985	1	1	1	1	1	1	1.60835	1.07317	1.07317	1	1	
0.143373	-nan	1.07322	1.29465	1	1	1	1	1	1	1.5988	1.07322	1.07322	1	1	
0.146988	-nan	1.07311	1.28842	1	1	1	1	1	1	1.58634	1.07311	1.07311	1	1	
0.150602	-nan	1.07285	1.28131	1	1	1	1	1	1	1.57133	1.07285	1.07285	1	1	
0.154217	-nan	1.07244	1.27345	1	1	1	1	1	1	1.55407	1.07244	1.07244	1	1	
0.157831	-nan	1.07191	1.26499	1	1	1	1	1	1	1.53482	1.07191	1.07191	1	1	
0.161446	-nan	1.07124	1.25605	1	1	1	1	1	1	1.51379	1.07124	1.07124	1	1	
0.16506	-nan	1.07046	1.24675	1	1	1	1	1	1	1.49118	1.07046	1.07046	1	1	
0.168675	-nan	1.06956	1.23721	1	1	1	1	1	1	1.46716	1.06956	1.06956	1	1	
0.172289	-nan	1.06855	1.22754	1	1	1	1	1	1	1.44188	1.06855	1.06855	1	1	
0.175904	-nan	1.06744	1.2178	1	1	1	1	1	1	1.41547	1.06744	1.06744	1	1	
0.179518	-nan	1.06623	1.20809	1	1	1	1	1	1	1.38804	1.06623	1.06623	1	1	
0.183133	-nan	1.06493	1.19847	1	1	1	1	1	1	1.35971	1.06493	1.06493	1	1	
0.186747	-nan	1.06354	1.18899	1	1	1	1	1	1	1.33057	1.06354	1.06354	1	1	
0.190361	-nan	1.06207	1.1797	1	1	1	1	1	1	1.30071	1.06207	1.06207	1	1	
0.193976	-nan	1.06052	1.17063	1	1	1	1	1	1	1.27022	1.06052	1.06052	1	1	
0.19759	-nan	1.05889	1.16181	1	1	1	1	1	1	1.23918	1.05889	1.05889	1	1	
0.201205	-nan	1.0572	1.15325	1	1	1	1	1	1	1.20768	1.0572	1.0572	1	1	
0.204819	-nan	1.05544	1.14498	1	1	1	1	1	1	1.17577	1.05544	1.05544	1	1	
0.208434	-nan	1.05362	1.13701	1	1	1	1	1	1	1.14355	1.05362	1.05362	1	1	
0.212048	-nan	1.05173	1.12933	1	1	1	1	1	1	1.11107	1.05173	1.05173	1	1	
0.215663	-nan	1.0498	1.12195	1	1	1	1	1	1	1.07841	1.0498	1.0498	1	1	
0.219277	-nan	1.04781	1.11487	1	1	1	1	1	1	1.04563	1.04781	1.04781	1	1	
0.222892	-nan	1.04577	1.10808	1	1	1	1	1	1	1.01281	1.04577	1.04577	1	1	
0.226506	-nan	1.04368	1.10158	1	1	1	1	1	1	0.979997	1.04368	1.04368	1	1	
0.23012	-nan	1.04156	1.09536	1	1	1	1	1	1	0.947271	1.04156	1.04156	1	1	
0.233735	-nan	1.03939	1.08941	1	1	1	1	1	1	0.914688	1.03939	1.03939	1	1	
0.237349	-nan	1.03718	1.08373	1	1	1	1	1	1	0.882309	1.03718	1.03718	1	1	
0.240964	-nan	1.03494	1.0783	1	1	1	1	1	1	0.850194	1.03494	1.03494	1	1	
0.244578	-nan	1.03267	1.07311	1	1	1	1	1	1	0.818401	1.03267	1.03267	1	1	
0.248193	-nan	1.03036	1.06815	1	1	1	1	1	1	0.786982	1.03036	1.03036	1	1	
0.251807	-nan	1.02803	1.06341	1	1	1	1	1	1	0.755992	1.02803	1.02803	1	1	
0.255422	-nan	1.02567	1.05889	1	1	1	1	1	1	0.72548	1.02567	1.02567	1	1	
0.259036	-nan	1.02328	1.05456	1	1	1	1	1	1	0.695492	1.02328	1.02328	1	1	
0.262651	-nan	1.02088	1.05043	1	1	1	1	1	1	0.666072	1.02088	1.02088	1	1	
0.266265	-nan	1.01845	1.04648	1	1	1	1	1	1	0.63726	1.01845	1.01845	1	1	
0.26988	-nan	1.01601	1.0427	1	1	1	1	1	1	0.609093	1.01601	1.01601	1	1	
0.273494	-nan	1.01355	1.03908	1	1	1	1	1	1	0.581604	1.01355	1.01355	1	1	
0.277108	-nan	1.01107	1.03561	1	1	1	1	1	1	0.554823	1.01107	1.01107	1	1	
0.280723	-nan	1.00858	1.03229	1	1	1	1	1	1	0.528774	1.00858	1.00858	1	1	
0.284337	-nan	1.00608	1.0291	1	1	1	1	1	1	0.50348	1.00608	1.00608	1	1	
0.287952	-nan	1.00357	1.02604	1	1	1	1	1	1	0.478959	1.00357	1.00357	1	1	
0.291566	-nan	1.00105	1.02311	1	1	1	1	1	1	0.455226	1.00105	1.00105	1	1	
0.295181	-nan	0.998525	1.02028	1	1	1	1	1	1	0.43229	0.998525	0.998525	1	1	
0.298795	-nan	0.995991	1.01757	1	1	1	1	1	1	0.410159	0.995991	0.995991	1	1	
0.30241	-nan	0.993453	1.01496	1	1	1	1	1	1	0.388837	0.993453	0.993453	1	1	
0.306024	-nan	0.990911	1.01244	1	1	1	1	1	1	0.368324	0.990911	0.990911	1	1	
0.309639	-nan	0.988366	1.01001	1	1	1	1	1	1	0.348618	0.988366	0.988366	1	1	
0.313253	-nan	0.985821	1.00767	1	1	1	1	1	1	0.329712	0.985821	0.985821	1	1	
0.316867	-nan	0.983274	1.0054	1	1	1	1	1	1	0.311599	0.983274	0.983274	1	1	
0.320482	-nan	0.980729	1.00321	1	1	1	1	1	1	0.294268	0.980729	0.980729	1	1	
0.324096	-nan	0.978185	1.00109	1	1	1	1	1	1	0.277706	0.978185	0.978185	1	1	
0.327711	-nan	0.975644	0.99904	1	1	1	1	1	1	0.261898	0.975644	0.975644	1	1	
0.331325	-nan	0.973106	0.997048	1	1	1	1	1	1	0.246827	0.973106	0.973106	1	1	
0.33494	-nan	0.970572	0.995115	1	1	1	1	1	1	0.232476	0.970572	0.970572	1	1	
0.338554	-nan	0.968044	0.993237	1	1	1	1	1	1	0.218825	0.968044	0.968044	1	1	
0.342169	-nan	0.965522	0.99141	1	1	1	1	1	1	0.205854	0.965522	0.965522	1	1	
0.345783	-nan	0.963006	0.989632	1	1	1	1	1	1	0.19354	0.963006	0.963006	1	1	
0.349398	-nan	0.960498	0.9879	1	1	1	1	1	1	0.181862	0.960498	0.960498	1	1	
0.353012	-nan	0.957998	0.98621	1	1	1	1	1	1	0.170797	0.957998	0.957998	1	1	
0.356627	-nan	0.955506	0.984561	1	1	1	1	1	1	0.160323	0.955506	0.955506	1	1	
0.360241	-nan	0.953024	0.98295	1	1	1	1	1	1	0.150415	0.953024	0.953024	1	1	
0.363855	-nan	0.950552	0.981375	1	1	1	1	1	1	0.141051	0.950552	0.950552	1	1	
0.36747	-nan	0.94809	0.979834	1	1	1	1	1	1	0.132209	0.94809	0.94809	1	1	
0.371084	-nan	0.94564	0.978324	1	1	1	1	1	1	0.123864	0.94564	0.94564	1	1	
0.374699	-nan	0.943201	0.976845	1	1	1	1	1	1	0.115994	0.943201	0.943201	1	1	
0.378313	-nan	0.940774	0.975394	1	1	1	1	1	1	0.108577	0.940774	0.940774	1	1	
0.381928	-nan	0.938359	0.973969	1	1	1	1	1	1	0.101592	0.938359	0.938359	1	1	
0.385542	-nan	0.935958	0.97257	1	1	1	1	1	1	0.0950174	0.935958	0.935958	1	1	
0.389157	-nan	0.933569	0.971194	1	1	1	1	1	1	0.0888321	0.933569	0.933569	1	1	
0.392771	-nan	0.931195	0.969841	1	1	1	1	1	1	0.0830164	0.931195	0.931195	1	1	
0.396386	-nan	0.928834	0.96851	1	1	1	1	1	1	0.0775511	0.928834	0.928834	1	1	
0.4	-nan	0.926488	0.967198	1	1	1	1	1	1	0.0724175	0.926488	0.926488	1	1	
0.403614	-nan	0.924157	0.965905	1	1	1	1	1	1	0.0675976	0.924157	0.924157	1	1	
0.407229	-nan	0.921841	0.964631	1	1	1	1	1	1	0.0630743	0.921841	0.921841	1	1	
0.410843	-nan	0.91954	0.963374	1	1	1	1	1	1	0.0588311	0.91954	0.91954	1	1	
0.414458	-nan	0.917255	0.962133	1	1	1	1	1	1	0.0548522	0.917255	0.917255	1	1	
0.418072	-nan	0.914986	0.960907	1	1	1	1	1	1	0.0511225	0.914986	0.914986	1	1	
0.421687	-nan	0.912732	0.959697	1	1	1	1	1	1	0.0476277	0.912732	0.912732	1	1	
0.425301	-nan	0.910496	0.9585	1	1	1	1	1	1	0.0443541	0.910496	0.910496	1	1	
0.428916	-nan	0.908275	0.957317	1	1	1	1	1	1	0.0412887	0.908275	0.908275	1	1	
0.43253	-nan	0.906072	0.956146	1	1	1	1	1	1	0.0384192	0.906072	0.906072	1	1	
0.436145	-nan	0.903885	0.954988	1	1	1	1	1	1	0.0357339	0.903885	0.903885	1	1	
0.439759	-nan	0.901716	0.953841	1	1	1	1	1	1	0.0332217	0.901716	0.901716	1	1	
0.443373	-nan	0.899564	0.952705	1	1	1	1	1	1	0.0308722	0.899564	0.899564	1	1	
0.446988	-nan	0.897429	0.95158	1	1	1	1	1	1	0.0286754	0.897429	0.897429	1	1	
0.450602	-nan	0.895311	0.950466	1	1	1	1	1	1	0.026622	0.895311	0.895311	1	1	
0.454217	-nan	0.893212	0.949361	1	1	1	1	1	1	0.0247031	0.893212	0.893212	1	1	
0.457831	-nan	0.89113	0.948265	1	1	1	1	1	1	0.0229106	0.89113	0.89113	1	1	
0.461446	-nan	0.889066	0.947179	1	1	1	1	1	1	0.0212364	0.889066	0.889066	1	1	
0.46506	-nan	0.88702	0.946101	1	1	1	1	1	1	0.0196732	0.88702	0.88702	1	1	
0.468675	-nan	0.884991	0.945032	1	1	1	1	1	1	0.0182141	0.884991	0.884991	1	1	
0.472289	-nan	0.882981	0.943971	1	1	1	1	1	1	0.0168525	0.882981	0.882981	1	1	
0.475904	-nan	0.880989	0.942918	1	1	1	1	1	1	0.0155823	0.880989	0.880989	1	1	
0.479518	-nan	0.879015	0.941873	1	1	1	1	1	1	0.0143977	0.879015	0.879015	1	1	
0.483133	-nan	0.87706	0.940835	1	1	1	1	1	1	0.0132934	0.87706	0.87706	1	1	
0.486747	-nan	0.875122	0.939805	1	1	1	1	1	1	0.0122641	0.875122	0.875122	1	1	
0.490361	-nan	0.873203	0.938781	1	1	1	1	1	1	0.0113051	0.873203	0.873203	1	1	
0.493976	-nan	0.871302	0.937764	1	1	1	1	1	1	0.010412	0.871302	0.871302	1	1	
0.49759	-nan	0.86942	0.936754	1	1	1	1	1	1	0.00958057	0.86942	0.86942	1	1	
0.501205	-nan	0.867555	0.935751	1	1	1	1	1	1	0.00880679	0.867555	0.867555	1	1	
0.504819	-nan	0.865709	0.934754	1	1	1	1	1	1	0.00808701	0.865709	0.865709	1	1	
0.508434	-nan	0.863881	0.933763	1	1	1	1	1	1	0.00741777	0.863881	0.863881	1	1	
0.512048	-nan	0.862072	0.932778	1	1	1	1	1	1	0.00679581	0.862072	0.862072	1	1	
0.515663	-nan	0.86028	0.931799	1	1	1	1	1	1	0.00621809	0.86028	0.86028	1	1	
0.519277	-nan	0.858507	0.930826	1	1	1	1	1	1	0.00568177	0.858507	0.858507	1	1	
0.522892	-nan	0.856752	0.929859	1	1	1	1	1	1	0.00518418	0.856752	0.856752	1	1	
0.526506	-nan	0.855015	0.928897	1	1	1	1	1	1	0.00472281	0.855015	0.855015	1	1	
0.53012	-nan	0.853296	0.927941	1	1	1	1	1	1	0.00429533	0.853296	0.853296	1	1	
0.533735	-nan	0.851595	0.92699	1	1	1	1	1	1	0.00389954	0.851595	0.851595	1	1	
0.537349	-nan	0.849912	0.926045	1	1	1	1	1	1	0.00353339	0.849912	0.849912	1	1	
0.540964	-nan	0.848247	0.925105	1	1	1	1	1	1	0.00319496	0.848247	0.848247	1	1	
0.544578	-nan	0.846599	0.924171	1	1	1	1	1	1	0.00288245	0.846599	0.846599	1	1	
0.548193	-nan	0.84497	0.923241	1	1	1	1	1	1	0.00259417	0.84497	0.84497	1	1	
0.551807	-nan	0.843358	0.922317	1	1	1	1	1	1	0.00232856	0.843358	0.843358	1	1	
0.555422	-nan	0.841764	0.921398	1	1	1	1	1	1	0.00208413	0.841764	0.841764	1	1	
0.559036	-nan	0.840187	0.920484	1	1	1	1	1	1	0.0018595	0.840187	0.840187	1	1	
0.562651	-nan	0.838628	0.919574	1	1	1	1	1	1	0.00165338	0.838628	0.838628	1	1	
0.566265	-nan	0.837086	0.91867	1	1	1	1	1	1	0.00146456	0.837086	0.837086	1	1	
0.56988	-nan	0.835562	0.917771	1	1	1	1	1	1	0.00129191	0.835562	0.835562	1	1	
0.573494	-nan	0.834055	0.916876	1	1	1	1	1	1	0.00113436	0.834055	0.834055	1	1	
0.577108	-nan	0.832564	0.915986	1	1	1	1	1	1	0.000990927	0.832564	0.832564	1	1	
0.580723	-nan	0.831091	0.915101	1	1	1	1	1	1	0.000860676	0.831091	0.831091	1	1	
0.584337	-nan	0.829635	0.914221	1	1	1	1	1	1	0.00074274	0.829635	0.829635	1	1	
0.587952	-nan	0.828196	0.913346	1	1	1	1	1	1	0.000636302	0.828196	0.828196	1	1	
0.591566	-nan	0.826773	0.912475	1	1	1	1	1	1	0.000540602	0.826773	0.826773	1	1	
0.595181	-nan	0.825367	0.911609	1	1	1	1	1	1	0.000454926	0.825367	0.825367	1	1	
0.598795	-nan	0.823978	0.910747	1	1	1	1	1	1	0.000378605	0.823978	0.823978	1	1	
0.60241	-nan	0.822605	0.90989	1	1	1	1	1	1	0.000311014	0.822605	0.822605	1	1	
0.606024	-nan	0.821248	0.909037	1	1	1	1	1	1	0.000251569	0.821248	0.821248	1	1	
0.609639	-nan	0.819908	0.90819	1	1	1	1	1	1	0.00019972	0.819908	0.819908	1	1	
0.613253	-nan	0.818584	0.907346	1	1	1	1	1	1	0.000154955	0.818584	0.818584	1	1	
0.616867	-nan	0.817275	0.906507	1	1	1	1	1	1	0.000116794	0.817275	0.817275	1	1	
0.620482	-nan	0.815983	0.905673	1	1	1	1	1	1	8.4786e-05	0.815983	0.815983	1	1	
0.624096	-nan	0.814706	0.904843	1	1	1	1	1	1	5.85108e-05	0.814706	0.814706	1	1	
0.627711	-nan	0.813445	0.904017	1	1	1	1	1	1	3.75742e-05	0.813445	0.813445	1	1	
0.631325	-nan	0.8122	0.903196	1	1	1	1	1	1	2.1607e-05	0.8122	0.8122	1	1	
0.63494	-nan	0.81097	0.90238	1	1	1	1	1	1	1.02639e-05	0.81097	0.81097	1	1	
0.638554	-nan	0.809755	0.901567	1	1	1	1	1	1	3.22145e-06	0.809755	0.809755	1	1	
0.642169	-nan	0.808556	0.900759	1	1	1	1	1	1	1.76863e-07	0.808556	0.808556	1	1	
0.645783	-nan	0.807372	0.899956	1	1	1	1	1	1	8.46747e-07	0.807372	0.807372	1	1	
0.649398	-nan	0.806202	0.899156	1	1	1	1	1	1	4.96579e-06	0.806202	0.806202	1	1	
0.653012	-nan	0.805048	0.898361	1	1	1	1	1	1	1.22857e-05	0.805048	0.805048	1	1	
0.656627	-nan	0.803908	0.897571	1	1	1	1	1	1	2.25739e-05	0.803908	0.803908	1	1	
0.660241	-nan	0.802783	0.896784	1	1	1	1	1	1	3.5613e-05	0.802783	0.802783	1	1	
0.663855	-nan	0.801673	0.896002	1	1	1	1	1	1	5.11993e-05	0.801673	0.801673	1	1	
0.66747	-nan	0.800576	0.895225	1	1	1	1	1	1	6.91424e-05	0.800576	0.800576	1	1	
0.671084	-nan	0.799494	0.894451	1	1	1	1	1	1	8.92638e-05	0.799494	0.799494	1	1	
0.674699	-nan	0.798427	0.893682	1	1	1	1	1	1	0.000111397	0.798427	0.798427	1	1	
0.678313	-nan	0.797373	0.892916	1	1	1	1	1	1	0.000135385	0.797373	0.797373	1	1	
0.681928	-nan	0.796333	0.892155	1	1	1	1	1	1	0.000161084	0.796333	0.796333	1	1	
0.685542	-nan	0.795307	0.891399	1	1	1	1	1	1	0.000188355	0.795307	0.795307	1	1	
0.689157	-nan	0.794295	0.890646	1	1	1	1	1	1	0.000217071	0.794295	0.794295	1	1	
0.692771	-nan	0.793296	0.889897	1	1	1	1	1	1	0.000247114	0.793296	0.793296	1	1	
0.696386	-nan	0.792311	0.889153	1	1	1	1	1	1	0.000278371	0.792311	0.792311	1	1	
0.7	-nan	0.791339	0.888413	1	1	1	1	1	1	0.000310738	0.791339	0.791339	1	1	
0.703614	-nan	0.79038	0.887677	1	1	1	1	1	1	0.000344118	0.79038	0.79038	1	1	
0.707229	-nan	0.789435	0.886945	1	1	1	1	1	1	0.000378419	0.789435	0.789435	1	1	
0.710843	-nan	0.788502	0.886217	1	1	1	1	1	1	0.000413557	0.788502	0.788502	1	1	
0.714458	-nan	0.787582	0.885493	1	1	1	1	1	1	0.000449452	0.787582	0.787582	1	1	
0.718072	-nan	0.786675	0.884773	1	1	1	1	1	1	0.00048603	0.786675	0.786675	1	1	
0.721687	-nan	0.785781	0.884057	1	1	1	1	1	1	0.000523222	0.785781	0.785781	1	1	
0.725301	-nan	0.784899	0.883345	1	1	1	1	1	1	0.000560963	0.784899	0.784899	1	1	
0.728916	-nan	0.784029	0.882638	1	1	1	1	1	1	0.000599193	0.784029	0.784029	1	1	
0.73253	-nan	0.783172	0.881934	1	1	1	1	1	1	0.000637857	0.783172	0.783172	1	1	
0.736145	-nan	0.782327	0.881234	1	1	1	1	1	1	0.000676901	0.782327	0.782327	1	1	
0.739759	-nan	0.781494	0.880538	1	1	1	1	1	1	0.000716277	0.781494	0.781494	1	1	
0.743373	-nan	0.780673	0.879846	1	1	1	1	1	1	0.000755941	0.780673	0.780673	1	1	
0.746988	-nan	0.779863	0.879158	1	1	1	1	1	1	0.000795849	0.779863	0.779863	1	1	
0.750602	-nan	0.779066	0.878474	1	1	1	1	1	1	0.000835962	0.779066	0.779066	1	1	
0.754217	-nan	0.77828	0.877793	1	1	1	1	1	1	0.000876245	0.77828	0.77828	1	1	
0.757831	-nan	0.777505	0.877117	1	1	1	1	1	1	0.000916663	0.777505	0.777505	1	1	
0.761446	-nan	0.776742	0.876444	1	1	1	1	1	1	0.000957185	0.776742	0.776742	1	1	
0.76506	-nan	0.77599	0.875776	1	1	1	1	1	1	0.000997782	0.77599	0.77599	1	1	
0.768675	-nan	0.77525	0.875111	1	1	1	1	1	1	0.00103843	0.77525	0.77525	1	1	
0.772289	-nan	0.77452	0.87445	1	1	1	1	1	1	0.0010791	0.77452	0.77452	1	1	
0.775904	-nan	0.773801	0.873792	1	1	1	1	1	1	0.00111976	0.773801	0.773801	1	1	
0.779518	-nan	0.773093	0.873139	1	1	1	1	1	1	0.00116041	0.773093	0.773093	1	1	
0.783133	-nan	0.772396	0.872489	1	1	1	1	1	1	0.00120102	0.772396	0.772396	1	1	
0.786747	-nan	0.77171	0.871843	1	1	1	1	1	1	0.00124156	0.77171	0.77171	1	1	
0.790361	-nan	0.771033	0.871201	1	1	1	1	1	1	0.00128203	0.771033	0.771033	1	1	
0.793976	-nan	0.770368	0.870562	1	1	1	1	1	1	0.00132242	0.770368	0.770368	1	1	
0.79759	-nan	0.769712	0.869927	1	1	1	1	1	1	0.00136269	0.769712	0.769712	1	1	
0.801205	-nan	0.769067	0.869296	1	1	1	1	1	1	0.00140285	0.769067	0.769067	1	1	
0.804819	-nan	0.768432	0.868668	1	1	1	1	1	1	0.00144288	0.768432	0.768432	1	1	
0.808434	-nan	0.767807	0.868044	1	1	1	1	1	1	0.00148277	0.767807	0.767807	1	1	
0.812048	-nan	0.767192	0.867424	1	1	1	1	1	1	0.00152251	0.767192	0.767192	1	1	
0.815663	-nan	0.766586	0.866807	1	1	1	1	1	1	0.00156209	0.766586	0.766586	1	1	
0.819277	-nan	0.765991	0.866194	1	1	1	1	1	1	0.0016015	0.765991	0.765991	1	1	
0.822892	-nan	0.765405	0.865585	1	1	1	1	1	1	0.00164074	0.765405	0.765405	1	1	
0.826506	-nan	0.764828	0.864979	1	1	1	1	1	1	0.0016798	0.764828	0.764828	1	1	
0.83012	-nan	0.764261	0.864376	1	1	1	1	1	1	0.00171868	0.764261	0.764261	1	1	
0.833735	-nan	0.763703	0.863777	1	1	1	1	1	1	0.00175736	0.763703	0.763703	1	1	
0.837349	-nan	0.763154	0.863182	1	1	1	1	1	1	0.00179586	0.763154	0.763154	1	1	
0.840964	-nan	0.762614	0.86259	1	1	1	1	1	1	0.00183415	0.762614	0.762614	1	1	
0.844578	-nan	0.762083	0.862001	1	1	1	1	1	1	0.00187224	0.762083	0.762083	1	1	
0.848193	-nan	0.761561	0.861416	1	1	1	1	1	1	0.00191012	0.761561	0.761561	1	1	
0.851807	-nan	0.761048	0.860835	1	1	1	1	1	1	0.0019478	0.761048	0.761048	1	1	
0.855422	-nan	0.760544	0.860256	1	1	1	1	1	1	0.00198527	0.760544	0.760544	1	1	
0.859036	-nan	0.760048	0.859682	1	1	1	1	1	1	0.00202252	0.760048	0.760048	1	1	
0.862651	-nan	0.759561	0.85911	1	1	1	1	1	1	0.00205957	0.759561	0.759561	1	1	
0.866265	-nan	0.759083	0.858542	1	1	1	1	1	1	0.0020964	0.759083	0.759083	1	1	
0.86988	-nan	0.758612	0.857977	1	1	1	1	1	1	0.00213302	0.758612	0.758612	1	1	
0.873494	-nan	0.75815	0.857416	1	1	1	1	1	1	0.00216942	0.75815	0.75815	1	1	
0.877108	-nan	0.757696	0.856858	1	1	1	1	1	1	0.00220562	0.757696	0.757696	1	1	
0.880723	-nan	0.75725	0.856303	1	1	1	1	1	1	0.00224159	0.75725	0.75725	1	1	
0.884337	-nan	0.756813	0.855751	1	1	1	1	1	1	0.00227736	0.756813	0.756813	1	1	
0.887952	-nan	0.756383	0.855203	1	1	1	1	1	1	0.00231291	0.756383	0.756383	1	1	
0.891566	-nan	0.755961	0.854658	1	1	1	1	1	1	0.00234826	0.755961	0.755961	1	1	
0.895181	-nan	0.755546	0.854116	1	1	1	1	1	1	0.00238339	0.755546	0.755546	1	1	
0.898795	-nan	0.755139	0.853577	1	1	1	1	1	1	0.00241831	0.755139	0.755139	1	1	
0.90241	-nan	0.75474	0.853042	1	1	1	1	1	1	0.00245303	0.75474	0.75474	1	1	
0.906024	-nan	0.754349	0.85251	1	1	1	1	1	1	0.00248754	0.754349	0.754349	1	1	
0.909639	-nan	0.753964	0.85198	1	1	1	1	1	1	0.00252185	0.753964	0.753964	1	1	
0.913253	-nan	0.753588	0.851454	1	1	1	1	1	1	0.00255595	0.753588	0.753588	1	1	
0.916867	-nan	0.753218	0.850931	1	1	1	1	1	1	0.00258986	0.753218	0.753218	1	1	
0.920482	-nan	0.752855	0.850412	1	1	1	1	1	1	0.00262357	0.752855	0.752855	1	1	
0.924096	-nan	0.7525	0.849895	1	1	1	1	1	1	0.00265708	0.7525	0.7525	1	1	
0.927711	-nan	0.752151	0.849381	1	1	1	1	1	1	0.00269039	0.752151	0.752151	1	1	
0.931325	-nan	0.75181	0.848871	1	1	1	1	1	1	0.00272352	0.75181	0.75181	1	1	
0.93494	-nan	0.751475	0.848363	1	1	1	1	1	1	0.00275646	0.751475	0.751475	1	1	
0.938554	-nan	0.751147	0.847858	1	1	1	1	1	1	0.00278921	0.751147	0.751147	1	1	
0.942169	-nan	0.750826	0.847357	1	1	1	1	1	1	0.00282177	0.750826	0.750826	1	1	
0.945783	-nan	0.750512	0.846858	1	1	1	1	1	1	0.00285416	0.750512	0.750512	1	1	
0.949398	-nan	0.750204	0.846363	1	1	1	1	1	1	0.00288636	0.750204	0.750204	1	1	
0.953012	-nan	0.749902	0.84587	1	1	1	1	1	1	0.00291839	0.749902	0.749902	1	1	
0.956627	-nan	0.749607	0.84538	1	1	1	1	1	1	0.00295024	0.749607	0.749607	1	1	
0.960241	-nan	0.749318	0.844893	1	1	1	1	1	1	0.00298192	0.749318	0.749318	1	1	
0.963855	-nan	0.749036	0.844409	1	1	1	1	1	1	0.00301343	0.749036	0.749036	1	1	
0.96747	-nan	0.748759	0.843928	1	1	1	1	1	1	0.00304478	0.748759	0.748759	1	1	
0.971084	-nan	0.748489	0.84345	1	1	1	1	1	1	0.00307596	0.748489	0.748489	1	1	
0.974699	-nan	0.748225	0.842975	1	1	1	1	1	1	0.00310698	0.748225	0.748225	1	1	
0.978313	-nan	0.747967	0.842502	1	1	1	1	1	1	0.00313784	0.747967	0.747967	1	1	
0.981928	-nan	0.747714	0.842032	1	1	1	1	1	1	0.00316855	0.747714	0.747714	1	1	
0.985542	-nan	0.747468	0.841565	1	1	1	1	1	1	0.0031991	0.747468	0.747468	1	1	
0.989157	-nan	0.747227	0.841101	1	1	1	1	1	1	0.00322951	0.747227	0.747227	1	1	
0.992771	-nan	0.746992	0.84064	1	1	1	1	1	1	0.00325976	0.746992	0.746992	1	1	
0.996386	-nan	0.746763	0.840181	1	1	1	1	1	1	0.00328987	0.746763	0.746763	1	1	
1	-nan	-nan	-nan	-nan	-nan	-nan	-nan	-nan	-nan	-nan	-nan	-nan	-nan	-nan	
