1e-05	-nan	0.583163	0.465708	1	1	1	1	1	1	3.2262	0.583163	0.583163	1	1	
1.03753e-05	-nan	0.583187	0.465777	1	1	1	1	1	1	3.22621	0.583187	0.583187	1	1	
1.07647e-05	-nan	0.583212	0.465848	1	1	1	1	1	1	3.22621	0.583212	0.583212	1	1	
1.11686e-05	-nan	0.583238	0.465918	1	1	1	1	1	1	3.22622	0.583238	0.583238	1	1	
1.15878e-05	-nan	0.583265	0.46599	1	1	1	1	1	1	3.22622	0.583265	0.583265	1	1	
1.20226e-05	-nan	0.583292	0.466062	1	1	1	1	1	1	3.22623	0.583292	0.583292	1	1	
1.24738e-05	-nan	0.58332	0.466134	1	1	1	1	1	1	3.22624	0.58332	0.58332	1	1	
1.2942e-05	-nan	0.583348	0.466207	1	1	1	1	1	1	3.22624	0.583348	0.583348	1	1	
1.34276e-05	-nan	0.583378	0.466281	1	1	1	1	1	1	3.22625	0.583378	0.583378	1	1	
1.39316e-05	-nan	0.583408	0.466355	1	1	1	1	1	1	3.22626	0.583408	0.583408	1	1	
1.44544e-05	-nan	0.583439	0.46643	1	1	1	1	1	1	3.22626	0.583439	0.583439	1	1	
1.49968e-05	-nan	0.583471	0.466505	1	1	1	1	1	1	3.22627	0.583471	0.583471	1	1	
1.55597e-05	-nan	0.583504	0.466581	1	1	1	1	1	1	3.22628	0.583504	0.583504	1	1	
1.61436e-05	-nan	0.583537	0.466658	1	1	1	1	1	1	3.22629	0.583537	0.583537	1	1	
1.67494e-05	-nan	0.583572	0.466735	1	1	1	1	1	1	3.2263	0.583572	0.583572	1	1	
1.7378e-05	-nan	0.583607	0.466813	1	1	1	1	1	1	3.22631	0.583607	0.583607	1	1	
1.80302e-05	-nan	0.583644	0.466892	1	1	1	1	1	1	3.22632	0.583644	0.583644	1	1	
1.87068e-05	-nan	0.583681	0.466971	1	1	1	1	1	1	3.22633	0.583681	0.583681	1	1	
1.94089e-05	-nan	0.58372	0.467051	1	1	1	1	1	1	3.22634	0.58372	0.58372	1	1	
2.01372e-05	-nan	0.583759	0.467132	1	1	1	1	1	1	3.22635	0.583759	0.583759	1	1	
2.0893e-05	-nan	0.5838	0.467214	1	1	1	1	1	1	3.22636	0.5838	0.5838	1	1	
2.1677e-05	-nan	0.583842	0.467296	1	1	1	1	1	1	3.22637	0.583842	0.583842	1	1	
2.24905e-05	-nan	0.583885	0.467379	1	1	1	1	1	1	3.22638	0.583885	0.583885	1	1	
2.33346e-05	-nan	0.583929	0.467463	1	1	1	1	1	1	3.2264	0.583929	0.583929	1	1	
2.42103e-05	-nan	0.583974	0.467548	1	1	1	1	1	1	3.22641	0.583974	0.583974	1	1	
2.51189e-05	-nan	0.584021	0.467633	1	1	1	1	1	1	3.22642	0.584021	0.584021	1	1	
2.60615e-05	-nan	0.584069	0.467719	1	1	1	1	1	1	3.22644	0.584069	0.584069	1	1	
2.70396e-05	-nan	0.584118	0.467806	1	1	1	1	1	1	3.22645	0.584118	0.584118	1	1	
2.80543e-05	-nan	0.584168	0.467894	1	1	1	1	1	1	3.22647	0.584168	0.584168	1	1	
2.91072e-05	-nan	0.58422	0.467983	1	1	1	1	1	1	3.22648	0.58422	0.58422	1	1	
3.01995e-05	-nan	0.584274	0.468073	1	1	1	1	1	1	3.2265	0.584274	0.584274	1	1	
3.13329e-05	-nan	0.584329	0.468164	1	1	1	1	1	1	3.22652	0.584329	0.584329	1	1	
3.25087e-05	-nan	0.584385	0.468255	1	1	1	1	1	1	3.22654	0.584385	0.584385	1	1	
3.37287e-05	-nan	0.584443	0.468348	1	1	1	1	1	1	3.22656	0.584443	0.584443	1	1	
3.49945e-05	-nan	0.584503	0.468442	1	1	1	1	1	1	3.22658	0.584503	0.584503	1	1	
3.63078e-05	-nan	0.584564	0.468536	1	1	1	1	1	1	3.2266	0.584564	0.584564	1	1	
3.76704e-05	-nan	0.584627	0.468632	1	1	1	1	1	1	3.22662	0.584627	0.584627	1	1	
3.90841e-05	-nan	0.584692	0.468728	1	1	1	1	1	1	3.22664	0.584692	0.584692	1	1	
4.05509e-05	-nan	0.584759	0.468826	1	1	1	1	1	1	3.22666	0.584759	0.584759	1	1	
4.20727e-05	-nan	0.584828	0.468925	1	1	1	1	1	1	3.22668	0.584828	0.584828	1	1	
4.36516e-05	-nan	0.584898	0.469024	1	1	1	1	1	1	3.22671	0.584898	0.584898	1	1	
4.52898e-05	-nan	0.584971	0.469125	1	1	1	1	1	1	3.22674	0.584971	0.584971	1	1	
4.69894e-05	-nan	0.585045	0.469227	1	1	1	1	1	1	3.22676	0.585045	0.585045	1	1	
4.87528e-05	-nan	0.585122	0.469331	1	1	1	1	1	1	3.22679	0.585122	0.585122	1	1	
5.05825e-05	-nan	0.585201	0.469435	1	1	1	1	1	1	3.22682	0.585201	0.585201	1	1	
5.24807e-05	-nan	0.585282	0.469541	1	1	1	1	1	1	3.22685	0.585282	0.585282	1	1	
5.44503e-05	-nan	0.585366	0.469648	1	1	1	1	1	1	3.22688	0.585366	0.585366	1	1	
5.64937e-05	-nan	0.585451	0.469756	1	1	1	1	1	1	3.22691	0.585451	0.585451	1	1	
5.86138e-05	-nan	0.58554	0.469865	1	1	1	1	1	1	3.22695	0.58554	0.58554	1	1	
6.08135e-05	-nan	0.58563	0.469976	1	1	1	1	1	1	3.22698	0.58563	0.58563	1	1	
6.30957e-05	-nan	0.585724	0.470088	1	1	1	1	1	1	3.22702	0.585724	0.585724	1	1	
6.54636e-05	-nan	0.58582	0.470202	1	1	1	1	1	1	3.22705	0.58582	0.58582	1	1	
6.79204e-05	-nan	0.585919	0.470317	1	1	1	1	1	1	3.22709	0.585919	0.585919	1	1	
7.04693e-05	-nan	0.58602	0.470433	1	1	1	1	1	1	3.22713	0.58602	0.58602	1	1	
7.31139e-05	-nan	0.586125	0.470551	1	1	1	1	1	1	3.22718	0.586125	0.586125	1	1	
7.58578e-05	-nan	0.586232	0.470671	1	1	1	1	1	1	3.22722	0.586232	0.586232	1	1	
7.87046e-05	-nan	0.586343	0.470792	1	1	1	1	1	1	3.22727	0.586343	0.586343	1	1	
8.16582e-05	-nan	0.586457	0.470914	1	1	1	1	1	1	3.22731	0.586457	0.586457	1	1	
8.47227e-05	-nan	0.586574	0.471038	1	1	1	1	1	1	3.22736	0.586574	0.586574	1	1	
8.79023e-05	-nan	0.586695	0.471164	1	1	1	1	1	1	3.22742	0.586695	0.586695	1	1	
9.12011e-05	-nan	0.586818	0.471292	1	1	1	1	1	1	3.22747	0.586818	0.586818	1	1	
9.46237e-05	-nan	0.586946	0.471421	1	1	1	1	1	1	3.22752	0.586946	0.586946	1	1	
9.81748e-05	-nan	0.587077	0.471552	1	1	1	1	1	1	3.22758	0.587077	0.587077	1	1	
0.000101859	-nan	0.587212	0.471685	1	1	1	1	1	1	3.22764	0.587212	0.587212	1	1	
0.000105682	-nan	0.587351	0.471819	1	1	1	1	1	1	3.22771	0.587351	0.587351	1	1	
0.000109648	-nan	0.587494	0.471956	1	1	1	1	1	1	3.22777	0.587494	0.587494	1	1	
0.000113763	-nan	0.587641	0.472094	1	1	1	1	1	1	3.22784	0.587641	0.587641	1	1	
0.000118032	-nan	0.587792	0.472235	1	1	1	1	1	1	3.22791	0.587792	0.587792	1	1	
0.000122462	-nan	0.587948	0.472377	1	1	1	1	1	1	3.22798	0.587948	0.587948	1	1	
0.000127057	-nan	0.588108	0.472522	1	1	1	1	1	1	3.22806	0.588108	0.588108	1	1	
0.000131826	-nan	0.588272	0.472669	1	1	1	1	1	1	3.22814	0.588272	0.588272	1	1	
0.000136773	-nan	0.588442	0.472817	1	1	1	1	1	1	3.22822	0.588442	0.588442	1	1	
0.000141906	-nan	0.588616	0.472969	1	1	1	1	1	1	3.2283	0.588616	0.588616	1	1	
0.000147231	-nan	0.588796	0.473122	1	1	1	1	1	1	3.22839	0.588796	0.588796	1	1	
0.000152757	-nan	0.58898	0.473278	1	1	1	1	1	1	3.22848	0.58898	0.58898	1	1	
0.000158489	-nan	0.58917	0.473436	1	1	1	1	1	1	3.22858	0.58917	0.58917	1	1	
0.000164437	-nan	0.589366	0.473596	1	1	1	1	1	1	3.22868	0.589366	0.589366	1	1	
0.000170608	-nan	0.589567	0.473759	1	1	1	1	1	1	3.22878	0.589567	0.589567	1	1	
0.000177011	-nan	0.589774	0.473925	1	1	1	1	1	1	3.22889	0.589774	0.589774	1	1	
0.000183654	-nan	0.589987	0.474093	1	1	1	1	1	1	3.229	0.589987	0.589987	1	1	
0.000190546	-nan	0.590206	0.474264	1	1	1	1	1	1	3.22912	0.590206	0.590206	1	1	
0.000197697	-nan	0.590432	0.474438	1	1	1	1	1	1	3.22924	0.590432	0.590432	1	1	
0.000205116	-nan	0.590664	0.474614	1	1	1	1	1	1	3.22937	0.590664	0.590664	1	1	
0.000212814	-nan	0.590903	0.474793	1	1	1	1	1	1	3.2295	0.590903	0.590903	1	1	
0.0002208	-nan	0.591148	0.474976	1	1	1	1	1	1	3.22963	0.591148	0.591148	1	1	
0.000229087	-nan	0.591401	0.475161	1	1	1	1	1	1	3.22977	0.591401	0.591401	1	1	
0.000237684	-nan	0.591661	0.47535	1	1	1	1	1	1	3.22992	0.591661	0.591661	1	1	
0.000246604	-nan	0.591929	0.475541	1	1	1	1	1	1	3.23007	0.591929	0.591929	1	1	
0.000255859	-nan	0.592205	0.475736	1	1	1	1	1	1	3.23023	0.592205	0.592205	1	1	
0.000265461	-nan	0.592488	0.475935	1	1	1	1	1	1	3.2304	0.592488	0.592488	1	1	
0.000275423	-nan	0.59278	0.476137	1	1	1	1	1	1	3.23057	0.59278	0.59278	1	1	
0.000285759	-nan	0.59308	0.476342	1	1	1	1	1	1	3.23075	0.59308	0.59308	1	1	
0.000296483	-nan	0.593389	0.476551	1	1	1	1	1	1	3.23093	0.593389	0.593389	1	1	
0.00030761	-nan	0.593707	0.476764	1	1	1	1	1	1	3.23112	0.593707	0.593707	1	1	
0.000319154	-nan	0.594034	0.47698	1	1	1	1	1	1	3.23132	0.594034	0.594034	1	1	
0.000331131	-nan	0.59437	0.477201	1	1	1	1	1	1	3.23153	0.59437	0.59437	1	1	
0.000343558	-nan	0.594716	0.477426	1	1	1	1	1	1	3.23175	0.594716	0.594716	1	1	
0.000356451	-nan	0.595072	0.477654	1	1	1	1	1	1	3.23197	0.595072	0.595072	1	1	
0.000369828	-nan	0.595439	0.477887	1	1	1	1	1	1	3.23221	0.595439	0.595439	1	1	
0.000383707	-nan	0.595816	0.478125	1	1	1	1	1	1	3.23245	0.595816	0.595816	1	1	
0.000398107	-nan	0.596204	0.478366	1	1	1	1	1	1	3.2327	0.596204	0.596204	1	1	
0.000413048	-nan	0.596603	0.478613	1	1	1	1	1	1	3.23297	0.596603	0.596603	1	1	
0.000428549	-nan	0.597014	0.478864	1	1	1	1	1	1	3.23324	0.597014	0.597014	1	1	
0.000444631	-nan	0.597437	0.47912	1	1	1	1	1	1	3.23352	0.597437	0.597437	1	1	
0.000461318	-nan	0.597871	0.479381	1	1	1	1	1	1	3.23382	0.597871	0.597871	1	1	
0.00047863	-nan	0.598319	0.479647	1	1	1	1	1	1	3.23412	0.598319	0.598319	1	1	
0.000496592	-nan	0.598779	0.479919	1	1	1	1	1	1	3.23444	0.598779	0.598779	1	1	
0.000515229	-nan	0.599252	0.480196	1	1	1	1	1	1	3.23477	0.599252	0.599252	1	1	
0.000534564	-nan	0.59974	0.480478	1	1	1	1	1	1	3.23512	0.59974	0.59974	1	1	
0.000554626	-nan	0.600241	0.480767	1	1	1	1	1	1	3.23547	0.600241	0.600241	1	1	
0.00057544	-nan	0.600756	0.481061	1	1	1	1	1	1	3.23584	0.600756	0.600756	1	1	
0.000597035	-nan	0.601286	0.481361	1	1	1	1	1	1	3.23623	0.601286	0.601286	1	1	
0.000619441	-nan	0.601832	0.481668	1	1	1	1	1	1	3.23663	0.601832	0.601832	1	1	
0.000642688	-nan	0.602393	0.481981	1	1	1	1	1	1	3.23705	0.602393	0.602393	1	1	
0.000666807	-nan	0.60297	0.482301	1	1	1	1	1	1	3.23748	0.60297	0.60297	1	1	
0.000691831	-nan	0.603563	0.482627	1	1	1	1	1	1	3.23793	0.603563	0.603563	1	1	
0.000717794	-nan	0.604174	0.482961	1	1	1	1	1	1	3.2384	0.604174	0.604174	1	1	
0.000744732	-nan	0.604802	0.483301	1	1	1	1	1	1	3.23889	0.604802	0.604802	1	1	
0.000772681	-nan	0.605448	0.48365	1	1	1	1	1	1	3.23939	0.605448	0.605448	1	1	
0.000801678	-nan	0.606112	0.484006	1	1	1	1	1	1	3.23992	0.606112	0.606112	1	1	
0.000831764	-nan	0.606795	0.48437	1	1	1	1	1	1	3.24047	0.606795	0.606795	1	1	
0.000862979	-nan	0.607498	0.484742	1	1	1	1	1	1	3.24103	0.607498	0.607498	1	1	
0.000895365	-nan	0.60822	0.485122	1	1	1	1	1	1	3.24162	0.60822	0.60822	1	1	
0.000928966	-nan	0.608963	0.485511	1	1	1	1	1	1	3.24224	0.608963	0.608963	1	1	
0.000963829	-nan	0.609727	0.48591	1	1	1	1	1	1	3.24288	0.609727	0.609727	1	1	
0.001	-nan	0.610512	0.486317	1	1	1	1	1	1	3.24354	0.610512	0.610512	1	1	
0.00103753	-nan	0.61132	0.486734	1	1	1	1	1	1	3.24423	0.61132	0.61132	1	1	
0.00107647	-nan	0.61215	0.487161	1	1	1	1	1	1	3.24494	0.61215	0.61215	1	1	
0.00111686	-nan	0.613003	0.487597	1	1	1	1	1	1	3.24569	0.613003	0.613003	1	1	
0.00115878	-nan	0.613881	0.488045	1	1	1	1	1	1	3.24646	0.613881	0.613881	1	1	
0.00120226	-nan	0.614783	0.488503	1	1	1	1	1	1	3.24726	0.614783	0.614783	1	1	
0.00124738	-nan	0.61571	0.488972	1	1	1	1	1	1	3.2481	0.61571	0.61571	1	1	
0.0012942	-nan	0.616663	0.489453	1	1	1	1	1	1	3.24896	0.616663	0.616663	1	1	
0.00134276	-nan	0.617643	0.489945	1	1	1	1	1	1	3.24987	0.617643	0.617643	1	1	
0.00139316	-nan	0.61865	0.49045	1	1	1	1	1	1	3.2508	0.61865	0.61865	1	1	
0.00144544	-nan	0.619684	0.490967	1	1	1	1	1	1	3.25178	0.619684	0.619684	1	1	
0.00149968	-nan	0.620748	0.491498	1	1	1	1	1	1	3.25279	0.620748	0.620748	1	1	
0.00155597	-nan	0.62184	0.492042	1	1	1	1	1	1	3.25384	0.62184	0.62184	1	1	
0.00161436	-nan	0.622963	0.4926	1	1	1	1	1	1	3.25493	0.622963	0.622963	1	1	
0.00167494	-nan	0.624116	0.493172	1	1	1	1	1	1	3.25607	0.624116	0.624116	1	1	
0.0017378	-nan	0.625301	0.49376	1	1	1	1	1	1	3.25725	0.625301	0.625301	1	1	
0.00180302	-nan	0.626518	0.494362	1	1	1	1	1	1	3.25847	0.626518	0.626518	1	1	
0.00187068	-nan	0.627769	0.494981	1	1	1	1	1	1	3.25975	0.627769	0.627769	1	1	
0.00194089	-nan	0.629053	0.495616	1	1	1	1	1	1	3.26107	0.629053	0.629053	1	1	
0.00201372	-nan	0.630372	0.496269	1	1	1	1	1	1	3.26244	0.630372	0.630372	1	1	
0.0020893	-nan	0.631727	0.496938	1	1	1	1	1	1	3.26387	0.631727	0.631727	1	1	
0.0021677	-nan	0.633118	0.497627	1	1	1	1	1	1	3.26536	0.633118	0.633118	1	1	
0.00224905	-nan	0.634547	0.498334	1	1	1	1	1	1	3.2669	0.634547	0.634547	1	1	
0.00233346	-nan	0.636013	0.49906	1	1	1	1	1	1	3.2685	0.636013	0.636013	1	1	
0.00242103	-nan	0.637519	0.499807	1	1	1	1	1	1	3.27017	0.637519	0.637519	1	1	
0.00251189	-nan	0.639064	0.500575	1	1	1	1	1	1	3.2719	0.639064	0.639064	1	1	
0.00260615	-nan	0.640651	0.501364	1	1	1	1	1	1	3.27369	0.640651	0.640651	1	1	
0.00270396	-nan	0.642279	0.502176	1	1	1	1	1	1	3.27556	0.642279	0.642279	1	1	
0.00280543	-nan	0.64395	0.503012	1	1	1	1	1	1	3.2775	0.64395	0.64395	1	1	
0.00291072	-nan	0.645664	0.503871	1	1	1	1	1	1	3.27951	0.645664	0.645664	1	1	
0.00301995	-nan	0.647423	0.504755	1	1	1	1	1	1	3.28161	0.647423	0.647423	1	1	
0.00313329	-nan	0.649228	0.505666	1	1	1	1	1	1	3.28378	0.649228	0.649228	1	1	
0.00325087	-nan	0.651079	0.506603	1	1	1	1	1	1	3.28604	0.651079	0.651079	1	1	
0.00337287	-nan	0.652978	0.507568	1	1	1	1	1	1	3.28839	0.652978	0.652978	1	1	
0.00349945	-nan	0.654925	0.508562	1	1	1	1	1	1	3.29082	0.654925	0.654925	1	1	
0.00363078	-nan	0.656921	0.509585	1	1	1	1	1	1	3.29335	0.656921	0.656921	1	1	
0.00376704	-nan	0.658968	0.51064	1	1	1	1	1	1	3.29598	0.658968	0.658968	1	1	
0.00390841	-nan	0.661066	0.511727	1	1	1	1	1	1	3.29871	0.661066	0.661066	1	1	
0.00405509	-nan	0.663217	0.512848	1	1	1	1	1	1	3.30155	0.663217	0.663217	1	1	
0.00420727	-nan	0.665421	0.514003	1	1	1	1	1	1	3.30449	0.665421	0.665421	1	1	
0.00436516	-nan	0.66768	0.515194	1	1	1	1	1	1	3.30755	0.66768	0.66768	1	1	
0.00452898	-nan	0.669994	0.516423	1	1	1	1	1	1	3.31073	0.669994	0.669994	1	1	
0.00469894	-nan	0.672364	0.51769	1	1	1	1	1	1	3.31402	0.672364	0.672364	1	1	
0.00487528	-nan	0.674792	0.518998	1	1	1	1	1	1	3.31745	0.674792	0.674792	1	1	
0.00505825	-nan	0.677278	0.520347	1	1	1	1	1	1	3.32101	0.677278	0.677278	1	1	
0.00524807	-nan	0.679824	0.52174	1	1	1	1	1	1	3.3247	0.679824	0.679824	1	1	
0.00544503	-nan	0.68243	0.523178	1	1	1	1	1	1	3.32853	0.68243	0.68243	1	1	
0.00564937	-nan	0.685097	0.524662	1	1	1	1	1	1	3.33251	0.685097	0.685097	1	1	
0.00586138	-nan	0.687827	0.526196	1	1	1	1	1	1	3.33664	0.687827	0.687827	1	1	
0.00608135	-nan	0.69062	0.52778	1	1	1	1	1	1	3.34093	0.69062	0.69062	1	1	
0.00630957	-nan	0.693477	0.529416	1	1	1	1	1	1	3.34539	0.693477	0.693477	1	1	
0.00654636	-nan	0.696399	0.531107	1	1	1	1	1	1	3.35001	0.696399	0.696399	1	1	
0.00679204	-nan	0.699387	0.532855	1	1	1	1	1	1	3.3548	0.699387	0.699387	1	1	
0.00704693	-nan	0.702441	0.534662	1	1	1	1	1	1	3.35978	0.702441	0.702441	1	1	
0.00731139	-nan	0.705564	0.53653	1	1	1	1	1	1	3.36495	0.705564	0.705564	1	1	
0.00758578	-nan	0.708755	0.538462	1	1	1	1	1	1	3.37031	0.708755	0.708755	1	1	
0.00787046	-nan	0.712015	0.540461	1	1	1	1	1	1	3.37588	0.712015	0.712015	1	1	
0.00816582	-nan	0.715345	0.542528	1	1	1	1	1	1	3.38165	0.715345	0.715345	1	1	
0.00847227	-nan	0.718745	0.544667	1	1	1	1	1	1	3.38764	0.718745	0.718745	1	1	
0.00879023	-nan	0.722217	0.546881	1	1	1	1	1	1	3.39385	0.722217	0.722217	1	1	
0.00912011	-nan	0.725761	0.549172	1	1	1	1	1	1	3.4003	0.725761	0.725761	1	1	
0.00946237	-nan	0.729378	0.551544	1	1	1	1	1	1	3.40699	0.729378	0.729378	1	1	
0.00981748	-nan	0.733068	0.554	1	1	1	1	1	1	3.41392	0.733068	0.733068	1	1	
0.0101859	-nan	0.736831	0.556544	1	1	1	1	1	1	3.42111	0.736831	0.736831	1	1	
0.0105682	-nan	0.740668	0.559178	1	1	1	1	1	1	3.42857	0.740668	0.740668	1	1	
0.0109648	-nan	0.74458	0.561908	1	1	1	1	1	1	3.4363	0.74458	0.74458	1	1	
0.0113763	-nan	0.748566	0.564736	1	1	1	1	1	1	3.44431	0.748566	0.748566	1	1	
0.0118032	-nan	0.752627	0.567666	1	1	1	1	1	1	3.45262	0.752627	0.752627	1	1	
0.0122462	-nan	0.756763	0.570703	1	1	1	1	1	1	3.46124	0.756763	0.756763	1	1	
0.0127057	-nan	0.760975	0.573852	1	1	1	1	1	1	3.47016	0.760975	0.760975	1	1	
0.0131826	-nan	0.765261	0.577116	1	1	1	1	1	1	3.47941	0.765261	0.765261	1	1	
0.0136773	-nan	0.769623	0.5805	1	1	1	1	1	1	3.48899	0.769623	0.769623	1	1	
0.0141906	-nan	0.77406	0.58401	1	1	1	1	1	1	3.49892	0.77406	0.77406	1	1	
0.0147231	-nan	0.778572	0.58765	1	1	1	1	1	1	3.5092	0.778572	0.778572	1	1	
0.0152757	-nan	0.783158	0.591426	1	1	1	1	1	1	3.51984	0.783158	0.783158	1	1	
0.0158489	-nan	0.787819	0.595344	1	1	1	1	1	1	3.53086	0.787819	0.787819	1	1	
0.0164437	-nan	0.792553	0.599408	1	1	1	1	1	1	3.54228	0.792553	0.792553	1	1	
0.0170608	-nan	0.797361	0.603626	1	1	1	1	1	1	3.55409	0.797361	0.797361	1	1	
0.0177011	-nan	0.802241	0.608003	1	1	1	1	1	1	3.56631	0.802241	0.802241	1	1	
0.0183654	-nan	0.807192	0.612545	1	1	1	1	1	1	3.57895	0.807192	0.807192	1	1	
0.0190546	-nan	0.812214	0.617261	1	1	1	1	1	1	3.59203	0.812214	0.812214	1	1	
0.0197697	-nan	0.817306	0.622156	1	1	1	1	1	1	3.60556	0.817306	0.817306	1	1	
0.0205116	-nan	0.822467	0.627237	1	1	1	1	1	1	3.61954	0.822467	0.822467	1	1	
0.0212814	-nan	0.827695	0.632513	1	1	1	1	1	1	3.63399	0.827695	0.827695	1	1	
0.02208	-nan	0.83299	0.637991	1	1	1	1	1	1	3.64893	0.83299	0.83299	1	1	
0.0229087	-nan	0.838349	0.643679	1	1	1	1	1	1	3.66435	0.838349	0.838349	1	1	
0.0237684	-nan	0.843771	0.649586	1	1	1	1	1	1	3.68029	0.843771	0.843771	1	1	
0.0246604	-nan	0.849255	0.655719	1	1	1	1	1	1	3.69674	0.849255	0.849255	1	1	
0.0255859	-nan	0.854798	0.662088	1	1	1	1	1	1	3.71371	0.854798	0.854798	1	1	
0.0265461	-nan	0.8604	0.668702	1	1	1	1	1	1	3.73123	0.8604	0.8604	1	1	
0.0275423	-nan	0.866057	0.675571	1	1	1	1	1	1	3.74929	0.866057	0.866057	1	1	
0.0285759	-nan	0.871767	0.682704	1	1	1	1	1	1	3.76791	0.871767	0.871767	1	1	
0.0296483	-nan	0.877529	0.690111	1	1	1	1	1	1	3.7871	0.877529	0.877529	1	1	
0.030761	-nan	0.88334	0.697802	1	1	1	1	1	1	3.80686	0.88334	0.88334	1	1	
0.0319154	-nan	0.889197	0.705788	1	1	1	1	1	1	3.82721	0.889197	0.889197	1	1	
0.0331131	-nan	0.895097	0.714079	1	1	1	1	1	1	3.84815	0.895097	0.895097	1	1	
0.0343558	-nan	0.901039	0.722686	1	1	1	1	1	1	3.86969	0.901039	0.901039	1	1	
0.0356451	-nan	0.907019	0.731621	1	1	1	1	1	1	3.89183	0.907019	0.907019	1	1	
0.0369828	-nan	0.913034	0.740894	1	1	1	1	1	1	3.91458	0.913034	0.913034	1	1	
0.0383707	-nan	0.919081	0.750517	1	1	1	1	1	1	3.93794	0.919081	0.919081	1	1	
0.0398107	-nan	0.925157	0.760502	1	1	1	1	1	1	3.96191	0.925157	0.925157	1	1	
0.0413048	-nan	0.931259	0.770859	1	1	1	1	1	1	3.98648	0.931259	0.931259	1	1	
0.0428549	-nan	0.937382	0.781601	1	1	1	1	1	1	4.01167	0.937382	0.937382	1	1	
0.0444631	-nan	0.943525	0.792738	1	1	1	1	1	1	4.03745	0.943525	0.943525	1	1	
0.0461318	-nan	0.949682	0.804283	1	1	1	1	1	1	4.06383	0.949682	0.949682	1	1	
0.047863	-nan	0.95585	0.816245	1	1	1	1	1	1	4.0908	0.95585	0.95585	1	1	
0.0496592	-nan	0.962026	0.828637	1	1	1	1	1	1	4.11835	0.962026	0.962026	1	1	
0.0515229	-nan	0.968206	0.841469	1	1	1	1	1	1	4.14645	0.968206	0.968206	1	1	
0.0534564	-nan	0.974385	0.854749	1	1	1	1	1	1	4.1751	0.974385	0.974385	1	1	
0.0554626	-nan	0.980559	0.868489	1	1	1	1	1	1	4.20426	0.980559	0.980559	1	1	
0.057544	-nan	0.986725	0.882697	1	1	1	1	1	1	4.23393	0.986725	0.986725	1	1	
0.0597035	-nan	0.992878	0.89738	1	1	1	1	1	1	4.26406	0.992878	0.992878	1	1	
0.0619441	-nan	0.999014	0.912545	1	1	1	1	1	1	4.29462	0.999014	0.999014	1	1	
0.0642688	-nan	1.00513	0.928198	1	1	1	1	1	1	4.32559	1.00513	1.00513	1	1	
0.0666807	-nan	1.01122	0.944342	1	1	1	1	1	1	4.35691	1.01122	1.01122	1	1	
0.0691831	-nan	1.01728	0.960981	1	1	1	1	1	1	4.38853	1.01728	1.01728	1	1	
0.0717794	-nan	1.0233	0.978115	1	1	1	1	1	1	4.42041	1.0233	1.0233	1	1	
0.0744732	-nan	1.02928	0.995742	1	1	1	1	1	1	4.45249	1.02928	1.02928	1	1	
0.0772681	-nan	1.03522	1.01386	1	1	1	1	1	1	4.4847	1.03522	1.03522	1	1	
0.0801678	-nan	1.04111	1.03246	1	1	1	1	1	1	4.51698	1.04111	1.04111	1	1	
0.0831764	-nan	1.04695	1.05153	1	1	1	1	1	1	4.54923	1.04695	1.04695	1	1	
0.0862979	-nan	1.05273	1.07106	1	1	1	1	1	1	4.58139	1.05273	1.05273	1	1	
0.0895365	-nan	1.05844	1.09103	1	1	1	1	1	1	4.61335	1.05844	1.05844	1	1	
0.0928966	-nan	1.06409	1.11142	1	1	1	1	1	1	4.64502	1.06409	1.06409	1	1	
0.0963829	-nan	1.06967	1.1322	1	1	1	1	1	1	4.67629	1.06967	1.06967	1	1	
0.1	-nan	1.07516	1.15335	1	1	1	1	1	1	4.70704	1.07516	1.07516	1	1	
0.103614	-nan	1.08038	1.17404	1	1	1	1	1	1	4.73606	1.08038	1.08038	1	1	
0.107229	-nan	1.08534	1.19426	1	1	1	1	1	1	4.76342	1.08534	1.08534	1	1	
0.110843	-nan	1.09006	1.21401	1	1	1	1	1	1	4.78911	1.09006	1.09006	1	1	
0.114458	-nan	1.09455	1.23326	1	1	1	1	1	1	4.81318	1.09455	1.09455	1	1	
0.118072	-nan	1.09883	1.252	1	1	1	1	1	1	4.83565	1.09883	1.09883	1	1	
0.121687	-nan	1.10291	1.27022	1	1	1	1	1	1	4.85654	1.10291	1.10291	1	1	
0.125301	-nan	1.10679	1.2879	1	1	1	1	1	1	4.87586	1.10679	1.10679	1	1	
0.128916	-nan	1.1105	1.30504	1	1	1	1	1	1	4.89366	1.1105	1.1105	1	1	
0.13253	-nan	1.11403	1.32161	1	1	1	1	1	1	4.90996	1.11403	1.11403	1	1	
0.136145	-nan	1.1174	1.33761	1	1	1	1	1	1	4.92477	1.1174	1.1174	1	1	
0.139759	-nan	1.12061	1.35303	1	1	1	1	1	1	4.93813	1.12061	1.12061	1	1	
0.143373	-nan	1.12368	1.36785	1	1	1	1	1	1	4.95007	1.12368	1.12368	1	1	
0.146988	-nan	1.12661	1.38208	1	1	1	1	1	1	4.9606	1.12661	1.12661	1	1	
0.150602	-nan	1.1294	1.39569	1	1	1	1	1	1	4.96975	1.1294	1.1294	1	1	
0.154217	-nan	1.13206	1.4087	1	1	1	1	1	1	4.97755	1.13206	1.13206	1	1	
0.157831	-nan	1.13461	1.42108	1	1	1	1	1	1	4.98403	1.13461	1.13461	1	1	
0.161446	-nan	1.13703	1.43283	1	1	1	1	1	1	4.98921	1.13703	1.13703	1	1	
0.16506	-nan	1.13934	1.44396	1	1	1	1	1	1	4.99311	1.13934	1.13934	1	1	
0.168675	-nan	1.14155	1.45445	1	1	1	1	1	1	4.99578	1.14155	1.14155	1	1	
0.172289	-nan	1.14365	1.4643	1	1	1	1	1	1	4.99722	1.14365	1.14365	1	1	
0.175904	-nan	1.14565	1.47352	1	1	1	1	1	1	4.99747	1.14565	1.14565	1	1	
0.179518	-nan	1.14756	1.48211	1	1	1	1	1	1	4.99656	1.14756	1.14756	1	1	
0.183133	-nan	1.14937	1.49005	1	1	1	1	1	1	4.99452	1.14937	1.14937	1	1	
0.186747	-nan	1.1511	1.49737	1	1	1	1	1	1	4.99136	1.1511	1.1511	1	1	
0.190361	-nan	1.15274	1.50406	1	1	1	1	1	1	4.98713	1.15274	1.15274	1	1	
0.193976	-nan	1.1543	1.51012	1	1	1	1	1	1	4.98184	1.1543	1.1543	1	1	
0.19759	-nan	1.15578	1.51557	1	1	1	1	1	1	4.97554	1.15578	1.15578	1	1	
0.201205	-nan	1.15718	1.5204	1	1	1	1	1	1	4.96824	1.15718	1.15718	1	1	
0.204819	-nan	1.1585	1.52464	1	1	1	1	1	1	4.95997	1.1585	1.1585	1	1	
0.208434	-nan	1.15976	1.52828	1	1	1	1	1	1	4.95077	1.15976	1.15976	1	1	
0.212048	-nan	1.16094	1.53134	1	1	1	1	1	1	4.94067	1.16094	1.16094	1	1	
0.215663	-nan	1.16206	1.53384	1	1	1	1	1	1	4.9297	1.16206	1.16206	1	1	
0.219277	-nan	1.16311	1.53578	1	1	1	1	1	1	4.91788	1.16311	1.16311	1	1	
0.222892	-nan	1.1641	1.53718	1	1	1	1	1	1	4.90525	1.1641	1.1641	1	1	
0.226506	-nan	1.16503	1.53806	1	1	1	1	1	1	4.89185	1.16503	1.16503	1	1	
0.23012	-nan	1.1659	1.53844	1	1	1	1	1	1	4.87769	1.1659	1.1659	1	1	
0.233735	-nan	1.1667	1.53833	1	1	1	1	1	1	4.86282	1.1667	1.1667	1	1	
0.237349	-nan	1.16746	1.53775	1	1	1	1	1	1	4.84727	1.16746	1.16746	1	1	
0.240964	-nan	1.16815	1.53672	1	1	1	1	1	1	4.83107	1.16815	1.16815	1	1	
0.244578	-nan	1.1688	1.53528	1	1	1	1	1	1	4.81426	1.1688	1.1688	1	1	
0.248193	-nan	1.16939	1.53342	1	1	1	1	1	1	4.79686	1.16939	1.16939	1	1	
0.251807	-nan	1.16993	1.53119	1	1	1	1	1	1	4.7789	1.16993	1.16993	1	1	
0.255422	-nan	1.17042	1.5286	1	1	1	1	1	1	4.76043	1.17042	1.17042	1	1	
0.259036	-nan	1.17086	1.52567	1	1	1	1	1	1	4.74148	1.17086	1.17086	1	1	
0.262651	-nan	1.17125	1.52243	1	1	1	1	1	1	4.72207	1.17125	1.17125	1	1	
0.266265	-nan	1.1716	1.51891	1	1	1	1	1	1	4.70224	1.1716	1.1716	1	1	
0.26988	-nan	1.1719	1.51513	1	1	1	1	1	1	4.68203	1.1719	1.1719	1	1	
0.273494	-nan	1.17216	1.5111	1	1	1	1	1	1	4.66147	1.17216	1.17216	1	1	
0.277108	-nan	1.17238	1.50687	1	1	1	1	1	1	4.64058	1.17238	1.17238	1	1	
0.280723	-nan	1.17255	1.50244	1	1	1	1	1	1	4.6194	1.17255	1.17255	1	1	
0.284337	-nan	1.17268	1.49785	1	1	1	1	1	1	4.59797	1.17268	1.17268	1	1	
0.287952	-nan	1.17277	1.49312	1	1	1	1	1	1	4.57631	1.17277	1.17277	1	1	
0.291566	-nan	1.17282	1.48826	1	1	1	1	1	1	4.55445	1.17282	1.17282	1	1	
0.295181	-nan	1.17284	1.48331	1	1	1	1	1	1	4.53242	1.17284	1.17284	1	1	
0.298795	-nan	1.17281	1.47827	1	1	1	1	1	1	4.51026	1.17281	1.17281	1	1	
0.30241	-nan	1.17275	1.47318	1	1	1	1	1	1	4.48799	1.17275	1.17275	1	1	
0.306024	-nan	1.17265	1.46805	1	1	1	1	1	1	4.46564	1.17265	1.17265	1	1	
0.309639	-nan	1.17252	1.46291	1	1	1	1	1	1	4.44324	1.17252	1.17252	1	1	
0.313253	-nan	1.17235	1.45775	1	1	1	1	1	1	4.42081	1.17235	1.17235	1	1	
0.316867	-nan	1.17214	1.45262	1	1	1	1	1	1	4.39838	1.17214	1.17214	1	1	
0.320482	-nan	1.17191	1.44751	1	1	1	1	1	1	4.37597	1.17191	1.17191	1	1	
0.324096	-nan	1.17164	1.44244	1	1	1	1	1	1	4.35361	1.17164	1.17164	1	1	
0.327711	-nan	1.17133	1.43744	1	1	1	1	1	1	4.33133	1.17133	1.17133	1	1	
0.331325	-nan	1.171	1.4325	1	1	1	1	1	1	4.30913	1.171	1.171	1	1	
0.33494	-nan	1.17063	1.42765	1	1	1	1	1	1	4.28705	1.17063	1.17063	1	1	
0.338554	-nan	1.17023	1.42288	1	1	1	1	1	1	4.2651	1.17023	1.17023	1	1	
0.342169	-nan	1.1698	1.41822	1	1	1	1	1	1	4.2433	1.1698	1.1698	1	1	
0.345783	-nan	1.16935	1.41366	1	1	1	1	1	1	4.22167	1.16935	1.16935	1	1	
0.349398	-nan	1.16886	1.40922	1	1	1	1	1	1	4.20023	1.16886	1.16886	1	1	
0.353012	-nan	1.16834	1.4049	1	1	1	1	1	1	4.179	1.16834	1.16834	1	1	
0.356627	-nan	1.1678	1.40071	1	1	1	1	1	1	4.15798	1.1678	1.1678	1	1	
0.360241	-nan	1.16723	1.39665	1	1	1	1	1	1	4.1372	1.16723	1.16723	1	1	
0.363855	-nan	1.16663	1.39273	1	1	1	1	1	1	4.11665	1.16663	1.16663	1	1	
0.36747	-nan	1.166	1.38894	1	1	1	1	1	1	4.09637	1.166	1.166	1	1	
0.371084	-nan	1.16535	1.3853	1	1	1	1	1	1	4.07636	1.16535	1.16535	1	1	
0.374699	-nan	1.16467	1.3818	1	1	1	1	1	1	4.05662	1.16467	1.16467	1	1	
0.378313	-nan	1.16397	1.37844	1	1	1	1	1	1	4.03717	1.16397	1.16397	1	1	
0.381928	-nan	1.16324	1.37522	1	1	1	1	1	1	4.01802	1.16324	1.16324	1	1	
0.385542	-nan	1.16248	1.37214	1	1	1	1	1	1	3.99917	1.16248	1.16248	1	1	
0.389157	-nan	1.16171	1.36921	1	1	1	1	1	1	3.98063	1.16171	1.16171	1	1	
0.392771	-nan	1.1609	1.36642	1	1	1	1	1	1	3.96241	1.1609	1.1609	1	1	
0.396386	-nan	1.16008	1.36377	1	1	1	1	1	1	3.94451	1.16008	1.16008	1	1	
0.4	-nan	1.15923	1.36125	1	1	1	1	1	1	3.92694	1.15923	1.15923	1	1	
0.403614	-nan	1.15836	1.35887	1	1	1	1	1	1	3.90969	1.15836	1.15836	1	1	
0.407229	-nan	1.15746	1.35662	1	1	1	1	1	1	3.89278	1.15746	1.15746	1	1	
0.410843	-nan	1.15655	1.3545	1	1	1	1	1	1	3.8762	1.15655	1.15655	1	1	
0.414458	-nan	1.15561	1.3525	1	1	1	1	1	1	3.85996	1.15561	1.15561	1	1	
0.418072	-nan	1.15465	1.35063	1	1	1	1	1	1	3.84405	1.15465	1.15465	1	1	
0.421687	-nan	1.15367	1.34888	1	1	1	1	1	1	3.82849	1.15367	1.15367	1	1	
0.425301	-nan	1.15267	1.34724	1	1	1	1	1	1	3.81326	1.15267	1.15267	1	1	
0.428916	-nan	1.15165	1.34571	1	1	1	1	1	1	3.79837	1.15165	1.15165	1	1	
0.43253	-nan	1.1506	1.34429	1	1	1	1	1	1	3.78382	1.1506	1.1506	1	1	
0.436145	-nan	1.14954	1.34298	1	1	1	1	1	1	3.7696	1.14954	1.14954	1	1	
0.439759	-nan	1.14846	1.34176	1	1	1	1	1	1	3.75572	1.14846	1.14846	1	1	
0.443373	-nan	1.14736	1.34065	1	1	1	1	1	1	3.74217	1.14736	1.14736	1	1	
0.446988	-nan	1.14624	1.33962	1	1	1	1	1	1	3.72895	1.14624	1.14624	1	1	
0.450602	-nan	1.14511	1.33868	1	1	1	1	1	1	3.71605	1.14511	1.14511	1	1	
0.454217	-nan	1.14395	1.33783	1	1	1	1	1	1	3.70348	1.14395	1.14395	1	1	
0.457831	-nan	1.14278	1.33706	1	1	1	1	1	1	3.69123	1.14278	1.14278	1	1	
0.461446	-nan	1.14159	1.33636	1	1	1	1	1	1	3.6793	1.14159	1.14159	1	1	
0.46506	-nan	1.14038	1.33574	1	1	1	1	1	1	3.66768	1.14038	1.14038	1	1	
0.468675	-nan	1.13916	1.33518	1	1	1	1	1	1	3.65637	1.13916	1.13916	1	1	
0.472289	-nan	1.13792	1.3347	1	1	1	1	1	1	3.64537	1.13792	1.13792	1	1	
0.475904	-nan	1.13666	1.33427	1	1	1	1	1	1	3.63466	1.13666	1.13666	1	1	
0.479518	-nan	1.13539	1.3339	1	1	1	1	1	1	3.62426	1.13539	1.13539	1	1	
0.483133	-nan	1.1341	1.33359	1	1	1	1	1	1	3.61414	1.1341	1.1341	1	1	
0.486747	-nan	1.13279	1.33333	1	1	1	1	1	1	3.60431	1.13279	1.13279	1	1	
0.490361	-nan	1.13147	1.33312	1	1	1	1	1	1	3.59477	1.13147	1.13147	1	1	
0.493976	-nan	1.13014	1.33296	1	1	1	1	1	1	3.5855	1.13014	1.13014	1	1	
0.49759	-nan	1.12879	1.33283	1	1	1	1	1	1	3.57651	1.12879	1.12879	1	1	
0.501205	-nan	1.12743	1.33275	1	1	1	1	1	1	3.56778	1.12743	1.12743	1	1	
0.504819	-nan	1.12605	1.33271	1	1	1	1	1	1	3.55931	1.12605	1.12605	1	1	
0.508434	-nan	1.12466	1.3327	1	1	1	1	1	1	3.55111	1.12466	1.12466	1	1	
0.512048	-nan	1.12326	1.33272	1	1	1	1	1	1	3.54315	1.12326	1.12326	1	1	
0.515663	-nan	1.12184	1.33277	1	1	1	1	1	1	3.53545	1.12184	1.12184	1	1	
0.519277	-nan	1.12041	1.33284	1	1	1	1	1	1	3.52798	1.12041	1.12041	1	1	
0.522892	-nan	1.11897	1.33294	1	1	1	1	1	1	3.52076	1.11897	1.11897	1	1	
0.526506	-nan	1.11751	1.33307	1	1	1	1	1	1	3.51376	1.11751	1.11751	1	1	
0.53012	-nan	1.11604	1.33321	1	1	1	1	1	1	3.50699	1.11604	1.11604	1	1	
0.533735	-nan	1.11457	1.33337	1	1	1	1	1	1	3.50045	1.11457	1.11457	1	1	
0.537349	-nan	1.11307	1.33355	1	1	1	1	1	1	3.49412	1.11307	1.11307	1	1	
0.540964	-nan	1.11157	1.33374	1	1	1	1	1	1	3.48801	1.11157	1.11157	1	1	
0.544578	-nan	1.11006	1.33394	1	1	1	1	1	1	3.4821	1.11006	1.11006	1	1	
0.548193	-nan	1.10854	1.33416	1	1	1	1	1	1	3.47639	1.10854	1.10854	1	1	
0.551807	-nan	1.107	1.33438	1	1	1	1	1	1	3.47089	1.107	1.107	1	1	
0.555422	-nan	1.10546	1.33461	1	1	1	1	1	1	3.46557	1.10546	1.10546	1	1	
0.559036	-nan	1.1039	1.33485	1	1	1	1	1	1	3.46045	1.1039	1.1039	1	1	
0.562651	-nan	1.10234	1.33509	1	1	1	1	1	1	3.45551	1.10234	1.10234	1	1	
0.566265	-nan	1.10076	1.33534	1	1	1	1	1	1	3.45075	1.10076	1.10076	1	1	
0.56988	-nan	1.09918	1.33559	1	1	1	1	1	1	3.44616	1.09918	1.09918	1	1	
0.573494	-nan	1.09759	1.33583	1	1	1	1	1	1	3.44175	1.09759	1.09759	1	1	
0.577108	-nan	1.09599	1.33608	1	1	1	1	1	1	3.4375	1.09599	1.09599	1	1	
0.580723	-nan	1.09438	1.33633	1	1	1	1	1	1	3.43341	1.09438	1.09438	1	1	
0.584337	-nan	1.09276	1.33657	1	1	1	1	1	1	3.42948	1.09276	1.09276	1	1	
0.587952	-nan	1.09113	1.33681	1	1	1	1	1	1	3.4257	1.09113	1.09113	1	1	
0.591566	-nan	1.0895	1.33705	1	1	1	1	1	1	3.42208	1.0895	1.0895	1	1	
0.595181	-nan	1.08786	1.33728	1	1	1	1	1	1	3.4186	1.08786	1.08786	1	1	
0.598795	-nan	1.08621	1.33751	1	1	1	1	1	1	3.41526	1.08621	1.08621	1	1	
0.60241	-nan	1.08455	1.33773	1	1	1	1	1	1	3.41206	1.08455	1.08455	1	1	
0.606024	-nan	1.08289	1.33794	1	1	1	1	1	1	3.40899	1.08289	1.08289	1	1	
0.609639	-nan	1.08122	1.33814	1	1	1	1	1	1	3.40606	1.08122	1.08122	1	1	
0.613253	-nan	1.07954	1.33834	1	1	1	1	1	1	3.40325	1.07954	1.07954	1	1	
0.616867	-nan	1.07786	1.33852	1	1	1	1	1	1	3.40057	1.07786	1.07786	1	1	
0.620482	-nan	1.07617	1.3387	1	1	1	1	1	1	3.39801	1.07617	1.07617	1	1	
0.624096	-nan	1.07448	1.33886	1	1	1	1	1	1	3.39556	1.07448	1.07448	1	1	
0.627711	-nan	1.07278	1.33902	1	1	1	1	1	1	3.39323	1.07278	1.07278	1	1	
0.631325	-nan	1.07107	1.33916	1	1	1	1	1	1	3.39101	1.07107	1.07107	1	1	
0.63494	-nan	1.06936	1.33929	1	1	1	1	1	1	3.3889	1.06936	1.06936	1	1	
0.638554	-nan	1.06765	1.33942	1	1	1	1	1	1	3.38689	1.06765	1.06765	1	1	
0.642169	-nan	1.06593	1.33952	1	1	1	1	1	1	3.38498	1.06593	1.06593	1	1	
0.645783	-nan	1.0642	1.33962	1	1	1	1	1	1	3.38318	1.0642	1.0642	1	1	
0.649398	-nan	1.06247	1.3397	1	1	1	1	1	1	3.38146	1.06247	1.06247	1	1	
0.653012	-nan	1.06074	1.33977	1	1	1	1	1	1	3.37985	1.06074	1.06074	1	1	
0.656627	-nan	1.05901	1.33983	1	1	1	1	1	1	3.37832	1.05901	1.05901	1	1	
0.660241	-nan	1.05727	1.33987	1	1	1	1	1	1	3.37688	1.05727	1.05727	1	1	
0.663855	-nan	1.05552	1.3399	1	1	1	1	1	1	3.37552	1.05552	1.05552	1	1	
0.66747	-nan	1.05378	1.33991	1	1	1	1	1	1	3.37425	1.05378	1.05378	1	1	
0.671084	-nan	1.05203	1.33991	1	1	1	1	1	1	3.37306	1.05203	1.05203	1	1	
0.674699	-nan	1.05027	1.3399	1	1	1	1	1	1	3.37195	1.05027	1.05027	1	1	
0.678313	-nan	1.04852	1.33987	1	1	1	1	1	1	3.37091	1.04852	1.04852	1	1	
0.681928	-nan	1.04676	1.33983	1	1	1	1	1	1	3.36995	1.04676	1.04676	1	1	
0.685542	-nan	1.045	1.33977	1	1	1	1	1	1	3.36906	1.045	1.045	1	1	
0.689157	-nan	1.04324	1.3397	1	1	1	1	1	1	3.36824	1.04324	1.04324	1	1	
0.692771	-nan	1.04147	1.33961	1	1	1	1	1	1	3.36748	1.04147	1.04147	1	1	
0.696386	-nan	1.03971	1.33951	1	1	1	1	1	1	3.36679	1.03971	1.03971	1	1	
0.7	-nan	1.03794	1.3394	1	1	1	1	1	1	3.36617	1.03794	1.03794	1	1	
0.703614	-nan	1.03617	1.33927	1	1	1	1	1	1	3.3656	1.03617	1.03617	1	1	
0.707229	-nan	1.0344	1.33912	1	1	1	1	1	1	3.3651	1.0344	1.0344	1	1	
0.710843	-nan	1.03263	1.33896	1	1	1	1	1	1	3.36465	1.03263	1.03263	1	1	
0.714458	-nan	1.03086	1.33879	1	1	1	1	1	1	3.36426	1.03086	1.03086	1	1	
0.718072	-nan	1.02909	1.3386	1	1	1	1	1	1	3.36392	1.02909	1.02909	1	1	
0.721687	-nan	1.02732	1.3384	1	1	1	1	1	1	3.36364	1.02732	1.02732	1	1	
0.725301	-nan	1.02554	1.33818	1	1	1	1	1	1	3.36341	1.02554	1.02554	1	1	
0.728916	-nan	1.02377	1.33795	1	1	1	1	1	1	3.36322	1.02377	1.02377	1	1	
0.73253	-nan	1.022	1.3377	1	1	1	1	1	1	3.36309	1.022	1.022	1	1	
0.736145	-nan	1.02022	1.33744	1	1	1	1	1	1	3.363	1.02022	1.02022	1	1	
0.739759	-nan	1.01845	1.33717	1	1	1	1	1	1	3.36296	1.01845	1.01845	1	1	
0.743373	-nan	1.01668	1.33688	1	1	1	1	1	1	3.36296	1.01668	1.01668	1	1	
0.746988	-nan	1.01491	1.33658	1	1	1	1	1	1	3.363	1.01491	1.01491	1	1	
0.750602	-nan	1.01314	1.33626	1	1	1	1	1	1	3.36308	1.01314	1.01314	1	1	
0.754217	-nan	1.01137	1.33593	1	1	1	1	1	1	3.36321	1.01137	1.01137	1	1	
0.757831	-nan	1.0096	1.33558	1	1	1	1	1	1	3.36337	1.0096	1.0096	1	1	
0.761446	-nan	1.00783	1.33523	1	1	1	1	1	1	3.36357	1.00783	1.00783	1	1	
0.76506	-nan	1.00607	1.33485	1	1	1	1	1	1	3.3638	1.00607	1.00607	1	1	
0.768675	-nan	1.0043	1.33447	1	1	1	1	1	1	3.36407	1.0043	1.0043	1	1	
0.772289	-nan	1.00254	1.33407	1	1	1	1	1	1	3.36437	1.00254	1.00254	1	1	
0.775904	-nan	1.00078	1.33366	1	1	1	1	1	1	3.36471	1.00078	1.00078	1	1	
0.779518	-nan	0.999022	1.33324	1	1	1	1	1	1	3.36508	0.999022	0.999022	1	1	
0.783133	-nan	0.997265	1.3328	1	1	1	1	1	1	3.36548	0.997265	0.997265	1	1	
0.786747	-nan	0.995511	1.33235	1	1	1	1	1	1	3.3659	0.995511	0.995511	1	1	
0.790361	-nan	0.993759	1.33189	1	1	1	1	1	1	3.36636	0.993759	0.993759	1	1	
0.793976	-nan	0.992009	1.33141	1	1	1	1	1	1	3.36685	0.992009	0.992009	1	1	
0.79759	-nan	0.990262	1.33093	1	1	1	1	1	1	3.36736	0.990262	0.990262	1	1	
0.801205	-nan	0.988518	1.33043	1	1	1	1	1	1	3.36789	0.988518	0.988518	1	1	
0.804819	-nan	0.986777	1.32992	1	1	1	1	1	1	3.36846	0.986777	0.986777	1	1	
0.808434	-nan	0.985038	1.32939	1	1	1	1	1	1	3.36904	0.985038	0.985038	1	1	
0.812048	-nan	0.983303	1.32886	1	1	1	1	1	1	3.36965	0.983303	0.983303	1	1	
0.815663	-nan	0.981571	1.32831	1	1	1	1	1	1	3.37028	0.981571	0.981571	1	1	
0.819277	-nan	0.979842	1.32776	1	1	1	1	1	1	3.37094	0.979842	0.979842	1	1	
0.822892	-nan	0.978116	1.32719	1	1	1	1	1	1	3.37161	0.978116	0.978116	1	1	
0.826506	-nan	0.976395	1.32661	1	1	1	1	1	1	3.37231	0.976395	0.976395	1	1	
0.83012	-nan	0.974676	1.32602	1	1	1	1	1	1	3.37302	0.974676	0.974676	1	1	
0.833735	-nan	0.972962	1.32542	1	1	1	1	1	1	3.37375	0.972962	0.972962	1	1	
0.837349	-nan	0.971251	1.32481	1	1	1	1	1	1	3.37451	0.971251	0.971251	1	1	
0.840964	-nan	0.969544	1.32418	1	1	1	1	1	1	3.37528	0.969544	0.969544	1	1	
0.844578	-nan	0.967841	1.32355	1	1	1	1	1	1	3.37606	0.967841	0.967841	1	1	
0.848193	-nan	0.966143	1.32291	1	1	1	1	1	1	3.37686	0.966143	0.966143	1	1	
0.851807	-nan	0.964448	1.32226	1	1	1	1	1	1	3.37768	0.964448	0.964448	1	1	
0.855422	-nan	0.962758	1.32159	1	1	1	1	1	1	3.37852	0.962758	0.962758	1	1	
0.859036	-nan	0.961073	1.32092	1	1	1	1	1	1	3.37937	0.961073	0.961073	1	1	
0.862651	-nan	0.959391	1.32024	1	1	1	1	1	1	3.38023	0.959391	0.959391	1	1	
0.866265	-nan	0.957715	1.31955	1	1	1	1	1	1	3.3811	0.957715	0.957715	1	1	
0.86988	-nan	0.956043	1.31885	1	1	1	1	1	1	3.38199	0.956043	0.956043	1	1	
0.873494	-nan	0.954375	1.31814	1	1	1	1	1	1	3.38289	0.954375	0.954375	1	1	
0.877108	-nan	0.952713	1.31742	1	1	1	1	1	1	3.38381	0.952713	0.952713	1	1	
0.880723	-nan	0.951055	1.3167	1	1	1	1	1	1	3.38473	0.951055	0.951055	1	1	
0.884337	-nan	0.949403	1.31596	1	1	1	1	1	1	3.38567	0.949403	0.949403	1	1	
0.887952	-nan	0.947755	1.31522	1	1	1	1	1	1	3.38661	0.947755	0.947755	1	1	
0.891566	-nan	0.946113	1.31447	1	1	1	1	1	1	3.38757	0.946113	0.946113	1	1	
0.895181	-nan	0.944475	1.31371	1	1	1	1	1	1	3.38854	0.944475	0.944475	1	1	
0.898795	-nan	0.942843	1.31294	1	1	1	1	1	1	3.38951	0.942843	0.942843	1	1	
0.90241	-nan	0.941217	1.31216	1	1	1	1	1	1	3.3905	0.941217	0.941217	1	1	
0.906024	-nan	0.939595	1.31138	1	1	1	1	1	1	3.39149	0.939595	0.939595	1	1	
0.909639	-nan	0.937979	1.31059	1	1	1	1	1	1	3.39249	0.937979	0.937979	1	1	
0.913253	-nan	0.936369	1.30979	1	1	1	1	1	1	3.3935	0.936369	0.936369	1	1	
0.916867	-nan	0.934764	1.30899	1	1	1	1	1	1	3.39452	0.934764	0.934764	1	1	
0.920482	-nan	0.933165	1.30817	1	1	1	1	1	1	3.39554	0.933165	0.933165	1	1	
0.924096	-nan	0.931571	1.30735	1	1	1	1	1	1	3.39658	0.931571	0.931571	1	1	
0.927711	-nan	0.929983	1.30653	1	1	1	1	1	1	3.39761	0.929983	0.929983	1	1	
0.931325	-nan	0.928401	1.30569	1	1	1	1	1	1	3.39866	0.928401	0.928401	1	1	
0.93494	-nan	0.926825	1.30485	1	1	1	1	1	1	3.39971	0.926825	0.926825	1	1	
0.938554	-nan	0.925255	1.30401	1	1	1	1	1	1	3.40076	0.925255	0.925255	1	1	
0.942169	-nan	0.92369	1.30315	1	1	1	1	1	1	3.40182	0.92369	0.92369	1	1	
0.945783	-nan	0.922132	1.3023	1	1	1	1	1	1	3.40289	0.922132	0.922132	1	1	
0.949398	-nan	0.92058	1.30143	1	1	1	1	1	1	3.40396	0.92058	0.92058	1	1	
0.953012	-nan	0.919033	1.30056	1	1	1	1	1	1	3.40503	0.919033	0.919033	1	1	
0.956627	-nan	0.917493	1.29968	1	1	1	1	1	1	3.40611	0.917493	0.917493	1	1	
0.960241	-nan	0.915959	1.2988	1	1	1	1	1	1	3.4072	0.915959	0.915959	1	1	
0.963855	-nan	0.914431	1.29791	1	1	1	1	1	1	3.40828	0.914431	0.914431	1	1	
0.96747	-nan	0.912909	1.29702	1	1	1	1	1	1	3.40937	0.912909	0.912909	1	1	
0.971084	-nan	0.911394	1.29612	1	1	1	1	1	1	3.41047	0.911394	0.911394	1	1	
0.974699	-nan	0.909885	1.29522	1	1	1	1	1	1	3.41156	0.909885	0.909885	1	1	
0.978313	-nan	0.908382	1.29431	1	1	1	1	1	1	3.41266	0.908382	0.908382	1	1	
0.981928	-nan	0.906885	1.2934	1	1	1	1	1	1	3.41376	0.906885	0.906885	1	1	
0.985542	-nan	0.905395	1.29248	1	1	1	1	1	1	3.41487	0.905395	0.905395	1	1	
0.989157	-nan	0.903912	1.29156	1	1	1	1	1	1	3.41598	0.903912	0.903912	1	1	
0.992771	-nan	0.902434	1.29063	1	1	1	1	1	1	3.41708	0.902434	0.902434	1	1	
0.996386	-nan	0.900964	1.2897	1	1	1	1	1	1	3.4182	0.900964	0.900964	1	1	
1	-nan	-nan	-nan	-nan	-nan	-nan	-nan	-nan	-nan	-nan	-nan	-nan	-nan	-nan	
