1e-05	-nan	0.318124	0.26441	1	1	1	1	1	1	3.8128	0.318124	0.318124	1	1	
1.03753e-05	-nan	0.319233	0.264408	1	1	1	1	1	1	3.81286	0.319233	0.319233	1	1	
1.07647e-05	-nan	0.320352	0.264406	1	1	1	1	1	1	3.81292	0.320352	0.320352	1	1	
1.11686e-05	-nan	0.32148	0.264406	1	1	1	1	1	1	3.81298	0.32148	0.32148	1	1	
1.15878e-05	-nan	0.322618	0.264407	1	1	1	1	1	1	3.81305	0.322618	0.322618	1	1	
1.20226e-05	-nan	0.323765	0.264409	1	1	1	1	1	1	3.81311	0.323765	0.323765	1	1	
1.24738e-05	-nan	0.324921	0.264412	1	1	1	1	1	1	3.81318	0.324921	0.324921	1	1	
1.2942e-05	-nan	0.326087	0.264416	1	1	1	1	1	1	3.81325	0.326087	0.326087	1	1	
1.34276e-05	-nan	0.327263	0.264421	1	1	1	1	1	1	3.81333	0.327263	0.327263	1	1	
1.39316e-05	-nan	0.328448	0.264428	1	1	1	1	1	1	3.8134	0.328448	0.328448	1	1	
1.44544e-05	-nan	0.329643	0.264436	1	1	1	1	1	1	3.81348	0.329643	0.329643	1	1	
1.49968e-05	-nan	0.330848	0.264445	1	1	1	1	1	1	3.81356	0.330848	0.330848	1	1	
1.55597e-05	-nan	0.332063	0.264456	1	1	1	1	1	1	3.81364	0.332063	0.332063	1	1	
1.61436e-05	-nan	0.333288	0.264468	1	1	1	1	1	1	3.81372	0.333288	0.333288	1	1	
1.67494e-05	-nan	0.334523	0.264482	1	1	1	1	1	1	3.81381	0.334523	0.334523	1	1	
1.7378e-05	-nan	0.335768	0.264497	1	1	1	1	1	1	3.8139	0.335768	0.335768	1	1	
1.80302e-05	-nan	0.337023	0.264513	1	1	1	1	1	1	3.81399	0.337023	0.337023	1	1	
1.87068e-05	-nan	0.338289	0.264531	1	1	1	1	1	1	3.81408	0.338289	0.338289	1	1	
1.94089e-05	-nan	0.339565	0.264551	1	1	1	1	1	1	3.81418	0.339565	0.339565	1	1	
2.01372e-05	-nan	0.340851	0.264572	1	1	1	1	1	1	3.81428	0.340851	0.340851	1	1	
2.0893e-05	-nan	0.342147	0.264595	1	1	1	1	1	1	3.81438	0.342147	0.342147	1	1	
2.1677e-05	-nan	0.343454	0.26462	1	1	1	1	1	1	3.81448	0.343454	0.343454	1	1	
2.24905e-05	-nan	0.344771	0.264646	1	1	1	1	1	1	3.81459	0.344771	0.344771	1	1	
2.33346e-05	-nan	0.346099	0.264675	1	1	1	1	1	1	3.8147	0.346099	0.346099	1	1	
2.42103e-05	-nan	0.347438	0.264705	1	1	1	1	1	1	3.81481	0.347438	0.347438	1	1	
2.51189e-05	-nan	0.348788	0.264737	1	1	1	1	1	1	3.81493	0.348788	0.348788	1	1	
2.60615e-05	-nan	0.350148	0.264771	1	1	1	1	1	1	3.81505	0.350148	0.350148	1	1	
2.70396e-05	-nan	0.351519	0.264807	1	1	1	1	1	1	3.81517	0.351519	0.351519	1	1	
2.80543e-05	-nan	0.352901	0.264844	1	1	1	1	1	1	3.8153	0.352901	0.352901	1	1	
2.91072e-05	-nan	0.354294	0.264885	1	1	1	1	1	1	3.81543	0.354294	0.354294	1	1	
3.01995e-05	-nan	0.355698	0.264927	1	1	1	1	1	1	3.81557	0.355698	0.355698	1	1	
3.13329e-05	-nan	0.357113	0.264971	1	1	1	1	1	1	3.81571	0.357113	0.357113	1	1	
3.25087e-05	-nan	0.35854	0.265018	1	1	1	1	1	1	3.81585	0.35854	0.35854	1	1	
3.37287e-05	-nan	0.359977	0.265067	1	1	1	1	1	1	3.81599	0.359977	0.359977	1	1	
3.49945e-05	-nan	0.361426	0.265118	1	1	1	1	1	1	3.81615	0.361426	0.361426	1	1	
3.63078e-05	-nan	0.362887	0.265172	1	1	1	1	1	1	3.8163	0.362887	0.362887	1	1	
3.76704e-05	-nan	0.364359	0.265229	1	1	1	1	1	1	3.81646	0.364359	0.364359	1	1	
3.90841e-05	-nan	0.365842	0.265288	1	1	1	1	1	1	3.81662	0.365842	0.365842	1	1	
4.05509e-05	-nan	0.367337	0.265349	1	1	1	1	1	1	3.81679	0.367337	0.367337	1	1	
4.20727e-05	-nan	0.368843	0.265414	1	1	1	1	1	1	3.81696	0.368843	0.368843	1	1	
4.36516e-05	-nan	0.370361	0.265481	1	1	1	1	1	1	3.81714	0.370361	0.370361	1	1	
4.52898e-05	-nan	0.371891	0.265551	1	1	1	1	1	1	3.81733	0.371891	0.371891	1	1	
4.69894e-05	-nan	0.373433	0.265624	1	1	1	1	1	1	3.81751	0.373433	0.373433	1	1	
4.87528e-05	-nan	0.374987	0.2657	1	1	1	1	1	1	3.81771	0.374987	0.374987	1	1	
5.05825e-05	-nan	0.376552	0.265779	1	1	1	1	1	1	3.81791	0.376552	0.376552	1	1	
5.24807e-05	-nan	0.37813	0.265861	1	1	1	1	1	1	3.81811	0.37813	0.37813	1	1	
5.44503e-05	-nan	0.37972	0.265946	1	1	1	1	1	1	3.81832	0.37972	0.37972	1	1	
5.64937e-05	-nan	0.381322	0.266035	1	1	1	1	1	1	3.81854	0.381322	0.381322	1	1	
5.86138e-05	-nan	0.382936	0.266127	1	1	1	1	1	1	3.81876	0.382936	0.382936	1	1	
6.08135e-05	-nan	0.384562	0.266223	1	1	1	1	1	1	3.81899	0.384562	0.384562	1	1	
6.30957e-05	-nan	0.386201	0.266322	1	1	1	1	1	1	3.81923	0.386201	0.386201	1	1	
6.54636e-05	-nan	0.387852	0.266425	1	1	1	1	1	1	3.81947	0.387852	0.387852	1	1	
6.79204e-05	-nan	0.389516	0.266532	1	1	1	1	1	1	3.81972	0.389516	0.389516	1	1	
7.04693e-05	-nan	0.391192	0.266642	1	1	1	1	1	1	3.81997	0.391192	0.391192	1	1	
7.31139e-05	-nan	0.392881	0.266757	1	1	1	1	1	1	3.82024	0.392881	0.392881	1	1	
7.58578e-05	-nan	0.394583	0.266876	1	1	1	1	1	1	3.82051	0.394583	0.394583	1	1	
7.87046e-05	-nan	0.396297	0.266998	1	1	1	1	1	1	3.82078	0.396297	0.396297	1	1	
8.16582e-05	-nan	0.398024	0.267126	1	1	1	1	1	1	3.82107	0.398024	0.398024	1	1	
8.47227e-05	-nan	0.399764	0.267257	1	1	1	1	1	1	3.82136	0.399764	0.399764	1	1	
8.79023e-05	-nan	0.401517	0.267393	1	1	1	1	1	1	3.82167	0.401517	0.401517	1	1	
9.12011e-05	-nan	0.403283	0.267534	1	1	1	1	1	1	3.82198	0.403283	0.403283	1	1	
9.46237e-05	-nan	0.405062	0.267679	1	1	1	1	1	1	3.8223	0.405062	0.405062	1	1	
9.81748e-05	-nan	0.406854	0.26783	1	1	1	1	1	1	3.82263	0.406854	0.406854	1	1	
0.000101859	-nan	0.408659	0.267985	1	1	1	1	1	1	3.82296	0.408659	0.408659	1	1	
0.000105682	-nan	0.410478	0.268146	1	1	1	1	1	1	3.82331	0.410478	0.410478	1	1	
0.000109648	-nan	0.41231	0.268312	1	1	1	1	1	1	3.82367	0.41231	0.41231	1	1	
0.000113763	-nan	0.414155	0.268483	1	1	1	1	1	1	3.82404	0.414155	0.414155	1	1	
0.000118032	-nan	0.416014	0.26866	1	1	1	1	1	1	3.82441	0.416014	0.416014	1	1	
0.000122462	-nan	0.417887	0.268842	1	1	1	1	1	1	3.8248	0.417887	0.417887	1	1	
0.000127057	-nan	0.419773	0.26903	1	1	1	1	1	1	3.8252	0.419773	0.419773	1	1	
0.000131826	-nan	0.421672	0.269225	1	1	1	1	1	1	3.82561	0.421672	0.421672	1	1	
0.000136773	-nan	0.423586	0.269425	1	1	1	1	1	1	3.82603	0.423586	0.423586	1	1	
0.000141906	-nan	0.425513	0.269632	1	1	1	1	1	1	3.82647	0.425513	0.425513	1	1	
0.000147231	-nan	0.427454	0.269845	1	1	1	1	1	1	3.82691	0.427454	0.427454	1	1	
0.000152757	-nan	0.429409	0.270065	1	1	1	1	1	1	3.82737	0.429409	0.429409	1	1	
0.000158489	-nan	0.431378	0.270292	1	1	1	1	1	1	3.82784	0.431378	0.431378	1	1	
0.000164437	-nan	0.433361	0.270526	1	1	1	1	1	1	3.82833	0.433361	0.433361	1	1	
0.000170608	-nan	0.435359	0.270766	1	1	1	1	1	1	3.82883	0.435359	0.435359	1	1	
0.000177011	-nan	0.43737	0.271015	1	1	1	1	1	1	3.82934	0.43737	0.43737	1	1	
0.000183654	-nan	0.439396	0.27127	1	1	1	1	1	1	3.82986	0.439396	0.439396	1	1	
0.000190546	-nan	0.441437	0.271534	1	1	1	1	1	1	3.83041	0.441437	0.441437	1	1	
0.000197697	-nan	0.443491	0.271805	1	1	1	1	1	1	3.83096	0.443491	0.443491	1	1	
0.000205116	-nan	0.445561	0.272085	1	1	1	1	1	1	3.83153	0.445561	0.445561	1	1	
0.000212814	-nan	0.447644	0.272373	1	1	1	1	1	1	3.83212	0.447644	0.447644	1	1	
0.0002208	-nan	0.449743	0.27267	1	1	1	1	1	1	3.83273	0.449743	0.449743	1	1	
0.000229087	-nan	0.451856	0.272975	1	1	1	1	1	1	3.83335	0.451856	0.451856	1	1	
0.000237684	-nan	0.453984	0.273289	1	1	1	1	1	1	3.83398	0.453984	0.453984	1	1	
0.000246604	-nan	0.456127	0.273613	1	1	1	1	1	1	3.83464	0.456127	0.456127	1	1	
0.000255859	-nan	0.458285	0.273946	1	1	1	1	1	1	3.83531	0.458285	0.458285	1	1	
0.000265461	-nan	0.460458	0.274289	1	1	1	1	1	1	3.83601	0.460458	0.460458	1	1	
0.000275423	-nan	0.462646	0.274642	1	1	1	1	1	1	3.83672	0.462646	0.462646	1	1	
0.000285759	-nan	0.464849	0.275005	1	1	1	1	1	1	3.83745	0.464849	0.464849	1	1	
0.000296483	-nan	0.467067	0.275379	1	1	1	1	1	1	3.8382	0.467067	0.467067	1	1	
0.00030761	-nan	0.469301	0.275763	1	1	1	1	1	1	3.83898	0.469301	0.469301	1	1	
0.000319154	-nan	0.47155	0.276159	1	1	1	1	1	1	3.83977	0.47155	0.47155	1	1	
0.000331131	-nan	0.473815	0.276566	1	1	1	1	1	1	3.84059	0.473815	0.473815	1	1	
0.000343558	-nan	0.476095	0.276984	1	1	1	1	1	1	3.84143	0.476095	0.476095	1	1	
0.000356451	-nan	0.478391	0.277415	1	1	1	1	1	1	3.84229	0.478391	0.478391	1	1	
0.000369828	-nan	0.480702	0.277858	1	1	1	1	1	1	3.84318	0.480702	0.480702	1	1	
0.000383707	-nan	0.48303	0.278313	1	1	1	1	1	1	3.84409	0.48303	0.48303	1	1	
0.000398107	-nan	0.485373	0.278782	1	1	1	1	1	1	3.84503	0.485373	0.485373	1	1	
0.000413048	-nan	0.487732	0.279264	1	1	1	1	1	1	3.84599	0.487732	0.487732	1	1	
0.000428549	-nan	0.490108	0.279759	1	1	1	1	1	1	3.84698	0.490108	0.490108	1	1	
0.000444631	-nan	0.492499	0.280268	1	1	1	1	1	1	3.84799	0.492499	0.492499	1	1	
0.000461318	-nan	0.494907	0.280792	1	1	1	1	1	1	3.84903	0.494907	0.494907	1	1	
0.00047863	-nan	0.497331	0.28133	1	1	1	1	1	1	3.85011	0.497331	0.497331	1	1	
0.000496592	-nan	0.499772	0.281883	1	1	1	1	1	1	3.85121	0.499772	0.499772	1	1	
0.000515229	-nan	0.502229	0.282452	1	1	1	1	1	1	3.85234	0.502229	0.502229	1	1	
0.000534564	-nan	0.504702	0.283037	1	1	1	1	1	1	3.8535	0.504702	0.504702	1	1	
0.000554626	-nan	0.507193	0.283638	1	1	1	1	1	1	3.8547	0.507193	0.507193	1	1	
0.00057544	-nan	0.5097	0.284256	1	1	1	1	1	1	3.85592	0.5097	0.5097	1	1	
0.000597035	-nan	0.512224	0.284891	1	1	1	1	1	1	3.85718	0.512224	0.512224	1	1	
0.000619441	-nan	0.514765	0.285543	1	1	1	1	1	1	3.85848	0.514765	0.514765	1	1	
0.000642688	-nan	0.517323	0.286214	1	1	1	1	1	1	3.85981	0.517323	0.517323	1	1	
0.000666807	-nan	0.519898	0.286903	1	1	1	1	1	1	3.86117	0.519898	0.519898	1	1	
0.000691831	-nan	0.52249	0.287611	1	1	1	1	1	1	3.86258	0.52249	0.52249	1	1	
0.000717794	-nan	0.5251	0.288339	1	1	1	1	1	1	3.86402	0.5251	0.5251	1	1	
0.000744732	-nan	0.527728	0.289087	1	1	1	1	1	1	3.8655	0.527728	0.527728	1	1	
0.000772681	-nan	0.530373	0.289855	1	1	1	1	1	1	3.86701	0.530373	0.530373	1	1	
0.000801678	-nan	0.533035	0.290644	1	1	1	1	1	1	3.86858	0.533035	0.533035	1	1	
0.000831764	-nan	0.535716	0.291455	1	1	1	1	1	1	3.87018	0.535716	0.535716	1	1	
0.000862979	-nan	0.538414	0.292288	1	1	1	1	1	1	3.87182	0.538414	0.538414	1	1	
0.000895365	-nan	0.541131	0.293144	1	1	1	1	1	1	3.87351	0.541131	0.541131	1	1	
0.000928966	-nan	0.543865	0.294023	1	1	1	1	1	1	3.87525	0.543865	0.543865	1	1	
0.000963829	-nan	0.546618	0.294926	1	1	1	1	1	1	3.87703	0.546618	0.546618	1	1	
0.001	-nan	0.549389	0.295854	1	1	1	1	1	1	3.87886	0.549389	0.549389	1	1	
0.00103753	-nan	0.552179	0.296807	1	1	1	1	1	1	3.88073	0.552179	0.552179	1	1	
0.00107647	-nan	0.554987	0.297786	1	1	1	1	1	1	3.88266	0.554987	0.554987	1	1	
0.00111686	-nan	0.557814	0.298792	1	1	1	1	1	1	3.88464	0.557814	0.557814	1	1	
0.00115878	-nan	0.56066	0.299825	1	1	1	1	1	1	3.88667	0.56066	0.56066	1	1	
0.00120226	-nan	0.563525	0.300885	1	1	1	1	1	1	3.88875	0.563525	0.563525	1	1	
0.00124738	-nan	0.566409	0.301975	1	1	1	1	1	1	3.89089	0.566409	0.566409	1	1	
0.0012942	-nan	0.569312	0.303094	1	1	1	1	1	1	3.89309	0.569312	0.569312	1	1	
0.00134276	-nan	0.572234	0.304243	1	1	1	1	1	1	3.89534	0.572234	0.572234	1	1	
0.00139316	-nan	0.575176	0.305423	1	1	1	1	1	1	3.89765	0.575176	0.575176	1	1	
0.00144544	-nan	0.578138	0.306635	1	1	1	1	1	1	3.90003	0.578138	0.578138	1	1	
0.00149968	-nan	0.58112	0.30788	1	1	1	1	1	1	3.90246	0.58112	0.58112	1	1	
0.00155597	-nan	0.584121	0.309158	1	1	1	1	1	1	3.90496	0.584121	0.584121	1	1	
0.00161436	-nan	0.587142	0.310471	1	1	1	1	1	1	3.90752	0.587142	0.587142	1	1	
0.00167494	-nan	0.590184	0.311819	1	1	1	1	1	1	3.91014	0.590184	0.590184	1	1	
0.0017378	-nan	0.593246	0.313203	1	1	1	1	1	1	3.91284	0.593246	0.593246	1	1	
0.00180302	-nan	0.596328	0.314624	1	1	1	1	1	1	3.9156	0.596328	0.596328	1	1	
0.00187068	-nan	0.599432	0.316083	1	1	1	1	1	1	3.91844	0.599432	0.599432	1	1	
0.00194089	-nan	0.602555	0.317582	1	1	1	1	1	1	3.92135	0.602555	0.602555	1	1	
0.00201372	-nan	0.6057	0.31912	1	1	1	1	1	1	3.92433	0.6057	0.6057	1	1	
0.0020893	-nan	0.608866	0.3207	1	1	1	1	1	1	3.92738	0.608866	0.608866	1	1	
0.0021677	-nan	0.612053	0.322322	1	1	1	1	1	1	3.93052	0.612053	0.612053	1	1	
0.00224905	-nan	0.615262	0.323987	1	1	1	1	1	1	3.93373	0.615262	0.615262	1	1	
0.00233346	-nan	0.618492	0.325697	1	1	1	1	1	1	3.93702	0.618492	0.618492	1	1	
0.00242103	-nan	0.621744	0.327452	1	1	1	1	1	1	3.9404	0.621744	0.621744	1	1	
0.00251189	-nan	0.625017	0.329254	1	1	1	1	1	1	3.94386	0.625017	0.625017	1	1	
0.00260615	-nan	0.628313	0.331104	1	1	1	1	1	1	3.9474	0.628313	0.628313	1	1	
0.00270396	-nan	0.631631	0.333003	1	1	1	1	1	1	3.95103	0.631631	0.631631	1	1	
0.00280543	-nan	0.634971	0.334953	1	1	1	1	1	1	3.95475	0.634971	0.634971	1	1	
0.00291072	-nan	0.638334	0.336955	1	1	1	1	1	1	3.95857	0.638334	0.638334	1	1	
0.00301995	-nan	0.641719	0.33901	1	1	1	1	1	1	3.96247	0.641719	0.641719	1	1	
0.00313329	-nan	0.645128	0.341119	1	1	1	1	1	1	3.96647	0.645128	0.645128	1	1	
0.00325087	-nan	0.648559	0.343284	1	1	1	1	1	1	3.97057	0.648559	0.648559	1	1	
0.00337287	-nan	0.652014	0.345507	1	1	1	1	1	1	3.97476	0.652014	0.652014	1	1	
0.00349945	-nan	0.655491	0.347789	1	1	1	1	1	1	3.97906	0.655491	0.655491	1	1	
0.00363078	-nan	0.658993	0.350131	1	1	1	1	1	1	3.98345	0.658993	0.658993	1	1	
0.00376704	-nan	0.662518	0.352535	1	1	1	1	1	1	3.98795	0.662518	0.662518	1	1	
0.00390841	-nan	0.666067	0.355002	1	1	1	1	1	1	3.99256	0.666067	0.666067	1	1	
0.00405509	-nan	0.66964	0.357535	1	1	1	1	1	1	3.99727	0.66964	0.66964	1	1	
0.00420727	-nan	0.673237	0.360134	1	1	1	1	1	1	4.0021	0.673237	0.673237	1	1	
0.00436516	-nan	0.676859	0.362802	1	1	1	1	1	1	4.00703	0.676859	0.676859	1	1	
0.00452898	-nan	0.680505	0.36554	1	1	1	1	1	1	4.01208	0.680505	0.680505	1	1	
0.00469894	-nan	0.684176	0.36835	1	1	1	1	1	1	4.01724	0.684176	0.684176	1	1	
0.00487528	-nan	0.687872	0.371234	1	1	1	1	1	1	4.02252	0.687872	0.687872	1	1	
0.00505825	-nan	0.691593	0.374194	1	1	1	1	1	1	4.02791	0.691593	0.691593	1	1	
0.00524807	-nan	0.695339	0.377231	1	1	1	1	1	1	4.03343	0.695339	0.695339	1	1	
0.00544503	-nan	0.69911	0.380348	1	1	1	1	1	1	4.03907	0.69911	0.69911	1	1	
0.00564937	-nan	0.702907	0.383547	1	1	1	1	1	1	4.04483	0.702907	0.702907	1	1	
0.00586138	-nan	0.706729	0.386829	1	1	1	1	1	1	4.05072	0.706729	0.706729	1	1	
0.00608135	-nan	0.710578	0.390197	1	1	1	1	1	1	4.05673	0.710578	0.710578	1	1	
0.00630957	-nan	0.714452	0.393653	1	1	1	1	1	1	4.06288	0.714452	0.714452	1	1	
0.00654636	-nan	0.718352	0.397199	1	1	1	1	1	1	4.06915	0.718352	0.718352	1	1	
0.00679204	-nan	0.722279	0.400837	1	1	1	1	1	1	4.07556	0.722279	0.722279	1	1	
0.00704693	-nan	0.726232	0.40457	1	1	1	1	1	1	4.0821	0.726232	0.726232	1	1	
0.00731139	-nan	0.730211	0.408399	1	1	1	1	1	1	4.08877	0.730211	0.730211	1	1	
0.00758578	-nan	0.734217	0.412328	1	1	1	1	1	1	4.09558	0.734217	0.734217	1	1	
0.00787046	-nan	0.73825	0.416358	1	1	1	1	1	1	4.10253	0.73825	0.73825	1	1	
0.00816582	-nan	0.742309	0.420493	1	1	1	1	1	1	4.10962	0.742309	0.742309	1	1	
0.00847227	-nan	0.746396	0.424734	1	1	1	1	1	1	4.11684	0.746396	0.746396	1	1	
0.00879023	-nan	0.750509	0.429084	1	1	1	1	1	1	4.12421	0.750509	0.750509	1	1	
0.00912011	-nan	0.75465	0.433547	1	1	1	1	1	1	4.13172	0.75465	0.75465	1	1	
0.00946237	-nan	0.758818	0.438123	1	1	1	1	1	1	4.13937	0.758818	0.758818	1	1	
0.00981748	-nan	0.763013	0.442817	1	1	1	1	1	1	4.14717	0.763013	0.763013	1	1	
0.0101859	-nan	0.767235	0.447631	1	1	1	1	1	1	4.15511	0.767235	0.767235	1	1	
0.0105682	-nan	0.771485	0.452567	1	1	1	1	1	1	4.16319	0.771485	0.771485	1	1	
0.0109648	-nan	0.775762	0.45763	1	1	1	1	1	1	4.17142	0.775762	0.775762	1	1	
0.0113763	-nan	0.780067	0.46282	1	1	1	1	1	1	4.1798	0.780067	0.780067	1	1	
0.0118032	-nan	0.784399	0.468142	1	1	1	1	1	1	4.18832	0.784399	0.784399	1	1	
0.0122462	-nan	0.788758	0.473599	1	1	1	1	1	1	4.19699	0.788758	0.788758	1	1	
0.0127057	-nan	0.793145	0.479193	1	1	1	1	1	1	4.2058	0.793145	0.793145	1	1	
0.0131826	-nan	0.797559	0.484927	1	1	1	1	1	1	4.21476	0.797559	0.797559	1	1	
0.0136773	-nan	0.802	0.490805	1	1	1	1	1	1	4.22386	0.802	0.802	1	1	
0.0141906	-nan	0.806469	0.49683	1	1	1	1	1	1	4.23311	0.806469	0.806469	1	1	
0.0147231	-nan	0.810965	0.503005	1	1	1	1	1	1	4.24251	0.810965	0.810965	1	1	
0.0152757	-nan	0.815488	0.509334	1	1	1	1	1	1	4.25205	0.815488	0.815488	1	1	
0.0158489	-nan	0.820038	0.515819	1	1	1	1	1	1	4.26172	0.820038	0.820038	1	1	
0.0164437	-nan	0.824615	0.522463	1	1	1	1	1	1	4.27155	0.824615	0.824615	1	1	
0.0170608	-nan	0.829218	0.529271	1	1	1	1	1	1	4.28151	0.829218	0.829218	1	1	
0.0177011	-nan	0.833848	0.536246	1	1	1	1	1	1	4.2916	0.833848	0.833848	1	1	
0.0183654	-nan	0.838504	0.54339	1	1	1	1	1	1	4.30184	0.838504	0.838504	1	1	
0.0190546	-nan	0.843187	0.550708	1	1	1	1	1	1	4.3122	0.843187	0.843187	1	1	
0.0197697	-nan	0.847895	0.558202	1	1	1	1	1	1	4.3227	0.847895	0.847895	1	1	
0.0205116	-nan	0.852628	0.565877	1	1	1	1	1	1	4.33333	0.852628	0.852628	1	1	
0.0212814	-nan	0.857387	0.573736	1	1	1	1	1	1	4.34408	0.857387	0.857387	1	1	
0.02208	-nan	0.862171	0.581781	1	1	1	1	1	1	4.35496	0.862171	0.862171	1	1	
0.0229087	-nan	0.866979	0.590018	1	1	1	1	1	1	4.36596	0.866979	0.866979	1	1	
0.0237684	-nan	0.871811	0.598448	1	1	1	1	1	1	4.37707	0.871811	0.871811	1	1	
0.0246604	-nan	0.876668	0.607076	1	1	1	1	1	1	4.38829	0.876668	0.876668	1	1	
0.0255859	-nan	0.881547	0.615906	1	1	1	1	1	1	4.39963	0.881547	0.881547	1	1	
0.0265461	-nan	0.886449	0.624939	1	1	1	1	1	1	4.41106	0.886449	0.886449	1	1	
0.0275423	-nan	0.891374	0.634181	1	1	1	1	1	1	4.4226	0.891374	0.891374	1	1	
0.0285759	-nan	0.89632	0.643634	1	1	1	1	1	1	4.43423	0.89632	0.89632	1	1	
0.0296483	-nan	0.901287	0.653302	1	1	1	1	1	1	4.44595	0.901287	0.901287	1	1	
0.030761	-nan	0.906275	0.663187	1	1	1	1	1	1	4.45775	0.906275	0.906275	1	1	
0.0319154	-nan	0.911282	0.673294	1	1	1	1	1	1	4.46962	0.911282	0.911282	1	1	
0.0331131	-nan	0.916309	0.683625	1	1	1	1	1	1	4.48157	0.916309	0.916309	1	1	
0.0343558	-nan	0.921354	0.694184	1	1	1	1	1	1	4.49358	0.921354	0.921354	1	1	
0.0356451	-nan	0.926417	0.704973	1	1	1	1	1	1	4.50565	0.926417	0.926417	1	1	
0.0369828	-nan	0.931496	0.715995	1	1	1	1	1	1	4.51777	0.931496	0.931496	1	1	
0.0383707	-nan	0.936592	0.727254	1	1	1	1	1	1	4.52993	0.936592	0.936592	1	1	
0.0398107	-nan	0.941702	0.738753	1	1	1	1	1	1	4.54213	0.941702	0.941702	1	1	
0.0413048	-nan	0.946826	0.750492	1	1	1	1	1	1	4.55435	0.946826	0.946826	1	1	
0.0428549	-nan	0.951963	0.762476	1	1	1	1	1	1	4.56659	0.951963	0.951963	1	1	
0.0444631	-nan	0.957112	0.774707	1	1	1	1	1	1	4.57884	0.957112	0.957112	1	1	
0.0461318	-nan	0.962272	0.787186	1	1	1	1	1	1	4.59108	0.962272	0.962272	1	1	
0.047863	-nan	0.967441	0.799915	1	1	1	1	1	1	4.60332	0.967441	0.967441	1	1	
0.0496592	-nan	0.972619	0.812897	1	1	1	1	1	1	4.61553	0.972619	0.972619	1	1	
0.0515229	-nan	0.977804	0.826134	1	1	1	1	1	1	4.62771	0.977804	0.977804	1	1	
0.0534564	-nan	0.982994	0.839626	1	1	1	1	1	1	4.63985	0.982994	0.982994	1	1	
0.0554626	-nan	0.988189	0.853374	1	1	1	1	1	1	4.65193	0.988189	0.988189	1	1	
0.057544	-nan	0.993387	0.86738	1	1	1	1	1	1	4.66395	0.993387	0.993387	1	1	
0.0597035	-nan	0.998586	0.881645	1	1	1	1	1	1	4.67589	0.998586	0.998586	1	1	
0.0619441	-nan	1.00378	0.896168	1	1	1	1	1	1	4.68773	1.00378	1.00378	1	1	
0.0642688	-nan	1.00898	0.910949	1	1	1	1	1	1	4.69948	1.00898	1.00898	1	1	
0.0666807	-nan	1.01418	0.92599	1	1	1	1	1	1	4.7111	1.01418	1.01418	1	1	
0.0691831	-nan	1.01936	0.941288	1	1	1	1	1	1	4.72259	1.01936	1.01936	1	1	
0.0717794	-nan	1.02455	0.956843	1	1	1	1	1	1	4.73393	1.02455	1.02455	1	1	
0.0744732	-nan	1.02972	0.972654	1	1	1	1	1	1	4.74511	1.02972	1.02972	1	1	
0.0772681	-nan	1.03488	0.988719	1	1	1	1	1	1	4.75611	1.03488	1.03488	1	1	
0.0801678	-nan	1.04003	1.00504	1	1	1	1	1	1	4.76691	1.04003	1.04003	1	1	
0.0831764	-nan	1.04516	1.0216	1	1	1	1	1	1	4.77751	1.04516	1.04516	1	1	
0.0862979	-nan	1.05028	1.03842	1	1	1	1	1	1	4.78787	1.05028	1.05028	1	1	
0.0895365	-nan	1.05538	1.05547	1	1	1	1	1	1	4.79798	1.05538	1.05538	1	1	
0.0928966	-nan	1.06046	1.07277	1	1	1	1	1	1	4.80782	1.06046	1.06046	1	1	
0.0963829	-nan	1.06551	1.0903	1	1	1	1	1	1	4.81738	1.06551	1.06551	1	1	
0.1	-nan	1.07054	1.10806	1	1	1	1	1	1	4.82663	1.07054	1.07054	1	1	
0.103614	-nan	1.07536	1.12539	1	1	1	1	1	1	4.83523	1.07536	1.07536	1	1	
0.107229	-nan	1.07999	1.14232	1	1	1	1	1	1	4.84323	1.07999	1.07999	1	1	
0.110843	-nan	1.08443	1.15886	1	1	1	1	1	1	4.85066	1.08443	1.08443	1	1	
0.114458	-nan	1.08871	1.17504	1	1	1	1	1	1	4.85755	1.08871	1.08871	1	1	
0.118072	-nan	1.09282	1.19085	1	1	1	1	1	1	4.86392	1.09282	1.09282	1	1	
0.121687	-nan	1.09679	1.20632	1	1	1	1	1	1	4.86981	1.09679	1.09679	1	1	
0.125301	-nan	1.10061	1.22145	1	1	1	1	1	1	4.87523	1.10061	1.10061	1	1	
0.128916	-nan	1.10429	1.23627	1	1	1	1	1	1	4.88021	1.10429	1.10429	1	1	
0.13253	-nan	1.10785	1.25077	1	1	1	1	1	1	4.88476	1.10785	1.10785	1	1	
0.136145	-nan	1.11129	1.26497	1	1	1	1	1	1	4.88892	1.11129	1.11129	1	1	
0.139759	-nan	1.11461	1.27888	1	1	1	1	1	1	4.89269	1.11461	1.11461	1	1	
0.143373	-nan	1.11782	1.29251	1	1	1	1	1	1	4.89609	1.11782	1.11782	1	1	
0.146988	-nan	1.12092	1.30586	1	1	1	1	1	1	4.89913	1.12092	1.12092	1	1	
0.150602	-nan	1.12392	1.31895	1	1	1	1	1	1	4.90184	1.12392	1.12392	1	1	
0.154217	-nan	1.12683	1.33178	1	1	1	1	1	1	4.90423	1.12683	1.12683	1	1	
0.157831	-nan	1.12964	1.34435	1	1	1	1	1	1	4.9063	1.12964	1.12964	1	1	
0.161446	-nan	1.13237	1.35669	1	1	1	1	1	1	4.90808	1.13237	1.13237	1	1	
0.16506	-nan	1.13502	1.36879	1	1	1	1	1	1	4.90956	1.13502	1.13502	1	1	
0.168675	-nan	1.13758	1.38066	1	1	1	1	1	1	4.91078	1.13758	1.13758	1	1	
0.172289	-nan	1.14006	1.39231	1	1	1	1	1	1	4.91172	1.14006	1.14006	1	1	
0.175904	-nan	1.14248	1.40373	1	1	1	1	1	1	4.91241	1.14248	1.14248	1	1	
0.179518	-nan	1.14482	1.41495	1	1	1	1	1	1	4.91285	1.14482	1.14482	1	1	
0.183133	-nan	1.14709	1.42596	1	1	1	1	1	1	4.91306	1.14709	1.14709	1	1	
0.186747	-nan	1.14929	1.43677	1	1	1	1	1	1	4.91303	1.14929	1.14929	1	1	
0.190361	-nan	1.15144	1.44739	1	1	1	1	1	1	4.91279	1.15144	1.15144	1	1	
0.193976	-nan	1.15352	1.45781	1	1	1	1	1	1	4.91233	1.15352	1.15352	1	1	
0.19759	-nan	1.15554	1.46805	1	1	1	1	1	1	4.91167	1.15554	1.15554	1	1	
0.201205	-nan	1.15751	1.4781	1	1	1	1	1	1	4.91081	1.15751	1.15751	1	1	
0.204819	-nan	1.15942	1.48798	1	1	1	1	1	1	4.90975	1.15942	1.15942	1	1	
0.208434	-nan	1.16127	1.49769	1	1	1	1	1	1	4.90852	1.16127	1.16127	1	1	
0.212048	-nan	1.16308	1.50723	1	1	1	1	1	1	4.90711	1.16308	1.16308	1	1	
0.215663	-nan	1.16484	1.5166	1	1	1	1	1	1	4.90552	1.16484	1.16484	1	1	
0.219277	-nan	1.16655	1.52581	1	1	1	1	1	1	4.90377	1.16655	1.16655	1	1	
0.222892	-nan	1.16821	1.53486	1	1	1	1	1	1	4.90186	1.16821	1.16821	1	1	
0.226506	-nan	1.16983	1.54377	1	1	1	1	1	1	4.8998	1.16983	1.16983	1	1	
0.23012	-nan	1.1714	1.55252	1	1	1	1	1	1	4.89759	1.1714	1.1714	1	1	
0.233735	-nan	1.17294	1.56112	1	1	1	1	1	1	4.89523	1.17294	1.17294	1	1	
0.237349	-nan	1.17443	1.56958	1	1	1	1	1	1	4.89274	1.17443	1.17443	1	1	
0.240964	-nan	1.17588	1.5779	1	1	1	1	1	1	4.89011	1.17588	1.17588	1	1	
0.244578	-nan	1.1773	1.58608	1	1	1	1	1	1	4.88735	1.1773	1.1773	1	1	
0.248193	-nan	1.17867	1.59413	1	1	1	1	1	1	4.88447	1.17867	1.17867	1	1	
0.251807	-nan	1.18001	1.60205	1	1	1	1	1	1	4.88147	1.18001	1.18001	1	1	
0.255422	-nan	1.18132	1.60984	1	1	1	1	1	1	4.87835	1.18132	1.18132	1	1	
0.259036	-nan	1.18259	1.6175	1	1	1	1	1	1	4.87513	1.18259	1.18259	1	1	
0.262651	-nan	1.18383	1.62504	1	1	1	1	1	1	4.87179	1.18383	1.18383	1	1	
0.266265	-nan	1.18503	1.63245	1	1	1	1	1	1	4.86836	1.18503	1.18503	1	1	
0.26988	-nan	1.18621	1.63975	1	1	1	1	1	1	4.86482	1.18621	1.18621	1	1	
0.273494	-nan	1.18735	1.64694	1	1	1	1	1	1	4.86119	1.18735	1.18735	1	1	
0.277108	-nan	1.18847	1.65401	1	1	1	1	1	1	4.85747	1.18847	1.18847	1	1	
0.280723	-nan	1.18955	1.66096	1	1	1	1	1	1	4.85366	1.18955	1.18955	1	1	
0.284337	-nan	1.19061	1.66781	1	1	1	1	1	1	4.84976	1.19061	1.19061	1	1	
0.287952	-nan	1.19164	1.67456	1	1	1	1	1	1	4.84578	1.19164	1.19164	1	1	
0.291566	-nan	1.19264	1.68119	1	1	1	1	1	1	4.84173	1.19264	1.19264	1	1	
0.295181	-nan	1.19362	1.68773	1	1	1	1	1	1	4.8376	1.19362	1.19362	1	1	
0.298795	-nan	1.19457	1.69416	1	1	1	1	1	1	4.8334	1.19457	1.19457	1	1	
0.30241	-nan	1.1955	1.70049	1	1	1	1	1	1	4.82913	1.1955	1.1955	1	1	
0.306024	-nan	1.1964	1.70673	1	1	1	1	1	1	4.82479	1.1964	1.1964	1	1	
0.309639	-nan	1.19728	1.71287	1	1	1	1	1	1	4.82039	1.19728	1.19728	1	1	
0.313253	-nan	1.19814	1.71892	1	1	1	1	1	1	4.81593	1.19814	1.19814	1	1	
0.316867	-nan	1.19897	1.72488	1	1	1	1	1	1	4.81142	1.19897	1.19897	1	1	
0.320482	-nan	1.19978	1.73074	1	1	1	1	1	1	4.80685	1.19978	1.19978	1	1	
0.324096	-nan	1.20057	1.73652	1	1	1	1	1	1	4.80223	1.20057	1.20057	1	1	
0.327711	-nan	1.20134	1.74221	1	1	1	1	1	1	4.79755	1.20134	1.20134	1	1	
0.331325	-nan	1.20208	1.74782	1	1	1	1	1	1	4.79283	1.20208	1.20208	1	1	
0.33494	-nan	1.20281	1.75334	1	1	1	1	1	1	4.78807	1.20281	1.20281	1	1	
0.338554	-nan	1.20352	1.75878	1	1	1	1	1	1	4.78327	1.20352	1.20352	1	1	
0.342169	-nan	1.20421	1.76414	1	1	1	1	1	1	4.77842	1.20421	1.20421	1	1	
0.345783	-nan	1.20488	1.76942	1	1	1	1	1	1	4.77354	1.20488	1.20488	1	1	
0.349398	-nan	1.20553	1.77462	1	1	1	1	1	1	4.76862	1.20553	1.20553	1	1	
0.353012	-nan	1.20616	1.77975	1	1	1	1	1	1	4.76367	1.20616	1.20616	1	1	
0.356627	-nan	1.20678	1.7848	1	1	1	1	1	1	4.75868	1.20678	1.20678	1	1	
0.360241	-nan	1.20737	1.78978	1	1	1	1	1	1	4.75367	1.20737	1.20737	1	1	
0.363855	-nan	1.20795	1.79468	1	1	1	1	1	1	4.74863	1.20795	1.20795	1	1	
0.36747	-nan	1.20852	1.79951	1	1	1	1	1	1	4.74356	1.20852	1.20852	1	1	
0.371084	-nan	1.20906	1.80428	1	1	1	1	1	1	4.73847	1.20906	1.20906	1	1	
0.374699	-nan	1.20959	1.80897	1	1	1	1	1	1	4.73336	1.20959	1.20959	1	1	
0.378313	-nan	1.21011	1.8136	1	1	1	1	1	1	4.72823	1.21011	1.21011	1	1	
0.381928	-nan	1.21061	1.81816	1	1	1	1	1	1	4.72308	1.21061	1.21061	1	1	
0.385542	-nan	1.21109	1.82265	1	1	1	1	1	1	4.71791	1.21109	1.21109	1	1	
0.389157	-nan	1.21156	1.82708	1	1	1	1	1	1	4.71273	1.21156	1.21156	1	1	
0.392771	-nan	1.21202	1.83145	1	1	1	1	1	1	4.70754	1.21202	1.21202	1	1	
0.396386	-nan	1.21246	1.83575	1	1	1	1	1	1	4.70233	1.21246	1.21246	1	1	
0.4	-nan	1.21288	1.84	1	1	1	1	1	1	4.69711	1.21288	1.21288	1	1	
0.403614	-nan	1.21329	1.84418	1	1	1	1	1	1	4.69188	1.21329	1.21329	1	1	
0.407229	-nan	1.21369	1.8483	1	1	1	1	1	1	4.68665	1.21369	1.21369	1	1	
0.410843	-nan	1.21408	1.85237	1	1	1	1	1	1	4.68141	1.21408	1.21408	1	1	
0.414458	-nan	1.21445	1.85638	1	1	1	1	1	1	4.67616	1.21445	1.21445	1	1	
0.418072	-nan	1.2148	1.86033	1	1	1	1	1	1	4.67091	1.2148	1.2148	1	1	
0.421687	-nan	1.21515	1.86422	1	1	1	1	1	1	4.66565	1.21515	1.21515	1	1	
0.425301	-nan	1.21548	1.86807	1	1	1	1	1	1	4.6604	1.21548	1.21548	1	1	
0.428916	-nan	1.2158	1.87185	1	1	1	1	1	1	4.65515	1.2158	1.2158	1	1	
0.43253	-nan	1.21611	1.87559	1	1	1	1	1	1	4.64989	1.21611	1.21611	1	1	
0.436145	-nan	1.21641	1.87927	1	1	1	1	1	1	4.64464	1.21641	1.21641	1	1	
0.439759	-nan	1.21669	1.88291	1	1	1	1	1	1	4.63939	1.21669	1.21669	1	1	
0.443373	-nan	1.21696	1.88649	1	1	1	1	1	1	4.63415	1.21696	1.21696	1	1	
0.446988	-nan	1.21722	1.89002	1	1	1	1	1	1	4.62891	1.21722	1.21722	1	1	
0.450602	-nan	1.21747	1.8935	1	1	1	1	1	1	4.62367	1.21747	1.21747	1	1	
0.454217	-nan	1.21771	1.89694	1	1	1	1	1	1	4.61845	1.21771	1.21771	1	1	
0.457831	-nan	1.21794	1.90033	1	1	1	1	1	1	4.61323	1.21794	1.21794	1	1	
0.461446	-nan	1.21815	1.90367	1	1	1	1	1	1	4.60802	1.21815	1.21815	1	1	
0.46506	-nan	1.21836	1.90696	1	1	1	1	1	1	4.60282	1.21836	1.21836	1	1	
0.468675	-nan	1.21855	1.91021	1	1	1	1	1	1	4.59763	1.21855	1.21855	1	1	
0.472289	-nan	1.21874	1.91342	1	1	1	1	1	1	4.59245	1.21874	1.21874	1	1	
0.475904	-nan	1.21891	1.91658	1	1	1	1	1	1	4.58728	1.21891	1.21891	1	1	
0.479518	-nan	1.21908	1.9197	1	1	1	1	1	1	4.58213	1.21908	1.21908	1	1	
0.483133	-nan	1.21923	1.92278	1	1	1	1	1	1	4.57699	1.21923	1.21923	1	1	
0.486747	-nan	1.21937	1.92581	1	1	1	1	1	1	4.57186	1.21937	1.21937	1	1	
0.490361	-nan	1.21951	1.92881	1	1	1	1	1	1	4.56675	1.21951	1.21951	1	1	
0.493976	-nan	1.21963	1.93176	1	1	1	1	1	1	4.56165	1.21963	1.21963	1	1	
0.49759	-nan	1.21975	1.93467	1	1	1	1	1	1	4.55657	1.21975	1.21975	1	1	
0.501205	-nan	1.21985	1.93755	1	1	1	1	1	1	4.5515	1.21985	1.21985	1	1	
0.504819	-nan	1.21995	1.94038	1	1	1	1	1	1	4.54646	1.21995	1.21995	1	1	
0.508434	-nan	1.22004	1.94318	1	1	1	1	1	1	4.54143	1.22004	1.22004	1	1	
0.512048	-nan	1.22011	1.94594	1	1	1	1	1	1	4.53641	1.22011	1.22011	1	1	
0.515663	-nan	1.22018	1.94866	1	1	1	1	1	1	4.53142	1.22018	1.22018	1	1	
0.519277	-nan	1.22024	1.95134	1	1	1	1	1	1	4.52645	1.22024	1.22024	1	1	
0.522892	-nan	1.22029	1.95399	1	1	1	1	1	1	4.52149	1.22029	1.22029	1	1	
0.526506	-nan	1.22033	1.95661	1	1	1	1	1	1	4.51656	1.22033	1.22033	1	1	
0.53012	-nan	1.22037	1.95919	1	1	1	1	1	1	4.51164	1.22037	1.22037	1	1	
0.533735	-nan	1.22039	1.96173	1	1	1	1	1	1	4.50675	1.22039	1.22039	1	1	
0.537349	-nan	1.22041	1.96424	1	1	1	1	1	1	4.50188	1.22041	1.22041	1	1	
0.540964	-nan	1.22042	1.96672	1	1	1	1	1	1	4.49703	1.22042	1.22042	1	1	
0.544578	-nan	1.22042	1.96917	1	1	1	1	1	1	4.4922	1.22042	1.22042	1	1	
0.548193	-nan	1.22041	1.97158	1	1	1	1	1	1	4.48739	1.22041	1.22041	1	1	
0.551807	-nan	1.2204	1.97396	1	1	1	1	1	1	4.48261	1.2204	1.2204	1	1	
0.555422	-nan	1.22037	1.97631	1	1	1	1	1	1	4.47785	1.22037	1.22037	1	1	
0.559036	-nan	1.22034	1.97862	1	1	1	1	1	1	4.47311	1.22034	1.22034	1	1	
0.562651	-nan	1.2203	1.98091	1	1	1	1	1	1	4.46839	1.2203	1.2203	1	1	
0.566265	-nan	1.22025	1.98317	1	1	1	1	1	1	4.4637	1.22025	1.22025	1	1	
0.56988	-nan	1.2202	1.98539	1	1	1	1	1	1	4.45903	1.2202	1.2202	1	1	
0.573494	-nan	1.22013	1.98759	1	1	1	1	1	1	4.45439	1.22013	1.22013	1	1	
0.577108	-nan	1.22006	1.98976	1	1	1	1	1	1	4.44977	1.22006	1.22006	1	1	
0.580723	-nan	1.21999	1.9919	1	1	1	1	1	1	4.44518	1.21999	1.21999	1	1	
0.584337	-nan	1.2199	1.99401	1	1	1	1	1	1	4.44061	1.2199	1.2199	1	1	
0.587952	-nan	1.21981	1.9961	1	1	1	1	1	1	4.43606	1.21981	1.21981	1	1	
0.591566	-nan	1.21971	1.99815	1	1	1	1	1	1	4.43154	1.21971	1.21971	1	1	
0.595181	-nan	1.2196	2.00018	1	1	1	1	1	1	4.42705	1.2196	1.2196	1	1	
0.598795	-nan	1.21949	2.00219	1	1	1	1	1	1	4.42258	1.21949	1.21949	1	1	
0.60241	-nan	1.21937	2.00417	1	1	1	1	1	1	4.41813	1.21937	1.21937	1	1	
0.606024	-nan	1.21924	2.00612	1	1	1	1	1	1	4.41371	1.21924	1.21924	1	1	
0.609639	-nan	1.21911	2.00804	1	1	1	1	1	1	4.40932	1.21911	1.21911	1	1	
0.613253	-nan	1.21896	2.00994	1	1	1	1	1	1	4.40495	1.21896	1.21896	1	1	
0.616867	-nan	1.21882	2.01182	1	1	1	1	1	1	4.40061	1.21882	1.21882	1	1	
0.620482	-nan	1.21866	2.01367	1	1	1	1	1	1	4.39629	1.21866	1.21866	1	1	
0.624096	-nan	1.2185	2.0155	1	1	1	1	1	1	4.392	1.2185	1.2185	1	1	
0.627711	-nan	1.21833	2.0173	1	1	1	1	1	1	4.38774	1.21833	1.21833	1	1	
0.631325	-nan	1.21815	2.01909	1	1	1	1	1	1	4.3835	1.21815	1.21815	1	1	
0.63494	-nan	1.21797	2.02084	1	1	1	1	1	1	4.37929	1.21797	1.21797	1	1	
0.638554	-nan	1.21778	2.02258	1	1	1	1	1	1	4.3751	1.21778	1.21778	1	1	
0.642169	-nan	1.21759	2.02429	1	1	1	1	1	1	4.37094	1.21759	1.21759	1	1	
0.645783	-nan	1.21739	2.02598	1	1	1	1	1	1	4.36681	1.21739	1.21739	1	1	
0.649398	-nan	1.21718	2.02765	1	1	1	1	1	1	4.3627	1.21718	1.21718	1	1	
0.653012	-nan	1.21697	2.0293	1	1	1	1	1	1	4.35862	1.21697	1.21697	1	1	
0.656627	-nan	1.21675	2.03092	1	1	1	1	1	1	4.35457	1.21675	1.21675	1	1	
0.660241	-nan	1.21652	2.03253	1	1	1	1	1	1	4.35054	1.21652	1.21652	1	1	
0.663855	-nan	1.21629	2.03411	1	1	1	1	1	1	4.34654	1.21629	1.21629	1	1	
0.66747	-nan	1.21605	2.03567	1	1	1	1	1	1	4.34256	1.21605	1.21605	1	1	
0.671084	-nan	1.21581	2.03722	1	1	1	1	1	1	4.33861	1.21581	1.21581	1	1	
0.674699	-nan	1.21556	2.03874	1	1	1	1	1	1	4.33468	1.21556	1.21556	1	1	
0.678313	-nan	1.2153	2.04025	1	1	1	1	1	1	4.33079	1.2153	1.2153	1	1	
0.681928	-nan	1.21504	2.04173	1	1	1	1	1	1	4.32691	1.21504	1.21504	1	1	
0.685542	-nan	1.21477	2.0432	1	1	1	1	1	1	4.32307	1.21477	1.21477	1	1	
0.689157	-nan	1.2145	2.04464	1	1	1	1	1	1	4.31925	1.2145	1.2145	1	1	
0.692771	-nan	1.21422	2.04607	1	1	1	1	1	1	4.31545	1.21422	1.21422	1	1	
0.696386	-nan	1.21394	2.04748	1	1	1	1	1	1	4.31168	1.21394	1.21394	1	1	
0.7	-nan	1.21365	2.04888	1	1	1	1	1	1	4.30794	1.21365	1.21365	1	1	
0.703614	-nan	1.21335	2.05025	1	1	1	1	1	1	4.30422	1.21335	1.21335	1	1	
0.707229	-nan	1.21305	2.05161	1	1	1	1	1	1	4.30053	1.21305	1.21305	1	1	
0.710843	-nan	1.21274	2.05295	1	1	1	1	1	1	4.29686	1.21274	1.21274	1	1	
0.714458	-nan	1.21243	2.05427	1	1	1	1	1	1	4.29322	1.21243	1.21243	1	1	
0.718072	-nan	1.21211	2.05557	1	1	1	1	1	1	4.2896	1.21211	1.21211	1	1	
0.721687	-nan	1.21179	2.05686	1	1	1	1	1	1	4.28601	1.21179	1.21179	1	1	
0.725301	-nan	1.21146	2.05814	1	1	1	1	1	1	4.28244	1.21146	1.21146	1	1	
0.728916	-nan	1.21113	2.05939	1	1	1	1	1	1	4.2789	1.21113	1.21113	1	1	
0.73253	-nan	1.21079	2.06063	1	1	1	1	1	1	4.27539	1.21079	1.21079	1	1	
0.736145	-nan	1.21044	2.06186	1	1	1	1	1	1	4.2719	1.21044	1.21044	1	1	
0.739759	-nan	1.21009	2.06307	1	1	1	1	1	1	4.26843	1.21009	1.21009	1	1	
0.743373	-nan	1.20974	2.06426	1	1	1	1	1	1	4.26499	1.20974	1.20974	1	1	
0.746988	-nan	1.20938	2.06544	1	1	1	1	1	1	4.26157	1.20938	1.20938	1	1	
0.750602	-nan	1.20901	2.0666	1	1	1	1	1	1	4.25818	1.20901	1.20901	1	1	
0.754217	-nan	1.20864	2.06775	1	1	1	1	1	1	4.25481	1.20864	1.20864	1	1	
0.757831	-nan	1.20827	2.06889	1	1	1	1	1	1	4.25146	1.20827	1.20827	1	1	
0.761446	-nan	1.20789	2.07001	1	1	1	1	1	1	4.24814	1.20789	1.20789	1	1	
0.76506	-nan	1.2075	2.07111	1	1	1	1	1	1	4.24484	1.2075	1.2075	1	1	
0.768675	-nan	1.20711	2.0722	1	1	1	1	1	1	4.24157	1.20711	1.20711	1	1	
0.772289	-nan	1.20672	2.07328	1	1	1	1	1	1	4.23832	1.20672	1.20672	1	1	
0.775904	-nan	1.20632	2.07435	1	1	1	1	1	1	4.2351	1.20632	1.20632	1	1	
0.779518	-nan	1.20591	2.0754	1	1	1	1	1	1	4.23189	1.20591	1.20591	1	1	
0.783133	-nan	1.2055	2.07643	1	1	1	1	1	1	4.22871	1.2055	1.2055	1	1	
0.786747	-nan	1.20509	2.07746	1	1	1	1	1	1	4.22556	1.20509	1.20509	1	1	
0.790361	-nan	1.20467	2.07847	1	1	1	1	1	1	4.22242	1.20467	1.20467	1	1	
0.793976	-nan	1.20425	2.07947	1	1	1	1	1	1	4.21931	1.20425	1.20425	1	1	
0.79759	-nan	1.20382	2.08046	1	1	1	1	1	1	4.21622	1.20382	1.20382	1	1	
0.801205	-nan	1.20339	2.08143	1	1	1	1	1	1	4.21316	1.20339	1.20339	1	1	
0.804819	-nan	1.20295	2.08239	1	1	1	1	1	1	4.21012	1.20295	1.20295	1	1	
0.808434	-nan	1.20251	2.08334	1	1	1	1	1	1	4.20709	1.20251	1.20251	1	1	
0.812048	-nan	1.20206	2.08428	1	1	1	1	1	1	4.2041	1.20206	1.20206	1	1	
0.815663	-nan	1.20161	2.0852	1	1	1	1	1	1	4.20112	1.20161	1.20161	1	1	
0.819277	-nan	1.20116	2.08612	1	1	1	1	1	1	4.19816	1.20116	1.20116	1	1	
0.822892	-nan	1.2007	2.08702	1	1	1	1	1	1	4.19523	1.2007	1.2007	1	1	
0.826506	-nan	1.20023	2.08791	1	1	1	1	1	1	4.19232	1.20023	1.20023	1	1	
0.83012	-nan	1.19976	2.08879	1	1	1	1	1	1	4.18943	1.19976	1.19976	1	1	
0.833735	-nan	1.19929	2.08966	1	1	1	1	1	1	4.18656	1.19929	1.19929	1	1	
0.837349	-nan	1.19882	2.09052	1	1	1	1	1	1	4.18371	1.19882	1.19882	1	1	
0.840964	-nan	1.19833	2.09136	1	1	1	1	1	1	4.18089	1.19833	1.19833	1	1	
0.844578	-nan	1.19785	2.0922	1	1	1	1	1	1	4.17808	1.19785	1.19785	1	1	
0.848193	-nan	1.19736	2.09303	1	1	1	1	1	1	4.17529	1.19736	1.19736	1	1	
0.851807	-nan	1.19687	2.09384	1	1	1	1	1	1	4.17253	1.19687	1.19687	1	1	
0.855422	-nan	1.19637	2.09465	1	1	1	1	1	1	4.16979	1.19637	1.19637	1	1	
0.859036	-nan	1.19587	2.09544	1	1	1	1	1	1	4.16706	1.19587	1.19587	1	1	
0.862651	-nan	1.19536	2.09623	1	1	1	1	1	1	4.16436	1.19536	1.19536	1	1	
0.866265	-nan	1.19485	2.097	1	1	1	1	1	1	4.16167	1.19485	1.19485	1	1	
0.86988	-nan	1.19434	2.09777	1	1	1	1	1	1	4.15901	1.19434	1.19434	1	1	
0.873494	-nan	1.19382	2.09852	1	1	1	1	1	1	4.15636	1.19382	1.19382	1	1	
0.877108	-nan	1.1933	2.09927	1	1	1	1	1	1	4.15374	1.1933	1.1933	1	1	
0.880723	-nan	1.19278	2.10001	1	1	1	1	1	1	4.15113	1.19278	1.19278	1	1	
0.884337	-nan	1.19225	2.10074	1	1	1	1	1	1	4.14855	1.19225	1.19225	1	1	
0.887952	-nan	1.19171	2.10145	1	1	1	1	1	1	4.14598	1.19171	1.19171	1	1	
0.891566	-nan	1.19118	2.10216	1	1	1	1	1	1	4.14343	1.19118	1.19118	1	1	
0.895181	-nan	1.19064	2.10287	1	1	1	1	1	1	4.1409	1.19064	1.19064	1	1	
0.898795	-nan	1.19009	2.10356	1	1	1	1	1	1	4.13839	1.19009	1.19009	1	1	
0.90241	-nan	1.18954	2.10424	1	1	1	1	1	1	4.1359	1.18954	1.18954	1	1	
0.906024	-nan	1.18899	2.10492	1	1	1	1	1	1	4.13342	1.18899	1.18899	1	1	
0.909639	-nan	1.18844	2.10558	1	1	1	1	1	1	4.13097	1.18844	1.18844	1	1	
0.913253	-nan	1.18788	2.10624	1	1	1	1	1	1	4.12853	1.18788	1.18788	1	1	
0.916867	-nan	1.18731	2.10689	1	1	1	1	1	1	4.12611	1.18731	1.18731	1	1	
0.920482	-nan	1.18675	2.10753	1	1	1	1	1	1	4.12371	1.18675	1.18675	1	1	
0.924096	-nan	1.18618	2.10816	1	1	1	1	1	1	4.12132	1.18618	1.18618	1	1	
0.927711	-nan	1.18561	2.10879	1	1	1	1	1	1	4.11895	1.18561	1.18561	1	1	
0.931325	-nan	1.18503	2.10941	1	1	1	1	1	1	4.1166	1.18503	1.18503	1	1	
0.93494	-nan	1.18445	2.11002	1	1	1	1	1	1	4.11427	1.18445	1.18445	1	1	
0.938554	-nan	1.18386	2.11062	1	1	1	1	1	1	4.11196	1.18386	1.18386	1	1	
0.942169	-nan	1.18328	2.11121	1	1	1	1	1	1	4.10966	1.18328	1.18328	1	1	
0.945783	-nan	1.18269	2.1118	1	1	1	1	1	1	4.10737	1.18269	1.18269	1	1	
0.949398	-nan	1.18209	2.11238	1	1	1	1	1	1	4.10511	1.18209	1.18209	1	1	
0.953012	-nan	1.1815	2.11295	1	1	1	1	1	1	4.10286	1.1815	1.1815	1	1	
0.956627	-nan	1.1809	2.11352	1	1	1	1	1	1	4.10063	1.1809	1.1809	1	1	
0.960241	-nan	1.18029	2.11407	1	1	1	1	1	1	4.09841	1.18029	1.18029	1	1	
0.963855	-nan	1.17969	2.11463	1	1	1	1	1	1	4.09621	1.17969	1.17969	1	1	
0.96747	-nan	1.17908	2.11517	1	1	1	1	1	1	4.09402	1.17908	1.17908	1	1	
0.971084	-nan	1.17846	2.11571	1	1	1	1	1	1	4.09186	1.17846	1.17846	1	1	
0.974699	-nan	1.17785	2.11624	1	1	1	1	1	1	4.0897	1.17785	1.17785	1	1	
0.978313	-nan	1.17723	2.11676	1	1	1	1	1	1	4.08756	1.17723	1.17723	1	1	
0.981928	-nan	1.1766	2.11728	1	1	1	1	1	1	4.08544	1.1766	1.1766	1	1	
0.985542	-nan	1.17598	2.11779	1	1	1	1	1	1	4.08333	1.17598	1.17598	1	1	
0.989157	-nan	1.17535	2.11829	1	1	1	1	1	1	4.08124	1.17535	1.17535	1	1	
0.992771	-nan	1.17472	2.11879	1	1	1	1	1	1	4.07916	1.17472	1.17472	1	1	
0.996386	-nan	1.17408	2.11928	1	1	1	1	1	1	4.0771	1.17408	1.17408	1	1	
1	-nan	-nan	-nan	-nan	-nan	-nan	-nan	-nan	-nan	-nan	-nan	-nan	-nan	-nan	
