1e-05	-nan	0.524383	0.269145	1	1	1	1	1	1	5.02611	0.524383	0.524383	1	1	
1.03753e-05	-nan	0.525001	0.26919	1	1	1	1	1	1	5.02611	0.525001	0.525001	1	1	
1.07647e-05	-nan	0.525623	0.269236	1	1	1	1	1	1	5.0261	0.525623	0.525623	1	1	
1.11686e-05	-nan	0.52625	0.269282	1	1	1	1	1	1	5.0261	0.52625	0.52625	1	1	
1.15878e-05	-nan	0.526882	0.26933	1	1	1	1	1	1	5.0261	0.526882	0.526882	1	1	
1.20226e-05	-nan	0.527518	0.269378	1	1	1	1	1	1	5.0261	0.527518	0.527518	1	1	
1.24738e-05	-nan	0.528159	0.269428	1	1	1	1	1	1	5.02609	0.528159	0.528159	1	1	
1.2942e-05	-nan	0.528806	0.269478	1	1	1	1	1	1	5.02609	0.528806	0.528806	1	1	
1.34276e-05	-nan	0.529457	0.26953	1	1	1	1	1	1	5.02609	0.529457	0.529457	1	1	
1.39316e-05	-nan	0.530113	0.269583	1	1	1	1	1	1	5.02609	0.530113	0.530113	1	1	
1.44544e-05	-nan	0.530774	0.269636	1	1	1	1	1	1	5.02608	0.530774	0.530774	1	1	
1.49968e-05	-nan	0.53144	0.269691	1	1	1	1	1	1	5.02608	0.53144	0.53144	1	1	
1.55597e-05	-nan	0.532111	0.269747	1	1	1	1	1	1	5.02608	0.532111	0.532111	1	1	
1.61436e-05	-nan	0.532788	0.269804	1	1	1	1	1	1	5.02608	0.532788	0.532788	1	1	
1.67494e-05	-nan	0.533469	0.269863	1	1	1	1	1	1	5.02607	0.533469	0.533469	1	1	
1.7378e-05	-nan	0.534156	0.269922	1	1	1	1	1	1	5.02607	0.534156	0.534156	1	1	
1.80302e-05	-nan	0.534848	0.269983	1	1	1	1	1	1	5.02607	0.534848	0.534848	1	1	
1.87068e-05	-nan	0.535546	0.270045	1	1	1	1	1	1	5.02606	0.535546	0.535546	1	1	
1.94089e-05	-nan	0.536249	0.270108	1	1	1	1	1	1	5.02606	0.536249	0.536249	1	1	
2.01372e-05	-nan	0.536958	0.270173	1	1	1	1	1	1	5.02606	0.536958	0.536958	1	1	
2.0893e-05	-nan	0.537672	0.270238	1	1	1	1	1	1	5.02605	0.537672	0.537672	1	1	
2.1677e-05	-nan	0.538391	0.270306	1	1	1	1	1	1	5.02605	0.538391	0.538391	1	1	
2.24905e-05	-nan	0.539116	0.270374	1	1	1	1	1	1	5.02605	0.539116	0.539116	1	1	
2.33346e-05	-nan	0.539847	0.270444	1	1	1	1	1	1	5.02604	0.539847	0.539847	1	1	
2.42103e-05	-nan	0.540584	0.270516	1	1	1	1	1	1	5.02604	0.540584	0.540584	1	1	
2.51189e-05	-nan	0.541326	0.270589	1	1	1	1	1	1	5.02604	0.541326	0.541326	1	1	
2.60615e-05	-nan	0.542075	0.270663	1	1	1	1	1	1	5.02604	0.542075	0.542075	1	1	
2.70396e-05	-nan	0.542829	0.27074	1	1	1	1	1	1	5.02603	0.542829	0.542829	1	1	
2.80543e-05	-nan	0.543589	0.270817	1	1	1	1	1	1	5.02603	0.543589	0.543589	1	1	
2.91072e-05	-nan	0.544355	0.270896	1	1	1	1	1	1	5.02603	0.544355	0.544355	1	1	
3.01995e-05	-nan	0.545127	0.270977	1	1	1	1	1	1	5.02602	0.545127	0.545127	1	1	
3.13329e-05	-nan	0.545906	0.27106	1	1	1	1	1	1	5.02602	0.545906	0.545906	1	1	
3.25087e-05	-nan	0.54669	0.271144	1	1	1	1	1	1	5.02602	0.54669	0.54669	1	1	
3.37287e-05	-nan	0.547481	0.27123	1	1	1	1	1	1	5.02601	0.547481	0.547481	1	1	
3.49945e-05	-nan	0.548278	0.271318	1	1	1	1	1	1	5.02601	0.548278	0.548278	1	1	
3.63078e-05	-nan	0.549082	0.271408	1	1	1	1	1	1	5.026	0.549082	0.549082	1	1	
3.76704e-05	-nan	0.549892	0.271499	1	1	1	1	1	1	5.026	0.549892	0.549892	1	1	
3.90841e-05	-nan	0.550708	0.271593	1	1	1	1	1	1	5.026	0.550708	0.550708	1	1	
4.05509e-05	-nan	0.551531	0.271688	1	1	1	1	1	1	5.02599	0.551531	0.551531	1	1	
4.20727e-05	-nan	0.552361	0.271785	1	1	1	1	1	1	5.02599	0.552361	0.552361	1	1	
4.36516e-05	-nan	0.553198	0.271885	1	1	1	1	1	1	5.02599	0.553198	0.553198	1	1	
4.52898e-05	-nan	0.554041	0.271986	1	1	1	1	1	1	5.02598	0.554041	0.554041	1	1	
4.69894e-05	-nan	0.554891	0.27209	1	1	1	1	1	1	5.02598	0.554891	0.554891	1	1	
4.87528e-05	-nan	0.555748	0.272196	1	1	1	1	1	1	5.02598	0.555748	0.555748	1	1	
5.05825e-05	-nan	0.556612	0.272304	1	1	1	1	1	1	5.02597	0.556612	0.556612	1	1	
5.24807e-05	-nan	0.557483	0.272414	1	1	1	1	1	1	5.02597	0.557483	0.557483	1	1	
5.44503e-05	-nan	0.558361	0.272526	1	1	1	1	1	1	5.02597	0.558361	0.558361	1	1	
5.64937e-05	-nan	0.559246	0.272641	1	1	1	1	1	1	5.02596	0.559246	0.559246	1	1	
5.86138e-05	-nan	0.560139	0.272759	1	1	1	1	1	1	5.02596	0.560139	0.560139	1	1	
6.08135e-05	-nan	0.561039	0.272878	1	1	1	1	1	1	5.02596	0.561039	0.561039	1	1	
6.30957e-05	-nan	0.561946	0.273001	1	1	1	1	1	1	5.02595	0.561946	0.561946	1	1	
6.54636e-05	-nan	0.562861	0.273125	1	1	1	1	1	1	5.02595	0.562861	0.562861	1	1	
6.79204e-05	-nan	0.563784	0.273253	1	1	1	1	1	1	5.02595	0.563784	0.563784	1	1	
7.04693e-05	-nan	0.564714	0.273383	1	1	1	1	1	1	5.02594	0.564714	0.564714	1	1	
7.31139e-05	-nan	0.565652	0.273516	1	1	1	1	1	1	5.02594	0.565652	0.565652	1	1	
7.58578e-05	-nan	0.566597	0.273652	1	1	1	1	1	1	5.02594	0.566597	0.566597	1	1	
7.87046e-05	-nan	0.567551	0.27379	1	1	1	1	1	1	5.02593	0.567551	0.567551	1	1	
8.16582e-05	-nan	0.568513	0.273932	1	1	1	1	1	1	5.02593	0.568513	0.568513	1	1	
8.47227e-05	-nan	0.569482	0.274076	1	1	1	1	1	1	5.02593	0.569482	0.569482	1	1	
8.79023e-05	-nan	0.57046	0.274224	1	1	1	1	1	1	5.02593	0.57046	0.57046	1	1	
9.12011e-05	-nan	0.571446	0.274374	1	1	1	1	1	1	5.02592	0.571446	0.571446	1	1	
9.46237e-05	-nan	0.57244	0.274528	1	1	1	1	1	1	5.02592	0.57244	0.57244	1	1	
9.81748e-05	-nan	0.573443	0.274685	1	1	1	1	1	1	5.02592	0.573443	0.573443	1	1	
0.000101859	-nan	0.574454	0.274846	1	1	1	1	1	1	5.02592	0.574454	0.574454	1	1	
0.000105682	-nan	0.575474	0.27501	1	1	1	1	1	1	5.02591	0.575474	0.575474	1	1	
0.000109648	-nan	0.576502	0.275177	1	1	1	1	1	1	5.02591	0.576502	0.576502	1	1	
0.000113763	-nan	0.577539	0.275348	1	1	1	1	1	1	5.02591	0.577539	0.577539	1	1	
0.000118032	-nan	0.578585	0.275523	1	1	1	1	1	1	5.02591	0.578585	0.578585	1	1	
0.000122462	-nan	0.57964	0.275701	1	1	1	1	1	1	5.02591	0.57964	0.57964	1	1	
0.000127057	-nan	0.580704	0.275883	1	1	1	1	1	1	5.02591	0.580704	0.580704	1	1	
0.000131826	-nan	0.581777	0.276069	1	1	1	1	1	1	5.02591	0.581777	0.581777	1	1	
0.000136773	-nan	0.582859	0.276259	1	1	1	1	1	1	5.02591	0.582859	0.582859	1	1	
0.000141906	-nan	0.583951	0.276453	1	1	1	1	1	1	5.02591	0.583951	0.583951	1	1	
0.000147231	-nan	0.585052	0.276651	1	1	1	1	1	1	5.02591	0.585052	0.585052	1	1	
0.000152757	-nan	0.586163	0.276853	1	1	1	1	1	1	5.02591	0.586163	0.586163	1	1	
0.000158489	-nan	0.587283	0.27706	1	1	1	1	1	1	5.02591	0.587283	0.587283	1	1	
0.000164437	-nan	0.588413	0.277271	1	1	1	1	1	1	5.02591	0.588413	0.588413	1	1	
0.000170608	-nan	0.589552	0.277486	1	1	1	1	1	1	5.02591	0.589552	0.589552	1	1	
0.000177011	-nan	0.590702	0.277707	1	1	1	1	1	1	5.02591	0.590702	0.590702	1	1	
0.000183654	-nan	0.591862	0.277932	1	1	1	1	1	1	5.02591	0.591862	0.591862	1	1	
0.000190546	-nan	0.593032	0.278162	1	1	1	1	1	1	5.02592	0.593032	0.593032	1	1	
0.000197697	-nan	0.594212	0.278397	1	1	1	1	1	1	5.02592	0.594212	0.594212	1	1	
0.000205116	-nan	0.595402	0.278636	1	1	1	1	1	1	5.02592	0.595402	0.595402	1	1	
0.000212814	-nan	0.596603	0.278882	1	1	1	1	1	1	5.02593	0.596603	0.596603	1	1	
0.0002208	-nan	0.597815	0.279132	1	1	1	1	1	1	5.02593	0.597815	0.597815	1	1	
0.000229087	-nan	0.599037	0.279388	1	1	1	1	1	1	5.02594	0.599037	0.599037	1	1	
0.000237684	-nan	0.60027	0.279649	1	1	1	1	1	1	5.02594	0.60027	0.60027	1	1	
0.000246604	-nan	0.601514	0.279916	1	1	1	1	1	1	5.02595	0.601514	0.601514	1	1	
0.000255859	-nan	0.602769	0.280189	1	1	1	1	1	1	5.02596	0.602769	0.602769	1	1	
0.000265461	-nan	0.604035	0.280468	1	1	1	1	1	1	5.02597	0.604035	0.604035	1	1	
0.000275423	-nan	0.605312	0.280753	1	1	1	1	1	1	5.02597	0.605312	0.605312	1	1	
0.000285759	-nan	0.606601	0.281044	1	1	1	1	1	1	5.02598	0.606601	0.606601	1	1	
0.000296483	-nan	0.607902	0.281341	1	1	1	1	1	1	5.02599	0.607902	0.607902	1	1	
0.00030761	-nan	0.609214	0.281645	1	1	1	1	1	1	5.02601	0.609214	0.609214	1	1	
0.000319154	-nan	0.610538	0.281956	1	1	1	1	1	1	5.02602	0.610538	0.610538	1	1	
0.000331131	-nan	0.611874	0.282273	1	1	1	1	1	1	5.02603	0.611874	0.611874	1	1	
0.000343558	-nan	0.613222	0.282598	1	1	1	1	1	1	5.02605	0.613222	0.613222	1	1	
0.000356451	-nan	0.614582	0.282929	1	1	1	1	1	1	5.02606	0.614582	0.614582	1	1	
0.000369828	-nan	0.615954	0.283268	1	1	1	1	1	1	5.02608	0.615954	0.615954	1	1	
0.000383707	-nan	0.617339	0.283614	1	1	1	1	1	1	5.02609	0.617339	0.617339	1	1	
0.000398107	-nan	0.618736	0.283968	1	1	1	1	1	1	5.02611	0.618736	0.618736	1	1	
0.000413048	-nan	0.620146	0.28433	1	1	1	1	1	1	5.02613	0.620146	0.620146	1	1	
0.000428549	-nan	0.621569	0.2847	1	1	1	1	1	1	5.02615	0.621569	0.621569	1	1	
0.000444631	-nan	0.623005	0.285078	1	1	1	1	1	1	5.02618	0.623005	0.623005	1	1	
0.000461318	-nan	0.624455	0.285464	1	1	1	1	1	1	5.0262	0.624455	0.624455	1	1	
0.00047863	-nan	0.625917	0.285859	1	1	1	1	1	1	5.02623	0.625917	0.625917	1	1	
0.000496592	-nan	0.627393	0.286263	1	1	1	1	1	1	5.02626	0.627393	0.627393	1	1	
0.000515229	-nan	0.628882	0.286676	1	1	1	1	1	1	5.02629	0.628882	0.628882	1	1	
0.000534564	-nan	0.630385	0.287098	1	1	1	1	1	1	5.02632	0.630385	0.630385	1	1	
0.000554626	-nan	0.631903	0.287529	1	1	1	1	1	1	5.02635	0.631903	0.631903	1	1	
0.00057544	-nan	0.633434	0.287971	1	1	1	1	1	1	5.02639	0.633434	0.633434	1	1	
0.000597035	-nan	0.634979	0.288422	1	1	1	1	1	1	5.02642	0.634979	0.634979	1	1	
0.000619441	-nan	0.636539	0.288883	1	1	1	1	1	1	5.02646	0.636539	0.636539	1	1	
0.000642688	-nan	0.638113	0.289355	1	1	1	1	1	1	5.0265	0.638113	0.638113	1	1	
0.000666807	-nan	0.639702	0.289837	1	1	1	1	1	1	5.02655	0.639702	0.639702	1	1	
0.000691831	-nan	0.641305	0.29033	1	1	1	1	1	1	5.02659	0.641305	0.641305	1	1	
0.000717794	-nan	0.642924	0.290835	1	1	1	1	1	1	5.02664	0.642924	0.642924	1	1	
0.000744732	-nan	0.644558	0.29135	1	1	1	1	1	1	5.0267	0.644558	0.644558	1	1	
0.000772681	-nan	0.646207	0.291878	1	1	1	1	1	1	5.02675	0.646207	0.646207	1	1	
0.000801678	-nan	0.647871	0.292418	1	1	1	1	1	1	5.02681	0.647871	0.647871	1	1	
0.000831764	-nan	0.649552	0.29297	1	1	1	1	1	1	5.02687	0.649552	0.649552	1	1	
0.000862979	-nan	0.651248	0.293534	1	1	1	1	1	1	5.02693	0.651248	0.651248	1	1	
0.000895365	-nan	0.65296	0.294112	1	1	1	1	1	1	5.027	0.65296	0.65296	1	1	
0.000928966	-nan	0.654688	0.294703	1	1	1	1	1	1	5.02707	0.654688	0.654688	1	1	
0.000963829	-nan	0.656433	0.295307	1	1	1	1	1	1	5.02715	0.656433	0.656433	1	1	
0.001	-nan	0.658194	0.295926	1	1	1	1	1	1	5.02723	0.658194	0.658194	1	1	
0.00103753	-nan	0.659972	0.296559	1	1	1	1	1	1	5.02731	0.659972	0.659972	1	1	
0.00107647	-nan	0.661766	0.297206	1	1	1	1	1	1	5.0274	0.661766	0.661766	1	1	
0.00111686	-nan	0.663578	0.297869	1	1	1	1	1	1	5.02749	0.663578	0.663578	1	1	
0.00115878	-nan	0.665407	0.298547	1	1	1	1	1	1	5.02759	0.665407	0.665407	1	1	
0.00120226	-nan	0.667254	0.299241	1	1	1	1	1	1	5.02769	0.667254	0.667254	1	1	
0.00124738	-nan	0.669118	0.299951	1	1	1	1	1	1	5.02779	0.669118	0.669118	1	1	
0.0012942	-nan	0.671	0.300678	1	1	1	1	1	1	5.0279	0.671	0.671	1	1	
0.00134276	-nan	0.672901	0.301421	1	1	1	1	1	1	5.02802	0.672901	0.672901	1	1	
0.00139316	-nan	0.674819	0.302183	1	1	1	1	1	1	5.02814	0.674819	0.674819	1	1	
0.00144544	-nan	0.676756	0.302962	1	1	1	1	1	1	5.02827	0.676756	0.676756	1	1	
0.00149968	-nan	0.678711	0.30376	1	1	1	1	1	1	5.02841	0.678711	0.678711	1	1	
0.00155597	-nan	0.680686	0.304577	1	1	1	1	1	1	5.02855	0.680686	0.680686	1	1	
0.00161436	-nan	0.682679	0.305414	1	1	1	1	1	1	5.0287	0.682679	0.682679	1	1	
0.00167494	-nan	0.684691	0.30627	1	1	1	1	1	1	5.02885	0.684691	0.684691	1	1	
0.0017378	-nan	0.686724	0.307147	1	1	1	1	1	1	5.02902	0.686724	0.686724	1	1	
0.00180302	-nan	0.688775	0.308045	1	1	1	1	1	1	5.02919	0.688775	0.688775	1	1	
0.00187068	-nan	0.690847	0.308965	1	1	1	1	1	1	5.02937	0.690847	0.690847	1	1	
0.00194089	-nan	0.692939	0.309907	1	1	1	1	1	1	5.02955	0.692939	0.692939	1	1	
0.00201372	-nan	0.695051	0.310871	1	1	1	1	1	1	5.02975	0.695051	0.695051	1	1	
0.0020893	-nan	0.697183	0.31186	1	1	1	1	1	1	5.02995	0.697183	0.697183	1	1	
0.0021677	-nan	0.699336	0.312872	1	1	1	1	1	1	5.03017	0.699336	0.699336	1	1	
0.00224905	-nan	0.701511	0.313909	1	1	1	1	1	1	5.03039	0.701511	0.701511	1	1	
0.00233346	-nan	0.703706	0.314972	1	1	1	1	1	1	5.03063	0.703706	0.703706	1	1	
0.00242103	-nan	0.705923	0.31606	1	1	1	1	1	1	5.03087	0.705923	0.705923	1	1	
0.00251189	-nan	0.708162	0.317176	1	1	1	1	1	1	5.03113	0.708162	0.708162	1	1	
0.00260615	-nan	0.710422	0.31832	1	1	1	1	1	1	5.0314	0.710422	0.710422	1	1	
0.00270396	-nan	0.712704	0.319491	1	1	1	1	1	1	5.03168	0.712704	0.712704	1	1	
0.00280543	-nan	0.715009	0.320692	1	1	1	1	1	1	5.03197	0.715009	0.715009	1	1	
0.00291072	-nan	0.717337	0.321924	1	1	1	1	1	1	5.03228	0.717337	0.717337	1	1	
0.00301995	-nan	0.719687	0.323186	1	1	1	1	1	1	5.0326	0.719687	0.719687	1	1	
0.00313329	-nan	0.72206	0.32448	1	1	1	1	1	1	5.03293	0.72206	0.72206	1	1	
0.00325087	-nan	0.724457	0.325806	1	1	1	1	1	1	5.03328	0.724457	0.724457	1	1	
0.00337287	-nan	0.726877	0.327167	1	1	1	1	1	1	5.03365	0.726877	0.726877	1	1	
0.00349945	-nan	0.72932	0.328562	1	1	1	1	1	1	5.03403	0.72932	0.72932	1	1	
0.00363078	-nan	0.731788	0.329993	1	1	1	1	1	1	5.03443	0.731788	0.731788	1	1	
0.00376704	-nan	0.73428	0.331461	1	1	1	1	1	1	5.03484	0.73428	0.73428	1	1	
0.00390841	-nan	0.736797	0.332966	1	1	1	1	1	1	5.03528	0.736797	0.736797	1	1	
0.00405509	-nan	0.739338	0.334511	1	1	1	1	1	1	5.03573	0.739338	0.739338	1	1	
0.00420727	-nan	0.741904	0.336096	1	1	1	1	1	1	5.0362	0.741904	0.741904	1	1	
0.00436516	-nan	0.744496	0.337722	1	1	1	1	1	1	5.0367	0.744496	0.744496	1	1	
0.00452898	-nan	0.747113	0.339391	1	1	1	1	1	1	5.03721	0.747113	0.747113	1	1	
0.00469894	-nan	0.749755	0.341104	1	1	1	1	1	1	5.03775	0.749755	0.749755	1	1	
0.00487528	-nan	0.752424	0.342862	1	1	1	1	1	1	5.03831	0.752424	0.752424	1	1	
0.00505825	-nan	0.755119	0.344667	1	1	1	1	1	1	5.03889	0.755119	0.755119	1	1	
0.00524807	-nan	0.75784	0.34652	1	1	1	1	1	1	5.0395	0.75784	0.75784	1	1	
0.00544503	-nan	0.760589	0.348422	1	1	1	1	1	1	5.04014	0.760589	0.760589	1	1	
0.00564937	-nan	0.763364	0.350376	1	1	1	1	1	1	5.04081	0.763364	0.763364	1	1	
0.00586138	-nan	0.766166	0.352383	1	1	1	1	1	1	5.0415	0.766166	0.766166	1	1	
0.00608135	-nan	0.768996	0.354445	1	1	1	1	1	1	5.04222	0.768996	0.768996	1	1	
0.00630957	-nan	0.771854	0.356562	1	1	1	1	1	1	5.04298	0.771854	0.771854	1	1	
0.00654636	-nan	0.77474	0.358738	1	1	1	1	1	1	5.04376	0.77474	0.77474	1	1	
0.00679204	-nan	0.777655	0.360974	1	1	1	1	1	1	5.04458	0.777655	0.777655	1	1	
0.00704693	-nan	0.780597	0.363272	1	1	1	1	1	1	5.04544	0.780597	0.780597	1	1	
0.00731139	-nan	0.783569	0.365633	1	1	1	1	1	1	5.04633	0.783569	0.783569	1	1	
0.00758578	-nan	0.78657	0.368061	1	1	1	1	1	1	5.04726	0.78657	0.78657	1	1	
0.00787046	-nan	0.7896	0.370558	1	1	1	1	1	1	5.04822	0.7896	0.7896	1	1	
0.00816582	-nan	0.79266	0.373124	1	1	1	1	1	1	5.04923	0.79266	0.79266	1	1	
0.00847227	-nan	0.79575	0.375764	1	1	1	1	1	1	5.05028	0.79575	0.79575	1	1	
0.00879023	-nan	0.79887	0.378479	1	1	1	1	1	1	5.05138	0.79887	0.79887	1	1	
0.00912011	-nan	0.80202	0.381272	1	1	1	1	1	1	5.05252	0.80202	0.80202	1	1	
0.00946237	-nan	0.805201	0.384146	1	1	1	1	1	1	5.05372	0.805201	0.805201	1	1	
0.00981748	-nan	0.808413	0.387104	1	1	1	1	1	1	5.05496	0.808413	0.808413	1	1	
0.0101859	-nan	0.811657	0.390147	1	1	1	1	1	1	5.05625	0.811657	0.811657	1	1	
0.0105682	-nan	0.814931	0.393281	1	1	1	1	1	1	5.0576	0.814931	0.814931	1	1	
0.0109648	-nan	0.818238	0.396506	1	1	1	1	1	1	5.059	0.818238	0.818238	1	1	
0.0113763	-nan	0.821577	0.399828	1	1	1	1	1	1	5.06047	0.821577	0.821577	1	1	
0.0118032	-nan	0.824948	0.403249	1	1	1	1	1	1	5.06199	0.824948	0.824948	1	1	
0.0122462	-nan	0.828351	0.406772	1	1	1	1	1	1	5.06358	0.828351	0.828351	1	1	
0.0127057	-nan	0.831787	0.410402	1	1	1	1	1	1	5.06524	0.831787	0.831787	1	1	
0.0131826	-nan	0.835257	0.414143	1	1	1	1	1	1	5.06696	0.835257	0.835257	1	1	
0.0136773	-nan	0.838759	0.417998	1	1	1	1	1	1	5.06876	0.838759	0.838759	1	1	
0.0141906	-nan	0.842295	0.421972	1	1	1	1	1	1	5.07064	0.842295	0.842295	1	1	
0.0147231	-nan	0.845866	0.426068	1	1	1	1	1	1	5.07259	0.845866	0.845866	1	1	
0.0152757	-nan	0.84947	0.430293	1	1	1	1	1	1	5.07462	0.84947	0.84947	1	1	
0.0158489	-nan	0.853108	0.434649	1	1	1	1	1	1	5.07674	0.853108	0.853108	1	1	
0.0164437	-nan	0.856782	0.439144	1	1	1	1	1	1	5.07895	0.856782	0.856782	1	1	
0.0170608	-nan	0.86049	0.443781	1	1	1	1	1	1	5.08125	0.86049	0.86049	1	1	
0.0177011	-nan	0.864233	0.448565	1	1	1	1	1	1	5.08364	0.864233	0.864233	1	1	
0.0183654	-nan	0.868012	0.453504	1	1	1	1	1	1	5.08614	0.868012	0.868012	1	1	
0.0190546	-nan	0.871826	0.458603	1	1	1	1	1	1	5.08874	0.871826	0.871826	1	1	
0.0197697	-nan	0.875676	0.463867	1	1	1	1	1	1	5.09145	0.875676	0.875676	1	1	
0.0205116	-nan	0.879563	0.469304	1	1	1	1	1	1	5.09427	0.879563	0.879563	1	1	
0.0212814	-nan	0.883485	0.47492	1	1	1	1	1	1	5.09722	0.883485	0.883485	1	1	
0.02208	-nan	0.887445	0.480722	1	1	1	1	1	1	5.10028	0.887445	0.887445	1	1	
0.0229087	-nan	0.891441	0.486718	1	1	1	1	1	1	5.10347	0.891441	0.891441	1	1	
0.0237684	-nan	0.895475	0.492916	1	1	1	1	1	1	5.1068	0.895475	0.895475	1	1	
0.0246604	-nan	0.899546	0.499323	1	1	1	1	1	1	5.11027	0.899546	0.899546	1	1	
0.0255859	-nan	0.903654	0.505948	1	1	1	1	1	1	5.11388	0.903654	0.903654	1	1	
0.0265461	-nan	0.907801	0.512799	1	1	1	1	1	1	5.11765	0.907801	0.907801	1	1	
0.0275423	-nan	0.911985	0.519887	1	1	1	1	1	1	5.12157	0.911985	0.911985	1	1	
0.0285759	-nan	0.916209	0.52722	1	1	1	1	1	1	5.12566	0.916209	0.916209	1	1	
0.0296483	-nan	0.92047	0.534809	1	1	1	1	1	1	5.12992	0.92047	0.92047	1	1	
0.030761	-nan	0.924771	0.542664	1	1	1	1	1	1	5.13437	0.924771	0.924771	1	1	
0.0319154	-nan	0.929111	0.550796	1	1	1	1	1	1	5.139	0.929111	0.929111	1	1	
0.0331131	-nan	0.93349	0.559216	1	1	1	1	1	1	5.14382	0.93349	0.93349	1	1	
0.0343558	-nan	0.937909	0.567936	1	1	1	1	1	1	5.14885	0.937909	0.937909	1	1	
0.0356451	-nan	0.942369	0.576969	1	1	1	1	1	1	5.1541	0.942369	0.942369	1	1	
0.0369828	-nan	0.946868	0.586328	1	1	1	1	1	1	5.15956	0.946868	0.946868	1	1	
0.0383707	-nan	0.951408	0.596026	1	1	1	1	1	1	5.16527	0.951408	0.951408	1	1	
0.0398107	-nan	0.955989	0.606076	1	1	1	1	1	1	5.17121	0.955989	0.955989	1	1	
0.0413048	-nan	0.960611	0.616494	1	1	1	1	1	1	5.17741	0.960611	0.960611	1	1	
0.0428549	-nan	0.965274	0.627295	1	1	1	1	1	1	5.18387	0.965274	0.965274	1	1	
0.0444631	-nan	0.969979	0.638493	1	1	1	1	1	1	5.19062	0.969979	0.969979	1	1	
0.0461318	-nan	0.974727	0.650106	1	1	1	1	1	1	5.19765	0.974727	0.974727	1	1	
0.047863	-nan	0.979517	0.66215	1	1	1	1	1	1	5.20499	0.979517	0.979517	1	1	
0.0496592	-nan	0.984349	0.674641	1	1	1	1	1	1	5.21264	0.984349	0.984349	1	1	
0.0515229	-nan	0.989225	0.687599	1	1	1	1	1	1	5.22063	0.989225	0.989225	1	1	
0.0534564	-nan	0.994145	0.70104	1	1	1	1	1	1	5.22896	0.994145	0.994145	1	1	
0.0554626	-nan	0.999108	0.714983	1	1	1	1	1	1	5.23766	0.999108	0.999108	1	1	
0.057544	-nan	1.00412	0.729448	1	1	1	1	1	1	5.24673	1.00412	1.00412	1	1	
0.0597035	-nan	1.00917	0.744454	1	1	1	1	1	1	5.25621	1.00917	1.00917	1	1	
0.0619441	-nan	1.01427	0.76002	1	1	1	1	1	1	5.2661	1.01427	1.01427	1	1	
0.0642688	-nan	1.01941	0.776165	1	1	1	1	1	1	5.27643	1.01941	1.01941	1	1	
0.0666807	-nan	1.0246	0.79291	1	1	1	1	1	1	5.28722	1.0246	1.0246	1	1	
0.0691831	-nan	1.02984	0.810273	1	1	1	1	1	1	5.29848	1.02984	1.02984	1	1	
0.0717794	-nan	1.03513	0.828273	1	1	1	1	1	1	5.31025	1.03513	1.03513	1	1	
0.0744732	-nan	1.04046	0.84693	1	1	1	1	1	1	5.32254	1.04046	1.04046	1	1	
0.0772681	-nan	1.04585	0.866259	1	1	1	1	1	1	5.33538	1.04585	1.04585	1	1	
0.0801678	-nan	1.05128	0.886279	1	1	1	1	1	1	5.3488	1.05128	1.05128	1	1	
0.0831764	-nan	1.05677	0.907003	1	1	1	1	1	1	5.36283	1.05677	1.05677	1	1	
0.0862979	-nan	1.0623	0.928444	1	1	1	1	1	1	5.37749	1.0623	1.0623	1	1	
0.0895365	-nan	1.06789	0.950612	1	1	1	1	1	1	5.39282	1.06789	1.06789	1	1	
0.0928966	-nan	1.07354	0.973515	1	1	1	1	1	1	5.40885	1.07354	1.07354	1	1	
0.0963829	-nan	1.07923	0.997155	1	1	1	1	1	1	5.42561	1.07923	1.07923	1	1	
0.1	-nan	1.08499	1.02153	1	1	1	1	1	1	5.44314	1.08499	1.08499	1	1	
0.103614	-nan	1.09059	1.04572	1	1	1	1	1	1	5.4608	1.09059	1.09059	1	1	
0.107229	-nan	1.09605	1.0697	1	1	1	1	1	1	5.47861	1.09605	1.09605	1	1	
0.110843	-nan	1.10138	1.09347	1	1	1	1	1	1	5.49655	1.10138	1.10138	1	1	
0.114458	-nan	1.10659	1.11699	1	1	1	1	1	1	5.51464	1.10659	1.10659	1	1	
0.118072	-nan	1.11168	1.14025	1	1	1	1	1	1	5.53286	1.11168	1.11168	1	1	
0.121687	-nan	1.11666	1.16321	1	1	1	1	1	1	5.55121	1.11666	1.11666	1	1	
0.125301	-nan	1.12154	1.18585	1	1	1	1	1	1	5.56971	1.12154	1.12154	1	1	
0.128916	-nan	1.12632	1.20815	1	1	1	1	1	1	5.58833	1.12632	1.12632	1	1	
0.13253	-nan	1.13101	1.23007	1	1	1	1	1	1	5.60709	1.13101	1.13101	1	1	
0.136145	-nan	1.13561	1.2516	1	1	1	1	1	1	5.62598	1.13561	1.13561	1	1	
0.139759	-nan	1.14013	1.27271	1	1	1	1	1	1	5.645	1.14013	1.14013	1	1	
0.143373	-nan	1.14457	1.29337	1	1	1	1	1	1	5.66414	1.14457	1.14457	1	1	
0.146988	-nan	1.14894	1.31356	1	1	1	1	1	1	5.68342	1.14894	1.14894	1	1	
0.150602	-nan	1.15323	1.33324	1	1	1	1	1	1	5.70282	1.15323	1.15323	1	1	
0.154217	-nan	1.15746	1.3524	1	1	1	1	1	1	5.72234	1.15746	1.15746	1	1	
0.157831	-nan	1.16162	1.37101	1	1	1	1	1	1	5.74199	1.16162	1.16162	1	1	
0.161446	-nan	1.16572	1.38904	1	1	1	1	1	1	5.76176	1.16572	1.16572	1	1	
0.16506	-nan	1.16976	1.40647	1	1	1	1	1	1	5.78165	1.16976	1.16976	1	1	
0.168675	-nan	1.17375	1.42328	1	1	1	1	1	1	5.80165	1.17375	1.17375	1	1	
0.172289	-nan	1.17768	1.43944	1	1	1	1	1	1	5.82177	1.17768	1.17768	1	1	
0.175904	-nan	1.18156	1.45493	1	1	1	1	1	1	5.84201	1.18156	1.18156	1	1	
0.179518	-nan	1.18538	1.46974	1	1	1	1	1	1	5.86236	1.18538	1.18538	1	1	
0.183133	-nan	1.18917	1.48383	1	1	1	1	1	1	5.88282	1.18917	1.18917	1	1	
0.186747	-nan	1.1929	1.49719	1	1	1	1	1	1	5.90339	1.1929	1.1929	1	1	
0.190361	-nan	1.19659	1.50981	1	1	1	1	1	1	5.92407	1.19659	1.19659	1	1	
0.193976	-nan	1.20024	1.52166	1	1	1	1	1	1	5.94486	1.20024	1.20024	1	1	
0.19759	-nan	1.20385	1.53273	1	1	1	1	1	1	5.96575	1.20385	1.20385	1	1	
0.201205	-nan	1.20742	1.54301	1	1	1	1	1	1	5.98674	1.20742	1.20742	1	1	
0.204819	-nan	1.21095	1.55248	1	1	1	1	1	1	6.00783	1.21095	1.21095	1	1	
0.208434	-nan	1.21444	1.56114	1	1	1	1	1	1	6.02902	1.21444	1.21444	1	1	
0.212048	-nan	1.2179	1.56898	1	1	1	1	1	1	6.0503	1.2179	1.2179	1	1	
0.215663	-nan	1.22133	1.57598	1	1	1	1	1	1	6.07169	1.22133	1.22133	1	1	
0.219277	-nan	1.22472	1.58214	1	1	1	1	1	1	6.09316	1.22472	1.22472	1	1	
0.222892	-nan	1.22808	1.58747	1	1	1	1	1	1	6.11472	1.22808	1.22808	1	1	
0.226506	-nan	1.23141	1.59195	1	1	1	1	1	1	6.13637	1.23141	1.23141	1	1	
0.23012	-nan	1.23471	1.59558	1	1	1	1	1	1	6.15811	1.23471	1.23471	1	1	
0.233735	-nan	1.23798	1.59838	1	1	1	1	1	1	6.17993	1.23798	1.23798	1	1	
0.237349	-nan	1.24122	1.60034	1	1	1	1	1	1	6.20183	1.24122	1.24122	1	1	
0.240964	-nan	1.24444	1.60147	1	1	1	1	1	1	6.22381	1.24444	1.24444	1	1	
0.244578	-nan	1.24763	1.60178	1	1	1	1	1	1	6.24587	1.24763	1.24763	1	1	
0.248193	-nan	1.25079	1.60127	1	1	1	1	1	1	6.268	1.25079	1.25079	1	1	
0.251807	-nan	1.25393	1.59997	1	1	1	1	1	1	6.2902	1.25393	1.25393	1	1	
0.255422	-nan	1.25704	1.59788	1	1	1	1	1	1	6.31247	1.25704	1.25704	1	1	
0.259036	-nan	1.26013	1.59501	1	1	1	1	1	1	6.33481	1.26013	1.26013	1	1	
0.262651	-nan	1.2632	1.5914	1	1	1	1	1	1	6.35722	1.2632	1.2632	1	1	
0.266265	-nan	1.26625	1.58705	1	1	1	1	1	1	6.37968	1.26625	1.26625	1	1	
0.26988	-nan	1.26927	1.58199	1	1	1	1	1	1	6.40221	1.26927	1.26927	1	1	
0.273494	-nan	1.27227	1.57623	1	1	1	1	1	1	6.42479	1.27227	1.27227	1	1	
0.277108	-nan	1.27525	1.56981	1	1	1	1	1	1	6.44743	1.27525	1.27525	1	1	
0.280723	-nan	1.27821	1.56275	1	1	1	1	1	1	6.47012	1.27821	1.27821	1	1	
0.284337	-nan	1.28115	1.55508	1	1	1	1	1	1	6.49286	1.28115	1.28115	1	1	
0.287952	-nan	1.28407	1.54681	1	1	1	1	1	1	6.51564	1.28407	1.28407	1	1	
0.291566	-nan	1.28697	1.53799	1	1	1	1	1	1	6.53847	1.28697	1.28697	1	1	
0.295181	-nan	1.28985	1.52865	1	1	1	1	1	1	6.56134	1.28985	1.28985	1	1	
0.298795	-nan	1.29272	1.5188	1	1	1	1	1	1	6.58425	1.29272	1.29272	1	1	
0.30241	-nan	1.29556	1.50849	1	1	1	1	1	1	6.60719	1.29556	1.29556	1	1	
0.306024	-nan	1.29839	1.49774	1	1	1	1	1	1	6.63017	1.29839	1.29839	1	1	
0.309639	-nan	1.3012	1.48659	1	1	1	1	1	1	6.65318	1.3012	1.3012	1	1	
0.313253	-nan	1.30399	1.47507	1	1	1	1	1	1	6.67622	1.30399	1.30399	1	1	
0.316867	-nan	1.30677	1.46322	1	1	1	1	1	1	6.69928	1.30677	1.30677	1	1	
0.320482	-nan	1.30953	1.45105	1	1	1	1	1	1	6.72236	1.30953	1.30953	1	1	
0.324096	-nan	1.31227	1.43862	1	1	1	1	1	1	6.74546	1.31227	1.31227	1	1	
0.327711	-nan	1.315	1.42594	1	1	1	1	1	1	6.76858	1.315	1.315	1	1	
0.331325	-nan	1.31771	1.41306	1	1	1	1	1	1	6.79172	1.31771	1.31771	1	1	
0.33494	-nan	1.3204	1.39999	1	1	1	1	1	1	6.81486	1.3204	1.3204	1	1	
0.338554	-nan	1.32308	1.38678	1	1	1	1	1	1	6.83801	1.32308	1.32308	1	1	
0.342169	-nan	1.32575	1.37345	1	1	1	1	1	1	6.86117	1.32575	1.32575	1	1	
0.345783	-nan	1.3284	1.36003	1	1	1	1	1	1	6.88433	1.3284	1.3284	1	1	
0.349398	-nan	1.33103	1.34655	1	1	1	1	1	1	6.90749	1.33103	1.33103	1	1	
0.353012	-nan	1.33365	1.33303	1	1	1	1	1	1	6.93065	1.33365	1.33365	1	1	
0.356627	-nan	1.33626	1.31951	1	1	1	1	1	1	6.9538	1.33626	1.33626	1	1	
0.360241	-nan	1.33885	1.306	1	1	1	1	1	1	6.97694	1.33885	1.33885	1	1	
0.363855	-nan	1.34142	1.29253	1	1	1	1	1	1	7.00007	1.34142	1.34142	1	1	
0.36747	-nan	1.34399	1.27913	1	1	1	1	1	1	7.02318	1.34399	1.34399	1	1	
0.371084	-nan	1.34653	1.26582	1	1	1	1	1	1	7.04628	1.34653	1.34653	1	1	
0.374699	-nan	1.34907	1.2526	1	1	1	1	1	1	7.06936	1.34907	1.34907	1	1	
0.378313	-nan	1.35159	1.23952	1	1	1	1	1	1	7.09242	1.35159	1.35159	1	1	
0.381928	-nan	1.35409	1.22657	1	1	1	1	1	1	7.11545	1.35409	1.35409	1	1	
0.385542	-nan	1.35659	1.21379	1	1	1	1	1	1	7.13845	1.35659	1.35659	1	1	
0.389157	-nan	1.35907	1.20118	1	1	1	1	1	1	7.16142	1.35907	1.35907	1	1	
0.392771	-nan	1.36153	1.18876	1	1	1	1	1	1	7.18436	1.36153	1.36153	1	1	
0.396386	-nan	1.36398	1.17654	1	1	1	1	1	1	7.20727	1.36398	1.36398	1	1	
0.4	-nan	1.36642	1.16453	1	1	1	1	1	1	7.23013	1.36642	1.36642	1	1	
0.403614	-nan	1.36885	1.15275	1	1	1	1	1	1	7.25295	1.36885	1.36885	1	1	
0.407229	-nan	1.37126	1.1412	1	1	1	1	1	1	7.27573	1.37126	1.37126	1	1	
0.410843	-nan	1.37366	1.12989	1	1	1	1	1	1	7.29845	1.37366	1.37366	1	1	
0.414458	-nan	1.37605	1.11883	1	1	1	1	1	1	7.32113	1.37605	1.37605	1	1	
0.418072	-nan	1.37842	1.10803	1	1	1	1	1	1	7.34376	1.37842	1.37842	1	1	
0.421687	-nan	1.38078	1.09749	1	1	1	1	1	1	7.36634	1.38078	1.38078	1	1	
0.425301	-nan	1.38313	1.08722	1	1	1	1	1	1	7.38885	1.38313	1.38313	1	1	
0.428916	-nan	1.38547	1.07722	1	1	1	1	1	1	7.41131	1.38547	1.38547	1	1	
0.43253	-nan	1.38779	1.06749	1	1	1	1	1	1	7.4337	1.38779	1.38779	1	1	
0.436145	-nan	1.3901	1.05803	1	1	1	1	1	1	7.45603	1.3901	1.3901	1	1	
0.439759	-nan	1.39239	1.04885	1	1	1	1	1	1	7.47829	1.39239	1.39239	1	1	
0.443373	-nan	1.39468	1.03996	1	1	1	1	1	1	7.50048	1.39468	1.39468	1	1	
0.446988	-nan	1.39695	1.03133	1	1	1	1	1	1	7.5226	1.39695	1.39695	1	1	
0.450602	-nan	1.39921	1.02299	1	1	1	1	1	1	7.54464	1.39921	1.39921	1	1	
0.454217	-nan	1.40146	1.01493	1	1	1	1	1	1	7.56661	1.40146	1.40146	1	1	
0.457831	-nan	1.40369	1.00713	1	1	1	1	1	1	7.5885	1.40369	1.40369	1	1	
0.461446	-nan	1.40591	0.999618	1	1	1	1	1	1	7.6103	1.40591	1.40591	1	1	
0.46506	-nan	1.40812	0.992374	1	1	1	1	1	1	7.63202	1.40812	1.40812	1	1	
0.468675	-nan	1.41032	0.985398	1	1	1	1	1	1	7.65366	1.41032	1.41032	1	1	
0.472289	-nan	1.4125	0.978689	1	1	1	1	1	1	7.67521	1.4125	1.4125	1	1	
0.475904	-nan	1.41467	0.972243	1	1	1	1	1	1	7.69667	1.41467	1.41467	1	1	
0.479518	-nan	1.41683	0.966056	1	1	1	1	1	1	7.71803	1.41683	1.41683	1	1	
0.483133	-nan	1.41898	0.960126	1	1	1	1	1	1	7.7393	1.41898	1.41898	1	1	
0.486747	-nan	1.42111	0.954448	1	1	1	1	1	1	7.76048	1.42111	1.42111	1	1	
0.490361	-nan	1.42323	0.949017	1	1	1	1	1	1	7.78155	1.42323	1.42323	1	1	
0.493976	-nan	1.42534	0.943831	1	1	1	1	1	1	7.80253	1.42534	1.42534	1	1	
0.49759	-nan	1.42744	0.938884	1	1	1	1	1	1	7.8234	1.42744	1.42744	1	1	
0.501205	-nan	1.42952	0.934171	1	1	1	1	1	1	7.84417	1.42952	1.42952	1	1	
0.504819	-nan	1.4316	0.92969	1	1	1	1	1	1	7.86483	1.4316	1.4316	1	1	
0.508434	-nan	1.43366	0.925433	1	1	1	1	1	1	7.88539	1.43366	1.43366	1	1	
0.512048	-nan	1.4357	0.921398	1	1	1	1	1	1	7.90583	1.4357	1.4357	1	1	
0.515663	-nan	1.43774	0.917579	1	1	1	1	1	1	7.92617	1.43774	1.43774	1	1	
0.519277	-nan	1.43976	0.913972	1	1	1	1	1	1	7.94639	1.43976	1.43976	1	1	
0.522892	-nan	1.44177	0.910571	1	1	1	1	1	1	7.96649	1.44177	1.44177	1	1	
0.526506	-nan	1.44377	0.907373	1	1	1	1	1	1	7.98648	1.44377	1.44377	1	1	
0.53012	-nan	1.44576	0.904371	1	1	1	1	1	1	8.00635	1.44576	1.44576	1	1	
0.533735	-nan	1.44773	0.901562	1	1	1	1	1	1	8.0261	1.44773	1.44773	1	1	
0.537349	-nan	1.44969	0.898941	1	1	1	1	1	1	8.04574	1.44969	1.44969	1	1	
0.540964	-nan	1.45164	0.896502	1	1	1	1	1	1	8.06524	1.45164	1.45164	1	1	
0.544578	-nan	1.45358	0.894242	1	1	1	1	1	1	8.08463	1.45358	1.45358	1	1	
0.548193	-nan	1.4555	0.892156	1	1	1	1	1	1	8.10388	1.4555	1.4555	1	1	
0.551807	-nan	1.45742	0.890239	1	1	1	1	1	1	8.12302	1.45742	1.45742	1	1	
0.555422	-nan	1.45932	0.888487	1	1	1	1	1	1	8.14202	1.45932	1.45932	1	1	
0.559036	-nan	1.46121	0.886895	1	1	1	1	1	1	8.16089	1.46121	1.46121	1	1	
0.562651	-nan	1.46308	0.885459	1	1	1	1	1	1	8.17964	1.46308	1.46308	1	1	
0.566265	-nan	1.46495	0.884175	1	1	1	1	1	1	8.19825	1.46495	1.46495	1	1	
0.56988	-nan	1.4668	0.883038	1	1	1	1	1	1	8.21673	1.4668	1.4668	1	1	
0.573494	-nan	1.46864	0.882045	1	1	1	1	1	1	8.23507	1.46864	1.46864	1	1	
0.577108	-nan	1.47047	0.881191	1	1	1	1	1	1	8.25329	1.47047	1.47047	1	1	
0.580723	-nan	1.47228	0.880472	1	1	1	1	1	1	8.27136	1.47228	1.47228	1	1	
0.584337	-nan	1.47409	0.879885	1	1	1	1	1	1	8.2893	1.47409	1.47409	1	1	
0.587952	-nan	1.47588	0.879425	1	1	1	1	1	1	8.3071	1.47588	1.47588	1	1	
0.591566	-nan	1.47766	0.879089	1	1	1	1	1	1	8.32476	1.47766	1.47766	1	1	
0.595181	-nan	1.47942	0.878873	1	1	1	1	1	1	8.34228	1.47942	1.47942	1	1	
0.598795	-nan	1.48118	0.878774	1	1	1	1	1	1	8.35966	1.48118	1.48118	1	1	
0.60241	-nan	1.48292	0.878788	1	1	1	1	1	1	8.3769	1.48292	1.48292	1	1	
0.606024	-nan	1.48465	0.878912	1	1	1	1	1	1	8.394	1.48465	1.48465	1	1	
0.609639	-nan	1.48637	0.879142	1	1	1	1	1	1	8.41095	1.48637	1.48637	1	1	
0.613253	-nan	1.48808	0.879475	1	1	1	1	1	1	8.42776	1.48808	1.48808	1	1	
0.616867	-nan	1.48977	0.879908	1	1	1	1	1	1	8.44443	1.48977	1.48977	1	1	
0.620482	-nan	1.49146	0.880437	1	1	1	1	1	1	8.46095	1.49146	1.49146	1	1	
0.624096	-nan	1.49313	0.881061	1	1	1	1	1	1	8.47733	1.49313	1.49313	1	1	
0.627711	-nan	1.49479	0.881774	1	1	1	1	1	1	8.49356	1.49479	1.49479	1	1	
0.631325	-nan	1.49644	0.882576	1	1	1	1	1	1	8.50965	1.49644	1.49644	1	1	
0.63494	-nan	1.49807	0.883463	1	1	1	1	1	1	8.52558	1.49807	1.49807	1	1	
0.638554	-nan	1.49969	0.884432	1	1	1	1	1	1	8.54138	1.49969	1.49969	1	1	
0.642169	-nan	1.50131	0.88548	1	1	1	1	1	1	8.55702	1.50131	1.50131	1	1	
0.645783	-nan	1.50291	0.886606	1	1	1	1	1	1	8.57252	1.50291	1.50291	1	1	
0.649398	-nan	1.50449	0.887806	1	1	1	1	1	1	8.58787	1.50449	1.50449	1	1	
0.653012	-nan	1.50607	0.889077	1	1	1	1	1	1	8.60307	1.50607	1.50607	1	1	
0.656627	-nan	1.50763	0.890418	1	1	1	1	1	1	8.61812	1.50763	1.50763	1	1	
0.660241	-nan	1.50919	0.891827	1	1	1	1	1	1	8.63302	1.50919	1.50919	1	1	
0.663855	-nan	1.51073	0.8933	1	1	1	1	1	1	8.64777	1.51073	1.51073	1	1	
0.66747	-nan	1.51226	0.894835	1	1	1	1	1	1	8.66238	1.51226	1.51226	1	1	
0.671084	-nan	1.51378	0.896431	1	1	1	1	1	1	8.67683	1.51378	1.51378	1	1	
0.674699	-nan	1.51528	0.898085	1	1	1	1	1	1	8.69114	1.51528	1.51528	1	1	
0.678313	-nan	1.51678	0.899795	1	1	1	1	1	1	8.7053	1.51678	1.51678	1	1	
0.681928	-nan	1.51826	0.90156	1	1	1	1	1	1	8.7193	1.51826	1.51826	1	1	
0.685542	-nan	1.51973	0.903376	1	1	1	1	1	1	8.73316	1.51973	1.51973	1	1	
0.689157	-nan	1.52119	0.905243	1	1	1	1	1	1	8.74687	1.52119	1.52119	1	1	
0.692771	-nan	1.52264	0.907159	1	1	1	1	1	1	8.76043	1.52264	1.52264	1	1	
0.696386	-nan	1.52408	0.90912	1	1	1	1	1	1	8.77384	1.52408	1.52408	1	1	
0.7	-nan	1.5255	0.911127	1	1	1	1	1	1	8.7871	1.5255	1.5255	1	1	
0.703614	-nan	1.52692	0.913177	1	1	1	1	1	1	8.80021	1.52692	1.52692	1	1	
0.707229	-nan	1.52832	0.915268	1	1	1	1	1	1	8.81317	1.52832	1.52832	1	1	
0.710843	-nan	1.52971	0.917399	1	1	1	1	1	1	8.82599	1.52971	1.52971	1	1	
0.714458	-nan	1.53109	0.919569	1	1	1	1	1	1	8.83865	1.53109	1.53109	1	1	
0.718072	-nan	1.53246	0.921775	1	1	1	1	1	1	8.85117	1.53246	1.53246	1	1	
0.721687	-nan	1.53382	0.924016	1	1	1	1	1	1	8.86354	1.53382	1.53382	1	1	
0.725301	-nan	1.53516	0.926291	1	1	1	1	1	1	8.87577	1.53516	1.53516	1	1	
0.728916	-nan	1.5365	0.928598	1	1	1	1	1	1	8.88784	1.5365	1.5365	1	1	
0.73253	-nan	1.53782	0.930936	1	1	1	1	1	1	8.89977	1.53782	1.53782	1	1	
0.736145	-nan	1.53914	0.933304	1	1	1	1	1	1	8.91155	1.53914	1.53914	1	1	
0.739759	-nan	1.54044	0.9357	1	1	1	1	1	1	8.92319	1.54044	1.54044	1	1	
0.743373	-nan	1.54173	0.938123	1	1	1	1	1	1	8.93468	1.54173	1.54173	1	1	
0.746988	-nan	1.54301	0.940571	1	1	1	1	1	1	8.94602	1.54301	1.54301	1	1	
0.750602	-nan	1.54428	0.943045	1	1	1	1	1	1	8.95723	1.54428	1.54428	1	1	
0.754217	-nan	1.54554	0.945541	1	1	1	1	1	1	8.96828	1.54554	1.54554	1	1	
0.757831	-nan	1.54679	0.94806	1	1	1	1	1	1	8.97919	1.54679	1.54679	1	1	
0.761446	-nan	1.54802	0.9506	1	1	1	1	1	1	8.98996	1.54802	1.54802	1	1	
0.76506	-nan	1.54925	0.95316	1	1	1	1	1	1	9.00059	1.54925	1.54925	1	1	
0.768675	-nan	1.55047	0.955739	1	1	1	1	1	1	9.01107	1.55047	1.55047	1	1	
0.772289	-nan	1.55167	0.958336	1	1	1	1	1	1	9.02142	1.55167	1.55167	1	1	
0.775904	-nan	1.55286	0.96095	1	1	1	1	1	1	9.03162	1.55286	1.55286	1	1	
0.779518	-nan	1.55405	0.96358	1	1	1	1	1	1	9.04168	1.55405	1.55405	1	1	
0.783133	-nan	1.55522	0.966225	1	1	1	1	1	1	9.0516	1.55522	1.55522	1	1	
0.786747	-nan	1.55638	0.968885	1	1	1	1	1	1	9.06139	1.55638	1.55638	1	1	
0.790361	-nan	1.55754	0.971557	1	1	1	1	1	1	9.07103	1.55754	1.55754	1	1	
0.793976	-nan	1.55868	0.974242	1	1	1	1	1	1	9.08054	1.55868	1.55868	1	1	
0.79759	-nan	1.55981	0.976939	1	1	1	1	1	1	9.08991	1.55981	1.55981	1	1	
0.801205	-nan	1.56093	0.979646	1	1	1	1	1	1	9.09914	1.56093	1.56093	1	1	
0.804819	-nan	1.56204	0.982363	1	1	1	1	1	1	9.10824	1.56204	1.56204	1	1	
0.808434	-nan	1.56314	0.98509	1	1	1	1	1	1	9.1172	1.56314	1.56314	1	1	
0.812048	-nan	1.56423	0.987824	1	1	1	1	1	1	9.12603	1.56423	1.56423	1	1	
0.815663	-nan	1.56532	0.990567	1	1	1	1	1	1	9.13472	1.56532	1.56532	1	1	
0.819277	-nan	1.56639	0.993317	1	1	1	1	1	1	9.14328	1.56639	1.56639	1	1	
0.822892	-nan	1.56745	0.996072	1	1	1	1	1	1	9.15171	1.56745	1.56745	1	1	
0.826506	-nan	1.5685	0.998834	1	1	1	1	1	1	9.16001	1.5685	1.5685	1	1	
0.83012	-nan	1.56954	1.0016	1	1	1	1	1	1	9.16818	1.56954	1.56954	1	1	
0.833735	-nan	1.57057	1.00437	1	1	1	1	1	1	9.17622	1.57057	1.57057	1	1	
0.837349	-nan	1.57159	1.00715	1	1	1	1	1	1	9.18413	1.57159	1.57159	1	1	
0.840964	-nan	1.5726	1.00992	1	1	1	1	1	1	9.19191	1.5726	1.5726	1	1	
0.844578	-nan	1.57361	1.0127	1	1	1	1	1	1	9.19956	1.57361	1.57361	1	1	
0.848193	-nan	1.5746	1.01549	1	1	1	1	1	1	9.20709	1.5746	1.5746	1	1	
0.851807	-nan	1.57558	1.01827	1	1	1	1	1	1	9.21449	1.57558	1.57558	1	1	
0.855422	-nan	1.57655	1.02105	1	1	1	1	1	1	9.22177	1.57655	1.57655	1	1	
0.859036	-nan	1.57752	1.02384	1	1	1	1	1	1	9.22893	1.57752	1.57752	1	1	
0.862651	-nan	1.57847	1.02662	1	1	1	1	1	1	9.23596	1.57847	1.57847	1	1	
0.866265	-nan	1.57942	1.02941	1	1	1	1	1	1	9.24287	1.57942	1.57942	1	1	
0.86988	-nan	1.58035	1.03219	1	1	1	1	1	1	9.24966	1.58035	1.58035	1	1	
0.873494	-nan	1.58128	1.03497	1	1	1	1	1	1	9.25633	1.58128	1.58128	1	1	
0.877108	-nan	1.5822	1.03775	1	1	1	1	1	1	9.26288	1.5822	1.5822	1	1	
0.880723	-nan	1.5831	1.04053	1	1	1	1	1	1	9.26931	1.5831	1.5831	1	1	
0.884337	-nan	1.584	1.04331	1	1	1	1	1	1	9.27562	1.584	1.584	1	1	
0.887952	-nan	1.58489	1.04608	1	1	1	1	1	1	9.28182	1.58489	1.58489	1	1	
0.891566	-nan	1.58577	1.04885	1	1	1	1	1	1	9.2879	1.58577	1.58577	1	1	
0.895181	-nan	1.58665	1.05161	1	1	1	1	1	1	9.29387	1.58665	1.58665	1	1	
0.898795	-nan	1.58751	1.05437	1	1	1	1	1	1	9.29972	1.58751	1.58751	1	1	
0.90241	-nan	1.58836	1.05712	1	1	1	1	1	1	9.30546	1.58836	1.58836	1	1	
0.906024	-nan	1.58921	1.05987	1	1	1	1	1	1	9.31109	1.58921	1.58921	1	1	
0.909639	-nan	1.59005	1.06262	1	1	1	1	1	1	9.31661	1.59005	1.59005	1	1	
0.913253	-nan	1.59088	1.06536	1	1	1	1	1	1	9.32202	1.59088	1.59088	1	1	
0.916867	-nan	1.5917	1.06809	1	1	1	1	1	1	9.32732	1.5917	1.5917	1	1	
0.920482	-nan	1.59251	1.07082	1	1	1	1	1	1	9.33251	1.59251	1.59251	1	1	
0.924096	-nan	1.59331	1.07354	1	1	1	1	1	1	9.33759	1.59331	1.59331	1	1	
0.927711	-nan	1.5941	1.07625	1	1	1	1	1	1	9.34257	1.5941	1.5941	1	1	
0.931325	-nan	1.59489	1.07896	1	1	1	1	1	1	9.34744	1.59489	1.59489	1	1	
0.93494	-nan	1.59567	1.08166	1	1	1	1	1	1	9.35221	1.59567	1.59567	1	1	
0.938554	-nan	1.59644	1.08435	1	1	1	1	1	1	9.35687	1.59644	1.59644	1	1	
0.942169	-nan	1.5972	1.08703	1	1	1	1	1	1	9.36144	1.5972	1.5972	1	1	
0.945783	-nan	1.59795	1.0897	1	1	1	1	1	1	9.3659	1.59795	1.59795	1	1	
0.949398	-nan	1.59869	1.09237	1	1	1	1	1	1	9.37026	1.59869	1.59869	1	1	
0.953012	-nan	1.59943	1.09503	1	1	1	1	1	1	9.37452	1.59943	1.59943	1	1	
0.956627	-nan	1.60016	1.09768	1	1	1	1	1	1	9.37868	1.60016	1.60016	1	1	
0.960241	-nan	1.60088	1.10032	1	1	1	1	1	1	9.38274	1.60088	1.60088	1	1	
0.963855	-nan	1.60159	1.10295	1	1	1	1	1	1	9.38671	1.60159	1.60159	1	1	
0.96747	-nan	1.6023	1.10557	1	1	1	1	1	1	9.39058	1.6023	1.6023	1	1	
0.971084	-nan	1.603	1.10818	1	1	1	1	1	1	9.39436	1.603	1.603	1	1	
0.974699	-nan	1.60369	1.11078	1	1	1	1	1	1	9.39804	1.60369	1.60369	1	1	
0.978313	-nan	1.60437	1.11337	1	1	1	1	1	1	9.40163	1.60437	1.60437	1	1	
0.981928	-nan	1.60504	1.11595	1	1	1	1	1	1	9.40513	1.60504	1.60504	1	1	
0.985542	-nan	1.60571	1.11853	1	1	1	1	1	1	9.40854	1.60571	1.60571	1	1	
0.989157	-nan	1.60637	1.12109	1	1	1	1	1	1	9.41186	1.60637	1.60637	1	1	
0.992771	-nan	1.60702	1.12364	1	1	1	1	1	1	9.41508	1.60702	1.60702	1	1	
0.996386	-nan	1.60767	1.12618	1	1	1	1	1	1	9.41822	1.60767	1.60767	1	1	
1	-nan	-nan	-nan	-nan	-nan	-nan	-nan	-nan	-nan	-nan	-nan	-nan	-nan	-nan	
