1e-05	-nan	0.312209	0.562637	1	1	1	1	1	1	0.30568	0.312209	0.312209	1	1	
1.03753e-05	-nan	0.312764	0.562719	1	1	1	1	1	1	0.305686	0.312764	0.312764	1	1	
1.07647e-05	-nan	0.313325	0.562802	1	1	1	1	1	1	0.305691	0.313325	0.313325	1	1	
1.11686e-05	-nan	0.313893	0.562887	1	1	1	1	1	1	0.305697	0.313893	0.313893	1	1	
1.15878e-05	-nan	0.314466	0.562972	1	1	1	1	1	1	0.305702	0.314466	0.314466	1	1	
1.20226e-05	-nan	0.315046	0.563058	1	1	1	1	1	1	0.305708	0.315046	0.315046	1	1	
1.24738e-05	-nan	0.315632	0.563146	1	1	1	1	1	1	0.305714	0.315632	0.315632	1	1	
1.2942e-05	-nan	0.316224	0.563234	1	1	1	1	1	1	0.30572	0.316224	0.316224	1	1	
1.34276e-05	-nan	0.316823	0.563324	1	1	1	1	1	1	0.305727	0.316823	0.316823	1	1	
1.39316e-05	-nan	0.317429	0.563415	1	1	1	1	1	1	0.305733	0.317429	0.317429	1	1	
1.44544e-05	-nan	0.318041	0.563506	1	1	1	1	1	1	0.30574	0.318041	0.318041	1	1	
1.49968e-05	-nan	0.318661	0.563599	1	1	1	1	1	1	0.305746	0.318661	0.318661	1	1	
1.55597e-05	-nan	0.319287	0.563694	1	1	1	1	1	1	0.305753	0.319287	0.319287	1	1	
1.61436e-05	-nan	0.31992	0.563789	1	1	1	1	1	1	0.30576	0.31992	0.31992	1	1	
1.67494e-05	-nan	0.32056	0.563885	1	1	1	1	1	1	0.305767	0.32056	0.32056	1	1	
1.7378e-05	-nan	0.321207	0.563983	1	1	1	1	1	1	0.305775	0.321207	0.321207	1	1	
1.80302e-05	-nan	0.321861	0.564082	1	1	1	1	1	1	0.305782	0.321861	0.321861	1	1	
1.87068e-05	-nan	0.322523	0.564183	1	1	1	1	1	1	0.30579	0.322523	0.322523	1	1	
1.94089e-05	-nan	0.323192	0.564284	1	1	1	1	1	1	0.305798	0.323192	0.323192	1	1	
2.01372e-05	-nan	0.323869	0.564387	1	1	1	1	1	1	0.305806	0.323869	0.323869	1	1	
2.0893e-05	-nan	0.324553	0.564491	1	1	1	1	1	1	0.305814	0.324553	0.324553	1	1	
2.1677e-05	-nan	0.325245	0.564597	1	1	1	1	1	1	0.305823	0.325245	0.325245	1	1	
2.24905e-05	-nan	0.325945	0.564704	1	1	1	1	1	1	0.305832	0.325945	0.325945	1	1	
2.33346e-05	-nan	0.326652	0.564812	1	1	1	1	1	1	0.305841	0.326652	0.326652	1	1	
2.42103e-05	-nan	0.327368	0.564922	1	1	1	1	1	1	0.30585	0.327368	0.327368	1	1	
2.51189e-05	-nan	0.328092	0.565033	1	1	1	1	1	1	0.305859	0.328092	0.328092	1	1	
2.60615e-05	-nan	0.328824	0.565146	1	1	1	1	1	1	0.305869	0.328824	0.328824	1	1	
2.70396e-05	-nan	0.329565	0.565261	1	1	1	1	1	1	0.305879	0.329565	0.329565	1	1	
2.80543e-05	-nan	0.330314	0.565376	1	1	1	1	1	1	0.305889	0.330314	0.330314	1	1	
2.91072e-05	-nan	0.331071	0.565494	1	1	1	1	1	1	0.305899	0.331071	0.331071	1	1	
3.01995e-05	-nan	0.331838	0.565613	1	1	1	1	1	1	0.30591	0.331838	0.331838	1	1	
3.13329e-05	-nan	0.332613	0.565734	1	1	1	1	1	1	0.305921	0.332613	0.332613	1	1	
3.25087e-05	-nan	0.333397	0.565856	1	1	1	1	1	1	0.305932	0.333397	0.333397	1	1	
3.37287e-05	-nan	0.33419	0.56598	1	1	1	1	1	1	0.305943	0.33419	0.33419	1	1	
3.49945e-05	-nan	0.334992	0.566106	1	1	1	1	1	1	0.305955	0.334992	0.334992	1	1	
3.63078e-05	-nan	0.335804	0.566233	1	1	1	1	1	1	0.305967	0.335804	0.335804	1	1	
3.76704e-05	-nan	0.336624	0.566363	1	1	1	1	1	1	0.305979	0.336624	0.336624	1	1	
3.90841e-05	-nan	0.337455	0.566494	1	1	1	1	1	1	0.305991	0.337455	0.337455	1	1	
4.05509e-05	-nan	0.338295	0.566627	1	1	1	1	1	1	0.306004	0.338295	0.338295	1	1	
4.20727e-05	-nan	0.339145	0.566761	1	1	1	1	1	1	0.306017	0.339145	0.339145	1	1	
4.36516e-05	-nan	0.340005	0.566898	1	1	1	1	1	1	0.306031	0.340005	0.340005	1	1	
4.52898e-05	-nan	0.340875	0.567037	1	1	1	1	1	1	0.306045	0.340875	0.340875	1	1	
4.69894e-05	-nan	0.341755	0.567178	1	1	1	1	1	1	0.306059	0.341755	0.341755	1	1	
4.87528e-05	-nan	0.342646	0.567321	1	1	1	1	1	1	0.306073	0.342646	0.342646	1	1	
5.05825e-05	-nan	0.343547	0.567466	1	1	1	1	1	1	0.306088	0.343547	0.343547	1	1	
5.24807e-05	-nan	0.344458	0.567613	1	1	1	1	1	1	0.306103	0.344458	0.344458	1	1	
5.44503e-05	-nan	0.345381	0.567762	1	1	1	1	1	1	0.306119	0.345381	0.345381	1	1	
5.64937e-05	-nan	0.346314	0.567913	1	1	1	1	1	1	0.306135	0.346314	0.346314	1	1	
5.86138e-05	-nan	0.347259	0.568067	1	1	1	1	1	1	0.306151	0.347259	0.347259	1	1	
6.08135e-05	-nan	0.348214	0.568223	1	1	1	1	1	1	0.306168	0.348214	0.348214	1	1	
6.30957e-05	-nan	0.349181	0.568381	1	1	1	1	1	1	0.306185	0.349181	0.349181	1	1	
6.54636e-05	-nan	0.35016	0.568542	1	1	1	1	1	1	0.306202	0.35016	0.35016	1	1	
6.79204e-05	-nan	0.35115	0.568705	1	1	1	1	1	1	0.30622	0.35115	0.35115	1	1	
7.04693e-05	-nan	0.352153	0.568871	1	1	1	1	1	1	0.306239	0.352153	0.352153	1	1	
7.31139e-05	-nan	0.353167	0.569039	1	1	1	1	1	1	0.306258	0.353167	0.353167	1	1	
7.58578e-05	-nan	0.354193	0.56921	1	1	1	1	1	1	0.306277	0.354193	0.354193	1	1	
7.87046e-05	-nan	0.355232	0.569384	1	1	1	1	1	1	0.306297	0.355232	0.355232	1	1	
8.16582e-05	-nan	0.356283	0.56956	1	1	1	1	1	1	0.306317	0.356283	0.356283	1	1	
8.47227e-05	-nan	0.357347	0.569739	1	1	1	1	1	1	0.306338	0.357347	0.357347	1	1	
8.79023e-05	-nan	0.358424	0.569921	1	1	1	1	1	1	0.30636	0.358424	0.358424	1	1	
9.12011e-05	-nan	0.359514	0.570105	1	1	1	1	1	1	0.306381	0.359514	0.359514	1	1	
9.46237e-05	-nan	0.360618	0.570293	1	1	1	1	1	1	0.306404	0.360618	0.360618	1	1	
9.81748e-05	-nan	0.361734	0.570484	1	1	1	1	1	1	0.306427	0.361734	0.361734	1	1	
0.000101859	-nan	0.362865	0.570678	1	1	1	1	1	1	0.30645	0.362865	0.362865	1	1	
0.000105682	-nan	0.364009	0.570874	1	1	1	1	1	1	0.306475	0.364009	0.364009	1	1	
0.000109648	-nan	0.365167	0.571075	1	1	1	1	1	1	0.306499	0.365167	0.365167	1	1	
0.000113763	-nan	0.366339	0.571278	1	1	1	1	1	1	0.306525	0.366339	0.366339	1	1	
0.000118032	-nan	0.367526	0.571485	1	1	1	1	1	1	0.306551	0.367526	0.367526	1	1	
0.000122462	-nan	0.368727	0.571695	1	1	1	1	1	1	0.306577	0.368727	0.368727	1	1	
0.000127057	-nan	0.369943	0.571908	1	1	1	1	1	1	0.306605	0.369943	0.369943	1	1	
0.000131826	-nan	0.371175	0.572126	1	1	1	1	1	1	0.306633	0.371175	0.371175	1	1	
0.000136773	-nan	0.372421	0.572347	1	1	1	1	1	1	0.306661	0.372421	0.372421	1	1	
0.000141906	-nan	0.373683	0.572571	1	1	1	1	1	1	0.306691	0.373683	0.373683	1	1	
0.000147231	-nan	0.37496	0.5728	1	1	1	1	1	1	0.306721	0.37496	0.37496	1	1	
0.000152757	-nan	0.376253	0.573032	1	1	1	1	1	1	0.306752	0.376253	0.376253	1	1	
0.000158489	-nan	0.377563	0.573268	1	1	1	1	1	1	0.306783	0.377563	0.377563	1	1	
0.000164437	-nan	0.378888	0.573509	1	1	1	1	1	1	0.306816	0.378888	0.378888	1	1	
0.000170608	-nan	0.380231	0.573753	1	1	1	1	1	1	0.306849	0.380231	0.380231	1	1	
0.000177011	-nan	0.38159	0.574002	1	1	1	1	1	1	0.306883	0.38159	0.38159	1	1	
0.000183654	-nan	0.382966	0.574255	1	1	1	1	1	1	0.306918	0.382966	0.382966	1	1	
0.000190546	-nan	0.384359	0.574513	1	1	1	1	1	1	0.306954	0.384359	0.384359	1	1	
0.000197697	-nan	0.38577	0.574775	1	1	1	1	1	1	0.306991	0.38577	0.38577	1	1	
0.000205116	-nan	0.387198	0.575042	1	1	1	1	1	1	0.307029	0.387198	0.387198	1	1	
0.000212814	-nan	0.388645	0.575314	1	1	1	1	1	1	0.307067	0.388645	0.388645	1	1	
0.0002208	-nan	0.39011	0.575591	1	1	1	1	1	1	0.307107	0.39011	0.39011	1	1	
0.000229087	-nan	0.391593	0.575872	1	1	1	1	1	1	0.307148	0.391593	0.391593	1	1	
0.000237684	-nan	0.393095	0.576159	1	1	1	1	1	1	0.30719	0.393095	0.393095	1	1	
0.000246604	-nan	0.394616	0.576451	1	1	1	1	1	1	0.307232	0.394616	0.394616	1	1	
0.000255859	-nan	0.396156	0.576748	1	1	1	1	1	1	0.307276	0.396156	0.396156	1	1	
0.000265461	-nan	0.397716	0.577051	1	1	1	1	1	1	0.307321	0.397716	0.397716	1	1	
0.000275423	-nan	0.399295	0.57736	1	1	1	1	1	1	0.307367	0.399295	0.399295	1	1	
0.000285759	-nan	0.400895	0.577674	1	1	1	1	1	1	0.307415	0.400895	0.400895	1	1	
0.000296483	-nan	0.402515	0.577994	1	1	1	1	1	1	0.307463	0.402515	0.402515	1	1	
0.00030761	-nan	0.404156	0.57832	1	1	1	1	1	1	0.307513	0.404156	0.404156	1	1	
0.000319154	-nan	0.405817	0.578653	1	1	1	1	1	1	0.307564	0.405817	0.405817	1	1	
0.000331131	-nan	0.4075	0.578992	1	1	1	1	1	1	0.307616	0.4075	0.4075	1	1	
0.000343558	-nan	0.409204	0.579337	1	1	1	1	1	1	0.30767	0.409204	0.409204	1	1	
0.000356451	-nan	0.41093	0.579689	1	1	1	1	1	1	0.307725	0.41093	0.41093	1	1	
0.000369828	-nan	0.412678	0.580047	1	1	1	1	1	1	0.307781	0.412678	0.412678	1	1	
0.000383707	-nan	0.414449	0.580413	1	1	1	1	1	1	0.307839	0.414449	0.414449	1	1	
0.000398107	-nan	0.416242	0.580786	1	1	1	1	1	1	0.307899	0.416242	0.416242	1	1	
0.000413048	-nan	0.418059	0.581166	1	1	1	1	1	1	0.30796	0.418059	0.418059	1	1	
0.000428549	-nan	0.419898	0.581554	1	1	1	1	1	1	0.308023	0.419898	0.419898	1	1	
0.000444631	-nan	0.421761	0.581949	1	1	1	1	1	1	0.308087	0.421761	0.421761	1	1	
0.000461318	-nan	0.423649	0.582352	1	1	1	1	1	1	0.308153	0.423649	0.423649	1	1	
0.00047863	-nan	0.42556	0.582764	1	1	1	1	1	1	0.30822	0.42556	0.42556	1	1	
0.000496592	-nan	0.427496	0.583183	1	1	1	1	1	1	0.30829	0.427496	0.427496	1	1	
0.000515229	-nan	0.429457	0.583611	1	1	1	1	1	1	0.308361	0.429457	0.429457	1	1	
0.000534564	-nan	0.431443	0.584048	1	1	1	1	1	1	0.308434	0.431443	0.431443	1	1	
0.000554626	-nan	0.433455	0.584494	1	1	1	1	1	1	0.308509	0.433455	0.433455	1	1	
0.00057544	-nan	0.435493	0.584949	1	1	1	1	1	1	0.308586	0.435493	0.435493	1	1	
0.000597035	-nan	0.437557	0.585413	1	1	1	1	1	1	0.308665	0.437557	0.437557	1	1	
0.000619441	-nan	0.439647	0.585887	1	1	1	1	1	1	0.308746	0.439647	0.439647	1	1	
0.000642688	-nan	0.441765	0.586371	1	1	1	1	1	1	0.308829	0.441765	0.441765	1	1	
0.000666807	-nan	0.44391	0.586864	1	1	1	1	1	1	0.308915	0.44391	0.44391	1	1	
0.000691831	-nan	0.446082	0.587369	1	1	1	1	1	1	0.309002	0.446082	0.446082	1	1	
0.000717794	-nan	0.448283	0.587884	1	1	1	1	1	1	0.309092	0.448283	0.448283	1	1	
0.000744732	-nan	0.450511	0.58841	1	1	1	1	1	1	0.309185	0.450511	0.450511	1	1	
0.000772681	-nan	0.452769	0.588947	1	1	1	1	1	1	0.30928	0.452769	0.452769	1	1	
0.000801678	-nan	0.455056	0.589495	1	1	1	1	1	1	0.309377	0.455056	0.455056	1	1	
0.000831764	-nan	0.457372	0.590056	1	1	1	1	1	1	0.309477	0.457372	0.457372	1	1	
0.000862979	-nan	0.459718	0.590628	1	1	1	1	1	1	0.30958	0.459718	0.459718	1	1	
0.000895365	-nan	0.462094	0.591214	1	1	1	1	1	1	0.309685	0.462094	0.462094	1	1	
0.000928966	-nan	0.4645	0.591811	1	1	1	1	1	1	0.309794	0.4645	0.4645	1	1	
0.000963829	-nan	0.466938	0.592422	1	1	1	1	1	1	0.309905	0.466938	0.466938	1	1	
0.001	-nan	0.469406	0.593047	1	1	1	1	1	1	0.310019	0.469406	0.469406	1	1	
0.00103753	-nan	0.471907	0.593685	1	1	1	1	1	1	0.310137	0.471907	0.471907	1	1	
0.00107647	-nan	0.474439	0.594337	1	1	1	1	1	1	0.310257	0.474439	0.474439	1	1	
0.00111686	-nan	0.477004	0.595004	1	1	1	1	1	1	0.310381	0.477004	0.477004	1	1	
0.00115878	-nan	0.479601	0.595686	1	1	1	1	1	1	0.310508	0.479601	0.479601	1	1	
0.00120226	-nan	0.482232	0.596383	1	1	1	1	1	1	0.310639	0.482232	0.482232	1	1	
0.00124738	-nan	0.484896	0.597097	1	1	1	1	1	1	0.310773	0.484896	0.484896	1	1	
0.0012942	-nan	0.487594	0.597826	1	1	1	1	1	1	0.310911	0.487594	0.487594	1	1	
0.00134276	-nan	0.490327	0.598572	1	1	1	1	1	1	0.311053	0.490327	0.490327	1	1	
0.00139316	-nan	0.493094	0.599335	1	1	1	1	1	1	0.311199	0.493094	0.493094	1	1	
0.00144544	-nan	0.495896	0.600116	1	1	1	1	1	1	0.311348	0.495896	0.495896	1	1	
0.00149968	-nan	0.498733	0.600914	1	1	1	1	1	1	0.311502	0.498733	0.498733	1	1	
0.00155597	-nan	0.501607	0.601731	1	1	1	1	1	1	0.31166	0.501607	0.501607	1	1	
0.00161436	-nan	0.504516	0.602568	1	1	1	1	1	1	0.311823	0.504516	0.504516	1	1	
0.00167494	-nan	0.507462	0.603424	1	1	1	1	1	1	0.31199	0.507462	0.507462	1	1	
0.0017378	-nan	0.510445	0.6043	1	1	1	1	1	1	0.312161	0.510445	0.510445	1	1	
0.00180302	-nan	0.513465	0.605196	1	1	1	1	1	1	0.312338	0.513465	0.513465	1	1	
0.00187068	-nan	0.516522	0.606114	1	1	1	1	1	1	0.312519	0.516522	0.516522	1	1	
0.00194089	-nan	0.519618	0.607054	1	1	1	1	1	1	0.312706	0.519618	0.519618	1	1	
0.00201372	-nan	0.522752	0.608016	1	1	1	1	1	1	0.312898	0.522752	0.522752	1	1	
0.0020893	-nan	0.525925	0.609002	1	1	1	1	1	1	0.313095	0.525925	0.525925	1	1	
0.0021677	-nan	0.529136	0.610011	1	1	1	1	1	1	0.313298	0.529136	0.529136	1	1	
0.00224905	-nan	0.532387	0.611044	1	1	1	1	1	1	0.313507	0.532387	0.532387	1	1	
0.00233346	-nan	0.535678	0.612103	1	1	1	1	1	1	0.313721	0.535678	0.535678	1	1	
0.00242103	-nan	0.539009	0.613187	1	1	1	1	1	1	0.313942	0.539009	0.539009	1	1	
0.00251189	-nan	0.54238	0.614298	1	1	1	1	1	1	0.314169	0.54238	0.54238	1	1	
0.00260615	-nan	0.545792	0.615436	1	1	1	1	1	1	0.314403	0.545792	0.545792	1	1	
0.00270396	-nan	0.549245	0.616603	1	1	1	1	1	1	0.314643	0.549245	0.549245	1	1	
0.00280543	-nan	0.55274	0.617798	1	1	1	1	1	1	0.314891	0.55274	0.55274	1	1	
0.00291072	-nan	0.556276	0.619023	1	1	1	1	1	1	0.315145	0.556276	0.556276	1	1	
0.00301995	-nan	0.559854	0.620278	1	1	1	1	1	1	0.315407	0.559854	0.559854	1	1	
0.00313329	-nan	0.563474	0.621565	1	1	1	1	1	1	0.315677	0.563474	0.563474	1	1	
0.00325087	-nan	0.567136	0.622884	1	1	1	1	1	1	0.315954	0.567136	0.567136	1	1	
0.00337287	-nan	0.570842	0.624237	1	1	1	1	1	1	0.31624	0.570842	0.570842	1	1	
0.00349945	-nan	0.57459	0.625623	1	1	1	1	1	1	0.316534	0.57459	0.57459	1	1	
0.00363078	-nan	0.578382	0.627045	1	1	1	1	1	1	0.316837	0.578382	0.578382	1	1	
0.00376704	-nan	0.582217	0.628503	1	1	1	1	1	1	0.317148	0.582217	0.582217	1	1	
0.00390841	-nan	0.586096	0.629999	1	1	1	1	1	1	0.317469	0.586096	0.586096	1	1	
0.00405509	-nan	0.590018	0.631533	1	1	1	1	1	1	0.3178	0.590018	0.590018	1	1	
0.00420727	-nan	0.593985	0.633106	1	1	1	1	1	1	0.31814	0.593985	0.593985	1	1	
0.00436516	-nan	0.597996	0.63472	1	1	1	1	1	1	0.318491	0.597996	0.597996	1	1	
0.00452898	-nan	0.602052	0.636376	1	1	1	1	1	1	0.318852	0.602052	0.602052	1	1	
0.00469894	-nan	0.606152	0.638075	1	1	1	1	1	1	0.319225	0.606152	0.606152	1	1	
0.00487528	-nan	0.610296	0.639819	1	1	1	1	1	1	0.319608	0.610296	0.610296	1	1	
0.00505825	-nan	0.614486	0.641608	1	1	1	1	1	1	0.320003	0.614486	0.614486	1	1	
0.00524807	-nan	0.61872	0.643444	1	1	1	1	1	1	0.320411	0.61872	0.61872	1	1	
0.00544503	-nan	0.622999	0.645329	1	1	1	1	1	1	0.32083	0.622999	0.622999	1	1	
0.00564937	-nan	0.627324	0.647263	1	1	1	1	1	1	0.321263	0.627324	0.627324	1	1	
0.00586138	-nan	0.631693	0.649249	1	1	1	1	1	1	0.321709	0.631693	0.631693	1	1	
0.00608135	-nan	0.636107	0.651288	1	1	1	1	1	1	0.322169	0.636107	0.636107	1	1	
0.00630957	-nan	0.640567	0.653381	1	1	1	1	1	1	0.322643	0.640567	0.640567	1	1	
0.00654636	-nan	0.645071	0.65553	1	1	1	1	1	1	0.323132	0.645071	0.645071	1	1	
0.00679204	-nan	0.64962	0.657737	1	1	1	1	1	1	0.323637	0.64962	0.64962	1	1	
0.00704693	-nan	0.654214	0.660004	1	1	1	1	1	1	0.324157	0.654214	0.654214	1	1	
0.00731139	-nan	0.658852	0.662332	1	1	1	1	1	1	0.324694	0.658852	0.658852	1	1	
0.00758578	-nan	0.663535	0.664723	1	1	1	1	1	1	0.325247	0.663535	0.663535	1	1	
0.00787046	-nan	0.668262	0.667179	1	1	1	1	1	1	0.325819	0.668262	0.668262	1	1	
0.00816582	-nan	0.673033	0.669702	1	1	1	1	1	1	0.326409	0.673033	0.673033	1	1	
0.00847227	-nan	0.677848	0.672294	1	1	1	1	1	1	0.327017	0.677848	0.677848	1	1	
0.00879023	-nan	0.682706	0.674957	1	1	1	1	1	1	0.327645	0.682706	0.682706	1	1	
0.00912011	-nan	0.687607	0.677694	1	1	1	1	1	1	0.328294	0.687607	0.687607	1	1	
0.00946237	-nan	0.692551	0.680506	1	1	1	1	1	1	0.328964	0.692551	0.692551	1	1	
0.00981748	-nan	0.697537	0.683396	1	1	1	1	1	1	0.329656	0.697537	0.697537	1	1	
0.0101859	-nan	0.702565	0.686366	1	1	1	1	1	1	0.33037	0.702565	0.702565	1	1	
0.0105682	-nan	0.707635	0.689418	1	1	1	1	1	1	0.331108	0.707635	0.707635	1	1	
0.0109648	-nan	0.712745	0.692556	1	1	1	1	1	1	0.331871	0.712745	0.712745	1	1	
0.0113763	-nan	0.717895	0.695781	1	1	1	1	1	1	0.332658	0.717895	0.717895	1	1	
0.0118032	-nan	0.723085	0.699097	1	1	1	1	1	1	0.333473	0.723085	0.723085	1	1	
0.0122462	-nan	0.728313	0.702506	1	1	1	1	1	1	0.334314	0.728313	0.728313	1	1	
0.0127057	-nan	0.733579	0.70601	1	1	1	1	1	1	0.335185	0.733579	0.733579	1	1	
0.0131826	-nan	0.738883	0.709614	1	1	1	1	1	1	0.336084	0.738883	0.738883	1	1	
0.0136773	-nan	0.744222	0.713319	1	1	1	1	1	1	0.337015	0.744222	0.744222	1	1	
0.0141906	-nan	0.749597	0.717129	1	1	1	1	1	1	0.337977	0.749597	0.749597	1	1	
0.0147231	-nan	0.755006	0.721047	1	1	1	1	1	1	0.338972	0.755006	0.755006	1	1	
0.0152757	-nan	0.760449	0.725077	1	1	1	1	1	1	0.340002	0.760449	0.760449	1	1	
0.0158489	-nan	0.765923	0.729221	1	1	1	1	1	1	0.341068	0.765923	0.765923	1	1	
0.0164437	-nan	0.771427	0.733484	1	1	1	1	1	1	0.342172	0.771427	0.771427	1	1	
0.0170608	-nan	0.776961	0.737868	1	1	1	1	1	1	0.343314	0.776961	0.776961	1	1	
0.0177011	-nan	0.782523	0.742378	1	1	1	1	1	1	0.344497	0.782523	0.782523	1	1	
0.0183654	-nan	0.788112	0.747017	1	1	1	1	1	1	0.345721	0.788112	0.788112	1	1	
0.0190546	-nan	0.793725	0.751788	1	1	1	1	1	1	0.34699	0.793725	0.793725	1	1	
0.0197697	-nan	0.799361	0.756697	1	1	1	1	1	1	0.348305	0.799361	0.799361	1	1	
0.0205116	-nan	0.805018	0.761747	1	1	1	1	1	1	0.349667	0.805018	0.805018	1	1	
0.0212814	-nan	0.810695	0.766942	1	1	1	1	1	1	0.351079	0.810695	0.810695	1	1	
0.02208	-nan	0.816388	0.772286	1	1	1	1	1	1	0.352542	0.816388	0.816388	1	1	
0.0229087	-nan	0.822097	0.777784	1	1	1	1	1	1	0.35406	0.822097	0.822097	1	1	
0.0237684	-nan	0.827819	0.78344	1	1	1	1	1	1	0.355634	0.827819	0.827819	1	1	
0.0246604	-nan	0.833551	0.789259	1	1	1	1	1	1	0.357268	0.833551	0.833551	1	1	
0.0255859	-nan	0.839291	0.795246	1	1	1	1	1	1	0.358962	0.839291	0.839291	1	1	
0.0265461	-nan	0.845036	0.801404	1	1	1	1	1	1	0.360721	0.845036	0.845036	1	1	
0.0275423	-nan	0.850783	0.807739	1	1	1	1	1	1	0.362547	0.850783	0.850783	1	1	
0.0285759	-nan	0.856529	0.814255	1	1	1	1	1	1	0.364443	0.856529	0.856529	1	1	
0.0296483	-nan	0.862272	0.820959	1	1	1	1	1	1	0.366412	0.862272	0.862272	1	1	
0.030761	-nan	0.868007	0.827853	1	1	1	1	1	1	0.368458	0.868007	0.868007	1	1	
0.0319154	-nan	0.873731	0.834944	1	1	1	1	1	1	0.370585	0.873731	0.873731	1	1	
0.0331131	-nan	0.87944	0.842237	1	1	1	1	1	1	0.372795	0.87944	0.87944	1	1	
0.0343558	-nan	0.885131	0.849736	1	1	1	1	1	1	0.375093	0.885131	0.885131	1	1	
0.0356451	-nan	0.8908	0.857446	1	1	1	1	1	1	0.377483	0.8908	0.8908	1	1	
0.0369828	-nan	0.896441	0.865373	1	1	1	1	1	1	0.379969	0.896441	0.896441	1	1	
0.0383707	-nan	0.902051	0.873522	1	1	1	1	1	1	0.382557	0.902051	0.902051	1	1	
0.0398107	-nan	0.907625	0.881896	1	1	1	1	1	1	0.38525	0.907625	0.907625	1	1	
0.0413048	-nan	0.913157	0.890501	1	1	1	1	1	1	0.388054	0.913157	0.913157	1	1	
0.0428549	-nan	0.918642	0.899341	1	1	1	1	1	1	0.390975	0.918642	0.918642	1	1	
0.0444631	-nan	0.924076	0.908421	1	1	1	1	1	1	0.394019	0.924076	0.924076	1	1	
0.0461318	-nan	0.929452	0.917745	1	1	1	1	1	1	0.39719	0.929452	0.929452	1	1	
0.047863	-nan	0.934764	0.927315	1	1	1	1	1	1	0.400496	0.934764	0.934764	1	1	
0.0496592	-nan	0.940006	0.937136	1	1	1	1	1	1	0.403944	0.940006	0.940006	1	1	
0.0515229	-nan	0.945171	0.947211	1	1	1	1	1	1	0.407541	0.945171	0.945171	1	1	
0.0534564	-nan	0.950254	0.957541	1	1	1	1	1	1	0.411295	0.950254	0.950254	1	1	
0.0554626	-nan	0.955246	0.968128	1	1	1	1	1	1	0.415212	0.955246	0.955246	1	1	
0.057544	-nan	0.960141	0.978973	1	1	1	1	1	1	0.419303	0.960141	0.960141	1	1	
0.0597035	-nan	0.964932	0.990077	1	1	1	1	1	1	0.423576	0.964932	0.964932	1	1	
0.0619441	-nan	0.969611	1.00144	1	1	1	1	1	1	0.428041	0.969611	0.969611	1	1	
0.0642688	-nan	0.97417	1.01305	1	1	1	1	1	1	0.432708	0.97417	0.97417	1	1	
0.0666807	-nan	0.978602	1.02492	1	1	1	1	1	1	0.437587	0.978602	0.978602	1	1	
0.0691831	-nan	0.982898	1.03703	1	1	1	1	1	1	0.44269	0.982898	0.982898	1	1	
0.0717794	-nan	0.987051	1.04938	1	1	1	1	1	1	0.44803	0.987051	0.987051	1	1	
0.0744732	-nan	0.991053	1.06197	1	1	1	1	1	1	0.453618	0.991053	0.991053	1	1	
0.0772681	-nan	0.994896	1.07478	1	1	1	1	1	1	0.459468	0.994896	0.994896	1	1	
0.0801678	-nan	0.998572	1.08779	1	1	1	1	1	1	0.465596	0.998572	0.998572	1	1	
0.0831764	-nan	1.00207	1.101	1	1	1	1	1	1	0.472015	1.00207	1.00207	1	1	
0.0862979	-nan	1.0054	1.11439	1	1	1	1	1	1	0.478742	1.0054	1.0054	1	1	
0.0895365	-nan	1.00853	1.12793	1	1	1	1	1	1	0.485794	1.00853	1.00853	1	1	
0.0928966	-nan	1.01147	1.14161	1	1	1	1	1	1	0.493188	1.01147	1.01147	1	1	
0.0963829	-nan	1.0142	1.1554	1	1	1	1	1	1	0.500945	1.0142	1.0142	1	1	
0.1	-nan	1.01674	1.16927	1	1	1	1	1	1	0.509083	1.01674	1.01674	1	1	
0.103614	-nan	1.01898	1.18269	1	1	1	1	1	1	0.517306	1.01898	1.01898	1	1	
0.107229	-nan	1.02096	1.19566	1	1	1	1	1	1	0.525622	1.02096	1.02096	1	1	
0.110843	-nan	1.02269	1.20819	1	1	1	1	1	1	0.534029	1.02269	1.02269	1	1	
0.114458	-nan	1.02421	1.22029	1	1	1	1	1	1	0.542526	1.02421	1.02421	1	1	
0.118072	-nan	1.02551	1.23196	1	1	1	1	1	1	0.551113	1.02551	1.02551	1	1	
0.121687	-nan	1.02663	1.24321	1	1	1	1	1	1	0.55979	1.02663	1.02663	1	1	
0.125301	-nan	1.02759	1.25404	1	1	1	1	1	1	0.568556	1.02759	1.02759	1	1	
0.128916	-nan	1.02838	1.26447	1	1	1	1	1	1	0.577409	1.02838	1.02838	1	1	
0.13253	-nan	1.02903	1.2745	1	1	1	1	1	1	0.586348	1.02903	1.02903	1	1	
0.136145	-nan	1.02955	1.28416	1	1	1	1	1	1	0.595374	1.02955	1.02955	1	1	
0.139759	-nan	1.02996	1.29346	1	1	1	1	1	1	0.604483	1.02996	1.02996	1	1	
0.143373	-nan	1.03026	1.30241	1	1	1	1	1	1	0.613677	1.03026	1.03026	1	1	
0.146988	-nan	1.03046	1.31103	1	1	1	1	1	1	0.622952	1.03046	1.03046	1	1	
0.150602	-nan	1.03057	1.31933	1	1	1	1	1	1	0.632308	1.03057	1.03057	1	1	
0.154217	-nan	1.03061	1.32735	1	1	1	1	1	1	0.641743	1.03061	1.03061	1	1	
0.157831	-nan	1.03057	1.33509	1	1	1	1	1	1	0.651256	1.03057	1.03057	1	1	
0.161446	-nan	1.03047	1.34258	1	1	1	1	1	1	0.660845	1.03047	1.03047	1	1	
0.16506	-nan	1.03031	1.34983	1	1	1	1	1	1	0.670509	1.03031	1.03031	1	1	
0.168675	-nan	1.0301	1.35687	1	1	1	1	1	1	0.680247	1.0301	1.0301	1	1	
0.172289	-nan	1.02985	1.36371	1	1	1	1	1	1	0.690056	1.02985	1.02985	1	1	
0.175904	-nan	1.02955	1.37038	1	1	1	1	1	1	0.699934	1.02955	1.02955	1	1	
0.179518	-nan	1.02922	1.37689	1	1	1	1	1	1	0.709881	1.02922	1.02922	1	1	
0.183133	-nan	1.02886	1.38326	1	1	1	1	1	1	0.719895	1.02886	1.02886	1	1	
0.186747	-nan	1.02847	1.3895	1	1	1	1	1	1	0.729973	1.02847	1.02847	1	1	
0.190361	-nan	1.02805	1.39563	1	1	1	1	1	1	0.740113	1.02805	1.02805	1	1	
0.193976	-nan	1.02762	1.40167	1	1	1	1	1	1	0.750315	1.02762	1.02762	1	1	
0.19759	-nan	1.02716	1.40763	1	1	1	1	1	1	0.760576	1.02716	1.02716	1	1	
0.201205	-nan	1.02669	1.41353	1	1	1	1	1	1	0.770894	1.02669	1.02669	1	1	
0.204819	-nan	1.02621	1.41936	1	1	1	1	1	1	0.781267	1.02621	1.02621	1	1	
0.208434	-nan	1.02571	1.42515	1	1	1	1	1	1	0.791693	1.02571	1.02571	1	1	
0.212048	-nan	1.0252	1.43091	1	1	1	1	1	1	0.802171	1.0252	1.0252	1	1	
0.215663	-nan	1.02469	1.43663	1	1	1	1	1	1	0.812697	1.02469	1.02469	1	1	
0.219277	-nan	1.02417	1.44234	1	1	1	1	1	1	0.823272	1.02417	1.02417	1	1	
0.222892	-nan	1.02364	1.44803	1	1	1	1	1	1	0.833891	1.02364	1.02364	1	1	
0.226506	-nan	1.02311	1.45371	1	1	1	1	1	1	0.844554	1.02311	1.02311	1	1	
0.23012	-nan	1.02257	1.45939	1	1	1	1	1	1	0.855258	1.02257	1.02257	1	1	
0.233735	-nan	1.02204	1.46506	1	1	1	1	1	1	0.866002	1.02204	1.02204	1	1	
0.237349	-nan	1.0215	1.47074	1	1	1	1	1	1	0.876783	1.0215	1.0215	1	1	
0.240964	-nan	1.02096	1.47642	1	1	1	1	1	1	0.887599	1.02096	1.02096	1	1	
0.244578	-nan	1.02042	1.4821	1	1	1	1	1	1	0.898448	1.02042	1.02042	1	1	
0.248193	-nan	1.01988	1.4878	1	1	1	1	1	1	0.909328	1.01988	1.01988	1	1	
0.251807	-nan	1.01934	1.4935	1	1	1	1	1	1	0.920238	1.01934	1.01934	1	1	
0.255422	-nan	1.0188	1.49921	1	1	1	1	1	1	0.931175	1.0188	1.0188	1	1	
0.259036	-nan	1.01826	1.50493	1	1	1	1	1	1	0.942137	1.01826	1.01826	1	1	
0.262651	-nan	1.01772	1.51065	1	1	1	1	1	1	0.953122	1.01772	1.01772	1	1	
0.266265	-nan	1.01719	1.51639	1	1	1	1	1	1	0.964129	1.01719	1.01719	1	1	
0.26988	-nan	1.01665	1.52212	1	1	1	1	1	1	0.975155	1.01665	1.01665	1	1	
0.273494	-nan	1.01612	1.52787	1	1	1	1	1	1	0.986199	1.01612	1.01612	1	1	
0.277108	-nan	1.01559	1.53361	1	1	1	1	1	1	0.997257	1.01559	1.01559	1	1	
0.280723	-nan	1.01506	1.53936	1	1	1	1	1	1	1.00833	1.01506	1.01506	1	1	
0.284337	-nan	1.01453	1.54511	1	1	1	1	1	1	1.01941	1.01453	1.01453	1	1	
0.287952	-nan	1.01401	1.55086	1	1	1	1	1	1	1.03051	1.01401	1.01401	1	1	
0.291566	-nan	1.01348	1.5566	1	1	1	1	1	1	1.04161	1.01348	1.01348	1	1	
0.295181	-nan	1.01296	1.56234	1	1	1	1	1	1	1.05272	1.01296	1.01296	1	1	
0.298795	-nan	1.01244	1.56808	1	1	1	1	1	1	1.06383	1.01244	1.01244	1	1	
0.30241	-nan	1.01192	1.5738	1	1	1	1	1	1	1.07494	1.01192	1.01192	1	1	
0.306024	-nan	1.01141	1.57951	1	1	1	1	1	1	1.08606	1.01141	1.01141	1	1	
0.309639	-nan	1.01089	1.58521	1	1	1	1	1	1	1.09717	1.01089	1.01089	1	1	
0.313253	-nan	1.01038	1.5909	1	1	1	1	1	1	1.10829	1.01038	1.01038	1	1	
0.316867	-nan	1.00987	1.59657	1	1	1	1	1	1	1.11939	1.00987	1.00987	1	1	
0.320482	-nan	1.00936	1.60222	1	1	1	1	1	1	1.13049	1.00936	1.00936	1	1	
0.324096	-nan	1.00885	1.60785	1	1	1	1	1	1	1.14159	1.00885	1.00885	1	1	
0.327711	-nan	1.00834	1.61347	1	1	1	1	1	1	1.15267	1.00834	1.00834	1	1	
0.331325	-nan	1.00783	1.61905	1	1	1	1	1	1	1.16375	1.00783	1.00783	1	1	
0.33494	-nan	1.00732	1.62462	1	1	1	1	1	1	1.17481	1.00732	1.00732	1	1	
0.338554	-nan	1.00682	1.63016	1	1	1	1	1	1	1.18586	1.00682	1.00682	1	1	
0.342169	-nan	1.00631	1.63567	1	1	1	1	1	1	1.19689	1.00631	1.00631	1	1	
0.345783	-nan	1.00581	1.64115	1	1	1	1	1	1	1.2079	1.00581	1.00581	1	1	
0.349398	-nan	1.0053	1.6466	1	1	1	1	1	1	1.2189	1.0053	1.0053	1	1	
0.353012	-nan	1.0048	1.65202	1	1	1	1	1	1	1.22988	1.0048	1.0048	1	1	
0.356627	-nan	1.0043	1.65741	1	1	1	1	1	1	1.24083	1.0043	1.0043	1	1	
0.360241	-nan	1.00379	1.66277	1	1	1	1	1	1	1.25177	1.00379	1.00379	1	1	
0.363855	-nan	1.00329	1.66809	1	1	1	1	1	1	1.26268	1.00329	1.00329	1	1	
0.36747	-nan	1.00279	1.67337	1	1	1	1	1	1	1.27356	1.00279	1.00279	1	1	
0.371084	-nan	1.00229	1.67862	1	1	1	1	1	1	1.28442	1.00229	1.00229	1	1	
0.374699	-nan	1.00178	1.68384	1	1	1	1	1	1	1.29526	1.00178	1.00178	1	1	
0.378313	-nan	1.00128	1.68901	1	1	1	1	1	1	1.30606	1.00128	1.00128	1	1	
0.381928	-nan	1.00078	1.69414	1	1	1	1	1	1	1.31684	1.00078	1.00078	1	1	
0.385542	-nan	1.00027	1.69924	1	1	1	1	1	1	1.32758	1.00027	1.00027	1	1	
0.389157	-nan	0.999771	1.70429	1	1	1	1	1	1	1.33829	0.999771	0.999771	1	1	
0.392771	-nan	0.999267	1.70931	1	1	1	1	1	1	1.34897	0.999267	0.999267	1	1	
0.396386	-nan	0.998763	1.71428	1	1	1	1	1	1	1.35962	0.998763	0.998763	1	1	
0.4	-nan	0.998259	1.71921	1	1	1	1	1	1	1.37023	0.998259	0.998259	1	1	
0.403614	-nan	0.997754	1.7241	1	1	1	1	1	1	1.3808	0.997754	0.997754	1	1	
0.407229	-nan	0.997248	1.72894	1	1	1	1	1	1	1.39134	0.997248	0.997248	1	1	
0.410843	-nan	0.996742	1.73374	1	1	1	1	1	1	1.40184	0.996742	0.996742	1	1	
0.414458	-nan	0.996235	1.7385	1	1	1	1	1	1	1.4123	0.996235	0.996235	1	1	
0.418072	-nan	0.995728	1.74321	1	1	1	1	1	1	1.42272	0.995728	0.995728	1	1	
0.421687	-nan	0.995221	1.74788	1	1	1	1	1	1	1.43311	0.995221	0.995221	1	1	
0.425301	-nan	0.994712	1.75251	1	1	1	1	1	1	1.44345	0.994712	0.994712	1	1	
0.428916	-nan	0.994203	1.75709	1	1	1	1	1	1	1.45375	0.994203	0.994203	1	1	
0.43253	-nan	0.993693	1.76163	1	1	1	1	1	1	1.464	0.993693	0.993693	1	1	
0.436145	-nan	0.993183	1.76612	1	1	1	1	1	1	1.47422	0.993183	0.993183	1	1	
0.439759	-nan	0.992672	1.77057	1	1	1	1	1	1	1.48439	0.992672	0.992672	1	1	
0.443373	-nan	0.99216	1.77497	1	1	1	1	1	1	1.49451	0.99216	0.99216	1	1	
0.446988	-nan	0.991647	1.77932	1	1	1	1	1	1	1.50459	0.991647	0.991647	1	1	
0.450602	-nan	0.991134	1.78363	1	1	1	1	1	1	1.51463	0.991134	0.991134	1	1	
0.454217	-nan	0.99062	1.7879	1	1	1	1	1	1	1.52462	0.99062	0.99062	1	1	
0.457831	-nan	0.990105	1.79212	1	1	1	1	1	1	1.53456	0.990105	0.990105	1	1	
0.461446	-nan	0.98959	1.7963	1	1	1	1	1	1	1.54446	0.98959	0.98959	1	1	
0.46506	-nan	0.989074	1.80043	1	1	1	1	1	1	1.5543	0.989074	0.989074	1	1	
0.468675	-nan	0.988557	1.80452	1	1	1	1	1	1	1.5641	0.988557	0.988557	1	1	
0.472289	-nan	0.988039	1.80856	1	1	1	1	1	1	1.57385	0.988039	0.988039	1	1	
0.475904	-nan	0.987521	1.81256	1	1	1	1	1	1	1.58355	0.987521	0.987521	1	1	
0.479518	-nan	0.987002	1.81651	1	1	1	1	1	1	1.59321	0.987002	0.987002	1	1	
0.483133	-nan	0.986482	1.82042	1	1	1	1	1	1	1.60281	0.986482	0.986482	1	1	
0.486747	-nan	0.985962	1.82428	1	1	1	1	1	1	1.61236	0.985962	0.985962	1	1	
0.490361	-nan	0.985441	1.8281	1	1	1	1	1	1	1.62186	0.985441	0.985441	1	1	
0.493976	-nan	0.984919	1.83188	1	1	1	1	1	1	1.63131	0.984919	0.984919	1	1	
0.49759	-nan	0.984397	1.83561	1	1	1	1	1	1	1.64071	0.984397	0.984397	1	1	
0.501205	-nan	0.983874	1.8393	1	1	1	1	1	1	1.65006	0.983874	0.983874	1	1	
0.504819	-nan	0.983351	1.84295	1	1	1	1	1	1	1.65935	0.983351	0.983351	1	1	
0.508434	-nan	0.982827	1.84655	1	1	1	1	1	1	1.66859	0.982827	0.982827	1	1	
0.512048	-nan	0.982302	1.85011	1	1	1	1	1	1	1.67779	0.982302	0.982302	1	1	
0.515663	-nan	0.981777	1.85363	1	1	1	1	1	1	1.68692	0.981777	0.981777	1	1	
0.519277	-nan	0.981251	1.85711	1	1	1	1	1	1	1.69601	0.981251	0.981251	1	1	
0.522892	-nan	0.980725	1.86054	1	1	1	1	1	1	1.70504	0.980725	0.980725	1	1	
0.526506	-nan	0.980199	1.86393	1	1	1	1	1	1	1.71402	0.980199	0.980199	1	1	
0.53012	-nan	0.979672	1.86728	1	1	1	1	1	1	1.72295	0.979672	0.979672	1	1	
0.533735	-nan	0.979145	1.8706	1	1	1	1	1	1	1.73183	0.979145	0.979145	1	1	
0.537349	-nan	0.978617	1.87386	1	1	1	1	1	1	1.74065	0.978617	0.978617	1	1	
0.540964	-nan	0.978089	1.87709	1	1	1	1	1	1	1.74941	0.978089	0.978089	1	1	
0.544578	-nan	0.97756	1.88028	1	1	1	1	1	1	1.75813	0.97756	0.97756	1	1	
0.548193	-nan	0.977032	1.88343	1	1	1	1	1	1	1.76679	0.977032	0.977032	1	1	
0.551807	-nan	0.976503	1.88654	1	1	1	1	1	1	1.77539	0.976503	0.976503	1	1	
0.555422	-nan	0.975974	1.88961	1	1	1	1	1	1	1.78395	0.975974	0.975974	1	1	
0.559036	-nan	0.975444	1.89265	1	1	1	1	1	1	1.79245	0.975444	0.975444	1	1	
0.562651	-nan	0.974914	1.89564	1	1	1	1	1	1	1.80089	0.974914	0.974914	1	1	
0.566265	-nan	0.974385	1.8986	1	1	1	1	1	1	1.80928	0.974385	0.974385	1	1	
0.56988	-nan	0.973855	1.90151	1	1	1	1	1	1	1.81762	0.973855	0.973855	1	1	
0.573494	-nan	0.973325	1.90439	1	1	1	1	1	1	1.82591	0.973325	0.973325	1	1	
0.577108	-nan	0.972795	1.90724	1	1	1	1	1	1	1.83414	0.972795	0.972795	1	1	
0.580723	-nan	0.972264	1.91004	1	1	1	1	1	1	1.84232	0.972264	0.972264	1	1	
0.584337	-nan	0.971734	1.91281	1	1	1	1	1	1	1.85044	0.971734	0.971734	1	1	
0.587952	-nan	0.971204	1.91555	1	1	1	1	1	1	1.85851	0.971204	0.971204	1	1	
0.591566	-nan	0.970674	1.91824	1	1	1	1	1	1	1.86653	0.970674	0.970674	1	1	
0.595181	-nan	0.970144	1.92091	1	1	1	1	1	1	1.87449	0.970144	0.970144	1	1	
0.598795	-nan	0.969614	1.92353	1	1	1	1	1	1	1.88241	0.969614	0.969614	1	1	
0.60241	-nan	0.969084	1.92613	1	1	1	1	1	1	1.89026	0.969084	0.969084	1	1	
0.606024	-nan	0.968554	1.92869	1	1	1	1	1	1	1.89807	0.968554	0.968554	1	1	
0.609639	-nan	0.968025	1.93121	1	1	1	1	1	1	1.90582	0.968025	0.968025	1	1	
0.613253	-nan	0.967495	1.9337	1	1	1	1	1	1	1.91352	0.967495	0.967495	1	1	
0.616867	-nan	0.966966	1.93616	1	1	1	1	1	1	1.92117	0.966966	0.966966	1	1	
0.620482	-nan	0.966437	1.93858	1	1	1	1	1	1	1.92876	0.966437	0.966437	1	1	
0.624096	-nan	0.965909	1.94097	1	1	1	1	1	1	1.93631	0.965909	0.965909	1	1	
0.627711	-nan	0.965381	1.94333	1	1	1	1	1	1	1.9438	0.965381	0.965381	1	1	
0.631325	-nan	0.964853	1.94566	1	1	1	1	1	1	1.95124	0.964853	0.964853	1	1	
0.63494	-nan	0.964325	1.94795	1	1	1	1	1	1	1.95862	0.964325	0.964325	1	1	
0.638554	-nan	0.963798	1.95021	1	1	1	1	1	1	1.96596	0.963798	0.963798	1	1	
0.642169	-nan	0.963272	1.95245	1	1	1	1	1	1	1.97324	0.963272	0.963272	1	1	
0.645783	-nan	0.962745	1.95465	1	1	1	1	1	1	1.98048	0.962745	0.962745	1	1	
0.649398	-nan	0.96222	1.95682	1	1	1	1	1	1	1.98766	0.96222	0.96222	1	1	
0.653012	-nan	0.961694	1.95896	1	1	1	1	1	1	1.99479	0.961694	0.961694	1	1	
0.656627	-nan	0.96117	1.96107	1	1	1	1	1	1	2.00187	0.96117	0.96117	1	1	
0.660241	-nan	0.960646	1.96316	1	1	1	1	1	1	2.0089	0.960646	0.960646	1	1	
0.663855	-nan	0.960122	1.96521	1	1	1	1	1	1	2.01588	0.960122	0.960122	1	1	
0.66747	-nan	0.959599	1.96723	1	1	1	1	1	1	2.02281	0.959599	0.959599	1	1	
0.671084	-nan	0.959077	1.96923	1	1	1	1	1	1	2.02969	0.959077	0.959077	1	1	
0.674699	-nan	0.958555	1.9712	1	1	1	1	1	1	2.03653	0.958555	0.958555	1	1	
0.678313	-nan	0.958034	1.97314	1	1	1	1	1	1	2.04331	0.958034	0.958034	1	1	
0.681928	-nan	0.957514	1.97505	1	1	1	1	1	1	2.05004	0.957514	0.957514	1	1	
0.685542	-nan	0.956994	1.97694	1	1	1	1	1	1	2.05673	0.956994	0.956994	1	1	
0.689157	-nan	0.956475	1.97879	1	1	1	1	1	1	2.06336	0.956475	0.956475	1	1	
0.692771	-nan	0.955957	1.98063	1	1	1	1	1	1	2.06995	0.955957	0.955957	1	1	
0.696386	-nan	0.95544	1.98243	1	1	1	1	1	1	2.07649	0.95544	0.95544	1	1	
0.7	-nan	0.954924	1.98421	1	1	1	1	1	1	2.08298	0.954924	0.954924	1	1	
0.703614	-nan	0.954408	1.98597	1	1	1	1	1	1	2.08943	0.954408	0.954408	1	1	
0.707229	-nan	0.953893	1.9877	1	1	1	1	1	1	2.09583	0.953893	0.953893	1	1	
0.710843	-nan	0.953379	1.9894	1	1	1	1	1	1	2.10218	0.953379	0.953379	1	1	
0.714458	-nan	0.952866	1.99108	1	1	1	1	1	1	2.10848	0.952866	0.952866	1	1	
0.718072	-nan	0.952354	1.99274	1	1	1	1	1	1	2.11474	0.952354	0.952354	1	1	
0.721687	-nan	0.951843	1.99437	1	1	1	1	1	1	2.12095	0.951843	0.951843	1	1	
0.725301	-nan	0.951333	1.99597	1	1	1	1	1	1	2.12712	0.951333	0.951333	1	1	
0.728916	-nan	0.950824	1.99756	1	1	1	1	1	1	2.13324	0.950824	0.950824	1	1	
0.73253	-nan	0.950316	1.99912	1	1	1	1	1	1	2.13931	0.950316	0.950316	1	1	
0.736145	-nan	0.949809	2.00065	1	1	1	1	1	1	2.14534	0.949809	0.949809	1	1	
0.739759	-nan	0.949303	2.00217	1	1	1	1	1	1	2.15133	0.949303	0.949303	1	1	
0.743373	-nan	0.948798	2.00366	1	1	1	1	1	1	2.15727	0.948798	0.948798	1	1	
0.746988	-nan	0.948294	2.00513	1	1	1	1	1	1	2.16316	0.948294	0.948294	1	1	
0.750602	-nan	0.947791	2.00658	1	1	1	1	1	1	2.16902	0.947791	0.947791	1	1	
0.754217	-nan	0.947289	2.00801	1	1	1	1	1	1	2.17482	0.947289	0.947289	1	1	
0.757831	-nan	0.946788	2.00941	1	1	1	1	1	1	2.18059	0.946788	0.946788	1	1	
0.761446	-nan	0.946289	2.0108	1	1	1	1	1	1	2.18631	0.946289	0.946289	1	1	
0.76506	-nan	0.94579	2.01216	1	1	1	1	1	1	2.19199	0.94579	0.94579	1	1	
0.768675	-nan	0.945293	2.0135	1	1	1	1	1	1	2.19763	0.945293	0.945293	1	1	
0.772289	-nan	0.944797	2.01482	1	1	1	1	1	1	2.20322	0.944797	0.944797	1	1	
0.775904	-nan	0.944302	2.01613	1	1	1	1	1	1	2.20878	0.944302	0.944302	1	1	
0.779518	-nan	0.943809	2.01741	1	1	1	1	1	1	2.21429	0.943809	0.943809	1	1	
0.783133	-nan	0.943316	2.01867	1	1	1	1	1	1	2.21976	0.943316	0.943316	1	1	
0.786747	-nan	0.942825	2.01992	1	1	1	1	1	1	2.22518	0.942825	0.942825	1	1	
0.790361	-nan	0.942335	2.02114	1	1	1	1	1	1	2.23057	0.942335	0.942335	1	1	
0.793976	-nan	0.941847	2.02235	1	1	1	1	1	1	2.23592	0.941847	0.941847	1	1	
0.79759	-nan	0.941359	2.02354	1	1	1	1	1	1	2.24123	0.941359	0.941359	1	1	
0.801205	-nan	0.940873	2.02471	1	1	1	1	1	1	2.24649	0.940873	0.940873	1	1	
0.804819	-nan	0.940388	2.02586	1	1	1	1	1	1	2.25172	0.940388	0.940388	1	1	
0.808434	-nan	0.939905	2.02699	1	1	1	1	1	1	2.25691	0.939905	0.939905	1	1	
0.812048	-nan	0.939423	2.02811	1	1	1	1	1	1	2.26205	0.939423	0.939423	1	1	
0.815663	-nan	0.938942	2.0292	1	1	1	1	1	1	2.26716	0.938942	0.938942	1	1	
0.819277	-nan	0.938463	2.03028	1	1	1	1	1	1	2.27223	0.938463	0.938463	1	1	
0.822892	-nan	0.937984	2.03135	1	1	1	1	1	1	2.27727	0.937984	0.937984	1	1	
0.826506	-nan	0.937508	2.0324	1	1	1	1	1	1	2.28226	0.937508	0.937508	1	1	
0.83012	-nan	0.937032	2.03343	1	1	1	1	1	1	2.28722	0.937032	0.937032	1	1	
0.833735	-nan	0.936559	2.03444	1	1	1	1	1	1	2.29214	0.936559	0.936559	1	1	
0.837349	-nan	0.936086	2.03544	1	1	1	1	1	1	2.29702	0.936086	0.936086	1	1	
0.840964	-nan	0.935615	2.03642	1	1	1	1	1	1	2.30186	0.935615	0.935615	1	1	
0.844578	-nan	0.935145	2.03739	1	1	1	1	1	1	2.30667	0.935145	0.935145	1	1	
0.848193	-nan	0.934677	2.03834	1	1	1	1	1	1	2.31145	0.934677	0.934677	1	1	
0.851807	-nan	0.93421	2.03928	1	1	1	1	1	1	2.31618	0.93421	0.93421	1	1	
0.855422	-nan	0.933745	2.0402	1	1	1	1	1	1	2.32088	0.933745	0.933745	1	1	
0.859036	-nan	0.933281	2.04111	1	1	1	1	1	1	2.32555	0.933281	0.933281	1	1	
0.862651	-nan	0.932818	2.042	1	1	1	1	1	1	2.33017	0.932818	0.932818	1	1	
0.866265	-nan	0.932357	2.04288	1	1	1	1	1	1	2.33477	0.932357	0.932357	1	1	
0.86988	-nan	0.931897	2.04374	1	1	1	1	1	1	2.33933	0.931897	0.931897	1	1	
0.873494	-nan	0.931439	2.04459	1	1	1	1	1	1	2.34385	0.931439	0.931439	1	1	
0.877108	-nan	0.930983	2.04542	1	1	1	1	1	1	2.34834	0.930983	0.930983	1	1	
0.880723	-nan	0.930527	2.04624	1	1	1	1	1	1	2.3528	0.930527	0.930527	1	1	
0.884337	-nan	0.930074	2.04705	1	1	1	1	1	1	2.35722	0.930074	0.930074	1	1	
0.887952	-nan	0.929622	2.04785	1	1	1	1	1	1	2.36161	0.929622	0.929622	1	1	
0.891566	-nan	0.929171	2.04863	1	1	1	1	1	1	2.36597	0.929171	0.929171	1	1	
0.895181	-nan	0.928722	2.0494	1	1	1	1	1	1	2.37029	0.928722	0.928722	1	1	
0.898795	-nan	0.928274	2.05015	1	1	1	1	1	1	2.37458	0.928274	0.928274	1	1	
0.90241	-nan	0.927828	2.0509	1	1	1	1	1	1	2.37884	0.927828	0.927828	1	1	
0.906024	-nan	0.927384	2.05163	1	1	1	1	1	1	2.38307	0.927384	0.927384	1	1	
0.909639	-nan	0.92694	2.05235	1	1	1	1	1	1	2.38726	0.92694	0.92694	1	1	
0.913253	-nan	0.926499	2.05305	1	1	1	1	1	1	2.39142	0.926499	0.926499	1	1	
0.916867	-nan	0.926059	2.05375	1	1	1	1	1	1	2.39555	0.926059	0.926059	1	1	
0.920482	-nan	0.92562	2.05443	1	1	1	1	1	1	2.39965	0.92562	0.92562	1	1	
0.924096	-nan	0.925183	2.0551	1	1	1	1	1	1	2.40372	0.925183	0.925183	1	1	
0.927711	-nan	0.924748	2.05576	1	1	1	1	1	1	2.40776	0.924748	0.924748	1	1	
0.931325	-nan	0.924314	2.05641	1	1	1	1	1	1	2.41177	0.924314	0.924314	1	1	
0.93494	-nan	0.923882	2.05705	1	1	1	1	1	1	2.41574	0.923882	0.923882	1	1	
0.938554	-nan	0.923451	2.05767	1	1	1	1	1	1	2.41969	0.923451	0.923451	1	1	
0.942169	-nan	0.923022	2.05829	1	1	1	1	1	1	2.42361	0.923022	0.923022	1	1	
0.945783	-nan	0.922594	2.0589	1	1	1	1	1	1	2.4275	0.922594	0.922594	1	1	
0.949398	-nan	0.922168	2.05949	1	1	1	1	1	1	2.43136	0.922168	0.922168	1	1	
0.953012	-nan	0.921744	2.06007	1	1	1	1	1	1	2.43519	0.921744	0.921744	1	1	
0.956627	-nan	0.921321	2.06065	1	1	1	1	1	1	2.43899	0.921321	0.921321	1	1	
0.960241	-nan	0.920899	2.06121	1	1	1	1	1	1	2.44276	0.920899	0.920899	1	1	
0.963855	-nan	0.920479	2.06177	1	1	1	1	1	1	2.44651	0.920479	0.920479	1	1	
0.96747	-nan	0.920061	2.06231	1	1	1	1	1	1	2.45022	0.920061	0.920061	1	1	
0.971084	-nan	0.919644	2.06284	1	1	1	1	1	1	2.45391	0.919644	0.919644	1	1	
0.974699	-nan	0.919229	2.06337	1	1	1	1	1	1	2.45757	0.919229	0.919229	1	1	
0.978313	-nan	0.918816	2.06388	1	1	1	1	1	1	2.4612	0.918816	0.918816	1	1	
0.981928	-nan	0.918404	2.06439	1	1	1	1	1	1	2.46481	0.918404	0.918404	1	1	
0.985542	-nan	0.917993	2.06489	1	1	1	1	1	1	2.46839	0.917993	0.917993	1	1	
0.989157	-nan	0.917584	2.06538	1	1	1	1	1	1	2.47194	0.917584	0.917584	1	1	
0.992771	-nan	0.917177	2.06586	1	1	1	1	1	1	2.47547	0.917177	0.917177	1	1	
0.996386	-nan	0.916771	2.06633	1	1	1	1	1	1	2.47897	0.916771	0.916771	1	1	
1	-nan	-nan	-nan	-nan	-nan	-nan	-nan	-nan	-nan	-nan	-nan	-nan	-nan	-nan	
