1e-05	-nan	0.501601	0.252453	1	1	1	1	1	1	0.619518	0.501601	0.501601	1	1	
1.03753e-05	-nan	0.501772	0.25285	1	1	1	1	1	1	0.619519	0.501772	0.501772	1	1	
1.07647e-05	-nan	0.501946	0.253251	1	1	1	1	1	1	0.619521	0.501946	0.501946	1	1	
1.11686e-05	-nan	0.502123	0.253655	1	1	1	1	1	1	0.619522	0.502123	0.502123	1	1	
1.15878e-05	-nan	0.502303	0.254064	1	1	1	1	1	1	0.619524	0.502303	0.502303	1	1	
1.20226e-05	-nan	0.502485	0.254477	1	1	1	1	1	1	0.619526	0.502485	0.502485	1	1	
1.24738e-05	-nan	0.50267	0.254894	1	1	1	1	1	1	0.619527	0.50267	0.50267	1	1	
1.2942e-05	-nan	0.502858	0.255315	1	1	1	1	1	1	0.619529	0.502858	0.502858	1	1	
1.34276e-05	-nan	0.503049	0.255741	1	1	1	1	1	1	0.619531	0.503049	0.503049	1	1	
1.39316e-05	-nan	0.503243	0.25617	1	1	1	1	1	1	0.619533	0.503243	0.503243	1	1	
1.44544e-05	-nan	0.503441	0.256604	1	1	1	1	1	1	0.619534	0.503441	0.503441	1	1	
1.49968e-05	-nan	0.503641	0.257043	1	1	1	1	1	1	0.619536	0.503641	0.503641	1	1	
1.55597e-05	-nan	0.503844	0.257485	1	1	1	1	1	1	0.619538	0.503844	0.503844	1	1	
1.61436e-05	-nan	0.504051	0.257933	1	1	1	1	1	1	0.61954	0.504051	0.504051	1	1	
1.67494e-05	-nan	0.504261	0.258384	1	1	1	1	1	1	0.619542	0.504261	0.504261	1	1	
1.7378e-05	-nan	0.504474	0.258841	1	1	1	1	1	1	0.619544	0.504474	0.504474	1	1	
1.80302e-05	-nan	0.50469	0.259302	1	1	1	1	1	1	0.619546	0.50469	0.50469	1	1	
1.87068e-05	-nan	0.504911	0.259768	1	1	1	1	1	1	0.619548	0.504911	0.504911	1	1	
1.94089e-05	-nan	0.505134	0.260238	1	1	1	1	1	1	0.61955	0.505134	0.505134	1	1	
2.01372e-05	-nan	0.505361	0.260713	1	1	1	1	1	1	0.619552	0.505361	0.505361	1	1	
2.0893e-05	-nan	0.505592	0.261194	1	1	1	1	1	1	0.619554	0.505592	0.505592	1	1	
2.1677e-05	-nan	0.505826	0.261679	1	1	1	1	1	1	0.619556	0.505826	0.505826	1	1	
2.24905e-05	-nan	0.506064	0.262169	1	1	1	1	1	1	0.619558	0.506064	0.506064	1	1	
2.33346e-05	-nan	0.506306	0.262664	1	1	1	1	1	1	0.619561	0.506306	0.506306	1	1	
2.42103e-05	-nan	0.506552	0.263165	1	1	1	1	1	1	0.619563	0.506552	0.506552	1	1	
2.51189e-05	-nan	0.506802	0.263671	1	1	1	1	1	1	0.619565	0.506802	0.506802	1	1	
2.60615e-05	-nan	0.507056	0.264182	1	1	1	1	1	1	0.619567	0.507056	0.507056	1	1	
2.70396e-05	-nan	0.507314	0.264698	1	1	1	1	1	1	0.61957	0.507314	0.507314	1	1	
2.80543e-05	-nan	0.507576	0.26522	1	1	1	1	1	1	0.619572	0.507576	0.507576	1	1	
2.91072e-05	-nan	0.507842	0.265747	1	1	1	1	1	1	0.619574	0.507842	0.507842	1	1	
3.01995e-05	-nan	0.508112	0.26628	1	1	1	1	1	1	0.619577	0.508112	0.508112	1	1	
3.13329e-05	-nan	0.508387	0.266819	1	1	1	1	1	1	0.619579	0.508387	0.508387	1	1	
3.25087e-05	-nan	0.508667	0.267363	1	1	1	1	1	1	0.619582	0.508667	0.508667	1	1	
3.37287e-05	-nan	0.508951	0.267914	1	1	1	1	1	1	0.619584	0.508951	0.508951	1	1	
3.49945e-05	-nan	0.509239	0.26847	1	1	1	1	1	1	0.619587	0.509239	0.509239	1	1	
3.63078e-05	-nan	0.509532	0.269032	1	1	1	1	1	1	0.61959	0.509532	0.509532	1	1	
3.76704e-05	-nan	0.50983	0.2696	1	1	1	1	1	1	0.619592	0.50983	0.50983	1	1	
3.90841e-05	-nan	0.510133	0.270174	1	1	1	1	1	1	0.619595	0.510133	0.510133	1	1	
4.05509e-05	-nan	0.510441	0.270755	1	1	1	1	1	1	0.619598	0.510441	0.510441	1	1	
4.20727e-05	-nan	0.510754	0.271342	1	1	1	1	1	1	0.619601	0.510754	0.510754	1	1	
4.36516e-05	-nan	0.511071	0.271935	1	1	1	1	1	1	0.619603	0.511071	0.511071	1	1	
4.52898e-05	-nan	0.511395	0.272535	1	1	1	1	1	1	0.619606	0.511395	0.511395	1	1	
4.69894e-05	-nan	0.511723	0.273141	1	1	1	1	1	1	0.619609	0.511723	0.511723	1	1	
4.87528e-05	-nan	0.512057	0.273754	1	1	1	1	1	1	0.619612	0.512057	0.512057	1	1	
5.05825e-05	-nan	0.512396	0.274374	1	1	1	1	1	1	0.619615	0.512396	0.512396	1	1	
5.24807e-05	-nan	0.512741	0.275001	1	1	1	1	1	1	0.619618	0.512741	0.512741	1	1	
5.44503e-05	-nan	0.513091	0.275634	1	1	1	1	1	1	0.619621	0.513091	0.513091	1	1	
5.64937e-05	-nan	0.513448	0.276275	1	1	1	1	1	1	0.619625	0.513448	0.513448	1	1	
5.86138e-05	-nan	0.51381	0.276923	1	1	1	1	1	1	0.619628	0.51381	0.51381	1	1	
6.08135e-05	-nan	0.514178	0.277578	1	1	1	1	1	1	0.619631	0.514178	0.514178	1	1	
6.30957e-05	-nan	0.514553	0.278241	1	1	1	1	1	1	0.619634	0.514553	0.514553	1	1	
6.54636e-05	-nan	0.514933	0.278911	1	1	1	1	1	1	0.619638	0.514933	0.514933	1	1	
6.79204e-05	-nan	0.51532	0.279588	1	1	1	1	1	1	0.619641	0.51532	0.51532	1	1	
7.04693e-05	-nan	0.515714	0.280274	1	1	1	1	1	1	0.619645	0.515714	0.515714	1	1	
7.31139e-05	-nan	0.516114	0.280967	1	1	1	1	1	1	0.619648	0.516114	0.516114	1	1	
7.58578e-05	-nan	0.51652	0.281668	1	1	1	1	1	1	0.619652	0.51652	0.51652	1	1	
7.87046e-05	-nan	0.516934	0.282377	1	1	1	1	1	1	0.619655	0.516934	0.516934	1	1	
8.16582e-05	-nan	0.517354	0.283095	1	1	1	1	1	1	0.619659	0.517354	0.517354	1	1	
8.47227e-05	-nan	0.517781	0.28382	1	1	1	1	1	1	0.619663	0.517781	0.517781	1	1	
8.79023e-05	-nan	0.518216	0.284555	1	1	1	1	1	1	0.619667	0.518216	0.518216	1	1	
9.12011e-05	-nan	0.518658	0.285297	1	1	1	1	1	1	0.619671	0.518658	0.518658	1	1	
9.46237e-05	-nan	0.519107	0.286049	1	1	1	1	1	1	0.619674	0.519107	0.519107	1	1	
9.81748e-05	-nan	0.519564	0.286809	1	1	1	1	1	1	0.619678	0.519564	0.519564	1	1	
0.000101859	-nan	0.520029	0.287578	1	1	1	1	1	1	0.619683	0.520029	0.520029	1	1	
0.000105682	-nan	0.520502	0.288356	1	1	1	1	1	1	0.619687	0.520502	0.520502	1	1	
0.000109648	-nan	0.520982	0.289144	1	1	1	1	1	1	0.619691	0.520982	0.520982	1	1	
0.000113763	-nan	0.521471	0.289941	1	1	1	1	1	1	0.619695	0.521471	0.521471	1	1	
0.000118032	-nan	0.521968	0.290747	1	1	1	1	1	1	0.619699	0.521968	0.521968	1	1	
0.000122462	-nan	0.522473	0.291563	1	1	1	1	1	1	0.619704	0.522473	0.522473	1	1	
0.000127057	-nan	0.522987	0.292389	1	1	1	1	1	1	0.619708	0.522987	0.522987	1	1	
0.000131826	-nan	0.52351	0.293225	1	1	1	1	1	1	0.619713	0.52351	0.52351	1	1	
0.000136773	-nan	0.524042	0.294071	1	1	1	1	1	1	0.619717	0.524042	0.524042	1	1	
0.000141906	-nan	0.524583	0.294927	1	1	1	1	1	1	0.619722	0.524583	0.524583	1	1	
0.000147231	-nan	0.525133	0.295794	1	1	1	1	1	1	0.619727	0.525133	0.525133	1	1	
0.000152757	-nan	0.525693	0.296671	1	1	1	1	1	1	0.619732	0.525693	0.525693	1	1	
0.000158489	-nan	0.526262	0.297559	1	1	1	1	1	1	0.619736	0.526262	0.526262	1	1	
0.000164437	-nan	0.526841	0.298459	1	1	1	1	1	1	0.619741	0.526841	0.526841	1	1	
0.000170608	-nan	0.527431	0.299369	1	1	1	1	1	1	0.619746	0.527431	0.527431	1	1	
0.000177011	-nan	0.52803	0.300291	1	1	1	1	1	1	0.619752	0.52803	0.52803	1	1	
0.000183654	-nan	0.52864	0.301224	1	1	1	1	1	1	0.619757	0.52864	0.52864	1	1	
0.000190546	-nan	0.52926	0.302169	1	1	1	1	1	1	0.619762	0.52926	0.52926	1	1	
0.000197697	-nan	0.529891	0.303126	1	1	1	1	1	1	0.619767	0.529891	0.529891	1	1	
0.000205116	-nan	0.530533	0.304095	1	1	1	1	1	1	0.619773	0.530533	0.530533	1	1	
0.000212814	-nan	0.531186	0.305076	1	1	1	1	1	1	0.619778	0.531186	0.531186	1	1	
0.0002208	-nan	0.53185	0.30607	1	1	1	1	1	1	0.619784	0.53185	0.53185	1	1	
0.000229087	-nan	0.532526	0.307077	1	1	1	1	1	1	0.61979	0.532526	0.532526	1	1	
0.000237684	-nan	0.533214	0.308096	1	1	1	1	1	1	0.619796	0.533214	0.533214	1	1	
0.000246604	-nan	0.533914	0.309129	1	1	1	1	1	1	0.619802	0.533914	0.533914	1	1	
0.000255859	-nan	0.534627	0.310175	1	1	1	1	1	1	0.619808	0.534627	0.534627	1	1	
0.000265461	-nan	0.535351	0.311235	1	1	1	1	1	1	0.619814	0.535351	0.535351	1	1	
0.000275423	-nan	0.536089	0.312309	1	1	1	1	1	1	0.61982	0.536089	0.536089	1	1	
0.000285759	-nan	0.536839	0.313397	1	1	1	1	1	1	0.619826	0.536839	0.536839	1	1	
0.000296483	-nan	0.537603	0.314499	1	1	1	1	1	1	0.619833	0.537603	0.537603	1	1	
0.00030761	-nan	0.53838	0.315616	1	1	1	1	1	1	0.619839	0.53838	0.53838	1	1	
0.000319154	-nan	0.539171	0.316747	1	1	1	1	1	1	0.619846	0.539171	0.539171	1	1	
0.000331131	-nan	0.539976	0.317894	1	1	1	1	1	1	0.619853	0.539976	0.539976	1	1	
0.000343558	-nan	0.540795	0.319056	1	1	1	1	1	1	0.619859	0.540795	0.540795	1	1	
0.000356451	-nan	0.541628	0.320234	1	1	1	1	1	1	0.619866	0.541628	0.541628	1	1	
0.000369828	-nan	0.542477	0.321428	1	1	1	1	1	1	0.619873	0.542477	0.542477	1	1	
0.000383707	-nan	0.54334	0.322639	1	1	1	1	1	1	0.619881	0.54334	0.54334	1	1	
0.000398107	-nan	0.544219	0.323865	1	1	1	1	1	1	0.619888	0.544219	0.544219	1	1	
0.000413048	-nan	0.545114	0.325109	1	1	1	1	1	1	0.619896	0.545114	0.545114	1	1	
0.000428549	-nan	0.546024	0.32637	1	1	1	1	1	1	0.619903	0.546024	0.546024	1	1	
0.000444631	-nan	0.546951	0.327648	1	1	1	1	1	1	0.619911	0.546951	0.546951	1	1	
0.000461318	-nan	0.547894	0.328944	1	1	1	1	1	1	0.619919	0.547894	0.547894	1	1	
0.00047863	-nan	0.548855	0.330259	1	1	1	1	1	1	0.619927	0.548855	0.548855	1	1	
0.000496592	-nan	0.549832	0.331591	1	1	1	1	1	1	0.619935	0.549832	0.549832	1	1	
0.000515229	-nan	0.550827	0.332943	1	1	1	1	1	1	0.619943	0.550827	0.550827	1	1	
0.000534564	-nan	0.55184	0.334314	1	1	1	1	1	1	0.619952	0.55184	0.55184	1	1	
0.000554626	-nan	0.552871	0.335704	1	1	1	1	1	1	0.61996	0.552871	0.552871	1	1	
0.00057544	-nan	0.553921	0.337114	1	1	1	1	1	1	0.619969	0.553921	0.553921	1	1	
0.000597035	-nan	0.554989	0.338545	1	1	1	1	1	1	0.619978	0.554989	0.554989	1	1	
0.000619441	-nan	0.556077	0.339996	1	1	1	1	1	1	0.619987	0.556077	0.556077	1	1	
0.000642688	-nan	0.557184	0.341468	1	1	1	1	1	1	0.619996	0.557184	0.557184	1	1	
0.000666807	-nan	0.558312	0.342962	1	1	1	1	1	1	0.620006	0.558312	0.558312	1	1	
0.000691831	-nan	0.559459	0.344478	1	1	1	1	1	1	0.620015	0.559459	0.559459	1	1	
0.000717794	-nan	0.560628	0.346016	1	1	1	1	1	1	0.620025	0.560628	0.560628	1	1	
0.000744732	-nan	0.561817	0.347577	1	1	1	1	1	1	0.620035	0.561817	0.561817	1	1	
0.000772681	-nan	0.563029	0.349161	1	1	1	1	1	1	0.620045	0.563029	0.563029	1	1	
0.000801678	-nan	0.564262	0.350769	1	1	1	1	1	1	0.620055	0.564262	0.564262	1	1	
0.000831764	-nan	0.565517	0.352401	1	1	1	1	1	1	0.620066	0.565517	0.565517	1	1	
0.000862979	-nan	0.566795	0.354057	1	1	1	1	1	1	0.620077	0.566795	0.566795	1	1	
0.000895365	-nan	0.568097	0.355739	1	1	1	1	1	1	0.620088	0.568097	0.568097	1	1	
0.000928966	-nan	0.569422	0.357446	1	1	1	1	1	1	0.620099	0.569422	0.569422	1	1	
0.000963829	-nan	0.570771	0.35918	1	1	1	1	1	1	0.62011	0.570771	0.570771	1	1	
0.001	-nan	0.572145	0.36094	1	1	1	1	1	1	0.620122	0.572145	0.572145	1	1	
0.00103753	-nan	0.573543	0.362727	1	1	1	1	1	1	0.620134	0.573543	0.573543	1	1	
0.00107647	-nan	0.574967	0.364542	1	1	1	1	1	1	0.620146	0.574967	0.574967	1	1	
0.00111686	-nan	0.576417	0.366386	1	1	1	1	1	1	0.620158	0.576417	0.576417	1	1	
0.00115878	-nan	0.577894	0.368258	1	1	1	1	1	1	0.620171	0.577894	0.577894	1	1	
0.00120226	-nan	0.579397	0.37016	1	1	1	1	1	1	0.620184	0.579397	0.579397	1	1	
0.00124738	-nan	0.580927	0.372092	1	1	1	1	1	1	0.620197	0.580927	0.580927	1	1	
0.0012942	-nan	0.582485	0.374055	1	1	1	1	1	1	0.62021	0.582485	0.582485	1	1	
0.00134276	-nan	0.584072	0.376049	1	1	1	1	1	1	0.620224	0.584072	0.584072	1	1	
0.00139316	-nan	0.585688	0.378075	1	1	1	1	1	1	0.620238	0.585688	0.585688	1	1	
0.00144544	-nan	0.587332	0.380133	1	1	1	1	1	1	0.620253	0.587332	0.587332	1	1	
0.00149968	-nan	0.589007	0.382226	1	1	1	1	1	1	0.620267	0.589007	0.589007	1	1	
0.00155597	-nan	0.590712	0.384352	1	1	1	1	1	1	0.620282	0.590712	0.590712	1	1	
0.00161436	-nan	0.592448	0.386513	1	1	1	1	1	1	0.620298	0.592448	0.592448	1	1	
0.00167494	-nan	0.594215	0.388709	1	1	1	1	1	1	0.620314	0.594215	0.594215	1	1	
0.0017378	-nan	0.596015	0.390942	1	1	1	1	1	1	0.62033	0.596015	0.596015	1	1	
0.00180302	-nan	0.597847	0.393212	1	1	1	1	1	1	0.620346	0.597847	0.597847	1	1	
0.00187068	-nan	0.599712	0.39552	1	1	1	1	1	1	0.620363	0.599712	0.599712	1	1	
0.00194089	-nan	0.601611	0.397866	1	1	1	1	1	1	0.620381	0.601611	0.601611	1	1	
0.00201372	-nan	0.603544	0.400252	1	1	1	1	1	1	0.620399	0.603544	0.603544	1	1	
0.0020893	-nan	0.605512	0.402678	1	1	1	1	1	1	0.620417	0.605512	0.605512	1	1	
0.0021677	-nan	0.607515	0.405146	1	1	1	1	1	1	0.620436	0.607515	0.607515	1	1	
0.00224905	-nan	0.609554	0.407655	1	1	1	1	1	1	0.620455	0.609554	0.609554	1	1	
0.00233346	-nan	0.61163	0.410207	1	1	1	1	1	1	0.620475	0.61163	0.61163	1	1	
0.00242103	-nan	0.613743	0.412803	1	1	1	1	1	1	0.620495	0.613743	0.613743	1	1	
0.00251189	-nan	0.615894	0.415444	1	1	1	1	1	1	0.620516	0.615894	0.615894	1	1	
0.00260615	-nan	0.618083	0.418131	1	1	1	1	1	1	0.620537	0.618083	0.618083	1	1	
0.00270396	-nan	0.620311	0.420865	1	1	1	1	1	1	0.620559	0.620311	0.620311	1	1	
0.00280543	-nan	0.622578	0.423646	1	1	1	1	1	1	0.620582	0.622578	0.622578	1	1	
0.00291072	-nan	0.624886	0.426477	1	1	1	1	1	1	0.620605	0.624886	0.624886	1	1	
0.00301995	-nan	0.627235	0.429357	1	1	1	1	1	1	0.62063	0.627235	0.627235	1	1	
0.00313329	-nan	0.629625	0.432288	1	1	1	1	1	1	0.620654	0.629625	0.629625	1	1	
0.00325087	-nan	0.632056	0.435271	1	1	1	1	1	1	0.62068	0.632056	0.632056	1	1	
0.00337287	-nan	0.634531	0.438308	1	1	1	1	1	1	0.620706	0.634531	0.634531	1	1	
0.00349945	-nan	0.637049	0.441398	1	1	1	1	1	1	0.620733	0.637049	0.637049	1	1	
0.00363078	-nan	0.63961	0.444545	1	1	1	1	1	1	0.620761	0.63961	0.63961	1	1	
0.00376704	-nan	0.642216	0.447748	1	1	1	1	1	1	0.62079	0.642216	0.642216	1	1	
0.00390841	-nan	0.644867	0.451009	1	1	1	1	1	1	0.62082	0.644867	0.644867	1	1	
0.00405509	-nan	0.647563	0.454329	1	1	1	1	1	1	0.620851	0.647563	0.647563	1	1	
0.00420727	-nan	0.650306	0.45771	1	1	1	1	1	1	0.620883	0.650306	0.650306	1	1	
0.00436516	-nan	0.653095	0.461153	1	1	1	1	1	1	0.620916	0.653095	0.653095	1	1	
0.00452898	-nan	0.655932	0.464659	1	1	1	1	1	1	0.62095	0.655932	0.655932	1	1	
0.00469894	-nan	0.658816	0.46823	1	1	1	1	1	1	0.620986	0.658816	0.658816	1	1	
0.00487528	-nan	0.66175	0.471866	1	1	1	1	1	1	0.621023	0.66175	0.66175	1	1	
0.00505825	-nan	0.664732	0.47557	1	1	1	1	1	1	0.621061	0.664732	0.664732	1	1	
0.00524807	-nan	0.667763	0.479343	1	1	1	1	1	1	0.6211	0.667763	0.667763	1	1	
0.00544503	-nan	0.670845	0.483186	1	1	1	1	1	1	0.621141	0.670845	0.670845	1	1	
0.00564937	-nan	0.673977	0.487101	1	1	1	1	1	1	0.621184	0.673977	0.673977	1	1	
0.00586138	-nan	0.67716	0.491089	1	1	1	1	1	1	0.621228	0.67716	0.67716	1	1	
0.00608135	-nan	0.680395	0.495152	1	1	1	1	1	1	0.621275	0.680395	0.680395	1	1	
0.00630957	-nan	0.683682	0.499292	1	1	1	1	1	1	0.621323	0.683682	0.683682	1	1	
0.00654636	-nan	0.687022	0.50351	1	1	1	1	1	1	0.621373	0.687022	0.687022	1	1	
0.00679204	-nan	0.690414	0.507807	1	1	1	1	1	1	0.621425	0.690414	0.690414	1	1	
0.00704693	-nan	0.693859	0.512186	1	1	1	1	1	1	0.621479	0.693859	0.693859	1	1	
0.00731139	-nan	0.697358	0.516648	1	1	1	1	1	1	0.621536	0.697358	0.697358	1	1	
0.00758578	-nan	0.700911	0.521195	1	1	1	1	1	1	0.621595	0.700911	0.700911	1	1	
0.00787046	-nan	0.704519	0.525829	1	1	1	1	1	1	0.621657	0.704519	0.704519	1	1	
0.00816582	-nan	0.708181	0.530551	1	1	1	1	1	1	0.621722	0.708181	0.708181	1	1	
0.00847227	-nan	0.711898	0.535363	1	1	1	1	1	1	0.621789	0.711898	0.711898	1	1	
0.00879023	-nan	0.71567	0.540268	1	1	1	1	1	1	0.62186	0.71567	0.71567	1	1	
0.00912011	-nan	0.719497	0.545266	1	1	1	1	1	1	0.621935	0.719497	0.719497	1	1	
0.00946237	-nan	0.723379	0.55036	1	1	1	1	1	1	0.622013	0.723379	0.723379	1	1	
0.00981748	-nan	0.727317	0.555552	1	1	1	1	1	1	0.622094	0.727317	0.727317	1	1	
0.0101859	-nan	0.731311	0.560843	1	1	1	1	1	1	0.62218	0.731311	0.731311	1	1	
0.0105682	-nan	0.73536	0.566236	1	1	1	1	1	1	0.622271	0.73536	0.73536	1	1	
0.0109648	-nan	0.739465	0.571733	1	1	1	1	1	1	0.622366	0.739465	0.739465	1	1	
0.0113763	-nan	0.743625	0.577335	1	1	1	1	1	1	0.622466	0.743625	0.743625	1	1	
0.0118032	-nan	0.747841	0.583044	1	1	1	1	1	1	0.622572	0.747841	0.747841	1	1	
0.0122462	-nan	0.752112	0.588864	1	1	1	1	1	1	0.622683	0.752112	0.752112	1	1	
0.0127057	-nan	0.756437	0.594794	1	1	1	1	1	1	0.622801	0.756437	0.756437	1	1	
0.0131826	-nan	0.760818	0.600839	1	1	1	1	1	1	0.622925	0.760818	0.760818	1	1	
0.0136773	-nan	0.765253	0.606999	1	1	1	1	1	1	0.623057	0.765253	0.765253	1	1	
0.0141906	-nan	0.769741	0.613277	1	1	1	1	1	1	0.623196	0.769741	0.769741	1	1	
0.0147231	-nan	0.774283	0.619675	1	1	1	1	1	1	0.623344	0.774283	0.774283	1	1	
0.0152757	-nan	0.778878	0.626195	1	1	1	1	1	1	0.623501	0.778878	0.778878	1	1	
0.0158489	-nan	0.783525	0.632838	1	1	1	1	1	1	0.623668	0.783525	0.783525	1	1	
0.0164437	-nan	0.788223	0.639608	1	1	1	1	1	1	0.623845	0.788223	0.788223	1	1	
0.0170608	-nan	0.792972	0.646506	1	1	1	1	1	1	0.624034	0.792972	0.792972	1	1	
0.0177011	-nan	0.797772	0.653534	1	1	1	1	1	1	0.624236	0.797772	0.797772	1	1	
0.0183654	-nan	0.80262	0.660694	1	1	1	1	1	1	0.624451	0.80262	0.80262	1	1	
0.0190546	-nan	0.807516	0.667989	1	1	1	1	1	1	0.624682	0.807516	0.807516	1	1	
0.0197697	-nan	0.812459	0.67542	1	1	1	1	1	1	0.624928	0.812459	0.812459	1	1	
0.0205116	-nan	0.817447	0.682989	1	1	1	1	1	1	0.625193	0.817447	0.817447	1	1	
0.0212814	-nan	0.822481	0.690698	1	1	1	1	1	1	0.625477	0.822481	0.822481	1	1	
0.02208	-nan	0.827557	0.69855	1	1	1	1	1	1	0.625784	0.827557	0.827557	1	1	
0.0229087	-nan	0.832675	0.706545	1	1	1	1	1	1	0.626114	0.832675	0.832675	1	1	
0.0237684	-nan	0.837834	0.714687	1	1	1	1	1	1	0.626471	0.837834	0.837834	1	1	
0.0246604	-nan	0.843031	0.722976	1	1	1	1	1	1	0.626857	0.843031	0.843031	1	1	
0.0255859	-nan	0.848265	0.731414	1	1	1	1	1	1	0.627276	0.848265	0.848265	1	1	
0.0265461	-nan	0.853534	0.740003	1	1	1	1	1	1	0.627733	0.853534	0.853534	1	1	
0.0275423	-nan	0.858837	0.748746	1	1	1	1	1	1	0.628231	0.858837	0.858837	1	1	
0.0285759	-nan	0.864171	0.757642	1	1	1	1	1	1	0.628775	0.864171	0.864171	1	1	
0.0296483	-nan	0.869535	0.766694	1	1	1	1	1	1	0.629373	0.869535	0.869535	1	1	
0.030761	-nan	0.874926	0.775903	1	1	1	1	1	1	0.630032	0.874926	0.874926	1	1	
0.0319154	-nan	0.880342	0.785271	1	1	1	1	1	1	0.63076	0.880342	0.880342	1	1	
0.0331131	-nan	0.885781	0.794798	1	1	1	1	1	1	0.631569	0.885781	0.885781	1	1	
0.0343558	-nan	0.891241	0.804486	1	1	1	1	1	1	0.632472	0.891241	0.891241	1	1	
0.0356451	-nan	0.896719	0.814335	1	1	1	1	1	1	0.633484	0.896719	0.896719	1	1	
0.0369828	-nan	0.902212	0.824347	1	1	1	1	1	1	0.634625	0.902212	0.902212	1	1	
0.0383707	-nan	0.907718	0.834522	1	1	1	1	1	1	0.635921	0.907718	0.907718	1	1	
0.0398107	-nan	0.913235	0.844861	1	1	1	1	1	1	0.637403	0.913235	0.913235	1	1	
0.0413048	-nan	0.918759	0.855364	1	1	1	1	1	1	0.639112	0.918759	0.918759	1	1	
0.0428549	-nan	0.924288	0.866031	1	1	1	1	1	1	0.641098	0.924288	0.924288	1	1	
0.0444631	-nan	0.929818	0.876862	1	1	1	1	1	1	0.643432	0.929818	0.929818	1	1	
0.0461318	-nan	0.935347	0.887858	1	1	1	1	1	1	0.646201	0.935347	0.935347	1	1	
0.047863	-nan	0.940872	0.899018	1	1	1	1	1	1	0.649528	0.940872	0.940872	1	1	
0.0496592	-nan	0.94639	0.910341	1	1	1	1	1	1	0.653576	0.94639	0.94639	1	1	
0.0515229	-nan	0.951896	0.921826	1	1	1	1	1	1	0.658567	0.951896	0.951896	1	1	
0.0534564	-nan	0.957389	0.933474	1	1	1	1	1	1	0.66481	0.957389	0.957389	1	1	
0.0554626	-nan	0.962864	0.945281	1	1	1	1	1	1	0.672737	0.962864	0.962864	1	1	
0.057544	-nan	0.968319	0.957248	1	1	1	1	1	1	0.682955	0.968319	0.968319	1	1	
0.0597035	-nan	0.973749	0.969372	1	1	1	1	1	1	0.696323	0.973749	0.973749	1	1	
0.0619441	-nan	0.979152	0.981651	1	1	1	1	1	1	0.714066	0.979152	0.979152	1	1	
0.0642688	-nan	0.984522	0.994083	1	1	1	1	1	1	0.73793	0.984522	0.984522	1	1	
0.0666807	-nan	0.989858	1.00667	1	1	1	1	1	1	0.770386	0.989858	0.989858	1	1	
0.0691831	-nan	0.995155	1.01939	1	1	1	1	1	1	0.814894	0.995155	0.995155	1	1	
0.0717794	-nan	1.00041	1.03227	1	1	1	1	1	1	0.876154	1.00041	1.00041	1	1	
0.0744732	-nan	1.00561	1.04528	1	1	1	1	1	1	0.960227	1.00561	1.00561	1	1	
0.0772681	-nan	1.01077	1.05843	1	1	1	1	1	1	1.0742	1.01077	1.01077	1	1	
0.0801678	-nan	1.01587	1.07171	1	1	1	1	1	1	1.22488	1.01587	1.01587	1	1	
0.0831764	-nan	1.02091	1.08512	1	1	1	1	1	1	1.41612	1.02091	1.02091	1	1	
0.0862979	-nan	1.02589	1.09865	1	1	1	1	1	1	1.64506	1.02589	1.02589	1	1	
0.0895365	-nan	1.0308	1.11229	1	1	1	1	1	1	1.89945	1.0308	1.0308	1	1	
0.0928966	-nan	1.03564	1.12605	1	1	1	1	1	1	2.15912	1.03564	1.03564	1	1	
0.0963829	-nan	1.04041	1.1399	1	1	1	1	1	1	2.40213	1.04041	1.04041	1	1	
0.1	-nan	1.04509	1.15386	1	1	1	1	1	1	2.61211	1.04509	1.04509	1	1	
0.103614	-nan	1.04952	1.16739	1	1	1	1	1	1	2.77658	1.04952	1.04952	1	1	
0.107229	-nan	1.05372	1.18052	1	1	1	1	1	1	2.90103	1.05372	1.05372	1	1	
0.110843	-nan	1.0577	1.19328	1	1	1	1	1	1	2.9937	1.0577	1.0577	1	1	
0.114458	-nan	1.06148	1.20568	1	1	1	1	1	1	3.0627	1.06148	1.06148	1	1	
0.118072	-nan	1.06507	1.21773	1	1	1	1	1	1	3.11466	1.06507	1.06507	1	1	
0.121687	-nan	1.06848	1.22945	1	1	1	1	1	1	3.15454	1.06848	1.06848	1	1	
0.125301	-nan	1.07171	1.24085	1	1	1	1	1	1	3.18588	1.07171	1.07171	1	1	
0.128916	-nan	1.07479	1.25194	1	1	1	1	1	1	3.21112	1.07479	1.07479	1	1	
0.13253	-nan	1.07771	1.26274	1	1	1	1	1	1	3.23193	1.07771	1.07771	1	1	
0.136145	-nan	1.08048	1.27325	1	1	1	1	1	1	3.24946	1.08048	1.08048	1	1	
0.139759	-nan	1.08312	1.28348	1	1	1	1	1	1	3.26449	1.08312	1.08312	1	1	
0.143373	-nan	1.08562	1.29345	1	1	1	1	1	1	3.27755	1.08562	1.08562	1	1	
0.146988	-nan	1.088	1.30316	1	1	1	1	1	1	3.28902	1.088	1.088	1	1	
0.150602	-nan	1.09027	1.31261	1	1	1	1	1	1	3.29918	1.09027	1.09027	1	1	
0.154217	-nan	1.09241	1.32183	1	1	1	1	1	1	3.30822	1.09241	1.09241	1	1	
0.157831	-nan	1.09445	1.33082	1	1	1	1	1	1	3.31627	1.09445	1.09445	1	1	
0.161446	-nan	1.09639	1.33958	1	1	1	1	1	1	3.32345	1.09639	1.09639	1	1	
0.16506	-nan	1.09823	1.34811	1	1	1	1	1	1	3.32985	1.09823	1.09823	1	1	
0.168675	-nan	1.09997	1.35644	1	1	1	1	1	1	3.33553	1.09997	1.09997	1	1	
0.172289	-nan	1.10162	1.36456	1	1	1	1	1	1	3.34054	1.10162	1.10162	1	1	
0.175904	-nan	1.10319	1.37247	1	1	1	1	1	1	3.34492	1.10319	1.10319	1	1	
0.179518	-nan	1.10467	1.38019	1	1	1	1	1	1	3.34873	1.10467	1.10467	1	1	
0.183133	-nan	1.10607	1.38773	1	1	1	1	1	1	3.35197	1.10607	1.10607	1	1	
0.186747	-nan	1.10739	1.39507	1	1	1	1	1	1	3.3547	1.10739	1.10739	1	1	
0.190361	-nan	1.10864	1.40224	1	1	1	1	1	1	3.35691	1.10864	1.10864	1	1	
0.193976	-nan	1.10982	1.40923	1	1	1	1	1	1	3.35865	1.10982	1.10982	1	1	
0.19759	-nan	1.11093	1.41605	1	1	1	1	1	1	3.35993	1.11093	1.11093	1	1	
0.201205	-nan	1.11197	1.42271	1	1	1	1	1	1	3.36077	1.11197	1.11197	1	1	
0.204819	-nan	1.11295	1.4292	1	1	1	1	1	1	3.36118	1.11295	1.11295	1	1	
0.208434	-nan	1.11387	1.43554	1	1	1	1	1	1	3.36119	1.11387	1.11387	1	1	
0.212048	-nan	1.11473	1.44172	1	1	1	1	1	1	3.36081	1.11473	1.11473	1	1	
0.215663	-nan	1.11553	1.44775	1	1	1	1	1	1	3.36006	1.11553	1.11553	1	1	
0.219277	-nan	1.11627	1.45364	1	1	1	1	1	1	3.35895	1.11627	1.11627	1	1	
0.222892	-nan	1.11697	1.45938	1	1	1	1	1	1	3.35751	1.11697	1.11697	1	1	
0.226506	-nan	1.11761	1.46499	1	1	1	1	1	1	3.35576	1.11761	1.11761	1	1	
0.23012	-nan	1.1182	1.47046	1	1	1	1	1	1	3.3537	1.1182	1.1182	1	1	
0.233735	-nan	1.11874	1.4758	1	1	1	1	1	1	3.35137	1.11874	1.11874	1	1	
0.237349	-nan	1.11923	1.481	1	1	1	1	1	1	3.34877	1.11923	1.11923	1	1	
0.240964	-nan	1.11968	1.48608	1	1	1	1	1	1	3.34593	1.11968	1.11968	1	1	
0.244578	-nan	1.12008	1.49104	1	1	1	1	1	1	3.34287	1.12008	1.12008	1	1	
0.248193	-nan	1.12045	1.49588	1	1	1	1	1	1	3.33961	1.12045	1.12045	1	1	
0.251807	-nan	1.12077	1.5006	1	1	1	1	1	1	3.33615	1.12077	1.12077	1	1	
0.255422	-nan	1.12105	1.5052	1	1	1	1	1	1	3.33253	1.12105	1.12105	1	1	
0.259036	-nan	1.12129	1.50969	1	1	1	1	1	1	3.32876	1.12129	1.12129	1	1	
0.262651	-nan	1.12149	1.51407	1	1	1	1	1	1	3.32486	1.12149	1.12149	1	1	
0.266265	-nan	1.12165	1.51834	1	1	1	1	1	1	3.32084	1.12165	1.12165	1	1	
0.26988	-nan	1.12178	1.52251	1	1	1	1	1	1	3.31673	1.12178	1.12178	1	1	
0.273494	-nan	1.12188	1.52658	1	1	1	1	1	1	3.31253	1.12188	1.12188	1	1	
0.277108	-nan	1.12194	1.53054	1	1	1	1	1	1	3.30826	1.12194	1.12194	1	1	
0.280723	-nan	1.12197	1.5344	1	1	1	1	1	1	3.30394	1.12197	1.12197	1	1	
0.284337	-nan	1.12196	1.53817	1	1	1	1	1	1	3.29959	1.12196	1.12196	1	1	
0.287952	-nan	1.12193	1.54184	1	1	1	1	1	1	3.2952	1.12193	1.12193	1	1	
0.291566	-nan	1.12186	1.54542	1	1	1	1	1	1	3.2908	1.12186	1.12186	1	1	
0.295181	-nan	1.12176	1.54891	1	1	1	1	1	1	3.2864	1.12176	1.12176	1	1	
0.298795	-nan	1.12164	1.55232	1	1	1	1	1	1	3.28201	1.12164	1.12164	1	1	
0.30241	-nan	1.12148	1.55563	1	1	1	1	1	1	3.27763	1.12148	1.12148	1	1	
0.306024	-nan	1.1213	1.55886	1	1	1	1	1	1	3.27327	1.1213	1.1213	1	1	
0.309639	-nan	1.12109	1.562	1	1	1	1	1	1	3.26895	1.12109	1.12109	1	1	
0.313253	-nan	1.12086	1.56507	1	1	1	1	1	1	3.26466	1.12086	1.12086	1	1	
0.316867	-nan	1.1206	1.56805	1	1	1	1	1	1	3.26042	1.1206	1.1206	1	1	
0.320482	-nan	1.12032	1.57096	1	1	1	1	1	1	3.25623	1.12032	1.12032	1	1	
0.324096	-nan	1.12001	1.57379	1	1	1	1	1	1	3.2521	1.12001	1.12001	1	1	
0.327711	-nan	1.11967	1.57654	1	1	1	1	1	1	3.24803	1.11967	1.11967	1	1	
0.331325	-nan	1.11932	1.57922	1	1	1	1	1	1	3.24402	1.11932	1.11932	1	1	
0.33494	-nan	1.11894	1.58183	1	1	1	1	1	1	3.24008	1.11894	1.11894	1	1	
0.338554	-nan	1.11854	1.58436	1	1	1	1	1	1	3.2362	1.11854	1.11854	1	1	
0.342169	-nan	1.11812	1.58683	1	1	1	1	1	1	3.2324	1.11812	1.11812	1	1	
0.345783	-nan	1.11767	1.58923	1	1	1	1	1	1	3.22867	1.11767	1.11767	1	1	
0.349398	-nan	1.11721	1.59156	1	1	1	1	1	1	3.22501	1.11721	1.11721	1	1	
0.353012	-nan	1.11672	1.59382	1	1	1	1	1	1	3.22144	1.11672	1.11672	1	1	
0.356627	-nan	1.11622	1.59603	1	1	1	1	1	1	3.21793	1.11622	1.11622	1	1	
0.360241	-nan	1.11569	1.59817	1	1	1	1	1	1	3.21451	1.11569	1.11569	1	1	
0.363855	-nan	1.11515	1.60024	1	1	1	1	1	1	3.21116	1.11515	1.11515	1	1	
0.36747	-nan	1.11459	1.60226	1	1	1	1	1	1	3.20788	1.11459	1.11459	1	1	
0.371084	-nan	1.11401	1.60422	1	1	1	1	1	1	3.20469	1.11401	1.11401	1	1	
0.374699	-nan	1.11341	1.60611	1	1	1	1	1	1	3.20156	1.11341	1.11341	1	1	
0.378313	-nan	1.11279	1.60796	1	1	1	1	1	1	3.19852	1.11279	1.11279	1	1	
0.381928	-nan	1.11216	1.60974	1	1	1	1	1	1	3.19555	1.11216	1.11216	1	1	
0.385542	-nan	1.11151	1.61147	1	1	1	1	1	1	3.19265	1.11151	1.11151	1	1	
0.389157	-nan	1.11085	1.61315	1	1	1	1	1	1	3.18982	1.11085	1.11085	1	1	
0.392771	-nan	1.11017	1.61477	1	1	1	1	1	1	3.18707	1.11017	1.11017	1	1	
0.396386	-nan	1.10947	1.61634	1	1	1	1	1	1	3.18438	1.10947	1.10947	1	1	
0.4	-nan	1.10876	1.61786	1	1	1	1	1	1	3.18177	1.10876	1.10876	1	1	
0.403614	-nan	1.10803	1.61933	1	1	1	1	1	1	3.17922	1.10803	1.10803	1	1	
0.407229	-nan	1.10728	1.62075	1	1	1	1	1	1	3.17674	1.10728	1.10728	1	1	
0.410843	-nan	1.10653	1.62212	1	1	1	1	1	1	3.17432	1.10653	1.10653	1	1	
0.414458	-nan	1.10575	1.62344	1	1	1	1	1	1	3.17196	1.10575	1.10575	1	1	
0.418072	-nan	1.10497	1.62472	1	1	1	1	1	1	3.16967	1.10497	1.10497	1	1	
0.421687	-nan	1.10417	1.62595	1	1	1	1	1	1	3.16744	1.10417	1.10417	1	1	
0.425301	-nan	1.10336	1.62713	1	1	1	1	1	1	3.16527	1.10336	1.10336	1	1	
0.428916	-nan	1.10253	1.62828	1	1	1	1	1	1	3.16315	1.10253	1.10253	1	1	
0.43253	-nan	1.10169	1.62937	1	1	1	1	1	1	3.16109	1.10169	1.10169	1	1	
0.436145	-nan	1.10084	1.63043	1	1	1	1	1	1	3.15909	1.10084	1.10084	1	1	
0.439759	-nan	1.09997	1.63144	1	1	1	1	1	1	3.15714	1.09997	1.09997	1	1	
0.443373	-nan	1.09909	1.63241	1	1	1	1	1	1	3.15524	1.09909	1.09909	1	1	
0.446988	-nan	1.0982	1.63334	1	1	1	1	1	1	3.1534	1.0982	1.0982	1	1	
0.450602	-nan	1.0973	1.63423	1	1	1	1	1	1	3.1516	1.0973	1.0973	1	1	
0.454217	-nan	1.09639	1.63509	1	1	1	1	1	1	3.14985	1.09639	1.09639	1	1	
0.457831	-nan	1.09547	1.6359	1	1	1	1	1	1	3.14814	1.09547	1.09547	1	1	
0.461446	-nan	1.09453	1.63668	1	1	1	1	1	1	3.14648	1.09453	1.09453	1	1	
0.46506	-nan	1.09358	1.63742	1	1	1	1	1	1	3.14487	1.09358	1.09358	1	1	
0.468675	-nan	1.09263	1.63812	1	1	1	1	1	1	3.1433	1.09263	1.09263	1	1	
0.472289	-nan	1.09166	1.63878	1	1	1	1	1	1	3.14177	1.09166	1.09166	1	1	
0.475904	-nan	1.09068	1.63941	1	1	1	1	1	1	3.14028	1.09068	1.09068	1	1	
0.479518	-nan	1.08969	1.64001	1	1	1	1	1	1	3.13883	1.08969	1.08969	1	1	
0.483133	-nan	1.08869	1.64057	1	1	1	1	1	1	3.13742	1.08869	1.08869	1	1	
0.486747	-nan	1.08768	1.6411	1	1	1	1	1	1	3.13605	1.08768	1.08768	1	1	
0.490361	-nan	1.08666	1.6416	1	1	1	1	1	1	3.13471	1.08666	1.08666	1	1	
0.493976	-nan	1.08563	1.64206	1	1	1	1	1	1	3.13341	1.08563	1.08563	1	1	
0.49759	-nan	1.08459	1.64249	1	1	1	1	1	1	3.13214	1.08459	1.08459	1	1	
0.501205	-nan	1.08354	1.64289	1	1	1	1	1	1	3.1309	1.08354	1.08354	1	1	
0.504819	-nan	1.08249	1.64326	1	1	1	1	1	1	3.1297	1.08249	1.08249	1	1	
0.508434	-nan	1.08142	1.6436	1	1	1	1	1	1	3.12853	1.08142	1.08142	1	1	
0.512048	-nan	1.08034	1.64391	1	1	1	1	1	1	3.12738	1.08034	1.08034	1	1	
0.515663	-nan	1.07926	1.64419	1	1	1	1	1	1	3.12627	1.07926	1.07926	1	1	
0.519277	-nan	1.07817	1.64444	1	1	1	1	1	1	3.12519	1.07817	1.07817	1	1	
0.522892	-nan	1.07707	1.64466	1	1	1	1	1	1	3.12413	1.07707	1.07707	1	1	
0.526506	-nan	1.07596	1.64485	1	1	1	1	1	1	3.1231	1.07596	1.07596	1	1	
0.53012	-nan	1.07484	1.64502	1	1	1	1	1	1	3.1221	1.07484	1.07484	1	1	
0.533735	-nan	1.07371	1.64516	1	1	1	1	1	1	3.12113	1.07371	1.07371	1	1	
0.537349	-nan	1.07258	1.64527	1	1	1	1	1	1	3.12017	1.07258	1.07258	1	1	
0.540964	-nan	1.07144	1.64536	1	1	1	1	1	1	3.11925	1.07144	1.07144	1	1	
0.544578	-nan	1.07029	1.64542	1	1	1	1	1	1	3.11834	1.07029	1.07029	1	1	
0.548193	-nan	1.06913	1.64546	1	1	1	1	1	1	3.11746	1.06913	1.06913	1	1	
0.551807	-nan	1.06797	1.64547	1	1	1	1	1	1	3.1166	1.06797	1.06797	1	1	
0.555422	-nan	1.0668	1.64545	1	1	1	1	1	1	3.11576	1.0668	1.0668	1	1	
0.559036	-nan	1.06562	1.64541	1	1	1	1	1	1	3.11494	1.06562	1.06562	1	1	
0.562651	-nan	1.06443	1.64535	1	1	1	1	1	1	3.11415	1.06443	1.06443	1	1	
0.566265	-nan	1.06324	1.64527	1	1	1	1	1	1	3.11337	1.06324	1.06324	1	1	
0.56988	-nan	1.06204	1.64516	1	1	1	1	1	1	3.11261	1.06204	1.06204	1	1	
0.573494	-nan	1.06083	1.64503	1	1	1	1	1	1	3.11187	1.06083	1.06083	1	1	
0.577108	-nan	1.05962	1.64488	1	1	1	1	1	1	3.11115	1.05962	1.05962	1	1	
0.580723	-nan	1.0584	1.6447	1	1	1	1	1	1	3.11045	1.0584	1.0584	1	1	
0.584337	-nan	1.05717	1.64451	1	1	1	1	1	1	3.10976	1.05717	1.05717	1	1	
0.587952	-nan	1.05594	1.64429	1	1	1	1	1	1	3.10909	1.05594	1.05594	1	1	
0.591566	-nan	1.0547	1.64405	1	1	1	1	1	1	3.10844	1.0547	1.0547	1	1	
0.595181	-nan	1.05345	1.64379	1	1	1	1	1	1	3.1078	1.05345	1.05345	1	1	
0.598795	-nan	1.0522	1.64351	1	1	1	1	1	1	3.10718	1.0522	1.0522	1	1	
0.60241	-nan	1.05095	1.64321	1	1	1	1	1	1	3.10657	1.05095	1.05095	1	1	
0.606024	-nan	1.04968	1.6429	1	1	1	1	1	1	3.10597	1.04968	1.04968	1	1	
0.609639	-nan	1.04841	1.64256	1	1	1	1	1	1	3.10539	1.04841	1.04841	1	1	
0.613253	-nan	1.04714	1.6422	1	1	1	1	1	1	3.10483	1.04714	1.04714	1	1	
0.616867	-nan	1.04586	1.64183	1	1	1	1	1	1	3.10428	1.04586	1.04586	1	1	
0.620482	-nan	1.04457	1.64143	1	1	1	1	1	1	3.10374	1.04457	1.04457	1	1	
0.624096	-nan	1.04328	1.64102	1	1	1	1	1	1	3.10321	1.04328	1.04328	1	1	
0.627711	-nan	1.04198	1.64059	1	1	1	1	1	1	3.1027	1.04198	1.04198	1	1	
0.631325	-nan	1.04068	1.64014	1	1	1	1	1	1	3.1022	1.04068	1.04068	1	1	
0.63494	-nan	1.03938	1.63968	1	1	1	1	1	1	3.10171	1.03938	1.03938	1	1	
0.638554	-nan	1.03806	1.6392	1	1	1	1	1	1	3.10123	1.03806	1.03806	1	1	
0.642169	-nan	1.03675	1.6387	1	1	1	1	1	1	3.10076	1.03675	1.03675	1	1	
0.645783	-nan	1.03542	1.63819	1	1	1	1	1	1	3.1003	1.03542	1.03542	1	1	
0.649398	-nan	1.0341	1.63766	1	1	1	1	1	1	3.09985	1.0341	1.0341	1	1	
0.653012	-nan	1.03277	1.63711	1	1	1	1	1	1	3.09942	1.03277	1.03277	1	1	
0.656627	-nan	1.03143	1.63655	1	1	1	1	1	1	3.09899	1.03143	1.03143	1	1	
0.660241	-nan	1.03009	1.63597	1	1	1	1	1	1	3.09857	1.03009	1.03009	1	1	
0.663855	-nan	1.02874	1.63538	1	1	1	1	1	1	3.09817	1.02874	1.02874	1	1	
0.66747	-nan	1.02739	1.63478	1	1	1	1	1	1	3.09777	1.02739	1.02739	1	1	
0.671084	-nan	1.02604	1.63415	1	1	1	1	1	1	3.09738	1.02604	1.02604	1	1	
0.674699	-nan	1.02468	1.63352	1	1	1	1	1	1	3.097	1.02468	1.02468	1	1	
0.678313	-nan	1.02332	1.63287	1	1	1	1	1	1	3.09663	1.02332	1.02332	1	1	
0.681928	-nan	1.02195	1.6322	1	1	1	1	1	1	3.09626	1.02195	1.02195	1	1	
0.685542	-nan	1.02058	1.63153	1	1	1	1	1	1	3.09591	1.02058	1.02058	1	1	
0.689157	-nan	1.0192	1.63084	1	1	1	1	1	1	3.09556	1.0192	1.0192	1	1	
0.692771	-nan	1.01782	1.63013	1	1	1	1	1	1	3.09522	1.01782	1.01782	1	1	
0.696386	-nan	1.01644	1.62941	1	1	1	1	1	1	3.09489	1.01644	1.01644	1	1	
0.7	-nan	1.01505	1.62868	1	1	1	1	1	1	3.09456	1.01505	1.01505	1	1	
0.703614	-nan	1.01366	1.62794	1	1	1	1	1	1	3.09425	1.01366	1.01366	1	1	
0.707229	-nan	1.01227	1.62719	1	1	1	1	1	1	3.09393	1.01227	1.01227	1	1	
0.710843	-nan	1.01087	1.62642	1	1	1	1	1	1	3.09363	1.01087	1.01087	1	1	
0.714458	-nan	1.00947	1.62564	1	1	1	1	1	1	3.09333	1.00947	1.00947	1	1	
0.718072	-nan	1.00806	1.62485	1	1	1	1	1	1	3.09304	1.00806	1.00806	1	1	
0.721687	-nan	1.00665	1.62405	1	1	1	1	1	1	3.09276	1.00665	1.00665	1	1	
0.725301	-nan	1.00524	1.62323	1	1	1	1	1	1	3.09248	1.00524	1.00524	1	1	
0.728916	-nan	1.00383	1.62241	1	1	1	1	1	1	3.09221	1.00383	1.00383	1	1	
0.73253	-nan	1.00241	1.62157	1	1	1	1	1	1	3.09194	1.00241	1.00241	1	1	
0.736145	-nan	1.00099	1.62073	1	1	1	1	1	1	3.09168	1.00099	1.00099	1	1	
0.739759	-nan	0.999563	1.61987	1	1	1	1	1	1	3.09142	0.999563	0.999563	1	1	
0.743373	-nan	0.998135	1.619	1	1	1	1	1	1	3.09117	0.998135	0.998135	1	1	
0.746988	-nan	0.996705	1.61812	1	1	1	1	1	1	3.09093	0.996705	0.996705	1	1	
0.750602	-nan	0.995272	1.61724	1	1	1	1	1	1	3.09069	0.995272	0.995272	1	1	
0.754217	-nan	0.993835	1.61634	1	1	1	1	1	1	3.09045	0.993835	0.993835	1	1	
0.757831	-nan	0.992397	1.61543	1	1	1	1	1	1	3.09022	0.992397	0.992397	1	1	
0.761446	-nan	0.990955	1.61452	1	1	1	1	1	1	3.09	0.990955	0.990955	1	1	
0.76506	-nan	0.989511	1.61359	1	1	1	1	1	1	3.08978	0.989511	0.989511	1	1	
0.768675	-nan	0.988064	1.61265	1	1	1	1	1	1	3.08957	0.988064	0.988064	1	1	
0.772289	-nan	0.986614	1.61171	1	1	1	1	1	1	3.08935	0.986614	0.986614	1	1	
0.775904	-nan	0.985163	1.61076	1	1	1	1	1	1	3.08915	0.985163	0.985163	1	1	
0.779518	-nan	0.983708	1.60979	1	1	1	1	1	1	3.08895	0.983708	0.983708	1	1	
0.783133	-nan	0.982252	1.60882	1	1	1	1	1	1	3.08875	0.982252	0.982252	1	1	
0.786747	-nan	0.980793	1.60785	1	1	1	1	1	1	3.08855	0.980793	0.980793	1	1	
0.790361	-nan	0.979332	1.60686	1	1	1	1	1	1	3.08836	0.979332	0.979332	1	1	
0.793976	-nan	0.977868	1.60586	1	1	1	1	1	1	3.08818	0.977868	0.977868	1	1	
0.79759	-nan	0.976403	1.60486	1	1	1	1	1	1	3.088	0.976403	0.976403	1	1	
0.801205	-nan	0.974936	1.60385	1	1	1	1	1	1	3.08782	0.974936	0.974936	1	1	
0.804819	-nan	0.973466	1.60283	1	1	1	1	1	1	3.08764	0.973466	0.973466	1	1	
0.808434	-nan	0.971995	1.60181	1	1	1	1	1	1	3.08747	0.971995	0.971995	1	1	
0.812048	-nan	0.970522	1.60078	1	1	1	1	1	1	3.0873	0.970522	0.970522	1	1	
0.815663	-nan	0.969047	1.59974	1	1	1	1	1	1	3.08714	0.969047	0.969047	1	1	
0.819277	-nan	0.96757	1.59869	1	1	1	1	1	1	3.08698	0.96757	0.96757	1	1	
0.822892	-nan	0.966091	1.59764	1	1	1	1	1	1	3.08682	0.966091	0.966091	1	1	
0.826506	-nan	0.964611	1.59658	1	1	1	1	1	1	3.08667	0.964611	0.964611	1	1	
0.83012	-nan	0.963129	1.59551	1	1	1	1	1	1	3.08652	0.963129	0.963129	1	1	
0.833735	-nan	0.961646	1.59444	1	1	1	1	1	1	3.08637	0.961646	0.961646	1	1	
0.837349	-nan	0.960161	1.59336	1	1	1	1	1	1	3.08622	0.960161	0.960161	1	1	
0.840964	-nan	0.958675	1.59227	1	1	1	1	1	1	3.08608	0.958675	0.958675	1	1	
0.844578	-nan	0.957187	1.59118	1	1	1	1	1	1	3.08594	0.957187	0.957187	1	1	
0.848193	-nan	0.955698	1.59008	1	1	1	1	1	1	3.0858	0.955698	0.955698	1	1	
0.851807	-nan	0.954208	1.58898	1	1	1	1	1	1	3.08567	0.954208	0.954208	1	1	
0.855422	-nan	0.952717	1.58787	1	1	1	1	1	1	3.08554	0.952717	0.952717	1	1	
0.859036	-nan	0.951224	1.58676	1	1	1	1	1	1	3.08541	0.951224	0.951224	1	1	
0.862651	-nan	0.949731	1.58564	1	1	1	1	1	1	3.08528	0.949731	0.949731	1	1	
0.866265	-nan	0.948236	1.58451	1	1	1	1	1	1	3.08516	0.948236	0.948236	1	1	
0.86988	-nan	0.94674	1.58338	1	1	1	1	1	1	3.08504	0.94674	0.94674	1	1	
0.873494	-nan	0.945243	1.58225	1	1	1	1	1	1	3.08492	0.945243	0.945243	1	1	
0.877108	-nan	0.943746	1.58111	1	1	1	1	1	1	3.0848	0.943746	0.943746	1	1	
0.880723	-nan	0.942248	1.57996	1	1	1	1	1	1	3.08469	0.942248	0.942248	1	1	
0.884337	-nan	0.940748	1.57881	1	1	1	1	1	1	3.08458	0.940748	0.940748	1	1	
0.887952	-nan	0.939248	1.57766	1	1	1	1	1	1	3.08447	0.939248	0.939248	1	1	
0.891566	-nan	0.937748	1.5765	1	1	1	1	1	1	3.08436	0.937748	0.937748	1	1	
0.895181	-nan	0.936246	1.57534	1	1	1	1	1	1	3.08425	0.936246	0.936246	1	1	
0.898795	-nan	0.934745	1.57417	1	1	1	1	1	1	3.08415	0.934745	0.934745	1	1	
0.90241	-nan	0.933242	1.573	1	1	1	1	1	1	3.08405	0.933242	0.933242	1	1	
0.906024	-nan	0.931739	1.57182	1	1	1	1	1	1	3.08395	0.931739	0.931739	1	1	
0.909639	-nan	0.930236	1.57064	1	1	1	1	1	1	3.08385	0.930236	0.930236	1	1	
0.913253	-nan	0.928733	1.56946	1	1	1	1	1	1	3.08375	0.928733	0.928733	1	1	
0.916867	-nan	0.927229	1.56828	1	1	1	1	1	1	3.08366	0.927229	0.927229	1	1	
0.920482	-nan	0.925724	1.56709	1	1	1	1	1	1	3.08357	0.925724	0.925724	1	1	
0.924096	-nan	0.92422	1.56589	1	1	1	1	1	1	3.08348	0.92422	0.92422	1	1	
0.927711	-nan	0.922715	1.5647	1	1	1	1	1	1	3.08339	0.922715	0.922715	1	1	
0.931325	-nan	0.92121	1.5635	1	1	1	1	1	1	3.0833	0.92121	0.92121	1	1	
0.93494	-nan	0.919706	1.56229	1	1	1	1	1	1	3.08322	0.919706	0.919706	1	1	
0.938554	-nan	0.918201	1.56109	1	1	1	1	1	1	3.08313	0.918201	0.918201	1	1	
0.942169	-nan	0.916696	1.55988	1	1	1	1	1	1	3.08305	0.916696	0.916696	1	1	
0.945783	-nan	0.915191	1.55867	1	1	1	1	1	1	3.08297	0.915191	0.915191	1	1	
0.949398	-nan	0.913686	1.55745	1	1	1	1	1	1	3.08289	0.913686	0.913686	1	1	
0.953012	-nan	0.912182	1.55623	1	1	1	1	1	1	3.08281	0.912182	0.912182	1	1	
0.956627	-nan	0.910677	1.55501	1	1	1	1	1	1	3.08274	0.910677	0.910677	1	1	
0.960241	-nan	0.909173	1.55379	1	1	1	1	1	1	3.08266	0.909173	0.909173	1	1	
0.963855	-nan	0.90767	1.55257	1	1	1	1	1	1	3.08259	0.90767	0.90767	1	1	
0.96747	-nan	0.906166	1.55134	1	1	1	1	1	1	3.08252	0.906166	0.906166	1	1	
0.971084	-nan	0.904663	1.55011	1	1	1	1	1	1	3.08245	0.904663	0.904663	1	1	
0.974699	-nan	0.903161	1.54888	1	1	1	1	1	1	3.08238	0.903161	0.903161	1	1	
0.978313	-nan	0.901659	1.54764	1	1	1	1	1	1	3.08231	0.901659	0.901659	1	1	
0.981928	-nan	0.900157	1.54641	1	1	1	1	1	1	3.08224	0.900157	0.900157	1	1	
0.985542	-nan	0.898657	1.54517	1	1	1	1	1	1	3.08218	0.898657	0.898657	1	1	
0.989157	-nan	0.897156	1.54393	1	1	1	1	1	1	3.08211	0.897156	0.897156	1	1	
0.992771	-nan	0.895657	1.54269	1	1	1	1	1	1	3.08205	0.895657	0.895657	1	1	
0.996386	-nan	0.894158	1.54145	1	1	1	1	1	1	3.08199	0.894158	0.894158	1	1	
1	-nan	-nan	-nan	-nan	-nan	-nan	-nan	-nan	-nan	-nan	-nan	-nan	-nan	-nan	
