1e-05	-nan	0.499115	0.0438274	1	1	1	1	1	1	7.43299	0.499115	0.499115	1	1	
1.03753e-05	-nan	0.499212	0.044421	1	1	1	1	1	1	7.43289	0.499212	0.499212	1	1	
1.07647e-05	-nan	0.499312	0.0450219	1	1	1	1	1	1	7.4328	0.499312	0.499312	1	1	
1.11686e-05	-nan	0.499414	0.0456301	1	1	1	1	1	1	7.4327	0.499414	0.499414	1	1	
1.15878e-05	-nan	0.499518	0.0462458	1	1	1	1	1	1	7.4326	0.499518	0.499518	1	1	
1.20226e-05	-nan	0.499624	0.0468689	1	1	1	1	1	1	7.4325	0.499624	0.499624	1	1	
1.24738e-05	-nan	0.499732	0.0474996	1	1	1	1	1	1	7.43239	0.499732	0.499732	1	1	
1.2942e-05	-nan	0.499843	0.048138	1	1	1	1	1	1	7.43228	0.499843	0.499843	1	1	
1.34276e-05	-nan	0.499957	0.048784	1	1	1	1	1	1	7.43217	0.499957	0.499957	1	1	
1.39316e-05	-nan	0.500072	0.0494379	1	1	1	1	1	1	7.43205	0.500072	0.500072	1	1	
1.44544e-05	-nan	0.500191	0.0500996	1	1	1	1	1	1	7.43193	0.500191	0.500191	1	1	
1.49968e-05	-nan	0.500311	0.0507693	1	1	1	1	1	1	7.43181	0.500311	0.500311	1	1	
1.55597e-05	-nan	0.500435	0.051447	1	1	1	1	1	1	7.43169	0.500435	0.500435	1	1	
1.61436e-05	-nan	0.500561	0.0521329	1	1	1	1	1	1	7.43156	0.500561	0.500561	1	1	
1.67494e-05	-nan	0.50069	0.0528269	1	1	1	1	1	1	7.43143	0.50069	0.50069	1	1	
1.7378e-05	-nan	0.500822	0.0535292	1	1	1	1	1	1	7.43129	0.500822	0.500822	1	1	
1.80302e-05	-nan	0.500956	0.0542398	1	1	1	1	1	1	7.43115	0.500956	0.500956	1	1	
1.87068e-05	-nan	0.501094	0.0549589	1	1	1	1	1	1	7.43101	0.501094	0.501094	1	1	
1.94089e-05	-nan	0.501234	0.0556865	1	1	1	1	1	1	7.43086	0.501234	0.501234	1	1	
2.01372e-05	-nan	0.501378	0.0564227	1	1	1	1	1	1	7.43071	0.501378	0.501378	1	1	
2.0893e-05	-nan	0.501524	0.0571676	1	1	1	1	1	1	7.43056	0.501524	0.501524	1	1	
2.1677e-05	-nan	0.501674	0.0579212	1	1	1	1	1	1	7.4304	0.501674	0.501674	1	1	
2.24905e-05	-nan	0.501827	0.0586837	1	1	1	1	1	1	7.43023	0.501827	0.501827	1	1	
2.33346e-05	-nan	0.501984	0.0594552	1	1	1	1	1	1	7.43006	0.501984	0.501984	1	1	
2.42103e-05	-nan	0.502144	0.0602357	1	1	1	1	1	1	7.42989	0.502144	0.502144	1	1	
2.51189e-05	-nan	0.502307	0.0610253	1	1	1	1	1	1	7.42971	0.502307	0.502307	1	1	
2.60615e-05	-nan	0.502474	0.0618241	1	1	1	1	1	1	7.42953	0.502474	0.502474	1	1	
2.70396e-05	-nan	0.502645	0.0626322	1	1	1	1	1	1	7.42934	0.502645	0.502645	1	1	
2.80543e-05	-nan	0.502819	0.0634497	1	1	1	1	1	1	7.42915	0.502819	0.502819	1	1	
2.91072e-05	-nan	0.502998	0.0642766	1	1	1	1	1	1	7.42895	0.502998	0.502998	1	1	
3.01995e-05	-nan	0.50318	0.0651132	1	1	1	1	1	1	7.42874	0.50318	0.50318	1	1	
3.13329e-05	-nan	0.503366	0.0659594	1	1	1	1	1	1	7.42853	0.503366	0.503366	1	1	
3.25087e-05	-nan	0.503556	0.0668154	1	1	1	1	1	1	7.42832	0.503556	0.503556	1	1	
3.37287e-05	-nan	0.50375	0.0676812	1	1	1	1	1	1	7.42809	0.50375	0.50375	1	1	
3.49945e-05	-nan	0.503949	0.068557	1	1	1	1	1	1	7.42786	0.503949	0.503949	1	1	
3.63078e-05	-nan	0.504152	0.0694428	1	1	1	1	1	1	7.42763	0.504152	0.504152	1	1	
3.76704e-05	-nan	0.504359	0.0703388	1	1	1	1	1	1	7.42739	0.504359	0.504359	1	1	
3.90841e-05	-nan	0.504571	0.071245	1	1	1	1	1	1	7.42714	0.504571	0.504571	1	1	
4.05509e-05	-nan	0.504787	0.0721616	1	1	1	1	1	1	7.42688	0.504787	0.504787	1	1	
4.20727e-05	-nan	0.505009	0.0730886	1	1	1	1	1	1	7.42662	0.505009	0.505009	1	1	
4.36516e-05	-nan	0.505235	0.0740261	1	1	1	1	1	1	7.42635	0.505235	0.505235	1	1	
4.52898e-05	-nan	0.505466	0.0749743	1	1	1	1	1	1	7.42607	0.505466	0.505466	1	1	
4.69894e-05	-nan	0.505702	0.0759333	1	1	1	1	1	1	7.42578	0.505702	0.505702	1	1	
4.87528e-05	-nan	0.505943	0.0769031	1	1	1	1	1	1	7.42549	0.505943	0.505943	1	1	
5.05825e-05	-nan	0.50619	0.0778839	1	1	1	1	1	1	7.42519	0.50619	0.50619	1	1	
5.24807e-05	-nan	0.506442	0.0788758	1	1	1	1	1	1	7.42488	0.506442	0.506442	1	1	
5.44503e-05	-nan	0.5067	0.0798789	1	1	1	1	1	1	7.42455	0.5067	0.5067	1	1	
5.64937e-05	-nan	0.506963	0.0808933	1	1	1	1	1	1	7.42423	0.506963	0.506963	1	1	
5.86138e-05	-nan	0.507232	0.0819191	1	1	1	1	1	1	7.42389	0.507232	0.507232	1	1	
6.08135e-05	-nan	0.507506	0.0829564	1	1	1	1	1	1	7.42354	0.507506	0.507506	1	1	
6.30957e-05	-nan	0.507787	0.0840054	1	1	1	1	1	1	7.42318	0.507787	0.507787	1	1	
6.54636e-05	-nan	0.508074	0.0850661	1	1	1	1	1	1	7.42281	0.508074	0.508074	1	1	
6.79204e-05	-nan	0.508368	0.0861387	1	1	1	1	1	1	7.42243	0.508368	0.508368	1	1	
7.04693e-05	-nan	0.508667	0.0872234	1	1	1	1	1	1	7.42204	0.508667	0.508667	1	1	
7.31139e-05	-nan	0.508974	0.0883201	1	1	1	1	1	1	7.42163	0.508974	0.508974	1	1	
7.58578e-05	-nan	0.509287	0.0894291	1	1	1	1	1	1	7.42122	0.509287	0.509287	1	1	
7.87046e-05	-nan	0.509607	0.0905505	1	1	1	1	1	1	7.42079	0.509607	0.509607	1	1	
8.16582e-05	-nan	0.509934	0.0916844	1	1	1	1	1	1	7.42035	0.509934	0.509934	1	1	
8.47227e-05	-nan	0.510268	0.0928309	1	1	1	1	1	1	7.4199	0.510268	0.510268	1	1	
8.79023e-05	-nan	0.510609	0.0939902	1	1	1	1	1	1	7.41943	0.510609	0.510609	1	1	
9.12011e-05	-nan	0.510958	0.0951624	1	1	1	1	1	1	7.41896	0.510958	0.510958	1	1	
9.46237e-05	-nan	0.511315	0.0963476	1	1	1	1	1	1	7.41846	0.511315	0.511315	1	1	
9.81748e-05	-nan	0.511679	0.097546	1	1	1	1	1	1	7.41795	0.511679	0.511679	1	1	
0.000101859	-nan	0.512051	0.0987577	1	1	1	1	1	1	7.41743	0.512051	0.512051	1	1	
0.000105682	-nan	0.512432	0.0999829	1	1	1	1	1	1	7.41689	0.512432	0.512432	1	1	
0.000109648	-nan	0.512821	0.101222	1	1	1	1	1	1	7.41634	0.512821	0.512821	1	1	
0.000113763	-nan	0.513218	0.102474	1	1	1	1	1	1	7.41577	0.513218	0.513218	1	1	
0.000118032	-nan	0.513624	0.103741	1	1	1	1	1	1	7.41518	0.513624	0.513624	1	1	
0.000122462	-nan	0.514039	0.105021	1	1	1	1	1	1	7.41457	0.514039	0.514039	1	1	
0.000127057	-nan	0.514463	0.106316	1	1	1	1	1	1	7.41395	0.514463	0.514463	1	1	
0.000131826	-nan	0.514897	0.107625	1	1	1	1	1	1	7.41331	0.514897	0.514897	1	1	
0.000136773	-nan	0.515339	0.108949	1	1	1	1	1	1	7.41265	0.515339	0.515339	1	1	
0.000141906	-nan	0.515792	0.110287	1	1	1	1	1	1	7.41197	0.515792	0.515792	1	1	
0.000147231	-nan	0.516254	0.11164	1	1	1	1	1	1	7.41126	0.516254	0.516254	1	1	
0.000152757	-nan	0.516727	0.113009	1	1	1	1	1	1	7.41054	0.516727	0.516727	1	1	
0.000158489	-nan	0.51721	0.114392	1	1	1	1	1	1	7.4098	0.51721	0.51721	1	1	
0.000164437	-nan	0.517703	0.115791	1	1	1	1	1	1	7.40903	0.517703	0.517703	1	1	
0.000170608	-nan	0.518208	0.117206	1	1	1	1	1	1	7.40824	0.518208	0.518208	1	1	
0.000177011	-nan	0.518723	0.118636	1	1	1	1	1	1	7.40742	0.518723	0.518723	1	1	
0.000183654	-nan	0.519249	0.120082	1	1	1	1	1	1	7.40658	0.519249	0.519249	1	1	
0.000190546	-nan	0.519787	0.121544	1	1	1	1	1	1	7.40572	0.519787	0.519787	1	1	
0.000197697	-nan	0.520337	0.123023	1	1	1	1	1	1	7.40482	0.520337	0.520337	1	1	
0.000205116	-nan	0.520899	0.124518	1	1	1	1	1	1	7.40391	0.520899	0.520899	1	1	
0.000212814	-nan	0.521473	0.12603	1	1	1	1	1	1	7.40296	0.521473	0.521473	1	1	
0.0002208	-nan	0.522059	0.127559	1	1	1	1	1	1	7.40198	0.522059	0.522059	1	1	
0.000229087	-nan	0.522658	0.129106	1	1	1	1	1	1	7.40097	0.522658	0.522658	1	1	
0.000237684	-nan	0.523271	0.130669	1	1	1	1	1	1	7.39994	0.523271	0.523271	1	1	
0.000246604	-nan	0.523896	0.13225	1	1	1	1	1	1	7.39887	0.523896	0.523896	1	1	
0.000255859	-nan	0.524535	0.13385	1	1	1	1	1	1	7.39776	0.524535	0.524535	1	1	
0.000265461	-nan	0.525188	0.135467	1	1	1	1	1	1	7.39663	0.525188	0.525188	1	1	
0.000275423	-nan	0.525856	0.137102	1	1	1	1	1	1	7.39545	0.525856	0.525856	1	1	
0.000285759	-nan	0.526537	0.138756	1	1	1	1	1	1	7.39424	0.526537	0.526537	1	1	
0.000296483	-nan	0.527234	0.140429	1	1	1	1	1	1	7.39299	0.527234	0.527234	1	1	
0.00030761	-nan	0.527946	0.142122	1	1	1	1	1	1	7.39171	0.527946	0.527946	1	1	
0.000319154	-nan	0.528673	0.143833	1	1	1	1	1	1	7.39038	0.528673	0.528673	1	1	
0.000331131	-nan	0.529415	0.145564	1	1	1	1	1	1	7.38901	0.529415	0.529415	1	1	
0.000343558	-nan	0.530174	0.147315	1	1	1	1	1	1	7.3876	0.530174	0.530174	1	1	
0.000356451	-nan	0.530949	0.149086	1	1	1	1	1	1	7.38614	0.530949	0.530949	1	1	
0.000369828	-nan	0.531741	0.150878	1	1	1	1	1	1	7.38464	0.531741	0.531741	1	1	
0.000383707	-nan	0.53255	0.152691	1	1	1	1	1	1	7.38309	0.53255	0.53255	1	1	
0.000398107	-nan	0.533376	0.154524	1	1	1	1	1	1	7.38148	0.533376	0.533376	1	1	
0.000413048	-nan	0.534221	0.156379	1	1	1	1	1	1	7.37983	0.534221	0.534221	1	1	
0.000428549	-nan	0.535083	0.158256	1	1	1	1	1	1	7.37813	0.535083	0.535083	1	1	
0.000444631	-nan	0.535964	0.160155	1	1	1	1	1	1	7.37637	0.535964	0.535964	1	1	
0.000461318	-nan	0.536863	0.162076	1	1	1	1	1	1	7.37455	0.536863	0.536863	1	1	
0.00047863	-nan	0.537782	0.16402	1	1	1	1	1	1	7.37267	0.537782	0.537782	1	1	
0.000496592	-nan	0.538721	0.165988	1	1	1	1	1	1	7.37074	0.538721	0.538721	1	1	
0.000515229	-nan	0.539679	0.167978	1	1	1	1	1	1	7.36874	0.539679	0.539679	1	1	
0.000534564	-nan	0.540658	0.169993	1	1	1	1	1	1	7.36667	0.540658	0.540658	1	1	
0.000554626	-nan	0.541658	0.172032	1	1	1	1	1	1	7.36454	0.541658	0.541658	1	1	
0.00057544	-nan	0.542679	0.174095	1	1	1	1	1	1	7.36234	0.542679	0.542679	1	1	
0.000597035	-nan	0.543722	0.176184	1	1	1	1	1	1	7.36007	0.543722	0.543722	1	1	
0.000619441	-nan	0.544787	0.178298	1	1	1	1	1	1	7.35772	0.544787	0.544787	1	1	
0.000642688	-nan	0.545874	0.180438	1	1	1	1	1	1	7.35529	0.545874	0.545874	1	1	
0.000666807	-nan	0.546985	0.182604	1	1	1	1	1	1	7.35278	0.546985	0.546985	1	1	
0.000691831	-nan	0.548118	0.184797	1	1	1	1	1	1	7.35019	0.548118	0.548118	1	1	
0.000717794	-nan	0.549276	0.187017	1	1	1	1	1	1	7.34752	0.549276	0.549276	1	1	
0.000744732	-nan	0.550458	0.189266	1	1	1	1	1	1	7.34475	0.550458	0.550458	1	1	
0.000772681	-nan	0.551665	0.191542	1	1	1	1	1	1	7.34189	0.551665	0.551665	1	1	
0.000801678	-nan	0.552897	0.193847	1	1	1	1	1	1	7.33894	0.552897	0.552897	1	1	
0.000831764	-nan	0.554154	0.196181	1	1	1	1	1	1	7.33588	0.554154	0.554154	1	1	
0.000862979	-nan	0.555438	0.198546	1	1	1	1	1	1	7.33273	0.555438	0.555438	1	1	
0.000895365	-nan	0.556749	0.20094	1	1	1	1	1	1	7.32946	0.556749	0.556749	1	1	
0.000928966	-nan	0.558087	0.203366	1	1	1	1	1	1	7.32608	0.558087	0.558087	1	1	
0.000963829	-nan	0.559452	0.205823	1	1	1	1	1	1	7.32259	0.559452	0.559452	1	1	
0.001	-nan	0.560846	0.208312	1	1	1	1	1	1	7.31898	0.560846	0.560846	1	1	
0.00103753	-nan	0.562268	0.210834	1	1	1	1	1	1	7.31524	0.562268	0.562268	1	1	
0.00107647	-nan	0.563719	0.213389	1	1	1	1	1	1	7.31138	0.563719	0.563719	1	1	
0.00111686	-nan	0.5652	0.215978	1	1	1	1	1	1	7.30738	0.5652	0.5652	1	1	
0.00115878	-nan	0.566712	0.218601	1	1	1	1	1	1	7.30324	0.566712	0.566712	1	1	
0.00120226	-nan	0.568254	0.221261	1	1	1	1	1	1	7.29895	0.568254	0.568254	1	1	
0.00124738	-nan	0.569827	0.223956	1	1	1	1	1	1	7.29452	0.569827	0.569827	1	1	
0.0012942	-nan	0.571433	0.226687	1	1	1	1	1	1	7.28993	0.571433	0.571433	1	1	
0.00134276	-nan	0.57307	0.229457	1	1	1	1	1	1	7.28518	0.57307	0.57307	1	1	
0.00139316	-nan	0.574741	0.232264	1	1	1	1	1	1	7.28026	0.574741	0.574741	1	1	
0.00144544	-nan	0.576445	0.235111	1	1	1	1	1	1	7.27516	0.576445	0.576445	1	1	
0.00149968	-nan	0.578182	0.237998	1	1	1	1	1	1	7.26988	0.578182	0.578182	1	1	
0.00155597	-nan	0.579955	0.240925	1	1	1	1	1	1	7.26441	0.579955	0.579955	1	1	
0.00161436	-nan	0.581762	0.243894	1	1	1	1	1	1	7.25874	0.581762	0.581762	1	1	
0.00167494	-nan	0.583605	0.246905	1	1	1	1	1	1	7.25287	0.583605	0.583605	1	1	
0.0017378	-nan	0.585485	0.249959	1	1	1	1	1	1	7.24678	0.585485	0.585485	1	1	
0.00180302	-nan	0.587401	0.253058	1	1	1	1	1	1	7.24048	0.587401	0.587401	1	1	
0.00187068	-nan	0.589354	0.256202	1	1	1	1	1	1	7.23393	0.589354	0.589354	1	1	
0.00194089	-nan	0.591345	0.259392	1	1	1	1	1	1	7.22715	0.591345	0.591345	1	1	
0.00201372	-nan	0.593374	0.26263	1	1	1	1	1	1	7.22012	0.593374	0.593374	1	1	
0.0020893	-nan	0.595443	0.265915	1	1	1	1	1	1	7.21282	0.595443	0.595443	1	1	
0.0021677	-nan	0.597551	0.26925	1	1	1	1	1	1	7.20525	0.597551	0.597551	1	1	
0.00224905	-nan	0.599699	0.272635	1	1	1	1	1	1	7.1974	0.599699	0.599699	1	1	
0.00233346	-nan	0.601887	0.276072	1	1	1	1	1	1	7.18924	0.601887	0.601887	1	1	
0.00242103	-nan	0.604116	0.279562	1	1	1	1	1	1	7.18078	0.604116	0.604116	1	1	
0.00251189	-nan	0.606388	0.283105	1	1	1	1	1	1	7.17199	0.606388	0.606388	1	1	
0.00260615	-nan	0.608701	0.286704	1	1	1	1	1	1	7.16287	0.608701	0.608701	1	1	
0.00270396	-nan	0.611057	0.290359	1	1	1	1	1	1	7.15339	0.611057	0.611057	1	1	
0.00280543	-nan	0.613456	0.294071	1	1	1	1	1	1	7.14354	0.613456	0.613456	1	1	
0.00291072	-nan	0.615898	0.297843	1	1	1	1	1	1	7.13331	0.615898	0.615898	1	1	
0.00301995	-nan	0.618385	0.301675	1	1	1	1	1	1	7.12268	0.618385	0.618385	1	1	
0.00313329	-nan	0.620917	0.305569	1	1	1	1	1	1	7.11162	0.620917	0.620917	1	1	
0.00325087	-nan	0.623493	0.309526	1	1	1	1	1	1	7.10013	0.623493	0.623493	1	1	
0.00337287	-nan	0.626116	0.313547	1	1	1	1	1	1	7.08817	0.626116	0.626116	1	1	
0.00349945	-nan	0.628784	0.317636	1	1	1	1	1	1	7.07573	0.628784	0.628784	1	1	
0.00363078	-nan	0.631498	0.321791	1	1	1	1	1	1	7.06279	0.631498	0.631498	1	1	
0.00376704	-nan	0.63426	0.326017	1	1	1	1	1	1	7.04932	0.63426	0.63426	1	1	
0.00390841	-nan	0.637068	0.330313	1	1	1	1	1	1	7.0353	0.637068	0.637068	1	1	
0.00405509	-nan	0.639925	0.334683	1	1	1	1	1	1	7.0207	0.639925	0.639925	1	1	
0.00420727	-nan	0.642829	0.339127	1	1	1	1	1	1	7.00549	0.642829	0.642829	1	1	
0.00436516	-nan	0.645781	0.343647	1	1	1	1	1	1	6.98965	0.645781	0.645781	1	1	
0.00452898	-nan	0.648783	0.348246	1	1	1	1	1	1	6.97313	0.648783	0.648783	1	1	
0.00469894	-nan	0.651833	0.352925	1	1	1	1	1	1	6.95592	0.651833	0.651833	1	1	
0.00487528	-nan	0.654932	0.357686	1	1	1	1	1	1	6.93797	0.654932	0.654932	1	1	
0.00505825	-nan	0.658081	0.362531	1	1	1	1	1	1	6.91925	0.658081	0.658081	1	1	
0.00524807	-nan	0.661279	0.367462	1	1	1	1	1	1	6.89972	0.661279	0.661279	1	1	
0.00544503	-nan	0.664527	0.372482	1	1	1	1	1	1	6.87934	0.664527	0.664527	1	1	
0.00564937	-nan	0.667825	0.377593	1	1	1	1	1	1	6.85806	0.667825	0.667825	1	1	
0.00586138	-nan	0.671173	0.382796	1	1	1	1	1	1	6.83584	0.671173	0.671173	1	1	
0.00608135	-nan	0.674572	0.388094	1	1	1	1	1	1	6.81263	0.674572	0.674572	1	1	
0.00630957	-nan	0.67802	0.39349	1	1	1	1	1	1	6.78837	0.67802	0.67802	1	1	
0.00654636	-nan	0.681519	0.398986	1	1	1	1	1	1	6.76303	0.681519	0.681519	1	1	
0.00679204	-nan	0.685069	0.404584	1	1	1	1	1	1	6.73653	0.685069	0.685069	1	1	
0.00704693	-nan	0.688668	0.410287	1	1	1	1	1	1	6.70881	0.688668	0.688668	1	1	
0.00731139	-nan	0.692317	0.416098	1	1	1	1	1	1	6.67981	0.692317	0.692317	1	1	
0.00758578	-nan	0.696017	0.422019	1	1	1	1	1	1	6.64947	0.696017	0.696017	1	1	
0.00787046	-nan	0.699766	0.428054	1	1	1	1	1	1	6.61771	0.699766	0.699766	1	1	
0.00816582	-nan	0.703565	0.434204	1	1	1	1	1	1	6.58444	0.703565	0.703565	1	1	
0.00847227	-nan	0.707413	0.440473	1	1	1	1	1	1	6.5496	0.707413	0.707413	1	1	
0.00879023	-nan	0.71131	0.446865	1	1	1	1	1	1	6.51309	0.71131	0.71131	1	1	
0.00912011	-nan	0.715255	0.453381	1	1	1	1	1	1	6.47482	0.715255	0.715255	1	1	
0.00946237	-nan	0.719249	0.460026	1	1	1	1	1	1	6.43471	0.719249	0.719249	1	1	
0.00981748	-nan	0.72329	0.466801	1	1	1	1	1	1	6.39263	0.72329	0.72329	1	1	
0.0101859	-nan	0.727379	0.473712	1	1	1	1	1	1	6.34849	0.727379	0.727379	1	1	
0.0105682	-nan	0.731514	0.480761	1	1	1	1	1	1	6.30218	0.731514	0.731514	1	1	
0.0109648	-nan	0.735695	0.487952	1	1	1	1	1	1	6.25356	0.735695	0.735695	1	1	
0.0113763	-nan	0.739922	0.495288	1	1	1	1	1	1	6.20253	0.739922	0.739922	1	1	
0.0118032	-nan	0.744192	0.502772	1	1	1	1	1	1	6.14893	0.744192	0.744192	1	1	
0.0122462	-nan	0.748507	0.51041	1	1	1	1	1	1	6.09264	0.748507	0.748507	1	1	
0.0127057	-nan	0.752864	0.518204	1	1	1	1	1	1	6.03351	0.752864	0.752864	1	1	
0.0131826	-nan	0.757263	0.526158	1	1	1	1	1	1	5.97137	0.757263	0.757263	1	1	
0.0136773	-nan	0.761704	0.534277	1	1	1	1	1	1	5.90608	0.761704	0.761704	1	1	
0.0141906	-nan	0.766183	0.542565	1	1	1	1	1	1	5.83747	0.766183	0.766183	1	1	
0.0147231	-nan	0.770702	0.551025	1	1	1	1	1	1	5.76536	0.770702	0.770702	1	1	
0.0152757	-nan	0.775258	0.559663	1	1	1	1	1	1	5.68957	0.775258	0.775258	1	1	
0.0158489	-nan	0.779851	0.568482	1	1	1	1	1	1	5.60992	0.779851	0.779851	1	1	
0.0164437	-nan	0.784478	0.577487	1	1	1	1	1	1	5.52622	0.784478	0.784478	1	1	
0.0170608	-nan	0.789139	0.586682	1	1	1	1	1	1	5.43828	0.789139	0.789139	1	1	
0.0177011	-nan	0.793832	0.596072	1	1	1	1	1	1	5.3459	0.793832	0.793832	1	1	
0.0183654	-nan	0.798556	0.605662	1	1	1	1	1	1	5.24888	0.798556	0.798556	1	1	
0.0190546	-nan	0.803309	0.615457	1	1	1	1	1	1	5.14705	0.803309	0.803309	1	1	
0.0197697	-nan	0.80809	0.625461	1	1	1	1	1	1	5.0402	0.80809	0.80809	1	1	
0.0205116	-nan	0.812896	0.635679	1	1	1	1	1	1	4.92816	0.812896	0.812896	1	1	
0.0212814	-nan	0.817726	0.646116	1	1	1	1	1	1	4.81075	0.817726	0.817726	1	1	
0.02208	-nan	0.822578	0.656777	1	1	1	1	1	1	4.68783	0.822578	0.822578	1	1	
0.0229087	-nan	0.82745	0.667667	1	1	1	1	1	1	4.55926	0.82745	0.82745	1	1	
0.0237684	-nan	0.832341	0.67879	1	1	1	1	1	1	4.42493	0.832341	0.832341	1	1	
0.0246604	-nan	0.837248	0.690153	1	1	1	1	1	1	4.28478	0.837248	0.837248	1	1	
0.0255859	-nan	0.842169	0.70176	1	1	1	1	1	1	4.13875	0.842169	0.842169	1	1	
0.0265461	-nan	0.847102	0.713615	1	1	1	1	1	1	3.98688	0.847102	0.847102	1	1	
0.0275423	-nan	0.852045	0.725723	1	1	1	1	1	1	3.82923	0.852045	0.852045	1	1	
0.0285759	-nan	0.856996	0.73809	1	1	1	1	1	1	3.66594	0.856996	0.856996	1	1	
0.0296483	-nan	0.861952	0.750719	1	1	1	1	1	1	3.49722	0.861952	0.861952	1	1	
0.030761	-nan	0.86691	0.763616	1	1	1	1	1	1	3.32338	0.86691	0.86691	1	1	
0.0319154	-nan	0.871869	0.776784	1	1	1	1	1	1	3.14481	0.871869	0.871869	1	1	
0.0331131	-nan	0.876826	0.790227	1	1	1	1	1	1	2.962	0.876826	0.876826	1	1	
0.0343558	-nan	0.881778	0.803948	1	1	1	1	1	1	2.77558	0.881778	0.881778	1	1	
0.0356451	-nan	0.886723	0.817951	1	1	1	1	1	1	2.58628	0.886723	0.886723	1	1	
0.0369828	-nan	0.891658	0.832239	1	1	1	1	1	1	2.39495	0.891658	0.891658	1	1	
0.0383707	-nan	0.89658	0.846814	1	1	1	1	1	1	2.20258	0.89658	0.89658	1	1	
0.0398107	-nan	0.901487	0.861677	1	1	1	1	1	1	2.01027	0.901487	0.901487	1	1	
0.0413048	-nan	0.906376	0.876829	1	1	1	1	1	1	1.81924	0.906376	0.906376	1	1	
0.0428549	-nan	0.911243	0.892269	1	1	1	1	1	1	1.63081	0.911243	0.911243	1	1	
0.0444631	-nan	0.916086	0.907998	1	1	1	1	1	1	1.44638	0.916086	0.916086	1	1	
0.0461318	-nan	0.920902	0.924012	1	1	1	1	1	1	1.26741	0.920902	0.920902	1	1	
0.047863	-nan	0.925689	0.940309	1	1	1	1	1	1	1.0954	0.925689	0.925689	1	1	
0.0496592	-nan	0.930441	0.956883	1	1	1	1	1	1	0.931832	0.930441	0.930441	1	1	
0.0515229	-nan	0.935158	0.973729	1	1	1	1	1	1	0.778165	0.935158	0.935158	1	1	
0.0534564	-nan	0.939835	0.990836	1	1	1	1	1	1	0.635763	0.939835	0.939835	1	1	
0.0554626	-nan	0.94447	1.0082	1	1	1	1	1	1	0.505871	0.94447	0.94447	1	1	
0.057544	-nan	0.949058	1.0258	1	1	1	1	1	1	0.389574	0.949058	0.949058	1	1	
0.0597035	-nan	0.953597	1.04362	1	1	1	1	1	1	0.287758	0.953597	0.953597	1	1	
0.0619441	-nan	0.958084	1.06165	1	1	1	1	1	1	0.201086	0.958084	0.958084	1	1	
0.0642688	-nan	0.962514	1.07986	1	1	1	1	1	1	0.129971	0.962514	0.962514	1	1	
0.0666807	-nan	0.966884	1.09823	1	1	1	1	1	1	0.0745685	0.966884	0.966884	1	1	
0.0691831	-nan	0.971191	1.11673	1	1	1	1	1	1	0.0347692	0.971191	0.971191	1	1	
0.0717794	-nan	0.975432	1.13533	1	1	1	1	1	1	0.0102111	0.975432	0.975432	1	1	
0.0744732	-nan	0.979602	1.15399	1	1	1	1	1	1	0.000294617	0.979602	0.979602	1	1	
0.0772681	-nan	0.983697	1.17266	1	1	1	1	1	1	0.00420911	0.983697	0.983697	1	1	
0.0801678	-nan	0.987714	1.1913	1	1	1	1	1	1	0.0209647	0.987714	0.987714	1	1	
0.0831764	-nan	0.991649	1.20986	1	1	1	1	1	1	0.0494292	0.991649	0.991649	1	1	
0.0862979	-nan	0.995499	1.22826	1	1	1	1	1	1	0.0883669	0.995499	0.995499	1	1	
0.0895365	-nan	0.999258	1.24646	1	1	1	1	1	1	0.136478	0.999258	0.999258	1	1	
0.0928966	-nan	1.00292	1.26437	1	1	1	1	1	1	0.192434	1.00292	1.00292	1	1	
0.0963829	-nan	1.00649	1.28192	1	1	1	1	1	1	0.254916	1.00649	1.00649	1	1	
0.1	-nan	1.00995	1.29902	1	1	1	1	1	1	0.322639	1.00995	1.00995	1	1	
0.103614	-nan	1.01319	1.315	1	1	1	1	1	1	0.391722	1.01319	1.01319	1	1	
0.107229	-nan	1.01621	1.32987	1	1	1	1	1	1	0.461011	1.01621	1.01621	1	1	
0.110843	-nan	1.01905	1.34366	1	1	1	1	1	1	0.529594	1.01905	1.01905	1	1	
0.114458	-nan	1.02169	1.35638	1	1	1	1	1	1	0.596791	1.02169	1.02169	1	1	
0.118072	-nan	1.02417	1.36804	1	1	1	1	1	1	0.662108	1.02417	1.02417	1	1	
0.121687	-nan	1.02648	1.37868	1	1	1	1	1	1	0.725199	1.02648	1.02648	1	1	
0.125301	-nan	1.02864	1.38832	1	1	1	1	1	1	0.785831	1.02864	1.02864	1	1	
0.128916	-nan	1.03065	1.39698	1	1	1	1	1	1	0.843863	1.03065	1.03065	1	1	
0.13253	-nan	1.03253	1.40469	1	1	1	1	1	1	0.899219	1.03253	1.03253	1	1	
0.136145	-nan	1.03428	1.4115	1	1	1	1	1	1	0.951877	1.03428	1.03428	1	1	
0.139759	-nan	1.0359	1.41743	1	1	1	1	1	1	1.00185	1.0359	1.0359	1	1	
0.143373	-nan	1.03741	1.42251	1	1	1	1	1	1	1.04919	1.03741	1.03741	1	1	
0.146988	-nan	1.03881	1.4268	1	1	1	1	1	1	1.09396	1.03881	1.03881	1	1	
0.150602	-nan	1.0401	1.43032	1	1	1	1	1	1	1.13623	1.0401	1.0401	1	1	
0.154217	-nan	1.04129	1.43312	1	1	1	1	1	1	1.17609	1.04129	1.04129	1	1	
0.157831	-nan	1.04238	1.43525	1	1	1	1	1	1	1.21365	1.04238	1.04238	1	1	
0.161446	-nan	1.04338	1.43673	1	1	1	1	1	1	1.249	1.04338	1.04338	1	1	
0.16506	-nan	1.0443	1.43763	1	1	1	1	1	1	1.28223	1.0443	1.0443	1	1	
0.168675	-nan	1.04513	1.43797	1	1	1	1	1	1	1.31344	1.04513	1.04513	1	1	
0.172289	-nan	1.04588	1.4378	1	1	1	1	1	1	1.34274	1.04588	1.04588	1	1	
0.175904	-nan	1.04655	1.43717	1	1	1	1	1	1	1.37021	1.04655	1.04655	1	1	
0.179518	-nan	1.04714	1.43612	1	1	1	1	1	1	1.39595	1.04714	1.04714	1	1	
0.183133	-nan	1.04767	1.43468	1	1	1	1	1	1	1.42003	1.04767	1.04767	1	1	
0.186747	-nan	1.04813	1.43289	1	1	1	1	1	1	1.44255	1.04813	1.04813	1	1	
0.190361	-nan	1.04852	1.4308	1	1	1	1	1	1	1.46359	1.04852	1.04852	1	1	
0.193976	-nan	1.04884	1.42844	1	1	1	1	1	1	1.48322	1.04884	1.04884	1	1	
0.19759	-nan	1.04911	1.42584	1	1	1	1	1	1	1.50151	1.04911	1.04911	1	1	
0.201205	-nan	1.04931	1.42305	1	1	1	1	1	1	1.51853	1.04931	1.04931	1	1	
0.204819	-nan	1.04946	1.42008	1	1	1	1	1	1	1.53434	1.04946	1.04946	1	1	
0.208434	-nan	1.04956	1.41697	1	1	1	1	1	1	1.54902	1.04956	1.04956	1	1	
0.212048	-nan	1.04959	1.41375	1	1	1	1	1	1	1.5626	1.04959	1.04959	1	1	
0.215663	-nan	1.04958	1.41045	1	1	1	1	1	1	1.57516	1.04958	1.04958	1	1	
0.219277	-nan	1.04952	1.40708	1	1	1	1	1	1	1.58673	1.04952	1.04952	1	1	
0.222892	-nan	1.04941	1.40368	1	1	1	1	1	1	1.59738	1.04941	1.04941	1	1	
0.226506	-nan	1.04925	1.40026	1	1	1	1	1	1	1.60714	1.04925	1.04925	1	1	
0.23012	-nan	1.04905	1.39683	1	1	1	1	1	1	1.61606	1.04905	1.04905	1	1	
0.233735	-nan	1.0488	1.39343	1	1	1	1	1	1	1.62418	1.0488	1.0488	1	1	
0.237349	-nan	1.04851	1.39006	1	1	1	1	1	1	1.63155	1.04851	1.04851	1	1	
0.240964	-nan	1.04817	1.38674	1	1	1	1	1	1	1.63819	1.04817	1.04817	1	1	
0.244578	-nan	1.0478	1.38348	1	1	1	1	1	1	1.64414	1.0478	1.0478	1	1	
0.248193	-nan	1.04738	1.3803	1	1	1	1	1	1	1.64943	1.04738	1.04738	1	1	
0.251807	-nan	1.04693	1.37719	1	1	1	1	1	1	1.65411	1.04693	1.04693	1	1	
0.255422	-nan	1.04644	1.37418	1	1	1	1	1	1	1.65819	1.04644	1.04644	1	1	
0.259036	-nan	1.04592	1.37126	1	1	1	1	1	1	1.66171	1.04592	1.04592	1	1	
0.262651	-nan	1.04536	1.36845	1	1	1	1	1	1	1.66469	1.04536	1.04536	1	1	
0.266265	-nan	1.04476	1.36575	1	1	1	1	1	1	1.66716	1.04476	1.04476	1	1	
0.26988	-nan	1.04413	1.36317	1	1	1	1	1	1	1.66914	1.04413	1.04413	1	1	
0.273494	-nan	1.04347	1.36071	1	1	1	1	1	1	1.67066	1.04347	1.04347	1	1	
0.277108	-nan	1.04278	1.35836	1	1	1	1	1	1	1.67173	1.04278	1.04278	1	1	
0.280723	-nan	1.04205	1.35615	1	1	1	1	1	1	1.67239	1.04205	1.04205	1	1	
0.284337	-nan	1.0413	1.35405	1	1	1	1	1	1	1.67264	1.0413	1.0413	1	1	
0.287952	-nan	1.04051	1.35209	1	1	1	1	1	1	1.67251	1.04051	1.04051	1	1	
0.291566	-nan	1.0397	1.35025	1	1	1	1	1	1	1.67202	1.0397	1.0397	1	1	
0.295181	-nan	1.03885	1.34854	1	1	1	1	1	1	1.67118	1.03885	1.03885	1	1	
0.298795	-nan	1.03798	1.34696	1	1	1	1	1	1	1.67002	1.03798	1.03798	1	1	
0.30241	-nan	1.03709	1.3455	1	1	1	1	1	1	1.66854	1.03709	1.03709	1	1	
0.306024	-nan	1.03616	1.34417	1	1	1	1	1	1	1.66676	1.03616	1.03616	1	1	
0.309639	-nan	1.03522	1.34297	1	1	1	1	1	1	1.6647	1.03522	1.03522	1	1	
0.313253	-nan	1.03424	1.34188	1	1	1	1	1	1	1.66237	1.03424	1.03424	1	1	
0.316867	-nan	1.03324	1.34092	1	1	1	1	1	1	1.65978	1.03324	1.03324	1	1	
0.320482	-nan	1.03222	1.34007	1	1	1	1	1	1	1.65695	1.03222	1.03222	1	1	
0.324096	-nan	1.03117	1.33935	1	1	1	1	1	1	1.65389	1.03117	1.03117	1	1	
0.327711	-nan	1.0301	1.33873	1	1	1	1	1	1	1.65061	1.0301	1.0301	1	1	
0.331325	-nan	1.02901	1.33823	1	1	1	1	1	1	1.64713	1.02901	1.02901	1	1	
0.33494	-nan	1.0279	1.33784	1	1	1	1	1	1	1.64344	1.0279	1.0279	1	1	
0.338554	-nan	1.02676	1.33755	1	1	1	1	1	1	1.63957	1.02676	1.02676	1	1	
0.342169	-nan	1.02561	1.33737	1	1	1	1	1	1	1.63552	1.02561	1.02561	1	1	
0.345783	-nan	1.02443	1.33729	1	1	1	1	1	1	1.63131	1.02443	1.02443	1	1	
0.349398	-nan	1.02323	1.3373	1	1	1	1	1	1	1.62693	1.02323	1.02323	1	1	
0.353012	-nan	1.02201	1.33741	1	1	1	1	1	1	1.62241	1.02201	1.02201	1	1	
0.356627	-nan	1.02078	1.33762	1	1	1	1	1	1	1.61775	1.02078	1.02078	1	1	
0.360241	-nan	1.01952	1.33791	1	1	1	1	1	1	1.61295	1.01952	1.01952	1	1	
0.363855	-nan	1.01825	1.3383	1	1	1	1	1	1	1.60803	1.01825	1.01825	1	1	
0.36747	-nan	1.01696	1.33876	1	1	1	1	1	1	1.603	1.01696	1.01696	1	1	
0.371084	-nan	1.01565	1.33931	1	1	1	1	1	1	1.59785	1.01565	1.01565	1	1	
0.374699	-nan	1.01432	1.33994	1	1	1	1	1	1	1.5926	1.01432	1.01432	1	1	
0.378313	-nan	1.01298	1.34064	1	1	1	1	1	1	1.58725	1.01298	1.01298	1	1	
0.381928	-nan	1.01162	1.34142	1	1	1	1	1	1	1.58182	1.01162	1.01162	1	1	
0.385542	-nan	1.01024	1.34227	1	1	1	1	1	1	1.5763	1.01024	1.01024	1	1	
0.389157	-nan	1.00884	1.34319	1	1	1	1	1	1	1.5707	1.00884	1.00884	1	1	
0.392771	-nan	1.00744	1.34417	1	1	1	1	1	1	1.56503	1.00744	1.00744	1	1	
0.396386	-nan	1.00601	1.34522	1	1	1	1	1	1	1.55929	1.00601	1.00601	1	1	
0.4	-nan	1.00457	1.34633	1	1	1	1	1	1	1.55349	1.00457	1.00457	1	1	
0.403614	-nan	1.00312	1.3475	1	1	1	1	1	1	1.54764	1.00312	1.00312	1	1	
0.407229	-nan	1.00165	1.34872	1	1	1	1	1	1	1.54173	1.00165	1.00165	1	1	
0.410843	-nan	1.00017	1.35	1	1	1	1	1	1	1.53577	1.00017	1.00017	1	1	
0.414458	-nan	0.998674	1.35133	1	1	1	1	1	1	1.52978	0.998674	0.998674	1	1	
0.418072	-nan	0.997165	1.35271	1	1	1	1	1	1	1.52374	0.997165	0.997165	1	1	
0.421687	-nan	0.995642	1.35415	1	1	1	1	1	1	1.51767	0.995642	0.995642	1	1	
0.425301	-nan	0.994108	1.35562	1	1	1	1	1	1	1.51157	0.994108	0.994108	1	1	
0.428916	-nan	0.99256	1.35714	1	1	1	1	1	1	1.50545	0.99256	0.99256	1	1	
0.43253	-nan	0.991	1.35871	1	1	1	1	1	1	1.4993	0.991	0.991	1	1	
0.436145	-nan	0.989429	1.36031	1	1	1	1	1	1	1.49313	0.989429	0.989429	1	1	
0.439759	-nan	0.987845	1.36196	1	1	1	1	1	1	1.48694	0.987845	0.987845	1	1	
0.443373	-nan	0.98625	1.36364	1	1	1	1	1	1	1.48075	0.98625	0.98625	1	1	
0.446988	-nan	0.984645	1.36535	1	1	1	1	1	1	1.47454	0.984645	0.984645	1	1	
0.450602	-nan	0.983028	1.36711	1	1	1	1	1	1	1.46833	0.983028	0.983028	1	1	
0.454217	-nan	0.9814	1.36889	1	1	1	1	1	1	1.46211	0.9814	0.9814	1	1	
0.457831	-nan	0.979763	1.3707	1	1	1	1	1	1	1.45589	0.979763	0.979763	1	1	
0.461446	-nan	0.978115	1.37254	1	1	1	1	1	1	1.44967	0.978115	0.978115	1	1	
0.46506	-nan	0.976457	1.37442	1	1	1	1	1	1	1.44346	0.976457	0.976457	1	1	
0.468675	-nan	0.97479	1.37631	1	1	1	1	1	1	1.43725	0.97479	0.97479	1	1	
0.472289	-nan	0.973114	1.37823	1	1	1	1	1	1	1.43105	0.973114	0.973114	1	1	
0.475904	-nan	0.971428	1.38018	1	1	1	1	1	1	1.42486	0.971428	0.971428	1	1	
0.479518	-nan	0.969733	1.38215	1	1	1	1	1	1	1.41868	0.969733	0.969733	1	1	
0.483133	-nan	0.96803	1.38414	1	1	1	1	1	1	1.41252	0.96803	0.96803	1	1	
0.486747	-nan	0.966319	1.38615	1	1	1	1	1	1	1.40638	0.966319	0.966319	1	1	
0.490361	-nan	0.964599	1.38818	1	1	1	1	1	1	1.40025	0.964599	0.964599	1	1	
0.493976	-nan	0.962872	1.39023	1	1	1	1	1	1	1.39414	0.962872	0.962872	1	1	
0.49759	-nan	0.961136	1.39229	1	1	1	1	1	1	1.38806	0.961136	0.961136	1	1	
0.501205	-nan	0.959394	1.39437	1	1	1	1	1	1	1.382	0.959394	0.959394	1	1	
0.504819	-nan	0.957644	1.39647	1	1	1	1	1	1	1.37596	0.957644	0.957644	1	1	
0.508434	-nan	0.955887	1.39858	1	1	1	1	1	1	1.36995	0.955887	0.955887	1	1	
0.512048	-nan	0.954123	1.4007	1	1	1	1	1	1	1.36397	0.954123	0.954123	1	1	
0.515663	-nan	0.952353	1.40284	1	1	1	1	1	1	1.35802	0.952353	0.952353	1	1	
0.519277	-nan	0.950577	1.40498	1	1	1	1	1	1	1.35209	0.950577	0.950577	1	1	
0.522892	-nan	0.948794	1.40714	1	1	1	1	1	1	1.3462	0.948794	0.948794	1	1	
0.526506	-nan	0.947005	1.40931	1	1	1	1	1	1	1.34034	0.947005	0.947005	1	1	
0.53012	-nan	0.945211	1.41148	1	1	1	1	1	1	1.33452	0.945211	0.945211	1	1	
0.533735	-nan	0.943411	1.41367	1	1	1	1	1	1	1.32873	0.943411	0.943411	1	1	
0.537349	-nan	0.941606	1.41586	1	1	1	1	1	1	1.32297	0.941606	0.941606	1	1	
0.540964	-nan	0.939796	1.41806	1	1	1	1	1	1	1.31725	0.939796	0.939796	1	1	
0.544578	-nan	0.937981	1.42026	1	1	1	1	1	1	1.31157	0.937981	0.937981	1	1	
0.548193	-nan	0.936161	1.42247	1	1	1	1	1	1	1.30593	0.936161	0.936161	1	1	
0.551807	-nan	0.934337	1.42468	1	1	1	1	1	1	1.30033	0.934337	0.934337	1	1	
0.555422	-nan	0.932509	1.4269	1	1	1	1	1	1	1.29476	0.932509	0.932509	1	1	
0.559036	-nan	0.930676	1.42913	1	1	1	1	1	1	1.28924	0.930676	0.930676	1	1	
0.562651	-nan	0.92884	1.43135	1	1	1	1	1	1	1.28375	0.92884	0.92884	1	1	
0.566265	-nan	0.927	1.43358	1	1	1	1	1	1	1.27831	0.927	0.927	1	1	
0.56988	-nan	0.925156	1.43581	1	1	1	1	1	1	1.27291	0.925156	0.925156	1	1	
0.573494	-nan	0.923309	1.43804	1	1	1	1	1	1	1.26755	0.923309	0.923309	1	1	
0.577108	-nan	0.921459	1.44027	1	1	1	1	1	1	1.26224	0.921459	0.921459	1	1	
0.580723	-nan	0.919606	1.44251	1	1	1	1	1	1	1.25696	0.919606	0.919606	1	1	
0.584337	-nan	0.917751	1.44474	1	1	1	1	1	1	1.25174	0.917751	0.917751	1	1	
0.587952	-nan	0.915892	1.44698	1	1	1	1	1	1	1.24655	0.915892	0.915892	1	1	
0.591566	-nan	0.914032	1.44921	1	1	1	1	1	1	1.24141	0.914032	0.914032	1	1	
0.595181	-nan	0.912169	1.45144	1	1	1	1	1	1	1.23632	0.912169	0.912169	1	1	
0.598795	-nan	0.910304	1.45367	1	1	1	1	1	1	1.23127	0.910304	0.910304	1	1	
0.60241	-nan	0.908437	1.4559	1	1	1	1	1	1	1.22626	0.908437	0.908437	1	1	
0.606024	-nan	0.906569	1.45813	1	1	1	1	1	1	1.2213	0.906569	0.906569	1	1	
0.609639	-nan	0.904699	1.46036	1	1	1	1	1	1	1.21639	0.904699	0.904699	1	1	
0.613253	-nan	0.902827	1.46258	1	1	1	1	1	1	1.21152	0.902827	0.902827	1	1	
0.616867	-nan	0.900955	1.4648	1	1	1	1	1	1	1.2067	0.900955	0.900955	1	1	
0.620482	-nan	0.899081	1.46701	1	1	1	1	1	1	1.20192	0.899081	0.899081	1	1	
0.624096	-nan	0.897207	1.46923	1	1	1	1	1	1	1.19719	0.897207	0.897207	1	1	
0.627711	-nan	0.895332	1.47144	1	1	1	1	1	1	1.19251	0.895332	0.895332	1	1	
0.631325	-nan	0.893456	1.47364	1	1	1	1	1	1	1.18787	0.893456	0.893456	1	1	
0.63494	-nan	0.89158	1.47584	1	1	1	1	1	1	1.18328	0.89158	0.89158	1	1	
0.638554	-nan	0.889704	1.47804	1	1	1	1	1	1	1.17874	0.889704	0.889704	1	1	
0.642169	-nan	0.887828	1.48023	1	1	1	1	1	1	1.17424	0.887828	0.887828	1	1	
0.645783	-nan	0.885952	1.48241	1	1	1	1	1	1	1.16978	0.885952	0.885952	1	1	
0.649398	-nan	0.884076	1.48459	1	1	1	1	1	1	1.16538	0.884076	0.884076	1	1	
0.653012	-nan	0.882201	1.48677	1	1	1	1	1	1	1.16102	0.882201	0.882201	1	1	
0.656627	-nan	0.880326	1.48894	1	1	1	1	1	1	1.1567	0.880326	0.880326	1	1	
0.660241	-nan	0.878452	1.4911	1	1	1	1	1	1	1.15243	0.878452	0.878452	1	1	
0.663855	-nan	0.876579	1.49326	1	1	1	1	1	1	1.14821	0.876579	0.876579	1	1	
0.66747	-nan	0.874706	1.49541	1	1	1	1	1	1	1.14403	0.874706	0.874706	1	1	
0.671084	-nan	0.872835	1.49756	1	1	1	1	1	1	1.1399	0.872835	0.872835	1	1	
0.674699	-nan	0.870965	1.4997	1	1	1	1	1	1	1.13581	0.870965	0.870965	1	1	
0.678313	-nan	0.869097	1.50183	1	1	1	1	1	1	1.13177	0.869097	0.869097	1	1	
0.681928	-nan	0.86723	1.50396	1	1	1	1	1	1	1.12778	0.86723	0.86723	1	1	
0.685542	-nan	0.865365	1.50607	1	1	1	1	1	1	1.12382	0.865365	0.865365	1	1	
0.689157	-nan	0.863502	1.50819	1	1	1	1	1	1	1.11992	0.863502	0.863502	1	1	
0.692771	-nan	0.861641	1.51029	1	1	1	1	1	1	1.11605	0.861641	0.861641	1	1	
0.696386	-nan	0.859782	1.51239	1	1	1	1	1	1	1.11223	0.859782	0.859782	1	1	
0.7	-nan	0.857925	1.51448	1	1	1	1	1	1	1.10846	0.857925	0.857925	1	1	
0.703614	-nan	0.85607	1.51656	1	1	1	1	1	1	1.10473	0.85607	0.85607	1	1	
0.707229	-nan	0.854218	1.51864	1	1	1	1	1	1	1.10104	0.854218	0.854218	1	1	
0.710843	-nan	0.852369	1.5207	1	1	1	1	1	1	1.09739	0.852369	0.852369	1	1	
0.714458	-nan	0.850522	1.52276	1	1	1	1	1	1	1.09379	0.850522	0.850522	1	1	
0.718072	-nan	0.848678	1.52482	1	1	1	1	1	1	1.09023	0.848678	0.848678	1	1	
0.721687	-nan	0.846837	1.52686	1	1	1	1	1	1	1.08671	0.846837	0.846837	1	1	
0.725301	-nan	0.844999	1.5289	1	1	1	1	1	1	1.08324	0.844999	0.844999	1	1	
0.728916	-nan	0.843165	1.53092	1	1	1	1	1	1	1.0798	0.843165	0.843165	1	1	
0.73253	-nan	0.841333	1.53294	1	1	1	1	1	1	1.07641	0.841333	0.841333	1	1	
0.736145	-nan	0.839505	1.53496	1	1	1	1	1	1	1.07306	0.839505	0.839505	1	1	
0.739759	-nan	0.837681	1.53696	1	1	1	1	1	1	1.06975	0.837681	0.837681	1	1	
0.743373	-nan	0.83586	1.53896	1	1	1	1	1	1	1.06648	0.83586	0.83586	1	1	
0.746988	-nan	0.834044	1.54094	1	1	1	1	1	1	1.06325	0.834044	0.834044	1	1	
0.750602	-nan	0.83223	1.54292	1	1	1	1	1	1	1.06006	0.83223	0.83223	1	1	
0.754217	-nan	0.830421	1.54489	1	1	1	1	1	1	1.05691	0.830421	0.830421	1	1	
0.757831	-nan	0.828616	1.54686	1	1	1	1	1	1	1.05379	0.828616	0.828616	1	1	
0.761446	-nan	0.826815	1.54881	1	1	1	1	1	1	1.05072	0.826815	0.826815	1	1	
0.76506	-nan	0.825019	1.55076	1	1	1	1	1	1	1.04769	0.825019	0.825019	1	1	
0.768675	-nan	0.823227	1.55269	1	1	1	1	1	1	1.04469	0.823227	0.823227	1	1	
0.772289	-nan	0.821439	1.55462	1	1	1	1	1	1	1.04173	0.821439	0.821439	1	1	
0.775904	-nan	0.819656	1.55654	1	1	1	1	1	1	1.03881	0.819656	0.819656	1	1	
0.779518	-nan	0.817877	1.55845	1	1	1	1	1	1	1.03592	0.817877	0.817877	1	1	
0.783133	-nan	0.816103	1.56035	1	1	1	1	1	1	1.03308	0.816103	0.816103	1	1	
0.786747	-nan	0.814334	1.56225	1	1	1	1	1	1	1.03026	0.814334	0.814334	1	1	
0.790361	-nan	0.81257	1.56413	1	1	1	1	1	1	1.02749	0.81257	0.81257	1	1	
0.793976	-nan	0.810811	1.56601	1	1	1	1	1	1	1.02475	0.810811	0.810811	1	1	
0.79759	-nan	0.809057	1.56788	1	1	1	1	1	1	1.02204	0.809057	0.809057	1	1	
0.801205	-nan	0.807308	1.56974	1	1	1	1	1	1	1.01937	0.807308	0.807308	1	1	
0.804819	-nan	0.805564	1.57159	1	1	1	1	1	1	1.01674	0.805564	0.805564	1	1	
0.808434	-nan	0.803826	1.57343	1	1	1	1	1	1	1.01414	0.803826	0.803826	1	1	
0.812048	-nan	0.802093	1.57526	1	1	1	1	1	1	1.01157	0.802093	0.802093	1	1	
0.815663	-nan	0.800365	1.57709	1	1	1	1	1	1	1.00903	0.800365	0.800365	1	1	
0.819277	-nan	0.798643	1.57891	1	1	1	1	1	1	1.00653	0.798643	0.798643	1	1	
0.822892	-nan	0.796926	1.58071	1	1	1	1	1	1	1.00406	0.796926	0.796926	1	1	
0.826506	-nan	0.795216	1.58251	1	1	1	1	1	1	1.00163	0.795216	0.795216	1	1	
0.83012	-nan	0.793511	1.5843	1	1	1	1	1	1	0.999225	0.793511	0.793511	1	1	
0.833735	-nan	0.791811	1.58608	1	1	1	1	1	1	0.996853	0.791811	0.791811	1	1	
0.837349	-nan	0.790118	1.58786	1	1	1	1	1	1	0.994512	0.790118	0.790118	1	1	
0.840964	-nan	0.788431	1.58962	1	1	1	1	1	1	0.992202	0.788431	0.788431	1	1	
0.844578	-nan	0.786749	1.59138	1	1	1	1	1	1	0.989923	0.786749	0.786749	1	1	
0.848193	-nan	0.785074	1.59312	1	1	1	1	1	1	0.987674	0.785074	0.785074	1	1	
0.851807	-nan	0.783404	1.59486	1	1	1	1	1	1	0.985455	0.783404	0.783404	1	1	
0.855422	-nan	0.781741	1.59659	1	1	1	1	1	1	0.983266	0.781741	0.781741	1	1	
0.859036	-nan	0.780084	1.59831	1	1	1	1	1	1	0.981106	0.780084	0.780084	1	1	
0.862651	-nan	0.778434	1.60003	1	1	1	1	1	1	0.978975	0.778434	0.778434	1	1	
0.866265	-nan	0.77679	1.60173	1	1	1	1	1	1	0.976872	0.77679	0.77679	1	1	
0.86988	-nan	0.775152	1.60343	1	1	1	1	1	1	0.974798	0.775152	0.775152	1	1	
0.873494	-nan	0.77352	1.60511	1	1	1	1	1	1	0.972751	0.77352	0.77352	1	1	
0.877108	-nan	0.771895	1.60679	1	1	1	1	1	1	0.970732	0.771895	0.771895	1	1	
0.880723	-nan	0.770277	1.60846	1	1	1	1	1	1	0.968741	0.770277	0.770277	1	1	
0.884337	-nan	0.768665	1.61012	1	1	1	1	1	1	0.966776	0.768665	0.768665	1	1	
0.887952	-nan	0.76706	1.61178	1	1	1	1	1	1	0.964837	0.76706	0.76706	1	1	
0.891566	-nan	0.765461	1.61342	1	1	1	1	1	1	0.962925	0.765461	0.765461	1	1	
0.895181	-nan	0.763869	1.61506	1	1	1	1	1	1	0.961039	0.763869	0.763869	1	1	
0.898795	-nan	0.762284	1.61669	1	1	1	1	1	1	0.959179	0.762284	0.762284	1	1	
0.90241	-nan	0.760705	1.61831	1	1	1	1	1	1	0.957344	0.760705	0.760705	1	1	
0.906024	-nan	0.759134	1.61992	1	1	1	1	1	1	0.955533	0.759134	0.759134	1	1	
0.909639	-nan	0.757569	1.62152	1	1	1	1	1	1	0.953748	0.757569	0.757569	1	1	
0.913253	-nan	0.756011	1.62312	1	1	1	1	1	1	0.951986	0.756011	0.756011	1	1	
0.916867	-nan	0.75446	1.62471	1	1	1	1	1	1	0.950249	0.75446	0.75446	1	1	
0.920482	-nan	0.752916	1.62628	1	1	1	1	1	1	0.948536	0.752916	0.752916	1	1	
0.924096	-nan	0.751379	1.62786	1	1	1	1	1	1	0.946846	0.751379	0.751379	1	1	
0.927711	-nan	0.749849	1.62942	1	1	1	1	1	1	0.945179	0.749849	0.749849	1	1	
0.931325	-nan	0.748326	1.63097	1	1	1	1	1	1	0.943535	0.748326	0.748326	1	1	
0.93494	-nan	0.746809	1.63252	1	1	1	1	1	1	0.941913	0.746809	0.746809	1	1	
0.938554	-nan	0.745301	1.63406	1	1	1	1	1	1	0.940314	0.745301	0.745301	1	1	
0.942169	-nan	0.743799	1.63559	1	1	1	1	1	1	0.938737	0.743799	0.743799	1	1	
0.945783	-nan	0.742304	1.63711	1	1	1	1	1	1	0.937181	0.742304	0.742304	1	1	
0.949398	-nan	0.740816	1.63863	1	1	1	1	1	1	0.935647	0.740816	0.740816	1	1	
0.953012	-nan	0.739336	1.64013	1	1	1	1	1	1	0.934134	0.739336	0.739336	1	1	
0.956627	-nan	0.737863	1.64163	1	1	1	1	1	1	0.932641	0.737863	0.737863	1	1	
0.960241	-nan	0.736397	1.64312	1	1	1	1	1	1	0.93117	0.736397	0.736397	1	1	
0.963855	-nan	0.734938	1.64461	1	1	1	1	1	1	0.929718	0.734938	0.734938	1	1	
0.96747	-nan	0.733486	1.64608	1	1	1	1	1	1	0.928287	0.733486	0.733486	1	1	
0.971084	-nan	0.732042	1.64755	1	1	1	1	1	1	0.926875	0.732042	0.732042	1	1	
0.974699	-nan	0.730605	1.64901	1	1	1	1	1	1	0.925483	0.730605	0.730605	1	1	
0.978313	-nan	0.729175	1.65046	1	1	1	1	1	1	0.924111	0.729175	0.729175	1	1	
0.981928	-nan	0.727752	1.65191	1	1	1	1	1	1	0.922757	0.727752	0.727752	1	1	
0.985542	-nan	0.726337	1.65334	1	1	1	1	1	1	0.921422	0.726337	0.726337	1	1	
0.989157	-nan	0.724929	1.65477	1	1	1	1	1	1	0.920105	0.724929	0.724929	1	1	
0.992771	-nan	0.723528	1.6562	1	1	1	1	1	1	0.918807	0.723528	0.723528	1	1	
0.996386	-nan	0.722135	1.65761	1	1	1	1	1	1	0.917527	0.722135	0.722135	1	1	
1	-nan	-nan	-nan	-nan	-nan	-nan	-nan	-nan	-nan	-nan	-nan	-nan	-nan	-nan	
