1e-05	-nan	0.652337	0.324055	1	1	1	1	1	1	5.62996	0.652337	0.652337	1	1	
1.03753e-05	-nan	0.652574	0.324207	1	1	1	1	1	1	5.62949	0.652574	0.652574	1	1	
1.07647e-05	-nan	0.652815	0.32436	1	1	1	1	1	1	5.62902	0.652815	0.652815	1	1	
1.11686e-05	-nan	0.653059	0.324515	1	1	1	1	1	1	5.62855	0.653059	0.653059	1	1	
1.15878e-05	-nan	0.653305	0.324672	1	1	1	1	1	1	5.62806	0.653305	0.653305	1	1	
1.20226e-05	-nan	0.653555	0.32483	1	1	1	1	1	1	5.62757	0.653555	0.653555	1	1	
1.24738e-05	-nan	0.653807	0.32499	1	1	1	1	1	1	5.62707	0.653807	0.653807	1	1	
1.2942e-05	-nan	0.654063	0.325152	1	1	1	1	1	1	5.62656	0.654063	0.654063	1	1	
1.34276e-05	-nan	0.654322	0.325316	1	1	1	1	1	1	5.62605	0.654322	0.654322	1	1	
1.39316e-05	-nan	0.654584	0.325481	1	1	1	1	1	1	5.62553	0.654584	0.654584	1	1	
1.44544e-05	-nan	0.654849	0.325649	1	1	1	1	1	1	5.625	0.654849	0.654849	1	1	
1.49968e-05	-nan	0.655117	0.325818	1	1	1	1	1	1	5.62446	0.655117	0.655117	1	1	
1.55597e-05	-nan	0.655389	0.325989	1	1	1	1	1	1	5.62391	0.655389	0.655389	1	1	
1.61436e-05	-nan	0.655664	0.326162	1	1	1	1	1	1	5.62335	0.655664	0.655664	1	1	
1.67494e-05	-nan	0.655942	0.326337	1	1	1	1	1	1	5.62279	0.655942	0.655942	1	1	
1.7378e-05	-nan	0.656223	0.326514	1	1	1	1	1	1	5.62222	0.656223	0.656223	1	1	
1.80302e-05	-nan	0.656508	0.326693	1	1	1	1	1	1	5.62164	0.656508	0.656508	1	1	
1.87068e-05	-nan	0.656797	0.326874	1	1	1	1	1	1	5.62105	0.656797	0.656797	1	1	
1.94089e-05	-nan	0.657089	0.327057	1	1	1	1	1	1	5.62045	0.657089	0.657089	1	1	
2.01372e-05	-nan	0.657385	0.327242	1	1	1	1	1	1	5.61984	0.657385	0.657385	1	1	
2.0893e-05	-nan	0.657684	0.327429	1	1	1	1	1	1	5.61922	0.657684	0.657684	1	1	
2.1677e-05	-nan	0.657987	0.327619	1	1	1	1	1	1	5.61859	0.657987	0.657987	1	1	
2.24905e-05	-nan	0.658293	0.32781	1	1	1	1	1	1	5.61795	0.658293	0.658293	1	1	
2.33346e-05	-nan	0.658603	0.328004	1	1	1	1	1	1	5.6173	0.658603	0.658603	1	1	
2.42103e-05	-nan	0.658917	0.3282	1	1	1	1	1	1	5.61664	0.658917	0.658917	1	1	
2.51189e-05	-nan	0.659235	0.328398	1	1	1	1	1	1	5.61597	0.659235	0.659235	1	1	
2.60615e-05	-nan	0.659557	0.328598	1	1	1	1	1	1	5.61529	0.659557	0.659557	1	1	
2.70396e-05	-nan	0.659883	0.328801	1	1	1	1	1	1	5.6146	0.659883	0.659883	1	1	
2.80543e-05	-nan	0.660212	0.329006	1	1	1	1	1	1	5.6139	0.660212	0.660212	1	1	
2.91072e-05	-nan	0.660546	0.329213	1	1	1	1	1	1	5.61319	0.660546	0.660546	1	1	
3.01995e-05	-nan	0.660884	0.329423	1	1	1	1	1	1	5.61247	0.660884	0.660884	1	1	
3.13329e-05	-nan	0.661226	0.329635	1	1	1	1	1	1	5.61173	0.661226	0.661226	1	1	
3.25087e-05	-nan	0.661572	0.329849	1	1	1	1	1	1	5.61098	0.661572	0.661572	1	1	
3.37287e-05	-nan	0.661922	0.330066	1	1	1	1	1	1	5.61023	0.661922	0.661922	1	1	
3.49945e-05	-nan	0.662276	0.330285	1	1	1	1	1	1	5.60946	0.662276	0.662276	1	1	
3.63078e-05	-nan	0.662635	0.330507	1	1	1	1	1	1	5.60867	0.662635	0.662635	1	1	
3.76704e-05	-nan	0.662998	0.330732	1	1	1	1	1	1	5.60788	0.662998	0.662998	1	1	
3.90841e-05	-nan	0.663366	0.330959	1	1	1	1	1	1	5.60707	0.663366	0.663366	1	1	
4.05509e-05	-nan	0.663738	0.331189	1	1	1	1	1	1	5.60625	0.663738	0.663738	1	1	
4.20727e-05	-nan	0.664115	0.331421	1	1	1	1	1	1	5.60541	0.664115	0.664115	1	1	
4.36516e-05	-nan	0.664496	0.331656	1	1	1	1	1	1	5.60456	0.664496	0.664496	1	1	
4.52898e-05	-nan	0.664882	0.331894	1	1	1	1	1	1	5.6037	0.664882	0.664882	1	1	
4.69894e-05	-nan	0.665273	0.332135	1	1	1	1	1	1	5.60283	0.665273	0.665273	1	1	
4.87528e-05	-nan	0.665668	0.332378	1	1	1	1	1	1	5.60193	0.665668	0.665668	1	1	
5.05825e-05	-nan	0.666068	0.332625	1	1	1	1	1	1	5.60103	0.666068	0.666068	1	1	
5.24807e-05	-nan	0.666474	0.332874	1	1	1	1	1	1	5.60011	0.666474	0.666474	1	1	
5.44503e-05	-nan	0.666884	0.333126	1	1	1	1	1	1	5.59918	0.666884	0.666884	1	1	
5.64937e-05	-nan	0.667299	0.333381	1	1	1	1	1	1	5.59823	0.667299	0.667299	1	1	
5.86138e-05	-nan	0.667719	0.333639	1	1	1	1	1	1	5.59726	0.667719	0.667719	1	1	
6.08135e-05	-nan	0.668144	0.3339	1	1	1	1	1	1	5.59628	0.668144	0.668144	1	1	
6.30957e-05	-nan	0.668575	0.334165	1	1	1	1	1	1	5.59529	0.668575	0.668575	1	1	
6.54636e-05	-nan	0.669011	0.334432	1	1	1	1	1	1	5.59427	0.669011	0.669011	1	1	
6.79204e-05	-nan	0.669452	0.334703	1	1	1	1	1	1	5.59324	0.669452	0.669452	1	1	
7.04693e-05	-nan	0.669898	0.334976	1	1	1	1	1	1	5.5922	0.669898	0.669898	1	1	
7.31139e-05	-nan	0.67035	0.335253	1	1	1	1	1	1	5.59113	0.67035	0.67035	1	1	
7.58578e-05	-nan	0.670807	0.335534	1	1	1	1	1	1	5.59005	0.670807	0.670807	1	1	
7.87046e-05	-nan	0.671271	0.335817	1	1	1	1	1	1	5.58895	0.671271	0.671271	1	1	
8.16582e-05	-nan	0.671739	0.336104	1	1	1	1	1	1	5.58783	0.671739	0.671739	1	1	
8.47227e-05	-nan	0.672214	0.336395	1	1	1	1	1	1	5.5867	0.672214	0.672214	1	1	
8.79023e-05	-nan	0.672694	0.336689	1	1	1	1	1	1	5.58554	0.672694	0.672694	1	1	
9.12011e-05	-nan	0.67318	0.336986	1	1	1	1	1	1	5.58437	0.67318	0.67318	1	1	
9.46237e-05	-nan	0.673672	0.337287	1	1	1	1	1	1	5.58318	0.673672	0.673672	1	1	
9.81748e-05	-nan	0.67417	0.337592	1	1	1	1	1	1	5.58196	0.67417	0.67417	1	1	
0.000101859	-nan	0.674674	0.337901	1	1	1	1	1	1	5.58073	0.674674	0.674674	1	1	
0.000105682	-nan	0.675185	0.338213	1	1	1	1	1	1	5.57948	0.675185	0.675185	1	1	
0.000109648	-nan	0.675701	0.338529	1	1	1	1	1	1	5.5782	0.675701	0.675701	1	1	
0.000113763	-nan	0.676224	0.338849	1	1	1	1	1	1	5.57691	0.676224	0.676224	1	1	
0.000118032	-nan	0.676754	0.339172	1	1	1	1	1	1	5.57559	0.676754	0.676754	1	1	
0.000122462	-nan	0.677289	0.3395	1	1	1	1	1	1	5.57425	0.677289	0.677289	1	1	
0.000127057	-nan	0.677832	0.339832	1	1	1	1	1	1	5.57289	0.677832	0.677832	1	1	
0.000131826	-nan	0.678381	0.340168	1	1	1	1	1	1	5.5715	0.678381	0.678381	1	1	
0.000136773	-nan	0.678936	0.340508	1	1	1	1	1	1	5.5701	0.678936	0.678936	1	1	
0.000141906	-nan	0.679499	0.340852	1	1	1	1	1	1	5.56866	0.679499	0.679499	1	1	
0.000147231	-nan	0.680068	0.3412	1	1	1	1	1	1	5.56721	0.680068	0.680068	1	1	
0.000152757	-nan	0.680645	0.341553	1	1	1	1	1	1	5.56573	0.680645	0.680645	1	1	
0.000158489	-nan	0.681228	0.34191	1	1	1	1	1	1	5.56423	0.681228	0.681228	1	1	
0.000164437	-nan	0.681819	0.342272	1	1	1	1	1	1	5.5627	0.681819	0.681819	1	1	
0.000170608	-nan	0.682417	0.342638	1	1	1	1	1	1	5.56114	0.682417	0.682417	1	1	
0.000177011	-nan	0.683022	0.343009	1	1	1	1	1	1	5.55956	0.683022	0.683022	1	1	
0.000183654	-nan	0.683634	0.343385	1	1	1	1	1	1	5.55795	0.683634	0.683634	1	1	
0.000190546	-nan	0.684254	0.343765	1	1	1	1	1	1	5.55632	0.684254	0.684254	1	1	
0.000197697	-nan	0.684882	0.34415	1	1	1	1	1	1	5.55465	0.684882	0.684882	1	1	
0.000205116	-nan	0.685517	0.34454	1	1	1	1	1	1	5.55296	0.685517	0.685517	1	1	
0.000212814	-nan	0.68616	0.344935	1	1	1	1	1	1	5.55124	0.68616	0.68616	1	1	
0.0002208	-nan	0.686811	0.345335	1	1	1	1	1	1	5.54949	0.686811	0.686811	1	1	
0.000229087	-nan	0.68747	0.34574	1	1	1	1	1	1	5.54772	0.68747	0.68747	1	1	
0.000237684	-nan	0.688137	0.34615	1	1	1	1	1	1	5.54591	0.688137	0.688137	1	1	
0.000246604	-nan	0.688813	0.346566	1	1	1	1	1	1	5.54407	0.688813	0.688813	1	1	
0.000255859	-nan	0.689496	0.346987	1	1	1	1	1	1	5.5422	0.689496	0.689496	1	1	
0.000265461	-nan	0.690188	0.347414	1	1	1	1	1	1	5.5403	0.690188	0.690188	1	1	
0.000275423	-nan	0.690888	0.347846	1	1	1	1	1	1	5.53837	0.690888	0.690888	1	1	
0.000285759	-nan	0.691597	0.348283	1	1	1	1	1	1	5.5364	0.691597	0.691597	1	1	
0.000296483	-nan	0.692315	0.348727	1	1	1	1	1	1	5.5344	0.692315	0.692315	1	1	
0.00030761	-nan	0.693041	0.349176	1	1	1	1	1	1	5.53237	0.693041	0.693041	1	1	
0.000319154	-nan	0.693777	0.349631	1	1	1	1	1	1	5.53031	0.693777	0.693777	1	1	
0.000331131	-nan	0.694521	0.350092	1	1	1	1	1	1	5.5282	0.694521	0.694521	1	1	
0.000343558	-nan	0.695274	0.35056	1	1	1	1	1	1	5.52607	0.695274	0.695274	1	1	
0.000356451	-nan	0.696037	0.351033	1	1	1	1	1	1	5.5239	0.696037	0.696037	1	1	
0.000369828	-nan	0.696809	0.351513	1	1	1	1	1	1	5.52169	0.696809	0.696809	1	1	
0.000383707	-nan	0.697591	0.352	1	1	1	1	1	1	5.51944	0.697591	0.697591	1	1	
0.000398107	-nan	0.698382	0.352493	1	1	1	1	1	1	5.51716	0.698382	0.698382	1	1	
0.000413048	-nan	0.699183	0.352992	1	1	1	1	1	1	5.51483	0.699183	0.699183	1	1	
0.000428549	-nan	0.699993	0.353499	1	1	1	1	1	1	5.51247	0.699993	0.699993	1	1	
0.000444631	-nan	0.700814	0.354012	1	1	1	1	1	1	5.51007	0.700814	0.700814	1	1	
0.000461318	-nan	0.701644	0.354532	1	1	1	1	1	1	5.50763	0.701644	0.701644	1	1	
0.00047863	-nan	0.702485	0.35506	1	1	1	1	1	1	5.50515	0.702485	0.702485	1	1	
0.000496592	-nan	0.703336	0.355595	1	1	1	1	1	1	5.50263	0.703336	0.703336	1	1	
0.000515229	-nan	0.704198	0.356137	1	1	1	1	1	1	5.50006	0.704198	0.704198	1	1	
0.000534564	-nan	0.70507	0.356687	1	1	1	1	1	1	5.49745	0.70507	0.70507	1	1	
0.000554626	-nan	0.705952	0.357244	1	1	1	1	1	1	5.4948	0.705952	0.705952	1	1	
0.00057544	-nan	0.706846	0.357809	1	1	1	1	1	1	5.49211	0.706846	0.706846	1	1	
0.000597035	-nan	0.707751	0.358383	1	1	1	1	1	1	5.48937	0.707751	0.707751	1	1	
0.000619441	-nan	0.708666	0.358964	1	1	1	1	1	1	5.48658	0.708666	0.708666	1	1	
0.000642688	-nan	0.709593	0.359554	1	1	1	1	1	1	5.48375	0.709593	0.709593	1	1	
0.000666807	-nan	0.710531	0.360152	1	1	1	1	1	1	5.48087	0.710531	0.710531	1	1	
0.000691831	-nan	0.711481	0.360759	1	1	1	1	1	1	5.47794	0.711481	0.711481	1	1	
0.000717794	-nan	0.712442	0.361374	1	1	1	1	1	1	5.47497	0.712442	0.712442	1	1	
0.000744732	-nan	0.713416	0.361999	1	1	1	1	1	1	5.47195	0.713416	0.713416	1	1	
0.000772681	-nan	0.714401	0.362632	1	1	1	1	1	1	5.46888	0.714401	0.714401	1	1	
0.000801678	-nan	0.715398	0.363275	1	1	1	1	1	1	5.46575	0.715398	0.715398	1	1	
0.000831764	-nan	0.716407	0.363927	1	1	1	1	1	1	5.46258	0.716407	0.716407	1	1	
0.000862979	-nan	0.717429	0.364589	1	1	1	1	1	1	5.45936	0.717429	0.717429	1	1	
0.000895365	-nan	0.718463	0.365261	1	1	1	1	1	1	5.45608	0.718463	0.718463	1	1	
0.000928966	-nan	0.71951	0.365943	1	1	1	1	1	1	5.45275	0.71951	0.71951	1	1	
0.000963829	-nan	0.72057	0.366635	1	1	1	1	1	1	5.44937	0.72057	0.72057	1	1	
0.001	-nan	0.721643	0.367337	1	1	1	1	1	1	5.44593	0.721643	0.721643	1	1	
0.00103753	-nan	0.722729	0.36805	1	1	1	1	1	1	5.44244	0.722729	0.722729	1	1	
0.00107647	-nan	0.723828	0.368774	1	1	1	1	1	1	5.43889	0.723828	0.723828	1	1	
0.00111686	-nan	0.724941	0.369509	1	1	1	1	1	1	5.43528	0.724941	0.724941	1	1	
0.00115878	-nan	0.726067	0.370256	1	1	1	1	1	1	5.43162	0.726067	0.726067	1	1	
0.00120226	-nan	0.727208	0.371014	1	1	1	1	1	1	5.4279	0.727208	0.727208	1	1	
0.00124738	-nan	0.728362	0.371784	1	1	1	1	1	1	5.42413	0.728362	0.728362	1	1	
0.0012942	-nan	0.72953	0.372566	1	1	1	1	1	1	5.42029	0.72953	0.72953	1	1	
0.00134276	-nan	0.730713	0.37336	1	1	1	1	1	1	5.4164	0.730713	0.730713	1	1	
0.00139316	-nan	0.73191	0.374167	1	1	1	1	1	1	5.41244	0.73191	0.73191	1	1	
0.00144544	-nan	0.733122	0.374987	1	1	1	1	1	1	5.40842	0.733122	0.733122	1	1	
0.00149968	-nan	0.734348	0.37582	1	1	1	1	1	1	5.40435	0.734348	0.734348	1	1	
0.00155597	-nan	0.73559	0.376667	1	1	1	1	1	1	5.40021	0.73559	0.73559	1	1	
0.00161436	-nan	0.736847	0.377527	1	1	1	1	1	1	5.396	0.736847	0.736847	1	1	
0.00167494	-nan	0.738119	0.378401	1	1	1	1	1	1	5.39174	0.738119	0.738119	1	1	
0.0017378	-nan	0.739407	0.37929	1	1	1	1	1	1	5.38741	0.739407	0.739407	1	1	
0.00180302	-nan	0.740711	0.380193	1	1	1	1	1	1	5.38301	0.740711	0.740711	1	1	
0.00187068	-nan	0.742031	0.381112	1	1	1	1	1	1	5.37855	0.742031	0.742031	1	1	
0.00194089	-nan	0.743366	0.382046	1	1	1	1	1	1	5.37403	0.743366	0.743366	1	1	
0.00201372	-nan	0.744719	0.382996	1	1	1	1	1	1	5.36944	0.744719	0.744719	1	1	
0.0020893	-nan	0.746087	0.383962	1	1	1	1	1	1	5.36478	0.746087	0.746087	1	1	
0.0021677	-nan	0.747473	0.384944	1	1	1	1	1	1	5.36006	0.747473	0.747473	1	1	
0.00224905	-nan	0.748876	0.385944	1	1	1	1	1	1	5.35527	0.748876	0.748876	1	1	
0.00233346	-nan	0.750295	0.386961	1	1	1	1	1	1	5.35041	0.750295	0.750295	1	1	
0.00242103	-nan	0.751733	0.387995	1	1	1	1	1	1	5.34549	0.751733	0.751733	1	1	
0.00251189	-nan	0.753187	0.389048	1	1	1	1	1	1	5.34049	0.753187	0.753187	1	1	
0.00260615	-nan	0.75466	0.390119	1	1	1	1	1	1	5.33543	0.75466	0.75466	1	1	
0.00270396	-nan	0.756151	0.39121	1	1	1	1	1	1	5.3303	0.756151	0.756151	1	1	
0.00280543	-nan	0.757659	0.39232	1	1	1	1	1	1	5.3251	0.757659	0.757659	1	1	
0.00291072	-nan	0.759187	0.393451	1	1	1	1	1	1	5.31983	0.759187	0.759187	1	1	
0.00301995	-nan	0.760733	0.394602	1	1	1	1	1	1	5.31449	0.760733	0.760733	1	1	
0.00313329	-nan	0.762298	0.395774	1	1	1	1	1	1	5.30908	0.762298	0.762298	1	1	
0.00325087	-nan	0.763882	0.396968	1	1	1	1	1	1	5.3036	0.763882	0.763882	1	1	
0.00337287	-nan	0.765486	0.398184	1	1	1	1	1	1	5.29806	0.765486	0.765486	1	1	
0.00349945	-nan	0.76711	0.399423	1	1	1	1	1	1	5.29244	0.76711	0.76711	1	1	
0.00363078	-nan	0.768753	0.400685	1	1	1	1	1	1	5.28675	0.768753	0.768753	1	1	
0.00376704	-nan	0.770416	0.401972	1	1	1	1	1	1	5.281	0.770416	0.770416	1	1	
0.00390841	-nan	0.7721	0.403283	1	1	1	1	1	1	5.27517	0.7721	0.7721	1	1	
0.00405509	-nan	0.773805	0.40462	1	1	1	1	1	1	5.26928	0.773805	0.773805	1	1	
0.00420727	-nan	0.77553	0.405983	1	1	1	1	1	1	5.26332	0.77553	0.77553	1	1	
0.00436516	-nan	0.777277	0.407373	1	1	1	1	1	1	5.25729	0.777277	0.777277	1	1	
0.00452898	-nan	0.779045	0.40879	1	1	1	1	1	1	5.25119	0.779045	0.779045	1	1	
0.00469894	-nan	0.780835	0.410236	1	1	1	1	1	1	5.24502	0.780835	0.780835	1	1	
0.00487528	-nan	0.782647	0.411711	1	1	1	1	1	1	5.23879	0.782647	0.782647	1	1	
0.00505825	-nan	0.784481	0.413216	1	1	1	1	1	1	5.23249	0.784481	0.784481	1	1	
0.00524807	-nan	0.786337	0.414752	1	1	1	1	1	1	5.22612	0.786337	0.786337	1	1	
0.00544503	-nan	0.788217	0.41632	1	1	1	1	1	1	5.21969	0.788217	0.788217	1	1	
0.00564937	-nan	0.790119	0.417921	1	1	1	1	1	1	5.2132	0.790119	0.790119	1	1	
0.00586138	-nan	0.792045	0.419555	1	1	1	1	1	1	5.20664	0.792045	0.792045	1	1	
0.00608135	-nan	0.793995	0.421224	1	1	1	1	1	1	5.20002	0.793995	0.793995	1	1	
0.00630957	-nan	0.795968	0.422929	1	1	1	1	1	1	5.19334	0.795968	0.795968	1	1	
0.00654636	-nan	0.797966	0.424671	1	1	1	1	1	1	5.1866	0.797966	0.797966	1	1	
0.00679204	-nan	0.799988	0.426451	1	1	1	1	1	1	5.17981	0.799988	0.799988	1	1	
0.00704693	-nan	0.802036	0.42827	1	1	1	1	1	1	5.17295	0.802036	0.802036	1	1	
0.00731139	-nan	0.804108	0.430129	1	1	1	1	1	1	5.16604	0.804108	0.804108	1	1	
0.00758578	-nan	0.806207	0.43203	1	1	1	1	1	1	5.15907	0.806207	0.806207	1	1	
0.00787046	-nan	0.808331	0.433974	1	1	1	1	1	1	5.15205	0.808331	0.808331	1	1	
0.00816582	-nan	0.810481	0.435962	1	1	1	1	1	1	5.14498	0.810481	0.810481	1	1	
0.00847227	-nan	0.812658	0.437997	1	1	1	1	1	1	5.13786	0.812658	0.812658	1	1	
0.00879023	-nan	0.814861	0.440078	1	1	1	1	1	1	5.1307	0.814861	0.814861	1	1	
0.00912011	-nan	0.817092	0.442209	1	1	1	1	1	1	5.12349	0.817092	0.817092	1	1	
0.00946237	-nan	0.819351	0.44439	1	1	1	1	1	1	5.11623	0.819351	0.819351	1	1	
0.00981748	-nan	0.821638	0.446623	1	1	1	1	1	1	5.10894	0.821638	0.821638	1	1	
0.0101859	-nan	0.823952	0.44891	1	1	1	1	1	1	5.1016	0.823952	0.823952	1	1	
0.0105682	-nan	0.826296	0.451253	1	1	1	1	1	1	5.09423	0.826296	0.826296	1	1	
0.0109648	-nan	0.828669	0.453654	1	1	1	1	1	1	5.08683	0.828669	0.828669	1	1	
0.0113763	-nan	0.831071	0.456115	1	1	1	1	1	1	5.07939	0.831071	0.831071	1	1	
0.0118032	-nan	0.833503	0.458637	1	1	1	1	1	1	5.07193	0.833503	0.833503	1	1	
0.0122462	-nan	0.835965	0.461224	1	1	1	1	1	1	5.06444	0.835965	0.835965	1	1	
0.0127057	-nan	0.838458	0.463877	1	1	1	1	1	1	5.05693	0.838458	0.838458	1	1	
0.0131826	-nan	0.840981	0.466599	1	1	1	1	1	1	5.0494	0.840981	0.840981	1	1	
0.0136773	-nan	0.843537	0.469392	1	1	1	1	1	1	5.04186	0.843537	0.843537	1	1	
0.0141906	-nan	0.846124	0.47226	1	1	1	1	1	1	5.0343	0.846124	0.846124	1	1	
0.0147231	-nan	0.848744	0.475203	1	1	1	1	1	1	5.02674	0.848744	0.848744	1	1	
0.0152757	-nan	0.851396	0.478227	1	1	1	1	1	1	5.01917	0.851396	0.851396	1	1	
0.0158489	-nan	0.854082	0.481333	1	1	1	1	1	1	5.0116	0.854082	0.854082	1	1	
0.0164437	-nan	0.856801	0.484525	1	1	1	1	1	1	5.00403	0.856801	0.856801	1	1	
0.0170608	-nan	0.859555	0.487807	1	1	1	1	1	1	4.99648	0.859555	0.859555	1	1	
0.0177011	-nan	0.862343	0.491181	1	1	1	1	1	1	4.98893	0.862343	0.862343	1	1	
0.0183654	-nan	0.865166	0.494651	1	1	1	1	1	1	4.9814	0.865166	0.865166	1	1	
0.0190546	-nan	0.868025	0.498221	1	1	1	1	1	1	4.97389	0.868025	0.868025	1	1	
0.0197697	-nan	0.87092	0.501896	1	1	1	1	1	1	4.9664	0.87092	0.87092	1	1	
0.0205116	-nan	0.873851	0.50568	1	1	1	1	1	1	4.95895	0.873851	0.873851	1	1	
0.0212814	-nan	0.87682	0.509576	1	1	1	1	1	1	4.95153	0.87682	0.87682	1	1	
0.02208	-nan	0.879826	0.51359	1	1	1	1	1	1	4.94415	0.879826	0.879826	1	1	
0.0229087	-nan	0.88287	0.517727	1	1	1	1	1	1	4.93682	0.88287	0.88287	1	1	
0.0237684	-nan	0.885954	0.521991	1	1	1	1	1	1	4.92954	0.885954	0.885954	1	1	
0.0246604	-nan	0.889076	0.526389	1	1	1	1	1	1	4.92231	0.889076	0.889076	1	1	
0.0255859	-nan	0.892238	0.530927	1	1	1	1	1	1	4.91515	0.892238	0.892238	1	1	
0.0265461	-nan	0.895441	0.535609	1	1	1	1	1	1	4.90806	0.895441	0.895441	1	1	
0.0275423	-nan	0.898684	0.540444	1	1	1	1	1	1	4.90105	0.898684	0.898684	1	1	
0.0285759	-nan	0.90197	0.545437	1	1	1	1	1	1	4.89412	0.90197	0.90197	1	1	
0.0296483	-nan	0.905297	0.550596	1	1	1	1	1	1	4.88728	0.905297	0.905297	1	1	
0.030761	-nan	0.908667	0.555928	1	1	1	1	1	1	4.88053	0.908667	0.908667	1	1	
0.0319154	-nan	0.912081	0.561441	1	1	1	1	1	1	4.87389	0.912081	0.912081	1	1	
0.0331131	-nan	0.915538	0.567145	1	1	1	1	1	1	4.86736	0.915538	0.915538	1	1	
0.0343558	-nan	0.91904	0.573047	1	1	1	1	1	1	4.86094	0.91904	0.91904	1	1	
0.0356451	-nan	0.922588	0.579157	1	1	1	1	1	1	4.85466	0.922588	0.922588	1	1	
0.0369828	-nan	0.926181	0.585486	1	1	1	1	1	1	4.8485	0.926181	0.926181	1	1	
0.0383707	-nan	0.929821	0.592044	1	1	1	1	1	1	4.84249	0.929821	0.929821	1	1	
0.0398107	-nan	0.933508	0.598842	1	1	1	1	1	1	4.83664	0.933508	0.933508	1	1	
0.0413048	-nan	0.937243	0.605891	1	1	1	1	1	1	4.83094	0.937243	0.937243	1	1	
0.0428549	-nan	0.941026	0.613206	1	1	1	1	1	1	4.82541	0.941026	0.941026	1	1	
0.0444631	-nan	0.944859	0.620798	1	1	1	1	1	1	4.82006	0.944859	0.944859	1	1	
0.0461318	-nan	0.948741	0.628682	1	1	1	1	1	1	4.8149	0.948741	0.948741	1	1	
0.047863	-nan	0.952674	0.636874	1	1	1	1	1	1	4.80995	0.952674	0.952674	1	1	
0.0496592	-nan	0.956659	0.645389	1	1	1	1	1	1	4.8052	0.956659	0.956659	1	1	
0.0515229	-nan	0.960694	0.654243	1	1	1	1	1	1	4.80067	0.960694	0.960694	1	1	
0.0534564	-nan	0.964783	0.663455	1	1	1	1	1	1	4.79638	0.964783	0.964783	1	1	
0.0554626	-nan	0.968924	0.673045	1	1	1	1	1	1	4.79234	0.968924	0.968924	1	1	
0.057544	-nan	0.973119	0.683031	1	1	1	1	1	1	4.78855	0.973119	0.973119	1	1	
0.0597035	-nan	0.977368	0.693435	1	1	1	1	1	1	4.78503	0.977368	0.977368	1	1	
0.0619441	-nan	0.981672	0.704281	1	1	1	1	1	1	4.7818	0.981672	0.981672	1	1	
0.0642688	-nan	0.986031	0.715592	1	1	1	1	1	1	4.77886	0.986031	0.986031	1	1	
0.0666807	-nan	0.990446	0.727393	1	1	1	1	1	1	4.77624	0.990446	0.990446	1	1	
0.0691831	-nan	0.994917	0.739712	1	1	1	1	1	1	4.77395	0.994917	0.994917	1	1	
0.0717794	-nan	0.999445	0.752578	1	1	1	1	1	1	4.772	0.999445	0.999445	1	1	
0.0744732	-nan	1.00403	0.76602	1	1	1	1	1	1	4.77041	1.00403	1.00403	1	1	
0.0772681	-nan	1.00867	0.780071	1	1	1	1	1	1	4.76921	1.00867	1.00867	1	1	
0.0801678	-nan	1.01337	0.794765	1	1	1	1	1	1	4.76839	1.01337	1.01337	1	1	
0.0831764	-nan	1.01813	0.810138	1	1	1	1	1	1	4.768	1.01813	1.01813	1	1	
0.0862979	-nan	1.02294	0.826227	1	1	1	1	1	1	4.76804	1.02294	1.02294	1	1	
0.0895365	-nan	1.02781	0.843074	1	1	1	1	1	1	4.76853	1.02781	1.02781	1	1	
0.0928966	-nan	1.03274	0.860719	1	1	1	1	1	1	4.76951	1.03274	1.03274	1	1	
0.0963829	-nan	1.03772	0.879207	1	1	1	1	1	1	4.77098	1.03772	1.03772	1	1	
0.1	-nan	1.04276	0.898585	1	1	1	1	1	1	4.77298	1.04276	1.04276	1	1	
0.103614	-nan	1.04767	0.918148	1	1	1	1	1	1	4.77543	1.04767	1.04767	1	1	
0.107229	-nan	1.05246	0.93791	1	1	1	1	1	1	4.7783	1.05246	1.05246	1	1	
0.110843	-nan	1.05714	0.95787	1	1	1	1	1	1	4.78157	1.05714	1.05714	1	1	
0.114458	-nan	1.0617	0.978025	1	1	1	1	1	1	4.78522	1.0617	1.0617	1	1	
0.118072	-nan	1.06616	0.998373	1	1	1	1	1	1	4.78923	1.06616	1.06616	1	1	
0.121687	-nan	1.07052	1.01891	1	1	1	1	1	1	4.79357	1.07052	1.07052	1	1	
0.125301	-nan	1.07478	1.03964	1	1	1	1	1	1	4.79825	1.07478	1.07478	1	1	
0.128916	-nan	1.07895	1.06055	1	1	1	1	1	1	4.80323	1.07895	1.07895	1	1	
0.13253	-nan	1.08302	1.08163	1	1	1	1	1	1	4.8085	1.08302	1.08302	1	1	
0.136145	-nan	1.08701	1.10289	1	1	1	1	1	1	4.81406	1.08701	1.08701	1	1	
0.139759	-nan	1.09092	1.12432	1	1	1	1	1	1	4.81989	1.09092	1.09092	1	1	
0.143373	-nan	1.09474	1.1459	1	1	1	1	1	1	4.82599	1.09474	1.09474	1	1	
0.146988	-nan	1.09848	1.16765	1	1	1	1	1	1	4.83233	1.09848	1.09848	1	1	
0.150602	-nan	1.10214	1.18954	1	1	1	1	1	1	4.83891	1.10214	1.10214	1	1	
0.154217	-nan	1.10573	1.21157	1	1	1	1	1	1	4.84572	1.10573	1.10573	1	1	
0.157831	-nan	1.10925	1.23374	1	1	1	1	1	1	4.85275	1.10925	1.10925	1	1	
0.161446	-nan	1.11269	1.25603	1	1	1	1	1	1	4.86	1.11269	1.11269	1	1	
0.16506	-nan	1.11607	1.27844	1	1	1	1	1	1	4.86746	1.11607	1.11607	1	1	
0.168675	-nan	1.11937	1.30096	1	1	1	1	1	1	4.87512	1.11937	1.11937	1	1	
0.172289	-nan	1.12261	1.32359	1	1	1	1	1	1	4.88297	1.12261	1.12261	1	1	
0.175904	-nan	1.12579	1.3463	1	1	1	1	1	1	4.89102	1.12579	1.12579	1	1	
0.179518	-nan	1.1289	1.3691	1	1	1	1	1	1	4.89924	1.1289	1.1289	1	1	
0.183133	-nan	1.13195	1.39198	1	1	1	1	1	1	4.90764	1.13195	1.13195	1	1	
0.186747	-nan	1.13494	1.41492	1	1	1	1	1	1	4.91621	1.13494	1.13494	1	1	
0.190361	-nan	1.13787	1.43791	1	1	1	1	1	1	4.92494	1.13787	1.13787	1	1	
0.193976	-nan	1.14074	1.46096	1	1	1	1	1	1	4.93384	1.14074	1.14074	1	1	
0.19759	-nan	1.14355	1.48404	1	1	1	1	1	1	4.94289	1.14355	1.14355	1	1	
0.201205	-nan	1.14631	1.50715	1	1	1	1	1	1	4.95209	1.14631	1.14631	1	1	
0.204819	-nan	1.14902	1.53028	1	1	1	1	1	1	4.96145	1.14902	1.14902	1	1	
0.208434	-nan	1.15167	1.55342	1	1	1	1	1	1	4.97094	1.15167	1.15167	1	1	
0.212048	-nan	1.15427	1.57655	1	1	1	1	1	1	4.98057	1.15427	1.15427	1	1	
0.215663	-nan	1.15681	1.59968	1	1	1	1	1	1	4.99034	1.15681	1.15681	1	1	
0.219277	-nan	1.15931	1.62279	1	1	1	1	1	1	5.00024	1.15931	1.15931	1	1	
0.222892	-nan	1.16176	1.64587	1	1	1	1	1	1	5.01027	1.16176	1.16176	1	1	
0.226506	-nan	1.16416	1.66891	1	1	1	1	1	1	5.02042	1.16416	1.16416	1	1	
0.23012	-nan	1.16651	1.69191	1	1	1	1	1	1	5.03069	1.16651	1.16651	1	1	
0.233735	-nan	1.16882	1.71485	1	1	1	1	1	1	5.04108	1.16882	1.16882	1	1	
0.237349	-nan	1.17108	1.73772	1	1	1	1	1	1	5.05158	1.17108	1.17108	1	1	
0.240964	-nan	1.1733	1.76052	1	1	1	1	1	1	5.0622	1.1733	1.1733	1	1	
0.244578	-nan	1.17548	1.78324	1	1	1	1	1	1	5.07292	1.17548	1.17548	1	1	
0.248193	-nan	1.17762	1.80587	1	1	1	1	1	1	5.08375	1.17762	1.17762	1	1	
0.251807	-nan	1.17971	1.8284	1	1	1	1	1	1	5.09468	1.17971	1.17971	1	1	
0.255422	-nan	1.18176	1.85083	1	1	1	1	1	1	5.10571	1.18176	1.18176	1	1	
0.259036	-nan	1.18378	1.87314	1	1	1	1	1	1	5.11683	1.18378	1.18378	1	1	
0.262651	-nan	1.18576	1.89533	1	1	1	1	1	1	5.12805	1.18576	1.18576	1	1	
0.266265	-nan	1.1877	1.9174	1	1	1	1	1	1	5.13936	1.1877	1.1877	1	1	
0.26988	-nan	1.18961	1.93932	1	1	1	1	1	1	5.15076	1.18961	1.18961	1	1	
0.273494	-nan	1.19148	1.96111	1	1	1	1	1	1	5.16224	1.19148	1.19148	1	1	
0.277108	-nan	1.19332	1.98275	1	1	1	1	1	1	5.1738	1.19332	1.19332	1	1	
0.280723	-nan	1.19512	2.00423	1	1	1	1	1	1	5.18545	1.19512	1.19512	1	1	
0.284337	-nan	1.1969	2.02556	1	1	1	1	1	1	5.19717	1.1969	1.1969	1	1	
0.287952	-nan	1.19864	2.04672	1	1	1	1	1	1	5.20897	1.19864	1.19864	1	1	
0.291566	-nan	1.20036	2.06771	1	1	1	1	1	1	5.22084	1.20036	1.20036	1	1	
0.295181	-nan	1.20204	2.08852	1	1	1	1	1	1	5.23279	1.20204	1.20204	1	1	
0.298795	-nan	1.2037	2.10915	1	1	1	1	1	1	5.2448	1.2037	1.2037	1	1	
0.30241	-nan	1.20533	2.1296	1	1	1	1	1	1	5.25687	1.20533	1.20533	1	1	
0.306024	-nan	1.20694	2.14986	1	1	1	1	1	1	5.26901	1.20694	1.20694	1	1	
0.309639	-nan	1.20852	2.16993	1	1	1	1	1	1	5.28121	1.20852	1.20852	1	1	
0.313253	-nan	1.21008	2.1898	1	1	1	1	1	1	5.29347	1.21008	1.21008	1	1	
0.316867	-nan	1.21161	2.20947	1	1	1	1	1	1	5.30579	1.21161	1.21161	1	1	
0.320482	-nan	1.21313	2.22894	1	1	1	1	1	1	5.31816	1.21313	1.21313	1	1	
0.324096	-nan	1.21462	2.2482	1	1	1	1	1	1	5.33059	1.21462	1.21462	1	1	
0.327711	-nan	1.21609	2.26726	1	1	1	1	1	1	5.34306	1.21609	1.21609	1	1	
0.331325	-nan	1.21755	2.28611	1	1	1	1	1	1	5.35558	1.21755	1.21755	1	1	
0.33494	-nan	1.21899	2.30474	1	1	1	1	1	1	5.36815	1.21899	1.21899	1	1	
0.338554	-nan	1.2204	2.32316	1	1	1	1	1	1	5.38076	1.2204	1.2204	1	1	
0.342169	-nan	1.22181	2.34137	1	1	1	1	1	1	5.39341	1.22181	1.22181	1	1	
0.345783	-nan	1.2232	2.35936	1	1	1	1	1	1	5.40611	1.2232	1.2232	1	1	
0.349398	-nan	1.22457	2.37713	1	1	1	1	1	1	5.41884	1.22457	1.22457	1	1	
0.353012	-nan	1.22593	2.39468	1	1	1	1	1	1	5.4316	1.22593	1.22593	1	1	
0.356627	-nan	1.22728	2.41201	1	1	1	1	1	1	5.4444	1.22728	1.22728	1	1	
0.360241	-nan	1.22861	2.42913	1	1	1	1	1	1	5.45724	1.22861	1.22861	1	1	
0.363855	-nan	1.22994	2.44602	1	1	1	1	1	1	5.4701	1.22994	1.22994	1	1	
0.36747	-nan	1.23125	2.46269	1	1	1	1	1	1	5.48298	1.23125	1.23125	1	1	
0.371084	-nan	1.23255	2.47915	1	1	1	1	1	1	5.4959	1.23255	1.23255	1	1	
0.374699	-nan	1.23385	2.49538	1	1	1	1	1	1	5.50884	1.23385	1.23385	1	1	
0.378313	-nan	1.23514	2.5114	1	1	1	1	1	1	5.5218	1.23514	1.23514	1	1	
0.381928	-nan	1.23642	2.52719	1	1	1	1	1	1	5.53478	1.23642	1.23642	1	1	
0.385542	-nan	1.23769	2.54277	1	1	1	1	1	1	5.54777	1.23769	1.23769	1	1	
0.389157	-nan	1.23896	2.55814	1	1	1	1	1	1	5.56079	1.23896	1.23896	1	1	
0.392771	-nan	1.24022	2.57328	1	1	1	1	1	1	5.57381	1.24022	1.24022	1	1	
0.396386	-nan	1.24148	2.58821	1	1	1	1	1	1	5.58686	1.24148	1.24148	1	1	
0.4	-nan	1.24274	2.60293	1	1	1	1	1	1	5.59991	1.24274	1.24274	1	1	
0.403614	-nan	1.24399	2.61744	1	1	1	1	1	1	5.61297	1.24399	1.24399	1	1	
0.407229	-nan	1.24524	2.63173	1	1	1	1	1	1	5.62603	1.24524	1.24524	1	1	
0.410843	-nan	1.24648	2.64581	1	1	1	1	1	1	5.63911	1.24648	1.24648	1	1	
0.414458	-nan	1.24773	2.65969	1	1	1	1	1	1	5.65218	1.24773	1.24773	1	1	
0.418072	-nan	1.24897	2.67336	1	1	1	1	1	1	5.66526	1.24897	1.24897	1	1	
0.421687	-nan	1.25022	2.68683	1	1	1	1	1	1	5.67834	1.25022	1.25022	1	1	
0.425301	-nan	1.25146	2.7001	1	1	1	1	1	1	5.69141	1.25146	1.25146	1	1	
0.428916	-nan	1.25271	2.71316	1	1	1	1	1	1	5.70448	1.25271	1.25271	1	1	
0.43253	-nan	1.25395	2.72603	1	1	1	1	1	1	5.71755	1.25395	1.25395	1	1	
0.436145	-nan	1.2552	2.7387	1	1	1	1	1	1	5.73061	1.2552	1.2552	1	1	
0.439759	-nan	1.25645	2.75118	1	1	1	1	1	1	5.74366	1.25645	1.25645	1	1	
0.443373	-nan	1.2577	2.76346	1	1	1	1	1	1	5.75671	1.2577	1.2577	1	1	
0.446988	-nan	1.25895	2.77556	1	1	1	1	1	1	5.76974	1.25895	1.25895	1	1	
0.450602	-nan	1.26021	2.78746	1	1	1	1	1	1	5.78276	1.26021	1.26021	1	1	
0.454217	-nan	1.26147	2.79919	1	1	1	1	1	1	5.79576	1.26147	1.26147	1	1	
0.457831	-nan	1.26273	2.81073	1	1	1	1	1	1	5.80875	1.26273	1.26273	1	1	
0.461446	-nan	1.264	2.82209	1	1	1	1	1	1	5.82172	1.264	1.264	1	1	
0.46506	-nan	1.26527	2.83327	1	1	1	1	1	1	5.83467	1.26527	1.26527	1	1	
0.468675	-nan	1.26655	2.84427	1	1	1	1	1	1	5.8476	1.26655	1.26655	1	1	
0.472289	-nan	1.26783	2.85511	1	1	1	1	1	1	5.8605	1.26783	1.26783	1	1	
0.475904	-nan	1.26912	2.86577	1	1	1	1	1	1	5.87339	1.26912	1.26912	1	1	
0.479518	-nan	1.27041	2.87626	1	1	1	1	1	1	5.88624	1.27041	1.27041	1	1	
0.483133	-nan	1.27171	2.88659	1	1	1	1	1	1	5.89908	1.27171	1.27171	1	1	
0.486747	-nan	1.27301	2.89675	1	1	1	1	1	1	5.91188	1.27301	1.27301	1	1	
0.490361	-nan	1.27432	2.90675	1	1	1	1	1	1	5.92466	1.27432	1.27432	1	1	
0.493976	-nan	1.27564	2.91659	1	1	1	1	1	1	5.9374	1.27564	1.27564	1	1	
0.49759	-nan	1.27696	2.92628	1	1	1	1	1	1	5.95011	1.27696	1.27696	1	1	
0.501205	-nan	1.27829	2.93581	1	1	1	1	1	1	5.96279	1.27829	1.27829	1	1	
0.504819	-nan	1.27963	2.94519	1	1	1	1	1	1	5.97544	1.27963	1.27963	1	1	
0.508434	-nan	1.28097	2.95442	1	1	1	1	1	1	5.98804	1.28097	1.28097	1	1	
0.512048	-nan	1.28232	2.9635	1	1	1	1	1	1	6.00062	1.28232	1.28232	1	1	
0.515663	-nan	1.28367	2.97244	1	1	1	1	1	1	6.01315	1.28367	1.28367	1	1	
0.519277	-nan	1.28504	2.98124	1	1	1	1	1	1	6.02564	1.28504	1.28504	1	1	
0.522892	-nan	1.28641	2.98989	1	1	1	1	1	1	6.0381	1.28641	1.28641	1	1	
0.526506	-nan	1.28779	2.99841	1	1	1	1	1	1	6.05051	1.28779	1.28779	1	1	
0.53012	-nan	1.28917	3.0068	1	1	1	1	1	1	6.06288	1.28917	1.28917	1	1	
0.533735	-nan	1.29057	3.01505	1	1	1	1	1	1	6.07521	1.29057	1.29057	1	1	
0.537349	-nan	1.29197	3.02316	1	1	1	1	1	1	6.08749	1.29197	1.29197	1	1	
0.540964	-nan	1.29337	3.03115	1	1	1	1	1	1	6.09972	1.29337	1.29337	1	1	
0.544578	-nan	1.29479	3.03902	1	1	1	1	1	1	6.11191	1.29479	1.29479	1	1	
0.548193	-nan	1.29621	3.04676	1	1	1	1	1	1	6.12405	1.29621	1.29621	1	1	
0.551807	-nan	1.29764	3.05437	1	1	1	1	1	1	6.13614	1.29764	1.29764	1	1	
0.555422	-nan	1.29908	3.06187	1	1	1	1	1	1	6.14818	1.29908	1.29908	1	1	
0.559036	-nan	1.30052	3.06925	1	1	1	1	1	1	6.16016	1.30052	1.30052	1	1	
0.562651	-nan	1.30198	3.07651	1	1	1	1	1	1	6.1721	1.30198	1.30198	1	1	
0.566265	-nan	1.30344	3.08366	1	1	1	1	1	1	6.18398	1.30344	1.30344	1	1	
0.56988	-nan	1.3049	3.09069	1	1	1	1	1	1	6.19582	1.3049	1.3049	1	1	
0.573494	-nan	1.30638	3.09762	1	1	1	1	1	1	6.20759	1.30638	1.30638	1	1	
0.577108	-nan	1.30786	3.10444	1	1	1	1	1	1	6.21931	1.30786	1.30786	1	1	
0.580723	-nan	1.30935	3.11115	1	1	1	1	1	1	6.23098	1.30935	1.30935	1	1	
0.584337	-nan	1.31085	3.11775	1	1	1	1	1	1	6.24258	1.31085	1.31085	1	1	
0.587952	-nan	1.31235	3.12426	1	1	1	1	1	1	6.25413	1.31235	1.31235	1	1	
0.591566	-nan	1.31386	3.13066	1	1	1	1	1	1	6.26562	1.31386	1.31386	1	1	
0.595181	-nan	1.31538	3.13697	1	1	1	1	1	1	6.27706	1.31538	1.31538	1	1	
0.598795	-nan	1.3169	3.14317	1	1	1	1	1	1	6.28843	1.3169	1.3169	1	1	
0.60241	-nan	1.31843	3.14929	1	1	1	1	1	1	6.29974	1.31843	1.31843	1	1	
0.606024	-nan	1.31997	3.15531	1	1	1	1	1	1	6.31099	1.31997	1.31997	1	1	
0.609639	-nan	1.32152	3.16123	1	1	1	1	1	1	6.32218	1.32152	1.32152	1	1	
0.613253	-nan	1.32307	3.16707	1	1	1	1	1	1	6.33331	1.32307	1.32307	1	1	
0.616867	-nan	1.32463	3.17282	1	1	1	1	1	1	6.34437	1.32463	1.32463	1	1	
0.620482	-nan	1.3262	3.17848	1	1	1	1	1	1	6.35537	1.3262	1.3262	1	1	
0.624096	-nan	1.32777	3.18406	1	1	1	1	1	1	6.36631	1.32777	1.32777	1	1	
0.627711	-nan	1.32935	3.18955	1	1	1	1	1	1	6.37718	1.32935	1.32935	1	1	
0.631325	-nan	1.33093	3.19496	1	1	1	1	1	1	6.38799	1.33093	1.33093	1	1	
0.63494	-nan	1.33252	3.20029	1	1	1	1	1	1	6.39873	1.33252	1.33252	1	1	
0.638554	-nan	1.33412	3.20554	1	1	1	1	1	1	6.40941	1.33412	1.33412	1	1	
0.642169	-nan	1.33572	3.21071	1	1	1	1	1	1	6.42002	1.33572	1.33572	1	1	
0.645783	-nan	1.33733	3.2158	1	1	1	1	1	1	6.43056	1.33733	1.33733	1	1	
0.649398	-nan	1.33894	3.22082	1	1	1	1	1	1	6.44104	1.33894	1.33894	1	1	
0.653012	-nan	1.34056	3.22577	1	1	1	1	1	1	6.45145	1.34056	1.34056	1	1	
0.656627	-nan	1.34219	3.23064	1	1	1	1	1	1	6.46179	1.34219	1.34219	1	1	
0.660241	-nan	1.34382	3.23544	1	1	1	1	1	1	6.47206	1.34382	1.34382	1	1	
0.663855	-nan	1.34546	3.24018	1	1	1	1	1	1	6.48227	1.34546	1.34546	1	1	
0.66747	-nan	1.3471	3.24484	1	1	1	1	1	1	6.49241	1.3471	1.3471	1	1	
0.671084	-nan	1.34874	3.24944	1	1	1	1	1	1	6.50248	1.34874	1.34874	1	1	
0.674699	-nan	1.3504	3.25397	1	1	1	1	1	1	6.51248	1.3504	1.3504	1	1	
0.678313	-nan	1.35205	3.25844	1	1	1	1	1	1	6.52241	1.35205	1.35205	1	1	
0.681928	-nan	1.35371	3.26284	1	1	1	1	1	1	6.53227	1.35371	1.35371	1	1	
0.685542	-nan	1.35538	3.26718	1	1	1	1	1	1	6.54206	1.35538	1.35538	1	1	
0.689157	-nan	1.35705	3.27146	1	1	1	1	1	1	6.55179	1.35705	1.35705	1	1	
0.692771	-nan	1.35873	3.27568	1	1	1	1	1	1	6.56144	1.35873	1.35873	1	1	
0.696386	-nan	1.36041	3.27984	1	1	1	1	1	1	6.57102	1.36041	1.36041	1	1	
0.7	-nan	1.36209	3.28394	1	1	1	1	1	1	6.58054	1.36209	1.36209	1	1	
0.703614	-nan	1.36378	3.28798	1	1	1	1	1	1	6.58998	1.36378	1.36378	1	1	
0.707229	-nan	1.36547	3.29197	1	1	1	1	1	1	6.59936	1.36547	1.36547	1	1	
0.710843	-nan	1.36717	3.29591	1	1	1	1	1	1	6.60866	1.36717	1.36717	1	1	
0.714458	-nan	1.36887	3.29979	1	1	1	1	1	1	6.6179	1.36887	1.36887	1	1	
0.718072	-nan	1.37057	3.30361	1	1	1	1	1	1	6.62706	1.37057	1.37057	1	1	
0.721687	-nan	1.37228	3.30739	1	1	1	1	1	1	6.63615	1.37228	1.37228	1	1	
0.725301	-nan	1.37399	3.31111	1	1	1	1	1	1	6.64518	1.37399	1.37399	1	1	
0.728916	-nan	1.37571	3.31478	1	1	1	1	1	1	6.65413	1.37571	1.37571	1	1	
0.73253	-nan	1.37742	3.31841	1	1	1	1	1	1	6.66302	1.37742	1.37742	1	1	
0.736145	-nan	1.37915	3.32198	1	1	1	1	1	1	6.67183	1.37915	1.37915	1	1	
0.739759	-nan	1.38087	3.32551	1	1	1	1	1	1	6.68058	1.38087	1.38087	1	1	
0.743373	-nan	1.3826	3.32899	1	1	1	1	1	1	6.68925	1.3826	1.3826	1	1	
0.746988	-nan	1.38433	3.33243	1	1	1	1	1	1	6.69786	1.38433	1.38433	1	1	
0.750602	-nan	1.38606	3.33582	1	1	1	1	1	1	6.7064	1.38606	1.38606	1	1	
0.754217	-nan	1.3878	3.33917	1	1	1	1	1	1	6.71487	1.3878	1.3878	1	1	
0.757831	-nan	1.38954	3.34247	1	1	1	1	1	1	6.72327	1.38954	1.38954	1	1	
0.761446	-nan	1.39128	3.34573	1	1	1	1	1	1	6.7316	1.39128	1.39128	1	1	
0.76506	-nan	1.39302	3.34895	1	1	1	1	1	1	6.73986	1.39302	1.39302	1	1	
0.768675	-nan	1.39477	3.35213	1	1	1	1	1	1	6.74805	1.39477	1.39477	1	1	
0.772289	-nan	1.39652	3.35527	1	1	1	1	1	1	6.75618	1.39652	1.39652	1	1	
0.775904	-nan	1.39827	3.35836	1	1	1	1	1	1	6.76423	1.39827	1.39827	1	1	
0.779518	-nan	1.40002	3.36142	1	1	1	1	1	1	6.77222	1.40002	1.40002	1	1	
0.783133	-nan	1.40178	3.36444	1	1	1	1	1	1	6.78014	1.40178	1.40178	1	1	
0.786747	-nan	1.40354	3.36742	1	1	1	1	1	1	6.788	1.40354	1.40354	1	1	
0.790361	-nan	1.40529	3.37037	1	1	1	1	1	1	6.79578	1.40529	1.40529	1	1	
0.793976	-nan	1.40706	3.37328	1	1	1	1	1	1	6.80351	1.40706	1.40706	1	1	
0.79759	-nan	1.40882	3.37615	1	1	1	1	1	1	6.81116	1.40882	1.40882	1	1	
0.801205	-nan	1.41058	3.37899	1	1	1	1	1	1	6.81875	1.41058	1.41058	1	1	
0.804819	-nan	1.41235	3.38179	1	1	1	1	1	1	6.82627	1.41235	1.41235	1	1	
0.808434	-nan	1.41412	3.38456	1	1	1	1	1	1	6.83373	1.41412	1.41412	1	1	
0.812048	-nan	1.41588	3.3873	1	1	1	1	1	1	6.84112	1.41588	1.41588	1	1	
0.815663	-nan	1.41765	3.39	1	1	1	1	1	1	6.84844	1.41765	1.41765	1	1	
0.819277	-nan	1.41942	3.39268	1	1	1	1	1	1	6.8557	1.41942	1.41942	1	1	
0.822892	-nan	1.4212	3.39532	1	1	1	1	1	1	6.8629	1.4212	1.4212	1	1	
0.826506	-nan	1.42297	3.39792	1	1	1	1	1	1	6.87003	1.42297	1.42297	1	1	
0.83012	-nan	1.42474	3.4005	1	1	1	1	1	1	6.8771	1.42474	1.42474	1	1	
0.833735	-nan	1.42652	3.40305	1	1	1	1	1	1	6.88411	1.42652	1.42652	1	1	
0.837349	-nan	1.4283	3.40557	1	1	1	1	1	1	6.89105	1.4283	1.4283	1	1	
0.840964	-nan	1.43007	3.40806	1	1	1	1	1	1	6.89793	1.43007	1.43007	1	1	
0.844578	-nan	1.43185	3.41052	1	1	1	1	1	1	6.90475	1.43185	1.43185	1	1	
0.848193	-nan	1.43363	3.41295	1	1	1	1	1	1	6.91151	1.43363	1.43363	1	1	
0.851807	-nan	1.43541	3.41536	1	1	1	1	1	1	6.9182	1.43541	1.43541	1	1	
0.855422	-nan	1.43719	3.41774	1	1	1	1	1	1	6.92484	1.43719	1.43719	1	1	
0.859036	-nan	1.43897	3.42009	1	1	1	1	1	1	6.93141	1.43897	1.43897	1	1	
0.862651	-nan	1.44075	3.42241	1	1	1	1	1	1	6.93792	1.44075	1.44075	1	1	
0.866265	-nan	1.44253	3.42471	1	1	1	1	1	1	6.94438	1.44253	1.44253	1	1	
0.86988	-nan	1.44431	3.42699	1	1	1	1	1	1	6.95077	1.44431	1.44431	1	1	
0.873494	-nan	1.44609	3.42924	1	1	1	1	1	1	6.9571	1.44609	1.44609	1	1	
0.877108	-nan	1.44787	3.43146	1	1	1	1	1	1	6.96338	1.44787	1.44787	1	1	
0.880723	-nan	1.44965	3.43366	1	1	1	1	1	1	6.9696	1.44965	1.44965	1	1	
0.884337	-nan	1.45143	3.43584	1	1	1	1	1	1	6.97576	1.45143	1.45143	1	1	
0.887952	-nan	1.45321	3.43799	1	1	1	1	1	1	6.98186	1.45321	1.45321	1	1	
0.891566	-nan	1.45499	3.44012	1	1	1	1	1	1	6.98791	1.45499	1.45499	1	1	
0.895181	-nan	1.45677	3.44223	1	1	1	1	1	1	6.99389	1.45677	1.45677	1	1	
0.898795	-nan	1.45855	3.44432	1	1	1	1	1	1	6.99983	1.45855	1.45855	1	1	
0.90241	-nan	1.46033	3.44638	1	1	1	1	1	1	7.0057	1.46033	1.46033	1	1	
0.906024	-nan	1.46211	3.44842	1	1	1	1	1	1	7.01152	1.46211	1.46211	1	1	
0.909639	-nan	1.46389	3.45044	1	1	1	1	1	1	7.01729	1.46389	1.46389	1	1	
0.913253	-nan	1.46567	3.45244	1	1	1	1	1	1	7.023	1.46567	1.46567	1	1	
0.916867	-nan	1.46745	3.45442	1	1	1	1	1	1	7.02866	1.46745	1.46745	1	1	
0.920482	-nan	1.46923	3.45638	1	1	1	1	1	1	7.03426	1.46923	1.46923	1	1	
0.924096	-nan	1.47101	3.45832	1	1	1	1	1	1	7.03981	1.47101	1.47101	1	1	
0.927711	-nan	1.47278	3.46024	1	1	1	1	1	1	7.04531	1.47278	1.47278	1	1	
0.931325	-nan	1.47456	3.46214	1	1	1	1	1	1	7.05076	1.47456	1.47456	1	1	
0.93494	-nan	1.47633	3.46403	1	1	1	1	1	1	7.05615	1.47633	1.47633	1	1	
0.938554	-nan	1.47811	3.46589	1	1	1	1	1	1	7.06149	1.47811	1.47811	1	1	
0.942169	-nan	1.47988	3.46774	1	1	1	1	1	1	7.06678	1.47988	1.47988	1	1	
0.945783	-nan	1.48166	3.46956	1	1	1	1	1	1	7.07202	1.48166	1.48166	1	1	
0.949398	-nan	1.48343	3.47137	1	1	1	1	1	1	7.07721	1.48343	1.48343	1	1	
0.953012	-nan	1.4852	3.47316	1	1	1	1	1	1	7.08235	1.4852	1.4852	1	1	
0.956627	-nan	1.48697	3.47494	1	1	1	1	1	1	7.08744	1.48697	1.48697	1	1	
0.960241	-nan	1.48874	3.4767	1	1	1	1	1	1	7.09249	1.48874	1.48874	1	1	
0.963855	-nan	1.49051	3.47844	1	1	1	1	1	1	7.09748	1.49051	1.49051	1	1	
0.96747	-nan	1.49227	3.48016	1	1	1	1	1	1	7.10242	1.49227	1.49227	1	1	
0.971084	-nan	1.49404	3.48187	1	1	1	1	1	1	7.10732	1.49404	1.49404	1	1	
0.974699	-nan	1.4958	3.48356	1	1	1	1	1	1	7.11217	1.4958	1.4958	1	1	
0.978313	-nan	1.49756	3.48524	1	1	1	1	1	1	7.11697	1.49756	1.49756	1	1	
0.981928	-nan	1.49933	3.4869	1	1	1	1	1	1	7.12173	1.49933	1.49933	1	1	
0.985542	-nan	1.50109	3.48855	1	1	1	1	1	1	7.12644	1.50109	1.50109	1	1	
0.989157	-nan	1.50285	3.49018	1	1	1	1	1	1	7.13111	1.50285	1.50285	1	1	
0.992771	-nan	1.5046	3.4918	1	1	1	1	1	1	7.13573	1.5046	1.5046	1	1	
0.996386	-nan	1.50636	3.4934	1	1	1	1	1	1	7.1403	1.50636	1.50636	1	1	
1	-nan	-nan	-nan	-nan	-nan	-nan	-nan	-nan	-nan	-nan	-nan	-nan	-nan	-nan	
