1e-05	-nan	0.418111	0.517648	1	1	1	1	1	1	0.0491928	0.418111	0.418111	1	1	
1.03753e-05	-nan	0.418448	0.51762	1	1	1	1	1	1	0.0491968	0.418448	0.418448	1	1	
1.07647e-05	-nan	0.418788	0.517591	1	1	1	1	1	1	0.0492009	0.418788	0.418788	1	1	
1.11686e-05	-nan	0.419134	0.517561	1	1	1	1	1	1	0.0492052	0.419134	0.419134	1	1	
1.15878e-05	-nan	0.419484	0.517532	1	1	1	1	1	1	0.0492095	0.419484	0.419484	1	1	
1.20226e-05	-nan	0.419838	0.517502	1	1	1	1	1	1	0.0492139	0.419838	0.419838	1	1	
1.24738e-05	-nan	0.420198	0.517471	1	1	1	1	1	1	0.0492185	0.420198	0.420198	1	1	
1.2942e-05	-nan	0.420562	0.517441	1	1	1	1	1	1	0.0492231	0.420562	0.420562	1	1	
1.34276e-05	-nan	0.420931	0.51741	1	1	1	1	1	1	0.0492279	0.420931	0.420931	1	1	
1.39316e-05	-nan	0.421305	0.517379	1	1	1	1	1	1	0.0492328	0.421305	0.421305	1	1	
1.44544e-05	-nan	0.421683	0.517348	1	1	1	1	1	1	0.0492379	0.421683	0.421683	1	1	
1.49968e-05	-nan	0.422067	0.517316	1	1	1	1	1	1	0.049243	0.422067	0.422067	1	1	
1.55597e-05	-nan	0.422457	0.517284	1	1	1	1	1	1	0.0492483	0.422457	0.422457	1	1	
1.61436e-05	-nan	0.422851	0.517252	1	1	1	1	1	1	0.0492538	0.422851	0.422851	1	1	
1.67494e-05	-nan	0.423251	0.517219	1	1	1	1	1	1	0.0492593	0.423251	0.423251	1	1	
1.7378e-05	-nan	0.423656	0.517186	1	1	1	1	1	1	0.049265	0.423656	0.423656	1	1	
1.80302e-05	-nan	0.424066	0.517153	1	1	1	1	1	1	0.0492709	0.424066	0.424066	1	1	
1.87068e-05	-nan	0.424482	0.517119	1	1	1	1	1	1	0.0492769	0.424482	0.424482	1	1	
1.94089e-05	-nan	0.424904	0.517085	1	1	1	1	1	1	0.0492831	0.424904	0.424904	1	1	
2.01372e-05	-nan	0.425331	0.517051	1	1	1	1	1	1	0.0492894	0.425331	0.425331	1	1	
2.0893e-05	-nan	0.425764	0.517017	1	1	1	1	1	1	0.0492959	0.425764	0.425764	1	1	
2.1677e-05	-nan	0.426203	0.516982	1	1	1	1	1	1	0.0493025	0.426203	0.426203	1	1	
2.24905e-05	-nan	0.426648	0.516947	1	1	1	1	1	1	0.0493094	0.426648	0.426648	1	1	
2.33346e-05	-nan	0.427099	0.516911	1	1	1	1	1	1	0.0493164	0.427099	0.427099	1	1	
2.42103e-05	-nan	0.427556	0.516876	1	1	1	1	1	1	0.0493235	0.427556	0.427556	1	1	
2.51189e-05	-nan	0.428019	0.51684	1	1	1	1	1	1	0.0493309	0.428019	0.428019	1	1	
2.60615e-05	-nan	0.428489	0.516803	1	1	1	1	1	1	0.0493385	0.428489	0.428489	1	1	
2.70396e-05	-nan	0.428964	0.516767	1	1	1	1	1	1	0.0493462	0.428964	0.428964	1	1	
2.80543e-05	-nan	0.429447	0.51673	1	1	1	1	1	1	0.0493542	0.429447	0.429447	1	1	
2.91072e-05	-nan	0.429935	0.516692	1	1	1	1	1	1	0.0493623	0.429935	0.429935	1	1	
3.01995e-05	-nan	0.430431	0.516655	1	1	1	1	1	1	0.0493707	0.430431	0.430431	1	1	
3.13329e-05	-nan	0.430933	0.516617	1	1	1	1	1	1	0.0493792	0.430933	0.430933	1	1	
3.25087e-05	-nan	0.431442	0.516579	1	1	1	1	1	1	0.049388	0.431442	0.431442	1	1	
3.37287e-05	-nan	0.431958	0.51654	1	1	1	1	1	1	0.0493971	0.431958	0.431958	1	1	
3.49945e-05	-nan	0.432481	0.516501	1	1	1	1	1	1	0.0494063	0.432481	0.432481	1	1	
3.63078e-05	-nan	0.433012	0.516462	1	1	1	1	1	1	0.0494158	0.433012	0.433012	1	1	
3.76704e-05	-nan	0.433549	0.516423	1	1	1	1	1	1	0.0494255	0.433549	0.433549	1	1	
3.90841e-05	-nan	0.434094	0.516383	1	1	1	1	1	1	0.0494355	0.434094	0.434094	1	1	
4.05509e-05	-nan	0.434646	0.516343	1	1	1	1	1	1	0.0494458	0.434646	0.434646	1	1	
4.20727e-05	-nan	0.435206	0.516302	1	1	1	1	1	1	0.0494563	0.435206	0.435206	1	1	
4.36516e-05	-nan	0.435774	0.516262	1	1	1	1	1	1	0.049467	0.435774	0.435774	1	1	
4.52898e-05	-nan	0.436349	0.516221	1	1	1	1	1	1	0.0494781	0.436349	0.436349	1	1	
4.69894e-05	-nan	0.436932	0.516179	1	1	1	1	1	1	0.0494894	0.436932	0.436932	1	1	
4.87528e-05	-nan	0.437524	0.516138	1	1	1	1	1	1	0.0495011	0.437524	0.437524	1	1	
5.05825e-05	-nan	0.438123	0.516096	1	1	1	1	1	1	0.049513	0.438123	0.438123	1	1	
5.24807e-05	-nan	0.438731	0.516054	1	1	1	1	1	1	0.0495252	0.438731	0.438731	1	1	
5.44503e-05	-nan	0.439347	0.516012	1	1	1	1	1	1	0.0495378	0.439347	0.439347	1	1	
5.64937e-05	-nan	0.439971	0.515969	1	1	1	1	1	1	0.0495507	0.439971	0.439971	1	1	
5.86138e-05	-nan	0.440605	0.515926	1	1	1	1	1	1	0.0495639	0.440605	0.440605	1	1	
6.08135e-05	-nan	0.441247	0.515883	1	1	1	1	1	1	0.0495774	0.441247	0.441247	1	1	
6.30957e-05	-nan	0.441897	0.515839	1	1	1	1	1	1	0.0495913	0.441897	0.441897	1	1	
6.54636e-05	-nan	0.442557	0.515795	1	1	1	1	1	1	0.0496056	0.442557	0.442557	1	1	
6.79204e-05	-nan	0.443226	0.515751	1	1	1	1	1	1	0.0496202	0.443226	0.443226	1	1	
7.04693e-05	-nan	0.443905	0.515707	1	1	1	1	1	1	0.0496352	0.443905	0.443905	1	1	
7.31139e-05	-nan	0.444592	0.515662	1	1	1	1	1	1	0.0496506	0.444592	0.444592	1	1	
7.58578e-05	-nan	0.44529	0.515618	1	1	1	1	1	1	0.0496664	0.44529	0.44529	1	1	
7.87046e-05	-nan	0.445996	0.515573	1	1	1	1	1	1	0.0496826	0.445996	0.445996	1	1	
8.16582e-05	-nan	0.446713	0.515527	1	1	1	1	1	1	0.0496992	0.446713	0.446713	1	1	
8.47227e-05	-nan	0.44744	0.515482	1	1	1	1	1	1	0.0497162	0.44744	0.44744	1	1	
8.79023e-05	-nan	0.448177	0.515436	1	1	1	1	1	1	0.0497337	0.448177	0.448177	1	1	
9.12011e-05	-nan	0.448924	0.51539	1	1	1	1	1	1	0.0497516	0.448924	0.448924	1	1	
9.46237e-05	-nan	0.449682	0.515344	1	1	1	1	1	1	0.04977	0.449682	0.449682	1	1	
9.81748e-05	-nan	0.45045	0.515298	1	1	1	1	1	1	0.0497889	0.45045	0.45045	1	1	
0.000101859	-nan	0.451229	0.515252	1	1	1	1	1	1	0.0498082	0.451229	0.451229	1	1	
0.000105682	-nan	0.452019	0.515205	1	1	1	1	1	1	0.0498281	0.452019	0.452019	1	1	
0.000109648	-nan	0.452819	0.515158	1	1	1	1	1	1	0.0498484	0.452819	0.452819	1	1	
0.000113763	-nan	0.453632	0.515111	1	1	1	1	1	1	0.0498693	0.453632	0.453632	1	1	
0.000118032	-nan	0.454455	0.515064	1	1	1	1	1	1	0.0498907	0.454455	0.454455	1	1	
0.000122462	-nan	0.45529	0.515017	1	1	1	1	1	1	0.0499127	0.45529	0.45529	1	1	
0.000127057	-nan	0.456137	0.51497	1	1	1	1	1	1	0.0499352	0.456137	0.456137	1	1	
0.000131826	-nan	0.456996	0.514922	1	1	1	1	1	1	0.0499584	0.456996	0.456996	1	1	
0.000136773	-nan	0.457866	0.514875	1	1	1	1	1	1	0.0499821	0.457866	0.457866	1	1	
0.000141906	-nan	0.458749	0.514827	1	1	1	1	1	1	0.0500064	0.458749	0.458749	1	1	
0.000147231	-nan	0.459645	0.514779	1	1	1	1	1	1	0.0500314	0.459645	0.459645	1	1	
0.000152757	-nan	0.460553	0.514732	1	1	1	1	1	1	0.050057	0.460553	0.460553	1	1	
0.000158489	-nan	0.461474	0.514684	1	1	1	1	1	1	0.0500832	0.461474	0.461474	1	1	
0.000164437	-nan	0.462408	0.514636	1	1	1	1	1	1	0.0501102	0.462408	0.462408	1	1	
0.000170608	-nan	0.463355	0.514588	1	1	1	1	1	1	0.0501378	0.463355	0.463355	1	1	
0.000177011	-nan	0.464315	0.514541	1	1	1	1	1	1	0.0501662	0.464315	0.464315	1	1	
0.000183654	-nan	0.465289	0.514493	1	1	1	1	1	1	0.0501952	0.465289	0.465289	1	1	
0.000190546	-nan	0.466277	0.514446	1	1	1	1	1	1	0.0502251	0.466277	0.466277	1	1	
0.000197697	-nan	0.467279	0.514398	1	1	1	1	1	1	0.0502556	0.467279	0.467279	1	1	
0.000205116	-nan	0.468295	0.514351	1	1	1	1	1	1	0.050287	0.468295	0.468295	1	1	
0.000212814	-nan	0.469325	0.514303	1	1	1	1	1	1	0.0503192	0.469325	0.469325	1	1	
0.0002208	-nan	0.47037	0.514256	1	1	1	1	1	1	0.0503522	0.47037	0.47037	1	1	
0.000229087	-nan	0.47143	0.514209	1	1	1	1	1	1	0.0503861	0.47143	0.47143	1	1	
0.000237684	-nan	0.472505	0.514163	1	1	1	1	1	1	0.0504208	0.472505	0.472505	1	1	
0.000246604	-nan	0.473595	0.514116	1	1	1	1	1	1	0.0504565	0.473595	0.473595	1	1	
0.000255859	-nan	0.474701	0.51407	1	1	1	1	1	1	0.050493	0.474701	0.474701	1	1	
0.000265461	-nan	0.475822	0.514024	1	1	1	1	1	1	0.0505305	0.475822	0.475822	1	1	
0.000275423	-nan	0.47696	0.513979	1	1	1	1	1	1	0.0505689	0.47696	0.47696	1	1	
0.000285759	-nan	0.478113	0.513934	1	1	1	1	1	1	0.0506084	0.478113	0.478113	1	1	
0.000296483	-nan	0.479283	0.513889	1	1	1	1	1	1	0.0506488	0.479283	0.479283	1	1	
0.00030761	-nan	0.48047	0.513845	1	1	1	1	1	1	0.0506903	0.48047	0.48047	1	1	
0.000319154	-nan	0.481674	0.513801	1	1	1	1	1	1	0.0507329	0.481674	0.481674	1	1	
0.000331131	-nan	0.482895	0.513758	1	1	1	1	1	1	0.0507766	0.482895	0.482895	1	1	
0.000343558	-nan	0.484133	0.513715	1	1	1	1	1	1	0.0508213	0.484133	0.484133	1	1	
0.000356451	-nan	0.485389	0.513673	1	1	1	1	1	1	0.0508673	0.485389	0.485389	1	1	
0.000369828	-nan	0.486662	0.513632	1	1	1	1	1	1	0.0509144	0.486662	0.486662	1	1	
0.000383707	-nan	0.487954	0.513591	1	1	1	1	1	1	0.0509627	0.487954	0.487954	1	1	
0.000398107	-nan	0.489265	0.513551	1	1	1	1	1	1	0.0510122	0.489265	0.489265	1	1	
0.000413048	-nan	0.490594	0.513512	1	1	1	1	1	1	0.051063	0.490594	0.490594	1	1	
0.000428549	-nan	0.491942	0.513474	1	1	1	1	1	1	0.0511152	0.491942	0.491942	1	1	
0.000444631	-nan	0.49331	0.513436	1	1	1	1	1	1	0.0511686	0.49331	0.49331	1	1	
0.000461318	-nan	0.494697	0.5134	1	1	1	1	1	1	0.0512234	0.494697	0.494697	1	1	
0.00047863	-nan	0.496104	0.513365	1	1	1	1	1	1	0.0512797	0.496104	0.496104	1	1	
0.000496592	-nan	0.497531	0.513331	1	1	1	1	1	1	0.0513373	0.497531	0.497531	1	1	
0.000515229	-nan	0.498978	0.513298	1	1	1	1	1	1	0.0513965	0.498978	0.498978	1	1	
0.000534564	-nan	0.500447	0.513266	1	1	1	1	1	1	0.0514571	0.500447	0.500447	1	1	
0.000554626	-nan	0.501936	0.513236	1	1	1	1	1	1	0.0515193	0.501936	0.501936	1	1	
0.00057544	-nan	0.503446	0.513207	1	1	1	1	1	1	0.0515831	0.503446	0.503446	1	1	
0.000597035	-nan	0.504978	0.513179	1	1	1	1	1	1	0.0516485	0.504978	0.504978	1	1	
0.000619441	-nan	0.506532	0.513154	1	1	1	1	1	1	0.0517156	0.506532	0.506532	1	1	
0.000642688	-nan	0.508109	0.51313	1	1	1	1	1	1	0.0517844	0.508109	0.508109	1	1	
0.000666807	-nan	0.509707	0.513107	1	1	1	1	1	1	0.051855	0.509707	0.509707	1	1	
0.000691831	-nan	0.511329	0.513087	1	1	1	1	1	1	0.0519273	0.511329	0.511329	1	1	
0.000717794	-nan	0.512974	0.513069	1	1	1	1	1	1	0.0520015	0.512974	0.512974	1	1	
0.000744732	-nan	0.514642	0.513052	1	1	1	1	1	1	0.0520776	0.514642	0.514642	1	1	
0.000772681	-nan	0.516334	0.513038	1	1	1	1	1	1	0.0521556	0.516334	0.516334	1	1	
0.000801678	-nan	0.518051	0.513027	1	1	1	1	1	1	0.0522356	0.518051	0.518051	1	1	
0.000831764	-nan	0.519792	0.513018	1	1	1	1	1	1	0.0523176	0.519792	0.519792	1	1	
0.000862979	-nan	0.521557	0.513011	1	1	1	1	1	1	0.0524017	0.521557	0.521557	1	1	
0.000895365	-nan	0.523348	0.513007	1	1	1	1	1	1	0.0524879	0.523348	0.523348	1	1	
0.000928966	-nan	0.525165	0.513006	1	1	1	1	1	1	0.0525763	0.525165	0.525165	1	1	
0.000963829	-nan	0.527007	0.513008	1	1	1	1	1	1	0.0526669	0.527007	0.527007	1	1	
0.001	-nan	0.528876	0.513014	1	1	1	1	1	1	0.0527598	0.528876	0.528876	1	1	
0.00103753	-nan	0.530771	0.513022	1	1	1	1	1	1	0.0528551	0.530771	0.530771	1	1	
0.00107647	-nan	0.532693	0.513035	1	1	1	1	1	1	0.0529527	0.532693	0.532693	1	1	
0.00111686	-nan	0.534642	0.513051	1	1	1	1	1	1	0.0530529	0.534642	0.534642	1	1	
0.00115878	-nan	0.536619	0.51307	1	1	1	1	1	1	0.0531555	0.536619	0.536619	1	1	
0.00120226	-nan	0.538624	0.513095	1	1	1	1	1	1	0.0532607	0.538624	0.538624	1	1	
0.00124738	-nan	0.540658	0.513123	1	1	1	1	1	1	0.0533686	0.540658	0.540658	1	1	
0.0012942	-nan	0.54272	0.513156	1	1	1	1	1	1	0.0534791	0.54272	0.54272	1	1	
0.00134276	-nan	0.544812	0.513194	1	1	1	1	1	1	0.0535924	0.544812	0.544812	1	1	
0.00139316	-nan	0.546932	0.513237	1	1	1	1	1	1	0.0537086	0.546932	0.546932	1	1	
0.00144544	-nan	0.549083	0.513285	1	1	1	1	1	1	0.0538276	0.549083	0.549083	1	1	
0.00149968	-nan	0.551264	0.513339	1	1	1	1	1	1	0.0539497	0.551264	0.551264	1	1	
0.00155597	-nan	0.553476	0.513398	1	1	1	1	1	1	0.0540747	0.553476	0.553476	1	1	
0.00161436	-nan	0.555719	0.513464	1	1	1	1	1	1	0.0542029	0.555719	0.555719	1	1	
0.00167494	-nan	0.557993	0.513536	1	1	1	1	1	1	0.0543342	0.557993	0.557993	1	1	
0.0017378	-nan	0.560299	0.513615	1	1	1	1	1	1	0.0544688	0.560299	0.560299	1	1	
0.00180302	-nan	0.562637	0.513702	1	1	1	1	1	1	0.0546067	0.562637	0.562637	1	1	
0.00187068	-nan	0.565007	0.513795	1	1	1	1	1	1	0.054748	0.565007	0.565007	1	1	
0.00194089	-nan	0.567411	0.513897	1	1	1	1	1	1	0.0548928	0.567411	0.567411	1	1	
0.00201372	-nan	0.569848	0.514007	1	1	1	1	1	1	0.0550411	0.569848	0.569848	1	1	
0.0020893	-nan	0.572318	0.514125	1	1	1	1	1	1	0.0551931	0.572318	0.572318	1	1	
0.0021677	-nan	0.574823	0.514253	1	1	1	1	1	1	0.0553488	0.574823	0.574823	1	1	
0.00224905	-nan	0.577362	0.514391	1	1	1	1	1	1	0.0555083	0.577362	0.577362	1	1	
0.00233346	-nan	0.579936	0.514538	1	1	1	1	1	1	0.0556716	0.579936	0.579936	1	1	
0.00242103	-nan	0.582546	0.514696	1	1	1	1	1	1	0.055839	0.582546	0.582546	1	1	
0.00251189	-nan	0.585191	0.514865	1	1	1	1	1	1	0.0560104	0.585191	0.585191	1	1	
0.00260615	-nan	0.587871	0.515046	1	1	1	1	1	1	0.0561859	0.587871	0.587871	1	1	
0.00270396	-nan	0.590589	0.51524	1	1	1	1	1	1	0.0563657	0.590589	0.590589	1	1	
0.00280543	-nan	0.593343	0.515446	1	1	1	1	1	1	0.0565498	0.593343	0.593343	1	1	
0.00291072	-nan	0.596134	0.515665	1	1	1	1	1	1	0.0567383	0.596134	0.596134	1	1	
0.00301995	-nan	0.598962	0.515899	1	1	1	1	1	1	0.0569313	0.598962	0.598962	1	1	
0.00313329	-nan	0.601829	0.516148	1	1	1	1	1	1	0.0571289	0.601829	0.601829	1	1	
0.00325087	-nan	0.604733	0.516413	1	1	1	1	1	1	0.0573312	0.604733	0.604733	1	1	
0.00337287	-nan	0.607676	0.516694	1	1	1	1	1	1	0.0575383	0.607676	0.607676	1	1	
0.00349945	-nan	0.610658	0.516993	1	1	1	1	1	1	0.0577503	0.610658	0.610658	1	1	
0.00363078	-nan	0.613679	0.51731	1	1	1	1	1	1	0.0579672	0.613679	0.613679	1	1	
0.00376704	-nan	0.61674	0.517646	1	1	1	1	1	1	0.0581892	0.61674	0.61674	1	1	
0.00390841	-nan	0.61984	0.518003	1	1	1	1	1	1	0.0584164	0.61984	0.61984	1	1	
0.00405509	-nan	0.622981	0.51838	1	1	1	1	1	1	0.0586489	0.622981	0.622981	1	1	
0.00420727	-nan	0.626162	0.51878	1	1	1	1	1	1	0.0588867	0.626162	0.626162	1	1	
0.00436516	-nan	0.629384	0.519204	1	1	1	1	1	1	0.05913	0.629384	0.629384	1	1	
0.00452898	-nan	0.632647	0.519652	1	1	1	1	1	1	0.0593788	0.632647	0.632647	1	1	
0.00469894	-nan	0.635951	0.520126	1	1	1	1	1	1	0.0596334	0.635951	0.635951	1	1	
0.00487528	-nan	0.639297	0.520628	1	1	1	1	1	1	0.0598937	0.639297	0.639297	1	1	
0.00505825	-nan	0.642685	0.521158	1	1	1	1	1	1	0.0601598	0.642685	0.642685	1	1	
0.00524807	-nan	0.646114	0.521719	1	1	1	1	1	1	0.060432	0.646114	0.646114	1	1	
0.00544503	-nan	0.649586	0.522311	1	1	1	1	1	1	0.0607102	0.649586	0.649586	1	1	
0.00564937	-nan	0.653101	0.522937	1	1	1	1	1	1	0.0609945	0.653101	0.653101	1	1	
0.00586138	-nan	0.656657	0.523599	1	1	1	1	1	1	0.0612851	0.656657	0.656657	1	1	
0.00608135	-nan	0.660257	0.524297	1	1	1	1	1	1	0.0615821	0.660257	0.660257	1	1	
0.00630957	-nan	0.6639	0.525034	1	1	1	1	1	1	0.0618855	0.6639	0.6639	1	1	
0.00654636	-nan	0.667586	0.525813	1	1	1	1	1	1	0.0621954	0.667586	0.667586	1	1	
0.00679204	-nan	0.671314	0.526635	1	1	1	1	1	1	0.062512	0.671314	0.671314	1	1	
0.00704693	-nan	0.675087	0.527502	1	1	1	1	1	1	0.0628352	0.675087	0.675087	1	1	
0.00731139	-nan	0.678902	0.528418	1	1	1	1	1	1	0.0631653	0.678902	0.678902	1	1	
0.00758578	-nan	0.682761	0.529384	1	1	1	1	1	1	0.0635022	0.682761	0.682761	1	1	
0.00787046	-nan	0.686663	0.530403	1	1	1	1	1	1	0.0638461	0.686663	0.686663	1	1	
0.00816582	-nan	0.690608	0.531478	1	1	1	1	1	1	0.0641971	0.690608	0.690608	1	1	
0.00847227	-nan	0.694597	0.532613	1	1	1	1	1	1	0.0645551	0.694597	0.694597	1	1	
0.00879023	-nan	0.698629	0.53381	1	1	1	1	1	1	0.0649204	0.698629	0.698629	1	1	
0.00912011	-nan	0.702703	0.535073	1	1	1	1	1	1	0.0652928	0.702703	0.702703	1	1	
0.00946237	-nan	0.706821	0.536405	1	1	1	1	1	1	0.0656725	0.706821	0.706821	1	1	
0.00981748	-nan	0.710981	0.53781	1	1	1	1	1	1	0.0660596	0.710981	0.710981	1	1	
0.0101859	-nan	0.715184	0.539292	1	1	1	1	1	1	0.0664541	0.715184	0.715184	1	1	
0.0105682	-nan	0.719429	0.540856	1	1	1	1	1	1	0.066856	0.719429	0.719429	1	1	
0.0109648	-nan	0.723716	0.542505	1	1	1	1	1	1	0.0672653	0.723716	0.723716	1	1	
0.0113763	-nan	0.728045	0.544244	1	1	1	1	1	1	0.0676822	0.728045	0.728045	1	1	
0.0118032	-nan	0.732414	0.546079	1	1	1	1	1	1	0.0681065	0.732414	0.732414	1	1	
0.0122462	-nan	0.736825	0.548015	1	1	1	1	1	1	0.0685383	0.736825	0.736825	1	1	
0.0127057	-nan	0.741275	0.550057	1	1	1	1	1	1	0.0689775	0.741275	0.741275	1	1	
0.0131826	-nan	0.745765	0.552211	1	1	1	1	1	1	0.0694243	0.745765	0.745765	1	1	
0.0136773	-nan	0.750295	0.554483	1	1	1	1	1	1	0.0698785	0.750295	0.750295	1	1	
0.0141906	-nan	0.754862	0.556881	1	1	1	1	1	1	0.07034	0.754862	0.754862	1	1	
0.0147231	-nan	0.759467	0.55941	1	1	1	1	1	1	0.070809	0.759467	0.759467	1	1	
0.0152757	-nan	0.76411	0.562079	1	1	1	1	1	1	0.0712852	0.76411	0.76411	1	1	
0.0158489	-nan	0.768788	0.564896	1	1	1	1	1	1	0.0717685	0.768788	0.768788	1	1	
0.0164437	-nan	0.773501	0.567869	1	1	1	1	1	1	0.072259	0.773501	0.773501	1	1	
0.0170608	-nan	0.778248	0.571006	1	1	1	1	1	1	0.0727564	0.778248	0.778248	1	1	
0.0177011	-nan	0.783029	0.574317	1	1	1	1	1	1	0.0732606	0.783029	0.783029	1	1	
0.0183654	-nan	0.787842	0.577812	1	1	1	1	1	1	0.0737715	0.787842	0.787842	1	1	
0.0190546	-nan	0.792685	0.581501	1	1	1	1	1	1	0.0742889	0.792685	0.792685	1	1	
0.0197697	-nan	0.797558	0.585396	1	1	1	1	1	1	0.0748125	0.797558	0.797558	1	1	
0.0205116	-nan	0.802458	0.589509	1	1	1	1	1	1	0.0753422	0.802458	0.802458	1	1	
0.0212814	-nan	0.807386	0.593852	1	1	1	1	1	1	0.0758777	0.807386	0.807386	1	1	
0.02208	-nan	0.812338	0.598439	1	1	1	1	1	1	0.0764188	0.812338	0.812338	1	1	
0.0229087	-nan	0.817314	0.603283	1	1	1	1	1	1	0.076965	0.817314	0.817314	1	1	
0.0237684	-nan	0.822312	0.608399	1	1	1	1	1	1	0.0775161	0.822312	0.822312	1	1	
0.0246604	-nan	0.82733	0.613804	1	1	1	1	1	1	0.0780717	0.82733	0.82733	1	1	
0.0255859	-nan	0.832365	0.619514	1	1	1	1	1	1	0.0786314	0.832365	0.832365	1	1	
0.0265461	-nan	0.837416	0.625547	1	1	1	1	1	1	0.0791947	0.837416	0.837416	1	1	
0.0275423	-nan	0.842481	0.631922	1	1	1	1	1	1	0.0797612	0.842481	0.842481	1	1	
0.0285759	-nan	0.847557	0.638659	1	1	1	1	1	1	0.0803303	0.847557	0.847557	1	1	
0.0296483	-nan	0.852642	0.645778	1	1	1	1	1	1	0.0809015	0.852642	0.852642	1	1	
0.030761	-nan	0.857734	0.653303	1	1	1	1	1	1	0.0814742	0.857734	0.857734	1	1	
0.0319154	-nan	0.862829	0.661256	1	1	1	1	1	1	0.0820476	0.862829	0.862829	1	1	
0.0331131	-nan	0.867925	0.669662	1	1	1	1	1	1	0.0826212	0.867925	0.867925	1	1	
0.0343558	-nan	0.873019	0.678548	1	1	1	1	1	1	0.083194	0.873019	0.873019	1	1	
0.0356451	-nan	0.878108	0.68794	1	1	1	1	1	1	0.0837654	0.878108	0.878108	1	1	
0.0369828	-nan	0.883188	0.697868	1	1	1	1	1	1	0.0843343	0.883188	0.883188	1	1	
0.0383707	-nan	0.888257	0.708361	1	1	1	1	1	1	0.0848999	0.888257	0.888257	1	1	
0.0398107	-nan	0.89331	0.71945	1	1	1	1	1	1	0.0854612	0.89331	0.89331	1	1	
0.0413048	-nan	0.898345	0.731169	1	1	1	1	1	1	0.0860169	0.898345	0.898345	1	1	
0.0428549	-nan	0.903356	0.74355	1	1	1	1	1	1	0.0865661	0.903356	0.903356	1	1	
0.0444631	-nan	0.90834	0.756628	1	1	1	1	1	1	0.0871073	0.90834	0.90834	1	1	
0.0461318	-nan	0.913293	0.770439	1	1	1	1	1	1	0.0876393	0.913293	0.913293	1	1	
0.047863	-nan	0.918211	0.785019	1	1	1	1	1	1	0.0881606	0.918211	0.918211	1	1	
0.0496592	-nan	0.923088	0.800403	1	1	1	1	1	1	0.0886697	0.923088	0.923088	1	1	
0.0515229	-nan	0.92792	0.816627	1	1	1	1	1	1	0.0891649	0.92792	0.92792	1	1	
0.0534564	-nan	0.932702	0.833726	1	1	1	1	1	1	0.0896444	0.932702	0.932702	1	1	
0.0554626	-nan	0.937428	0.851734	1	1	1	1	1	1	0.0901065	0.937428	0.937428	1	1	
0.057544	-nan	0.942094	0.870682	1	1	1	1	1	1	0.0905491	0.942094	0.942094	1	1	
0.0597035	-nan	0.946694	0.890598	1	1	1	1	1	1	0.0909699	0.946694	0.946694	1	1	
0.0619441	-nan	0.951221	0.911504	1	1	1	1	1	1	0.0913668	0.951221	0.951221	1	1	
0.0642688	-nan	0.95567	0.933419	1	1	1	1	1	1	0.0917373	0.95567	0.95567	1	1	
0.0666807	-nan	0.960035	0.956353	1	1	1	1	1	1	0.0920787	0.960035	0.960035	1	1	
0.0691831	-nan	0.964308	0.980305	1	1	1	1	1	1	0.0923882	0.964308	0.964308	1	1	
0.0717794	-nan	0.968484	1.00527	1	1	1	1	1	1	0.0926628	0.968484	0.968484	1	1	
0.0744732	-nan	0.972555	1.03121	1	1	1	1	1	1	0.0928993	0.972555	0.972555	1	1	
0.0772681	-nan	0.976514	1.0581	1	1	1	1	1	1	0.0930942	0.976514	0.976514	1	1	
0.0801678	-nan	0.980353	1.08587	1	1	1	1	1	1	0.0932438	0.980353	0.980353	1	1	
0.0831764	-nan	0.984065	1.11444	1	1	1	1	1	1	0.0933442	0.984065	0.984065	1	1	
0.0862979	-nan	0.987642	1.14372	1	1	1	1	1	1	0.0933911	0.987642	0.987642	1	1	
0.0895365	-nan	0.991076	1.17358	1	1	1	1	1	1	0.0933799	0.991076	0.991076	1	1	
0.0928966	-nan	0.994358	1.20386	1	1	1	1	1	1	0.0933057	0.994358	0.994358	1	1	
0.0963829	-nan	0.99748	1.23438	1	1	1	1	1	1	0.0931634	0.99748	0.99748	1	1	
0.1	-nan	1.00043	1.26495	1	1	1	1	1	1	0.0929473	1.00043	1.00043	1	1	
0.103614	-nan	1.00311	1.29425	1	1	1	1	1	1	0.0926634	1.00311	1.00311	1	1	
0.107229	-nan	1.00553	1.32219	1	1	1	1	1	1	0.0923136	1.00553	1.00553	1	1	
0.110843	-nan	1.00771	1.34868	1	1	1	1	1	1	0.0918992	1.00771	1.00771	1	1	
0.114458	-nan	1.00966	1.37364	1	1	1	1	1	1	0.0914217	1.00966	1.00966	1	1	
0.118072	-nan	1.01139	1.39704	1	1	1	1	1	1	0.0908826	1.01139	1.01139	1	1	
0.121687	-nan	1.01292	1.41885	1	1	1	1	1	1	0.0902831	1.01292	1.01292	1	1	
0.125301	-nan	1.01426	1.43906	1	1	1	1	1	1	0.0896243	1.01426	1.01426	1	1	
0.128916	-nan	1.01542	1.4577	1	1	1	1	1	1	0.0889075	1.01542	1.01542	1	1	
0.13253	-nan	1.0164	1.47478	1	1	1	1	1	1	0.0881337	1.0164	1.0164	1	1	
0.136145	-nan	1.01723	1.49036	1	1	1	1	1	1	0.087304	1.01723	1.01723	1	1	
0.139759	-nan	1.01789	1.50449	1	1	1	1	1	1	0.0864193	1.01789	1.01789	1	1	
0.143373	-nan	1.01841	1.51724	1	1	1	1	1	1	0.0854808	1.01841	1.01841	1	1	
0.146988	-nan	1.01879	1.52868	1	1	1	1	1	1	0.0844894	1.01879	1.01879	1	1	
0.150602	-nan	1.01903	1.53889	1	1	1	1	1	1	0.0834461	1.01903	1.01903	1	1	
0.154217	-nan	1.01915	1.54793	1	1	1	1	1	1	0.0823519	1.01915	1.01915	1	1	
0.157831	-nan	1.01914	1.5559	1	1	1	1	1	1	0.0812078	1.01914	1.01914	1	1	
0.161446	-nan	1.01902	1.56287	1	1	1	1	1	1	0.080015	1.01902	1.01902	1	1	
0.16506	-nan	1.0188	1.56892	1	1	1	1	1	1	0.0787745	1.0188	1.0188	1	1	
0.168675	-nan	1.01846	1.57411	1	1	1	1	1	1	0.0774873	1.01846	1.01846	1	1	
0.172289	-nan	1.01803	1.57853	1	1	1	1	1	1	0.0761548	1.01803	1.01803	1	1	
0.175904	-nan	1.0175	1.58224	1	1	1	1	1	1	0.0747781	1.0175	1.0175	1	1	
0.179518	-nan	1.01688	1.58531	1	1	1	1	1	1	0.0733584	1.01688	1.01688	1	1	
0.183133	-nan	1.01617	1.58778	1	1	1	1	1	1	0.0718971	1.01617	1.01617	1	1	
0.186747	-nan	1.01538	1.58973	1	1	1	1	1	1	0.0703957	1.01538	1.01538	1	1	
0.190361	-nan	1.01451	1.5912	1	1	1	1	1	1	0.0688555	1.01451	1.01451	1	1	
0.193976	-nan	1.01356	1.59223	1	1	1	1	1	1	0.0672783	1.01356	1.01356	1	1	
0.19759	-nan	1.01255	1.59288	1	1	1	1	1	1	0.0656655	1.01255	1.01255	1	1	
0.201205	-nan	1.01146	1.59318	1	1	1	1	1	1	0.064019	1.01146	1.01146	1	1	
0.204819	-nan	1.01031	1.59317	1	1	1	1	1	1	0.0623406	1.01031	1.01031	1	1	
0.208434	-nan	1.0091	1.59288	1	1	1	1	1	1	0.0606322	1.0091	1.0091	1	1	
0.212048	-nan	1.00783	1.59235	1	1	1	1	1	1	0.0588958	1.00783	1.00783	1	1	
0.215663	-nan	1.0065	1.59161	1	1	1	1	1	1	0.0571335	1.0065	1.0065	1	1	
0.219277	-nan	1.00512	1.59067	1	1	1	1	1	1	0.0553477	1.00512	1.00512	1	1	
0.222892	-nan	1.00368	1.58957	1	1	1	1	1	1	0.0535405	1.00368	1.00368	1	1	
0.226506	-nan	1.0022	1.58833	1	1	1	1	1	1	0.0517145	1.0022	1.0022	1	1	
0.23012	-nan	1.00067	1.58697	1	1	1	1	1	1	0.0498722	1.00067	1.00067	1	1	
0.233735	-nan	0.999095	1.5855	1	1	1	1	1	1	0.0480162	0.999095	0.999095	1	1	
0.237349	-nan	0.99748	1.58395	1	1	1	1	1	1	0.0461494	0.99748	0.99748	1	1	
0.240964	-nan	0.995824	1.58232	1	1	1	1	1	1	0.0442745	0.995824	0.995824	1	1	
0.244578	-nan	0.994131	1.58064	1	1	1	1	1	1	0.0423945	0.994131	0.994131	1	1	
0.248193	-nan	0.992402	1.57892	1	1	1	1	1	1	0.0405126	0.992402	0.992402	1	1	
0.251807	-nan	0.990639	1.57716	1	1	1	1	1	1	0.0386318	0.990639	0.990639	1	1	
0.255422	-nan	0.988845	1.57538	1	1	1	1	1	1	0.0367555	0.988845	0.988845	1	1	
0.259036	-nan	0.987019	1.57359	1	1	1	1	1	1	0.0348869	0.987019	0.987019	1	1	
0.262651	-nan	0.985166	1.57179	1	1	1	1	1	1	0.0330295	0.985166	0.985166	1	1	
0.266265	-nan	0.983285	1.57	1	1	1	1	1	1	0.0311867	0.983285	0.983285	1	1	
0.26988	-nan	0.98138	1.56823	1	1	1	1	1	1	0.0293622	0.98138	0.98138	1	1	
0.273494	-nan	0.97945	1.56647	1	1	1	1	1	1	0.0275595	0.97945	0.97945	1	1	
0.277108	-nan	0.977498	1.56473	1	1	1	1	1	1	0.0257823	0.977498	0.977498	1	1	
0.280723	-nan	0.975526	1.56303	1	1	1	1	1	1	0.0240343	0.975526	0.975526	1	1	
0.284337	-nan	0.973534	1.56136	1	1	1	1	1	1	0.0223192	0.973534	0.973534	1	1	
0.287952	-nan	0.971523	1.55973	1	1	1	1	1	1	0.0206408	0.971523	0.971523	1	1	
0.291566	-nan	0.969496	1.55814	1	1	1	1	1	1	0.0190029	0.969496	0.969496	1	1	
0.295181	-nan	0.967454	1.55659	1	1	1	1	1	1	0.0174091	0.967454	0.967454	1	1	
0.298795	-nan	0.965397	1.55509	1	1	1	1	1	1	0.0158633	0.965397	0.965397	1	1	
0.30241	-nan	0.963327	1.55364	1	1	1	1	1	1	0.0143691	0.963327	0.963327	1	1	
0.306024	-nan	0.961246	1.55224	1	1	1	1	1	1	0.0129302	0.961246	0.961246	1	1	
0.309639	-nan	0.959153	1.55089	1	1	1	1	1	1	0.0115501	0.959153	0.959153	1	1	
0.313253	-nan	0.95705	1.5496	1	1	1	1	1	1	0.0102325	0.95705	0.95705	1	1	
0.316867	-nan	0.954939	1.54836	1	1	1	1	1	1	0.00898077	0.954939	0.954939	1	1	
0.320482	-nan	0.95282	1.54717	1	1	1	1	1	1	0.00779823	0.95282	0.95282	1	1	
0.324096	-nan	0.950693	1.54604	1	1	1	1	1	1	0.00668817	0.950693	0.950693	1	1	
0.327711	-nan	0.948561	1.54496	1	1	1	1	1	1	0.00565369	0.948561	0.948561	1	1	
0.331325	-nan	0.946424	1.54394	1	1	1	1	1	1	0.00469779	0.946424	0.946424	1	1	
0.33494	-nan	0.944283	1.54297	1	1	1	1	1	1	0.00382331	0.944283	0.944283	1	1	
0.338554	-nan	0.942138	1.54206	1	1	1	1	1	1	0.00303293	0.942138	0.942138	1	1	
0.342169	-nan	0.939991	1.54119	1	1	1	1	1	1	0.00232918	0.939991	0.939991	1	1	
0.345783	-nan	0.937842	1.54038	1	1	1	1	1	1	0.00171438	0.937842	0.937842	1	1	
0.349398	-nan	0.935692	1.53962	1	1	1	1	1	1	0.0011907	0.935692	0.935692	1	1	
0.353012	-nan	0.933541	1.53891	1	1	1	1	1	1	0.000760082	0.933541	0.933541	1	1	
0.356627	-nan	0.931391	1.53825	1	1	1	1	1	1	0.00042429	0.931391	0.931391	1	1	
0.360241	-nan	0.929242	1.53763	1	1	1	1	1	1	0.000184866	0.929242	0.929242	1	1	
0.363855	-nan	0.927095	1.53706	1	1	1	1	1	1	4.31424e-05	0.927095	0.927095	1	1	
0.36747	-nan	0.92495	1.53654	1	1	1	1	1	1	2.32803e-07	0.92495	0.92495	1	1	
0.371084	-nan	0.922807	1.53606	1	1	1	1	1	1	5.70301e-05	0.922807	0.922807	1	1	
0.374699	-nan	0.920669	1.53562	1	1	1	1	1	1	0.000214204	0.920669	0.920669	1	1	
0.378313	-nan	0.918534	1.53521	1	1	1	1	1	1	0.000472202	0.918534	0.918534	1	1	
0.381928	-nan	0.916404	1.53485	1	1	1	1	1	1	0.000831248	0.916404	0.916404	1	1	
0.385542	-nan	0.914279	1.53453	1	1	1	1	1	1	0.00129134	0.914279	0.914279	1	1	
0.389157	-nan	0.91216	1.53424	1	1	1	1	1	1	0.00185227	0.91216	0.91216	1	1	
0.392771	-nan	0.910047	1.53398	1	1	1	1	1	1	0.00251361	0.910047	0.910047	1	1	
0.396386	-nan	0.90794	1.53376	1	1	1	1	1	1	0.0032747	0.90794	0.90794	1	1	
0.4	-nan	0.90584	1.53357	1	1	1	1	1	1	0.00413471	0.90584	0.90584	1	1	
0.403614	-nan	0.903748	1.5334	1	1	1	1	1	1	0.00509259	0.903748	0.903748	1	1	
0.407229	-nan	0.901664	1.53327	1	1	1	1	1	1	0.00614711	0.901664	0.901664	1	1	
0.410843	-nan	0.899587	1.53316	1	1	1	1	1	1	0.00729685	0.899587	0.899587	1	1	
0.414458	-nan	0.897519	1.53308	1	1	1	1	1	1	0.00854023	0.897519	0.897519	1	1	
0.418072	-nan	0.895461	1.53302	1	1	1	1	1	1	0.00987548	0.895461	0.895461	1	1	
0.421687	-nan	0.893411	1.53298	1	1	1	1	1	1	0.0113007	0.893411	0.893411	1	1	
0.425301	-nan	0.891371	1.53297	1	1	1	1	1	1	0.0128139	0.891371	0.891371	1	1	
0.428916	-nan	0.889341	1.53298	1	1	1	1	1	1	0.0144127	0.889341	0.889341	1	1	
0.43253	-nan	0.887321	1.533	1	1	1	1	1	1	0.0160951	0.887321	0.887321	1	1	
0.436145	-nan	0.885311	1.53304	1	1	1	1	1	1	0.0178584	0.885311	0.885311	1	1	
0.439759	-nan	0.883313	1.5331	1	1	1	1	1	1	0.0197003	0.883313	0.883313	1	1	
0.443373	-nan	0.881325	1.53317	1	1	1	1	1	1	0.0216181	0.881325	0.881325	1	1	
0.446988	-nan	0.879349	1.53326	1	1	1	1	1	1	0.0236091	0.879349	0.879349	1	1	
0.450602	-nan	0.877383	1.53336	1	1	1	1	1	1	0.0256706	0.877383	0.877383	1	1	
0.454217	-nan	0.87543	1.53348	1	1	1	1	1	1	0.0277999	0.87543	0.87543	1	1	
0.457831	-nan	0.873489	1.5336	1	1	1	1	1	1	0.029994	0.873489	0.873489	1	1	
0.461446	-nan	0.871559	1.53374	1	1	1	1	1	1	0.0322501	0.871559	0.871559	1	1	
0.46506	-nan	0.869642	1.53388	1	1	1	1	1	1	0.0345654	0.869642	0.869642	1	1	
0.468675	-nan	0.867738	1.53403	1	1	1	1	1	1	0.0369369	0.867738	0.867738	1	1	
0.472289	-nan	0.865846	1.5342	1	1	1	1	1	1	0.0393617	0.865846	0.865846	1	1	
0.475904	-nan	0.863967	1.53436	1	1	1	1	1	1	0.0418369	0.863967	0.863967	1	1	
0.479518	-nan	0.8621	1.53454	1	1	1	1	1	1	0.0443597	0.8621	0.8621	1	1	
0.483133	-nan	0.860247	1.53472	1	1	1	1	1	1	0.0469272	0.860247	0.860247	1	1	
0.486747	-nan	0.858407	1.5349	1	1	1	1	1	1	0.0495366	0.858407	0.858407	1	1	
0.490361	-nan	0.85658	1.53509	1	1	1	1	1	1	0.0521851	0.85658	0.85658	1	1	
0.493976	-nan	0.854767	1.53528	1	1	1	1	1	1	0.0548699	0.854767	0.854767	1	1	
0.49759	-nan	0.852967	1.53547	1	1	1	1	1	1	0.0575884	0.852967	0.852967	1	1	
0.501205	-nan	0.851181	1.53567	1	1	1	1	1	1	0.0603379	0.851181	0.851181	1	1	
0.504819	-nan	0.849409	1.53586	1	1	1	1	1	1	0.0631158	0.849409	0.849409	1	1	
0.508434	-nan	0.84765	1.53606	1	1	1	1	1	1	0.0659197	0.84765	0.84765	1	1	
0.512048	-nan	0.845905	1.53626	1	1	1	1	1	1	0.068747	0.845905	0.845905	1	1	
0.515663	-nan	0.844174	1.53646	1	1	1	1	1	1	0.0715954	0.844174	0.844174	1	1	
0.519277	-nan	0.842457	1.53666	1	1	1	1	1	1	0.0744626	0.842457	0.842457	1	1	
0.522892	-nan	0.840754	1.53686	1	1	1	1	1	1	0.0773463	0.840754	0.840754	1	1	
0.526506	-nan	0.839065	1.53706	1	1	1	1	1	1	0.0802445	0.839065	0.839065	1	1	
0.53012	-nan	0.837391	1.53725	1	1	1	1	1	1	0.083155	0.837391	0.837391	1	1	
0.533735	-nan	0.83573	1.53745	1	1	1	1	1	1	0.0860759	0.83573	0.83573	1	1	
0.537349	-nan	0.834084	1.53764	1	1	1	1	1	1	0.0890052	0.834084	0.834084	1	1	
0.540964	-nan	0.832451	1.53783	1	1	1	1	1	1	0.0919411	0.832451	0.832451	1	1	
0.544578	-nan	0.830833	1.53801	1	1	1	1	1	1	0.0948818	0.830833	0.830833	1	1	
0.548193	-nan	0.829229	1.5382	1	1	1	1	1	1	0.0978258	0.829229	0.829229	1	1	
0.551807	-nan	0.82764	1.53838	1	1	1	1	1	1	0.100771	0.82764	0.82764	1	1	
0.555422	-nan	0.826064	1.53855	1	1	1	1	1	1	0.103717	0.826064	0.826064	1	1	
0.559036	-nan	0.824503	1.53873	1	1	1	1	1	1	0.106661	0.824503	0.824503	1	1	
0.562651	-nan	0.822956	1.53889	1	1	1	1	1	1	0.109603	0.822956	0.822956	1	1	
0.566265	-nan	0.821423	1.53906	1	1	1	1	1	1	0.11254	0.821423	0.821423	1	1	
0.56988	-nan	0.819904	1.53922	1	1	1	1	1	1	0.115473	0.819904	0.819904	1	1	
0.573494	-nan	0.818399	1.53937	1	1	1	1	1	1	0.118399	0.818399	0.818399	1	1	
0.577108	-nan	0.816909	1.53952	1	1	1	1	1	1	0.121317	0.816909	0.816909	1	1	
0.580723	-nan	0.815433	1.53967	1	1	1	1	1	1	0.124228	0.815433	0.815433	1	1	
0.584337	-nan	0.81397	1.53981	1	1	1	1	1	1	0.127129	0.81397	0.81397	1	1	
0.587952	-nan	0.812522	1.53994	1	1	1	1	1	1	0.130019	0.812522	0.812522	1	1	
0.591566	-nan	0.811088	1.54007	1	1	1	1	1	1	0.132899	0.811088	0.811088	1	1	
0.595181	-nan	0.809667	1.5402	1	1	1	1	1	1	0.135767	0.809667	0.809667	1	1	
0.598795	-nan	0.808261	1.54032	1	1	1	1	1	1	0.138622	0.808261	0.808261	1	1	
0.60241	-nan	0.806868	1.54043	1	1	1	1	1	1	0.141465	0.806868	0.806868	1	1	
0.606024	-nan	0.80549	1.54054	1	1	1	1	1	1	0.144294	0.80549	0.80549	1	1	
0.609639	-nan	0.804125	1.54064	1	1	1	1	1	1	0.147108	0.804125	0.804125	1	1	
0.613253	-nan	0.802773	1.54074	1	1	1	1	1	1	0.149908	0.802773	0.802773	1	1	
0.616867	-nan	0.801436	1.54083	1	1	1	1	1	1	0.152693	0.801436	0.801436	1	1	
0.620482	-nan	0.800111	1.54091	1	1	1	1	1	1	0.155463	0.800111	0.800111	1	1	
0.624096	-nan	0.798801	1.54099	1	1	1	1	1	1	0.158216	0.798801	0.798801	1	1	
0.627711	-nan	0.797504	1.54106	1	1	1	1	1	1	0.160953	0.797504	0.797504	1	1	
0.631325	-nan	0.79622	1.54113	1	1	1	1	1	1	0.163674	0.79622	0.79622	1	1	
0.63494	-nan	0.794949	1.54119	1	1	1	1	1	1	0.166379	0.794949	0.794949	1	1	
0.638554	-nan	0.793692	1.54124	1	1	1	1	1	1	0.169066	0.793692	0.793692	1	1	
0.642169	-nan	0.792448	1.54129	1	1	1	1	1	1	0.171736	0.792448	0.792448	1	1	
0.645783	-nan	0.791217	1.54133	1	1	1	1	1	1	0.17439	0.791217	0.791217	1	1	
0.649398	-nan	0.789999	1.54136	1	1	1	1	1	1	0.177025	0.789999	0.789999	1	1	
0.653012	-nan	0.788794	1.54139	1	1	1	1	1	1	0.179644	0.788794	0.788794	1	1	
0.656627	-nan	0.787602	1.54142	1	1	1	1	1	1	0.182245	0.787602	0.787602	1	1	
0.660241	-nan	0.786423	1.54143	1	1	1	1	1	1	0.184829	0.786423	0.786423	1	1	
0.663855	-nan	0.785256	1.54144	1	1	1	1	1	1	0.187395	0.785256	0.785256	1	1	
0.66747	-nan	0.784102	1.54145	1	1	1	1	1	1	0.189943	0.784102	0.784102	1	1	
0.671084	-nan	0.782961	1.54145	1	1	1	1	1	1	0.192475	0.782961	0.782961	1	1	
0.674699	-nan	0.781832	1.54144	1	1	1	1	1	1	0.194988	0.781832	0.781832	1	1	
0.678313	-nan	0.780715	1.54143	1	1	1	1	1	1	0.197485	0.780715	0.780715	1	1	
0.681928	-nan	0.779611	1.54141	1	1	1	1	1	1	0.199964	0.779611	0.779611	1	1	
0.685542	-nan	0.778518	1.54138	1	1	1	1	1	1	0.202426	0.778518	0.778518	1	1	
0.689157	-nan	0.777438	1.54135	1	1	1	1	1	1	0.20487	0.777438	0.777438	1	1	
0.692771	-nan	0.77637	1.54131	1	1	1	1	1	1	0.207298	0.77637	0.77637	1	1	
0.696386	-nan	0.775314	1.54127	1	1	1	1	1	1	0.209709	0.775314	0.775314	1	1	
0.7	-nan	0.77427	1.54122	1	1	1	1	1	1	0.212103	0.77427	0.77427	1	1	
0.703614	-nan	0.773238	1.54116	1	1	1	1	1	1	0.214481	0.773238	0.773238	1	1	
0.707229	-nan	0.772217	1.5411	1	1	1	1	1	1	0.216842	0.772217	0.772217	1	1	
0.710843	-nan	0.771208	1.54103	1	1	1	1	1	1	0.219186	0.771208	0.771208	1	1	
0.714458	-nan	0.77021	1.54096	1	1	1	1	1	1	0.221515	0.77021	0.77021	1	1	
0.718072	-nan	0.769223	1.54088	1	1	1	1	1	1	0.223827	0.769223	0.769223	1	1	
0.721687	-nan	0.768248	1.5408	1	1	1	1	1	1	0.226124	0.768248	0.768248	1	1	
0.725301	-nan	0.767284	1.54071	1	1	1	1	1	1	0.228405	0.767284	0.767284	1	1	
0.728916	-nan	0.766332	1.54061	1	1	1	1	1	1	0.230671	0.766332	0.766332	1	1	
0.73253	-nan	0.76539	1.54051	1	1	1	1	1	1	0.232921	0.76539	0.76539	1	1	
0.736145	-nan	0.764459	1.5404	1	1	1	1	1	1	0.235156	0.764459	0.764459	1	1	
0.739759	-nan	0.763539	1.54029	1	1	1	1	1	1	0.237377	0.763539	0.763539	1	1	
0.743373	-nan	0.76263	1.54017	1	1	1	1	1	1	0.239582	0.76263	0.76263	1	1	
0.746988	-nan	0.761731	1.54005	1	1	1	1	1	1	0.241773	0.761731	0.761731	1	1	
0.750602	-nan	0.760843	1.53992	1	1	1	1	1	1	0.24395	0.760843	0.760843	1	1	
0.754217	-nan	0.759966	1.53979	1	1	1	1	1	1	0.246112	0.759966	0.759966	1	1	
0.757831	-nan	0.759099	1.53965	1	1	1	1	1	1	0.248261	0.759099	0.759099	1	1	
0.761446	-nan	0.758242	1.5395	1	1	1	1	1	1	0.250396	0.758242	0.758242	1	1	
0.76506	-nan	0.757395	1.53935	1	1	1	1	1	1	0.252517	0.757395	0.757395	1	1	
0.768675	-nan	0.756558	1.5392	1	1	1	1	1	1	0.254624	0.756558	0.756558	1	1	
0.772289	-nan	0.755732	1.53904	1	1	1	1	1	1	0.256719	0.755732	0.755732	1	1	
0.775904	-nan	0.754915	1.53887	1	1	1	1	1	1	0.2588	0.754915	0.754915	1	1	
0.779518	-nan	0.754108	1.5387	1	1	1	1	1	1	0.260868	0.754108	0.754108	1	1	
0.783133	-nan	0.753311	1.53853	1	1	1	1	1	1	0.262924	0.753311	0.753311	1	1	
0.786747	-nan	0.752523	1.53835	1	1	1	1	1	1	0.264967	0.752523	0.752523	1	1	
0.790361	-nan	0.751745	1.53816	1	1	1	1	1	1	0.266998	0.751745	0.751745	1	1	
0.793976	-nan	0.750976	1.53797	1	1	1	1	1	1	0.269017	0.750976	0.750976	1	1	
0.79759	-nan	0.750217	1.53778	1	1	1	1	1	1	0.271023	0.750217	0.750217	1	1	
0.801205	-nan	0.749467	1.53758	1	1	1	1	1	1	0.273018	0.749467	0.749467	1	1	
0.804819	-nan	0.748726	1.53738	1	1	1	1	1	1	0.275001	0.748726	0.748726	1	1	
0.808434	-nan	0.747994	1.53717	1	1	1	1	1	1	0.276973	0.747994	0.747994	1	1	
0.812048	-nan	0.747271	1.53695	1	1	1	1	1	1	0.278933	0.747271	0.747271	1	1	
0.815663	-nan	0.746558	1.53674	1	1	1	1	1	1	0.280882	0.746558	0.746558	1	1	
0.819277	-nan	0.745852	1.53651	1	1	1	1	1	1	0.28282	0.745852	0.745852	1	1	
0.822892	-nan	0.745156	1.53629	1	1	1	1	1	1	0.284747	0.745156	0.745156	1	1	
0.826506	-nan	0.744468	1.53606	1	1	1	1	1	1	0.286663	0.744468	0.744468	1	1	
0.83012	-nan	0.743789	1.53582	1	1	1	1	1	1	0.288569	0.743789	0.743789	1	1	
0.833735	-nan	0.743118	1.53558	1	1	1	1	1	1	0.290464	0.743118	0.743118	1	1	
0.837349	-nan	0.742456	1.53534	1	1	1	1	1	1	0.292349	0.742456	0.742456	1	1	
0.840964	-nan	0.741802	1.53509	1	1	1	1	1	1	0.294223	0.741802	0.741802	1	1	
0.844578	-nan	0.741156	1.53484	1	1	1	1	1	1	0.296088	0.741156	0.741156	1	1	
0.848193	-nan	0.740518	1.53458	1	1	1	1	1	1	0.297943	0.740518	0.740518	1	1	
0.851807	-nan	0.739888	1.53432	1	1	1	1	1	1	0.299787	0.739888	0.739888	1	1	
0.855422	-nan	0.739267	1.53405	1	1	1	1	1	1	0.301623	0.739267	0.739267	1	1	
0.859036	-nan	0.738653	1.53379	1	1	1	1	1	1	0.303448	0.738653	0.738653	1	1	
0.862651	-nan	0.738046	1.53351	1	1	1	1	1	1	0.305264	0.738046	0.738046	1	1	
0.866265	-nan	0.737448	1.53324	1	1	1	1	1	1	0.307071	0.737448	0.737448	1	1	
0.86988	-nan	0.736857	1.53295	1	1	1	1	1	1	0.308868	0.736857	0.736857	1	1	
0.873494	-nan	0.736274	1.53267	1	1	1	1	1	1	0.310657	0.736274	0.736274	1	1	
0.877108	-nan	0.735698	1.53238	1	1	1	1	1	1	0.312436	0.735698	0.735698	1	1	
0.880723	-nan	0.735129	1.53209	1	1	1	1	1	1	0.314206	0.735129	0.735129	1	1	
0.884337	-nan	0.734568	1.53179	1	1	1	1	1	1	0.315968	0.734568	0.734568	1	1	
0.887952	-nan	0.734014	1.53149	1	1	1	1	1	1	0.31772	0.734014	0.734014	1	1	
0.891566	-nan	0.733467	1.53119	1	1	1	1	1	1	0.319465	0.733467	0.733467	1	1	
0.895181	-nan	0.732927	1.53088	1	1	1	1	1	1	0.3212	0.732927	0.732927	1	1	
0.898795	-nan	0.732394	1.53057	1	1	1	1	1	1	0.322927	0.732394	0.732394	1	1	
0.90241	-nan	0.731868	1.53026	1	1	1	1	1	1	0.324646	0.731868	0.731868	1	1	
0.906024	-nan	0.731348	1.52994	1	1	1	1	1	1	0.326356	0.731348	0.731348	1	1	
0.909639	-nan	0.730836	1.52962	1	1	1	1	1	1	0.328058	0.730836	0.730836	1	1	
0.913253	-nan	0.73033	1.52929	1	1	1	1	1	1	0.329752	0.73033	0.73033	1	1	
0.916867	-nan	0.72983	1.52896	1	1	1	1	1	1	0.331438	0.72983	0.72983	1	1	
0.920482	-nan	0.729338	1.52863	1	1	1	1	1	1	0.333116	0.729338	0.729338	1	1	
0.924096	-nan	0.728851	1.52829	1	1	1	1	1	1	0.334786	0.728851	0.728851	1	1	
0.927711	-nan	0.728371	1.52796	1	1	1	1	1	1	0.336448	0.728371	0.728371	1	1	
0.931325	-nan	0.727897	1.52761	1	1	1	1	1	1	0.338102	0.727897	0.727897	1	1	
0.93494	-nan	0.72743	1.52727	1	1	1	1	1	1	0.339748	0.72743	0.72743	1	1	
0.938554	-nan	0.726969	1.52692	1	1	1	1	1	1	0.341387	0.726969	0.726969	1	1	
0.942169	-nan	0.726513	1.52657	1	1	1	1	1	1	0.343018	0.726513	0.726513	1	1	
0.945783	-nan	0.726064	1.52621	1	1	1	1	1	1	0.344642	0.726064	0.726064	1	1	
0.949398	-nan	0.72562	1.52585	1	1	1	1	1	1	0.346258	0.72562	0.72562	1	1	
0.953012	-nan	0.725183	1.52549	1	1	1	1	1	1	0.347866	0.725183	0.725183	1	1	
0.956627	-nan	0.724751	1.52513	1	1	1	1	1	1	0.349467	0.724751	0.724751	1	1	
0.960241	-nan	0.724325	1.52476	1	1	1	1	1	1	0.351061	0.724325	0.724325	1	1	
0.963855	-nan	0.723905	1.52439	1	1	1	1	1	1	0.352647	0.723905	0.723905	1	1	
0.96747	-nan	0.72349	1.52402	1	1	1	1	1	1	0.354226	0.72349	0.72349	1	1	
0.971084	-nan	0.723081	1.52364	1	1	1	1	1	1	0.355798	0.723081	0.723081	1	1	
0.974699	-nan	0.722677	1.52326	1	1	1	1	1	1	0.357363	0.722677	0.722677	1	1	
0.978313	-nan	0.722278	1.52288	1	1	1	1	1	1	0.35892	0.722278	0.722278	1	1	
0.981928	-nan	0.721885	1.52249	1	1	1	1	1	1	0.36047	0.721885	0.721885	1	1	
0.985542	-nan	0.721497	1.5221	1	1	1	1	1	1	0.362014	0.721497	0.721497	1	1	
0.989157	-nan	0.721114	1.52171	1	1	1	1	1	1	0.36355	0.721114	0.721114	1	1	
0.992771	-nan	0.720737	1.52132	1	1	1	1	1	1	0.365079	0.720737	0.720737	1	1	
0.996386	-nan	0.720364	1.52092	1	1	1	1	1	1	0.366601	0.720364	0.720364	1	1	
1	-nan	-nan	-nan	-nan	-nan	-nan	-nan	-nan	-nan	-nan	-nan	-nan	-nan	-nan	
