1e-05	-nan	0.508656	0.341418	1	1	1	1	1	1	3.01506	0.508656	0.508656	1	1	
1.03753e-05	-nan	0.508757	0.341476	1	1	1	1	1	1	3.01464	0.508757	0.508757	1	1	
1.07647e-05	-nan	0.508859	0.341536	1	1	1	1	1	1	3.01421	0.508859	0.508859	1	1	
1.11686e-05	-nan	0.508964	0.341596	1	1	1	1	1	1	3.01377	0.508964	0.508964	1	1	
1.15878e-05	-nan	0.50907	0.341657	1	1	1	1	1	1	3.01333	0.50907	0.50907	1	1	
1.20226e-05	-nan	0.509179	0.341719	1	1	1	1	1	1	3.01287	0.509179	0.509179	1	1	
1.24738e-05	-nan	0.50929	0.341782	1	1	1	1	1	1	3.01241	0.50929	0.50929	1	1	
1.2942e-05	-nan	0.509404	0.341846	1	1	1	1	1	1	3.01193	0.509404	0.509404	1	1	
1.34276e-05	-nan	0.50952	0.341911	1	1	1	1	1	1	3.01145	0.50952	0.50952	1	1	
1.39316e-05	-nan	0.509638	0.341978	1	1	1	1	1	1	3.01096	0.509638	0.509638	1	1	
1.44544e-05	-nan	0.509758	0.342045	1	1	1	1	1	1	3.01047	0.509758	0.509758	1	1	
1.49968e-05	-nan	0.509881	0.342114	1	1	1	1	1	1	3.00996	0.509881	0.509881	1	1	
1.55597e-05	-nan	0.510007	0.342183	1	1	1	1	1	1	3.00944	0.510007	0.510007	1	1	
1.61436e-05	-nan	0.510135	0.342254	1	1	1	1	1	1	3.00891	0.510135	0.510135	1	1	
1.67494e-05	-nan	0.510265	0.342326	1	1	1	1	1	1	3.00837	0.510265	0.510265	1	1	
1.7378e-05	-nan	0.510399	0.342399	1	1	1	1	1	1	3.00783	0.510399	0.510399	1	1	
1.80302e-05	-nan	0.510535	0.342473	1	1	1	1	1	1	3.00727	0.510535	0.510535	1	1	
1.87068e-05	-nan	0.510674	0.342549	1	1	1	1	1	1	3.0067	0.510674	0.510674	1	1	
1.94089e-05	-nan	0.510815	0.342626	1	1	1	1	1	1	3.00612	0.510815	0.510815	1	1	
2.01372e-05	-nan	0.51096	0.342704	1	1	1	1	1	1	3.00553	0.51096	0.51096	1	1	
2.0893e-05	-nan	0.511107	0.342783	1	1	1	1	1	1	3.00493	0.511107	0.511107	1	1	
2.1677e-05	-nan	0.511258	0.342864	1	1	1	1	1	1	3.00432	0.511258	0.511258	1	1	
2.24905e-05	-nan	0.511411	0.342946	1	1	1	1	1	1	3.0037	0.511411	0.511411	1	1	
2.33346e-05	-nan	0.511568	0.343029	1	1	1	1	1	1	3.00306	0.511568	0.511568	1	1	
2.42103e-05	-nan	0.511728	0.343114	1	1	1	1	1	1	3.00241	0.511728	0.511728	1	1	
2.51189e-05	-nan	0.511891	0.3432	1	1	1	1	1	1	3.00175	0.511891	0.511891	1	1	
2.60615e-05	-nan	0.512058	0.343287	1	1	1	1	1	1	3.00108	0.512058	0.512058	1	1	
2.70396e-05	-nan	0.512228	0.343376	1	1	1	1	1	1	3.00039	0.512228	0.512228	1	1	
2.80543e-05	-nan	0.512401	0.343466	1	1	1	1	1	1	2.9997	0.512401	0.512401	1	1	
2.91072e-05	-nan	0.512578	0.343558	1	1	1	1	1	1	2.99898	0.512578	0.512578	1	1	
3.01995e-05	-nan	0.512759	0.343651	1	1	1	1	1	1	2.99826	0.512759	0.512759	1	1	
3.13329e-05	-nan	0.512943	0.343746	1	1	1	1	1	1	2.99752	0.512943	0.512943	1	1	
3.25087e-05	-nan	0.513131	0.343842	1	1	1	1	1	1	2.99676	0.513131	0.513131	1	1	
3.37287e-05	-nan	0.513323	0.34394	1	1	1	1	1	1	2.996	0.513323	0.513323	1	1	
3.49945e-05	-nan	0.513519	0.34404	1	1	1	1	1	1	2.99521	0.513519	0.513519	1	1	
3.63078e-05	-nan	0.513718	0.344141	1	1	1	1	1	1	2.99441	0.513718	0.513718	1	1	
3.76704e-05	-nan	0.513922	0.344244	1	1	1	1	1	1	2.9936	0.513922	0.513922	1	1	
3.90841e-05	-nan	0.51413	0.344349	1	1	1	1	1	1	2.99277	0.51413	0.51413	1	1	
4.05509e-05	-nan	0.514343	0.344455	1	1	1	1	1	1	2.99193	0.514343	0.514343	1	1	
4.20727e-05	-nan	0.514559	0.344563	1	1	1	1	1	1	2.99106	0.514559	0.514559	1	1	
4.36516e-05	-nan	0.51478	0.344673	1	1	1	1	1	1	2.99018	0.51478	0.51478	1	1	
4.52898e-05	-nan	0.515006	0.344784	1	1	1	1	1	1	2.98929	0.515006	0.515006	1	1	
4.69894e-05	-nan	0.515236	0.344898	1	1	1	1	1	1	2.98838	0.515236	0.515236	1	1	
4.87528e-05	-nan	0.515471	0.345013	1	1	1	1	1	1	2.98744	0.515471	0.515471	1	1	
5.05825e-05	-nan	0.515711	0.34513	1	1	1	1	1	1	2.98649	0.515711	0.515711	1	1	
5.24807e-05	-nan	0.515955	0.345249	1	1	1	1	1	1	2.98553	0.515955	0.515955	1	1	
5.44503e-05	-nan	0.516205	0.34537	1	1	1	1	1	1	2.98454	0.516205	0.516205	1	1	
5.64937e-05	-nan	0.51646	0.345493	1	1	1	1	1	1	2.98353	0.51646	0.51646	1	1	
5.86138e-05	-nan	0.51672	0.345618	1	1	1	1	1	1	2.98251	0.51672	0.51672	1	1	
6.08135e-05	-nan	0.516985	0.345745	1	1	1	1	1	1	2.98146	0.516985	0.516985	1	1	
6.30957e-05	-nan	0.517255	0.345875	1	1	1	1	1	1	2.98039	0.517255	0.517255	1	1	
6.54636e-05	-nan	0.517532	0.346006	1	1	1	1	1	1	2.9793	0.517532	0.517532	1	1	
6.79204e-05	-nan	0.517814	0.34614	1	1	1	1	1	1	2.97819	0.517814	0.517814	1	1	
7.04693e-05	-nan	0.518101	0.346276	1	1	1	1	1	1	2.97706	0.518101	0.518101	1	1	
7.31139e-05	-nan	0.518395	0.346414	1	1	1	1	1	1	2.97591	0.518395	0.518395	1	1	
7.58578e-05	-nan	0.518694	0.346554	1	1	1	1	1	1	2.97473	0.518694	0.518694	1	1	
7.87046e-05	-nan	0.519	0.346697	1	1	1	1	1	1	2.97353	0.519	0.519	1	1	
8.16582e-05	-nan	0.519312	0.346842	1	1	1	1	1	1	2.9723	0.519312	0.519312	1	1	
8.47227e-05	-nan	0.51963	0.34699	1	1	1	1	1	1	2.97105	0.51963	0.51963	1	1	
8.79023e-05	-nan	0.519955	0.34714	1	1	1	1	1	1	2.96978	0.519955	0.519955	1	1	
9.12011e-05	-nan	0.520286	0.347292	1	1	1	1	1	1	2.96848	0.520286	0.520286	1	1	
9.46237e-05	-nan	0.520625	0.347447	1	1	1	1	1	1	2.96715	0.520625	0.520625	1	1	
9.81748e-05	-nan	0.52097	0.347605	1	1	1	1	1	1	2.9658	0.52097	0.52097	1	1	
0.000101859	-nan	0.521322	0.347766	1	1	1	1	1	1	2.96441	0.521322	0.521322	1	1	
0.000105682	-nan	0.521681	0.347929	1	1	1	1	1	1	2.96301	0.521681	0.521681	1	1	
0.000109648	-nan	0.522048	0.348095	1	1	1	1	1	1	2.96157	0.522048	0.522048	1	1	
0.000113763	-nan	0.522422	0.348264	1	1	1	1	1	1	2.9601	0.522422	0.522422	1	1	
0.000118032	-nan	0.522804	0.348435	1	1	1	1	1	1	2.9586	0.522804	0.522804	1	1	
0.000122462	-nan	0.523194	0.34861	1	1	1	1	1	1	2.95708	0.523194	0.523194	1	1	
0.000127057	-nan	0.523592	0.348788	1	1	1	1	1	1	2.95552	0.523592	0.523592	1	1	
0.000131826	-nan	0.523998	0.348968	1	1	1	1	1	1	2.95393	0.523998	0.523998	1	1	
0.000136773	-nan	0.524412	0.349152	1	1	1	1	1	1	2.9523	0.524412	0.524412	1	1	
0.000141906	-nan	0.524835	0.349339	1	1	1	1	1	1	2.95065	0.524835	0.524835	1	1	
0.000147231	-nan	0.525266	0.349529	1	1	1	1	1	1	2.94895	0.525266	0.525266	1	1	
0.000152757	-nan	0.525706	0.349723	1	1	1	1	1	1	2.94723	0.525706	0.525706	1	1	
0.000158489	-nan	0.526155	0.34992	1	1	1	1	1	1	2.94547	0.526155	0.526155	1	1	
0.000164437	-nan	0.526614	0.35012	1	1	1	1	1	1	2.94367	0.526614	0.526614	1	1	
0.000170608	-nan	0.527082	0.350324	1	1	1	1	1	1	2.94183	0.527082	0.527082	1	1	
0.000177011	-nan	0.527559	0.350532	1	1	1	1	1	1	2.93996	0.527559	0.527559	1	1	
0.000183654	-nan	0.528046	0.350743	1	1	1	1	1	1	2.93804	0.528046	0.528046	1	1	
0.000190546	-nan	0.528543	0.350958	1	1	1	1	1	1	2.93609	0.528543	0.528543	1	1	
0.000197697	-nan	0.52905	0.351177	1	1	1	1	1	1	2.9341	0.52905	0.52905	1	1	
0.000205116	-nan	0.529568	0.3514	1	1	1	1	1	1	2.93206	0.529568	0.529568	1	1	
0.000212814	-nan	0.530096	0.351627	1	1	1	1	1	1	2.92998	0.530096	0.530096	1	1	
0.0002208	-nan	0.530635	0.351857	1	1	1	1	1	1	2.92786	0.530635	0.530635	1	1	
0.000229087	-nan	0.531185	0.352093	1	1	1	1	1	1	2.92569	0.531185	0.531185	1	1	
0.000237684	-nan	0.531747	0.352332	1	1	1	1	1	1	2.92347	0.531747	0.531747	1	1	
0.000246604	-nan	0.53232	0.352576	1	1	1	1	1	1	2.92121	0.53232	0.53232	1	1	
0.000255859	-nan	0.532904	0.352824	1	1	1	1	1	1	2.9189	0.532904	0.532904	1	1	
0.000265461	-nan	0.533501	0.353077	1	1	1	1	1	1	2.91655	0.533501	0.533501	1	1	
0.000275423	-nan	0.534109	0.353334	1	1	1	1	1	1	2.91414	0.534109	0.534109	1	1	
0.000285759	-nan	0.534731	0.353597	1	1	1	1	1	1	2.91168	0.534731	0.534731	1	1	
0.000296483	-nan	0.535365	0.353864	1	1	1	1	1	1	2.90916	0.535365	0.535365	1	1	
0.00030761	-nan	0.536012	0.354136	1	1	1	1	1	1	2.9066	0.536012	0.536012	1	1	
0.000319154	-nan	0.536672	0.354413	1	1	1	1	1	1	2.90397	0.536672	0.536672	1	1	
0.000331131	-nan	0.537345	0.354696	1	1	1	1	1	1	2.90129	0.537345	0.537345	1	1	
0.000343558	-nan	0.538033	0.354984	1	1	1	1	1	1	2.89856	0.538033	0.538033	1	1	
0.000356451	-nan	0.538734	0.355278	1	1	1	1	1	1	2.89576	0.538734	0.538734	1	1	
0.000369828	-nan	0.53945	0.355577	1	1	1	1	1	1	2.8929	0.53945	0.53945	1	1	
0.000383707	-nan	0.540181	0.355882	1	1	1	1	1	1	2.88998	0.540181	0.540181	1	1	
0.000398107	-nan	0.540926	0.356193	1	1	1	1	1	1	2.887	0.540926	0.540926	1	1	
0.000413048	-nan	0.541687	0.356511	1	1	1	1	1	1	2.88395	0.541687	0.541687	1	1	
0.000428549	-nan	0.542463	0.356834	1	1	1	1	1	1	2.88083	0.542463	0.542463	1	1	
0.000444631	-nan	0.543255	0.357164	1	1	1	1	1	1	2.87765	0.543255	0.543255	1	1	
0.000461318	-nan	0.544063	0.357501	1	1	1	1	1	1	2.8744	0.544063	0.544063	1	1	
0.00047863	-nan	0.544888	0.357844	1	1	1	1	1	1	2.87107	0.544888	0.544888	1	1	
0.000496592	-nan	0.54573	0.358194	1	1	1	1	1	1	2.86767	0.54573	0.54573	1	1	
0.000515229	-nan	0.546589	0.358552	1	1	1	1	1	1	2.8642	0.546589	0.546589	1	1	
0.000534564	-nan	0.547465	0.358917	1	1	1	1	1	1	2.86065	0.547465	0.547465	1	1	
0.000554626	-nan	0.54836	0.359289	1	1	1	1	1	1	2.85701	0.54836	0.54836	1	1	
0.00057544	-nan	0.549272	0.359669	1	1	1	1	1	1	2.8533	0.549272	0.549272	1	1	
0.000597035	-nan	0.550203	0.360057	1	1	1	1	1	1	2.84951	0.550203	0.550203	1	1	
0.000619441	-nan	0.551154	0.360453	1	1	1	1	1	1	2.84563	0.551154	0.551154	1	1	
0.000642688	-nan	0.552123	0.360858	1	1	1	1	1	1	2.84166	0.552123	0.552123	1	1	
0.000666807	-nan	0.553113	0.361271	1	1	1	1	1	1	2.83761	0.553113	0.553113	1	1	
0.000691831	-nan	0.554123	0.361693	1	1	1	1	1	1	2.83346	0.554123	0.554123	1	1	
0.000717794	-nan	0.555153	0.362125	1	1	1	1	1	1	2.82922	0.555153	0.555153	1	1	
0.000744732	-nan	0.556204	0.362566	1	1	1	1	1	1	2.82488	0.556204	0.556204	1	1	
0.000772681	-nan	0.557277	0.363016	1	1	1	1	1	1	2.82045	0.557277	0.557277	1	1	
0.000801678	-nan	0.558371	0.363477	1	1	1	1	1	1	2.81591	0.558371	0.558371	1	1	
0.000831764	-nan	0.559488	0.363948	1	1	1	1	1	1	2.81128	0.559488	0.559488	1	1	
0.000862979	-nan	0.560628	0.364429	1	1	1	1	1	1	2.80653	0.560628	0.560628	1	1	
0.000895365	-nan	0.561791	0.364922	1	1	1	1	1	1	2.80168	0.561791	0.561791	1	1	
0.000928966	-nan	0.562977	0.365426	1	1	1	1	1	1	2.79672	0.562977	0.562977	1	1	
0.000963829	-nan	0.564188	0.365941	1	1	1	1	1	1	2.79165	0.564188	0.564188	1	1	
0.001	-nan	0.565423	0.366469	1	1	1	1	1	1	2.78646	0.565423	0.565423	1	1	
0.00103753	-nan	0.566683	0.367009	1	1	1	1	1	1	2.78115	0.566683	0.566683	1	1	
0.00107647	-nan	0.567969	0.367562	1	1	1	1	1	1	2.77571	0.567969	0.567969	1	1	
0.00111686	-nan	0.569281	0.368128	1	1	1	1	1	1	2.77016	0.569281	0.569281	1	1	
0.00115878	-nan	0.57062	0.368707	1	1	1	1	1	1	2.76447	0.57062	0.57062	1	1	
0.00120226	-nan	0.571985	0.369301	1	1	1	1	1	1	2.75866	0.571985	0.571985	1	1	
0.00124738	-nan	0.573379	0.36991	1	1	1	1	1	1	2.75271	0.573379	0.573379	1	1	
0.0012942	-nan	0.574801	0.370533	1	1	1	1	1	1	2.74662	0.574801	0.574801	1	1	
0.00134276	-nan	0.576251	0.371172	1	1	1	1	1	1	2.74039	0.576251	0.576251	1	1	
0.00139316	-nan	0.577731	0.371827	1	1	1	1	1	1	2.73402	0.577731	0.577731	1	1	
0.00144544	-nan	0.579241	0.372499	1	1	1	1	1	1	2.7275	0.579241	0.579241	1	1	
0.00149968	-nan	0.580781	0.373189	1	1	1	1	1	1	2.72083	0.580781	0.580781	1	1	
0.00155597	-nan	0.582352	0.373896	1	1	1	1	1	1	2.71401	0.582352	0.582352	1	1	
0.00161436	-nan	0.583955	0.374621	1	1	1	1	1	1	2.70702	0.583955	0.583955	1	1	
0.00167494	-nan	0.58559	0.375366	1	1	1	1	1	1	2.69988	0.58559	0.58559	1	1	
0.0017378	-nan	0.587259	0.376131	1	1	1	1	1	1	2.69257	0.587259	0.587259	1	1	
0.00180302	-nan	0.58896	0.376917	1	1	1	1	1	1	2.68509	0.58896	0.58896	1	1	
0.00187068	-nan	0.590696	0.377723	1	1	1	1	1	1	2.67744	0.590696	0.590696	1	1	
0.00194089	-nan	0.592467	0.378552	1	1	1	1	1	1	2.6696	0.592467	0.592467	1	1	
0.00201372	-nan	0.594273	0.379404	1	1	1	1	1	1	2.66159	0.594273	0.594273	1	1	
0.0020893	-nan	0.596116	0.38028	1	1	1	1	1	1	2.65339	0.596116	0.596116	1	1	
0.0021677	-nan	0.597995	0.381181	1	1	1	1	1	1	2.645	0.597995	0.597995	1	1	
0.00224905	-nan	0.599911	0.382107	1	1	1	1	1	1	2.63642	0.599911	0.599911	1	1	
0.00233346	-nan	0.601866	0.38306	1	1	1	1	1	1	2.62764	0.601866	0.601866	1	1	
0.00242103	-nan	0.60386	0.384041	1	1	1	1	1	1	2.61865	0.60386	0.60386	1	1	
0.00251189	-nan	0.605893	0.385051	1	1	1	1	1	1	2.60946	0.605893	0.605893	1	1	
0.00260615	-nan	0.607967	0.386091	1	1	1	1	1	1	2.60006	0.607967	0.607967	1	1	
0.00270396	-nan	0.610082	0.387162	1	1	1	1	1	1	2.59044	0.610082	0.610082	1	1	
0.00280543	-nan	0.612239	0.388266	1	1	1	1	1	1	2.58059	0.612239	0.612239	1	1	
0.00291072	-nan	0.614438	0.389404	1	1	1	1	1	1	2.57053	0.614438	0.614438	1	1	
0.00301995	-nan	0.61668	0.390576	1	1	1	1	1	1	2.56023	0.61668	0.61668	1	1	
0.00313329	-nan	0.618967	0.391786	1	1	1	1	1	1	2.54969	0.618967	0.618967	1	1	
0.00325087	-nan	0.621298	0.393034	1	1	1	1	1	1	2.53892	0.621298	0.621298	1	1	
0.00337287	-nan	0.623675	0.394321	1	1	1	1	1	1	2.5279	0.623675	0.623675	1	1	
0.00349945	-nan	0.626098	0.395651	1	1	1	1	1	1	2.51663	0.626098	0.626098	1	1	
0.00363078	-nan	0.628569	0.397023	1	1	1	1	1	1	2.50511	0.628569	0.628569	1	1	
0.00376704	-nan	0.631087	0.398441	1	1	1	1	1	1	2.49333	0.631087	0.631087	1	1	
0.00390841	-nan	0.633654	0.399906	1	1	1	1	1	1	2.48129	0.633654	0.633654	1	1	
0.00405509	-nan	0.636271	0.40142	1	1	1	1	1	1	2.46897	0.636271	0.636271	1	1	
0.00420727	-nan	0.638937	0.402985	1	1	1	1	1	1	2.45638	0.638937	0.638937	1	1	
0.00436516	-nan	0.641655	0.404605	1	1	1	1	1	1	2.44352	0.641655	0.641655	1	1	
0.00452898	-nan	0.644425	0.40628	1	1	1	1	1	1	2.43037	0.644425	0.644425	1	1	
0.00469894	-nan	0.647248	0.408014	1	1	1	1	1	1	2.41694	0.647248	0.647248	1	1	
0.00487528	-nan	0.650124	0.409809	1	1	1	1	1	1	2.40321	0.650124	0.650124	1	1	
0.00505825	-nan	0.653054	0.411669	1	1	1	1	1	1	2.38919	0.653054	0.653054	1	1	
0.00524807	-nan	0.65604	0.413595	1	1	1	1	1	1	2.37486	0.65604	0.65604	1	1	
0.00544503	-nan	0.659081	0.415591	1	1	1	1	1	1	2.36024	0.659081	0.659081	1	1	
0.00564937	-nan	0.662179	0.417661	1	1	1	1	1	1	2.3453	0.662179	0.662179	1	1	
0.00586138	-nan	0.665334	0.419808	1	1	1	1	1	1	2.33005	0.665334	0.665334	1	1	
0.00608135	-nan	0.668547	0.422035	1	1	1	1	1	1	2.31449	0.668547	0.668547	1	1	
0.00630957	-nan	0.67182	0.424347	1	1	1	1	1	1	2.2986	0.67182	0.67182	1	1	
0.00654636	-nan	0.675151	0.426746	1	1	1	1	1	1	2.28239	0.675151	0.675151	1	1	
0.00679204	-nan	0.678543	0.429239	1	1	1	1	1	1	2.26586	0.678543	0.678543	1	1	
0.00704693	-nan	0.681996	0.431828	1	1	1	1	1	1	2.24899	0.681996	0.681996	1	1	
0.00731139	-nan	0.685511	0.434519	1	1	1	1	1	1	2.2318	0.685511	0.685511	1	1	
0.00758578	-nan	0.689088	0.437317	1	1	1	1	1	1	2.21427	0.689088	0.689088	1	1	
0.00787046	-nan	0.692728	0.440227	1	1	1	1	1	1	2.1964	0.692728	0.692728	1	1	
0.00816582	-nan	0.696431	0.443254	1	1	1	1	1	1	2.1782	0.696431	0.696431	1	1	
0.00847227	-nan	0.700198	0.446404	1	1	1	1	1	1	2.15966	0.700198	0.700198	1	1	
0.00879023	-nan	0.70403	0.449683	1	1	1	1	1	1	2.14078	0.70403	0.70403	1	1	
0.00912011	-nan	0.707927	0.453098	1	1	1	1	1	1	2.12156	0.707927	0.707927	1	1	
0.00946237	-nan	0.711889	0.456655	1	1	1	1	1	1	2.102	0.711889	0.711889	1	1	
0.00981748	-nan	0.715916	0.460362	1	1	1	1	1	1	2.0821	0.715916	0.715916	1	1	
0.0101859	-nan	0.72001	0.464226	1	1	1	1	1	1	2.06186	0.72001	0.72001	1	1	
0.0105682	-nan	0.72417	0.468254	1	1	1	1	1	1	2.04128	0.72417	0.72417	1	1	
0.0109648	-nan	0.728397	0.472455	1	1	1	1	1	1	2.02037	0.728397	0.728397	1	1	
0.0113763	-nan	0.73269	0.476837	1	1	1	1	1	1	1.99913	0.73269	0.73269	1	1	
0.0118032	-nan	0.73705	0.48141	1	1	1	1	1	1	1.97755	0.73705	0.73705	1	1	
0.0122462	-nan	0.741477	0.486183	1	1	1	1	1	1	1.95565	0.741477	0.741477	1	1	
0.0127057	-nan	0.74597	0.491165	1	1	1	1	1	1	1.93343	0.74597	0.74597	1	1	
0.0131826	-nan	0.750529	0.496367	1	1	1	1	1	1	1.9109	0.750529	0.750529	1	1	
0.0136773	-nan	0.755154	0.501799	1	1	1	1	1	1	1.88805	0.755154	0.755154	1	1	
0.0141906	-nan	0.759845	0.507473	1	1	1	1	1	1	1.8649	0.759845	0.759845	1	1	
0.0147231	-nan	0.7646	0.5134	1	1	1	1	1	1	1.84145	0.7646	0.7646	1	1	
0.0152757	-nan	0.769421	0.519592	1	1	1	1	1	1	1.81772	0.769421	0.769421	1	1	
0.0158489	-nan	0.774304	0.526062	1	1	1	1	1	1	1.7937	0.774304	0.774304	1	1	
0.0164437	-nan	0.77925	0.532821	1	1	1	1	1	1	1.76942	0.77925	0.77925	1	1	
0.0170608	-nan	0.784258	0.539883	1	1	1	1	1	1	1.74487	0.784258	0.784258	1	1	
0.0177011	-nan	0.789326	0.547261	1	1	1	1	1	1	1.72008	0.789326	0.789326	1	1	
0.0183654	-nan	0.794453	0.554968	1	1	1	1	1	1	1.69505	0.794453	0.794453	1	1	
0.0190546	-nan	0.799637	0.563019	1	1	1	1	1	1	1.66979	0.799637	0.799637	1	1	
0.0197697	-nan	0.804876	0.571426	1	1	1	1	1	1	1.64433	0.804876	0.804876	1	1	
0.0205116	-nan	0.810169	0.580203	1	1	1	1	1	1	1.61866	0.810169	0.810169	1	1	
0.0212814	-nan	0.815514	0.589365	1	1	1	1	1	1	1.59282	0.815514	0.815514	1	1	
0.02208	-nan	0.820907	0.598923	1	1	1	1	1	1	1.56681	0.820907	0.820907	1	1	
0.0229087	-nan	0.826347	0.608891	1	1	1	1	1	1	1.54065	0.826347	0.826347	1	1	
0.0237684	-nan	0.831831	0.619281	1	1	1	1	1	1	1.51435	0.831831	0.831831	1	1	
0.0246604	-nan	0.837355	0.630103	1	1	1	1	1	1	1.48795	0.837355	0.837355	1	1	
0.0255859	-nan	0.842916	0.641369	1	1	1	1	1	1	1.46144	0.842916	0.842916	1	1	
0.0265461	-nan	0.84851	0.653088	1	1	1	1	1	1	1.43486	0.84851	0.84851	1	1	
0.0275423	-nan	0.854134	0.665266	1	1	1	1	1	1	1.40822	0.854134	0.854134	1	1	
0.0285759	-nan	0.859784	0.677909	1	1	1	1	1	1	1.38154	0.859784	0.859784	1	1	
0.0296483	-nan	0.865455	0.691022	1	1	1	1	1	1	1.35485	0.865455	0.865455	1	1	
0.030761	-nan	0.871142	0.704605	1	1	1	1	1	1	1.32816	0.871142	0.871142	1	1	
0.0319154	-nan	0.87684	0.718657	1	1	1	1	1	1	1.30149	0.87684	0.87684	1	1	
0.0331131	-nan	0.882544	0.733173	1	1	1	1	1	1	1.27487	0.882544	0.882544	1	1	
0.0343558	-nan	0.888248	0.748145	1	1	1	1	1	1	1.24832	0.888248	0.888248	1	1	
0.0356451	-nan	0.893946	0.763564	1	1	1	1	1	1	1.22186	0.893946	0.893946	1	1	
0.0369828	-nan	0.899633	0.779413	1	1	1	1	1	1	1.19551	0.899633	0.899633	1	1	
0.0383707	-nan	0.9053	0.795673	1	1	1	1	1	1	1.1693	0.9053	0.9053	1	1	
0.0398107	-nan	0.910942	0.812323	1	1	1	1	1	1	1.14324	0.910942	0.910942	1	1	
0.0413048	-nan	0.91655	0.829335	1	1	1	1	1	1	1.11736	0.91655	0.91655	1	1	
0.0428549	-nan	0.922118	0.846679	1	1	1	1	1	1	1.09168	0.922118	0.922118	1	1	
0.0444631	-nan	0.927637	0.864319	1	1	1	1	1	1	1.06623	0.927637	0.927637	1	1	
0.0461318	-nan	0.9331	0.882217	1	1	1	1	1	1	1.04101	0.9331	0.9331	1	1	
0.047863	-nan	0.938498	0.900331	1	1	1	1	1	1	1.01606	0.938498	0.938498	1	1	
0.0496592	-nan	0.943821	0.918617	1	1	1	1	1	1	0.991387	0.943821	0.943821	1	1	
0.0515229	-nan	0.949062	0.937027	1	1	1	1	1	1	0.967019	0.949062	0.949062	1	1	
0.0534564	-nan	0.954211	0.955511	1	1	1	1	1	1	0.942973	0.954211	0.954211	1	1	
0.0554626	-nan	0.959259	0.97402	1	1	1	1	1	1	0.919265	0.959259	0.959259	1	1	
0.057544	-nan	0.964195	0.992502	1	1	1	1	1	1	0.895913	0.964195	0.964195	1	1	
0.0597035	-nan	0.969011	1.01091	1	1	1	1	1	1	0.872935	0.969011	0.969011	1	1	
0.0619441	-nan	0.973697	1.02918	1	1	1	1	1	1	0.850345	0.973697	0.973697	1	1	
0.0642688	-nan	0.978243	1.04728	1	1	1	1	1	1	0.828158	0.978243	0.978243	1	1	
0.0666807	-nan	0.982639	1.06516	1	1	1	1	1	1	0.806388	0.982639	0.982639	1	1	
0.0691831	-nan	0.986876	1.08276	1	1	1	1	1	1	0.785047	0.986876	0.986876	1	1	
0.0717794	-nan	0.990943	1.10006	1	1	1	1	1	1	0.764148	0.990943	0.990943	1	1	
0.0744732	-nan	0.994832	1.11702	1	1	1	1	1	1	0.743701	0.994832	0.994832	1	1	
0.0772681	-nan	0.998533	1.1336	1	1	1	1	1	1	0.723715	0.998533	0.998533	1	1	
0.0801678	-nan	1.00204	1.14976	1	1	1	1	1	1	0.7042	1.00204	1.00204	1	1	
0.0831764	-nan	1.00533	1.1655	1	1	1	1	1	1	0.685163	1.00533	1.00533	1	1	
0.0862979	-nan	1.00842	1.18078	1	1	1	1	1	1	0.66661	1.00842	1.00842	1	1	
0.0895365	-nan	1.01128	1.19559	1	1	1	1	1	1	0.648547	1.01128	1.01128	1	1	
0.0928966	-nan	1.01391	1.20991	1	1	1	1	1	1	0.630978	1.01391	1.01391	1	1	
0.0963829	-nan	1.01631	1.22374	1	1	1	1	1	1	0.613908	1.01631	1.01631	1	1	
0.1	-nan	1.01846	1.23706	1	1	1	1	1	1	0.597337	1.01846	1.01846	1	1	
0.103614	-nan	1.02031	1.24941	1	1	1	1	1	1	0.581843	1.02031	1.02031	1	1	
0.107229	-nan	1.02186	1.26089	1	1	1	1	1	1	0.567323	1.02186	1.02186	1	1	
0.110843	-nan	1.02315	1.27157	1	1	1	1	1	1	0.553699	1.02315	1.02315	1	1	
0.114458	-nan	1.02421	1.2815	1	1	1	1	1	1	0.5409	1.02421	1.02421	1	1	
0.118072	-nan	1.02503	1.29075	1	1	1	1	1	1	0.528862	1.02503	1.02503	1	1	
0.121687	-nan	1.02566	1.29938	1	1	1	1	1	1	0.517528	1.02566	1.02566	1	1	
0.125301	-nan	1.02609	1.30742	1	1	1	1	1	1	0.506846	1.02609	1.02609	1	1	
0.128916	-nan	1.02636	1.31492	1	1	1	1	1	1	0.496768	1.02636	1.02636	1	1	
0.13253	-nan	1.02646	1.32192	1	1	1	1	1	1	0.487251	1.02646	1.02646	1	1	
0.136145	-nan	1.02642	1.32846	1	1	1	1	1	1	0.478258	1.02642	1.02642	1	1	
0.139759	-nan	1.02625	1.33456	1	1	1	1	1	1	0.469753	1.02625	1.02625	1	1	
0.143373	-nan	1.02595	1.34026	1	1	1	1	1	1	0.461702	1.02595	1.02595	1	1	
0.146988	-nan	1.02554	1.34557	1	1	1	1	1	1	0.454078	1.02554	1.02554	1	1	
0.150602	-nan	1.02502	1.35054	1	1	1	1	1	1	0.446853	1.02502	1.02502	1	1	
0.154217	-nan	1.02441	1.35516	1	1	1	1	1	1	0.440003	1.02441	1.02441	1	1	
0.157831	-nan	1.02372	1.35948	1	1	1	1	1	1	0.433505	1.02372	1.02372	1	1	
0.161446	-nan	1.02294	1.3635	1	1	1	1	1	1	0.427338	1.02294	1.02294	1	1	
0.16506	-nan	1.02209	1.36724	1	1	1	1	1	1	0.421484	1.02209	1.02209	1	1	
0.168675	-nan	1.02118	1.37071	1	1	1	1	1	1	0.415925	1.02118	1.02118	1	1	
0.172289	-nan	1.0202	1.37394	1	1	1	1	1	1	0.410646	1.0202	1.0202	1	1	
0.175904	-nan	1.01917	1.37692	1	1	1	1	1	1	0.405631	1.01917	1.01917	1	1	
0.179518	-nan	1.01809	1.37969	1	1	1	1	1	1	0.400866	1.01809	1.01809	1	1	
0.183133	-nan	1.01697	1.38223	1	1	1	1	1	1	0.39634	1.01697	1.01697	1	1	
0.186747	-nan	1.0158	1.38458	1	1	1	1	1	1	0.392042	1.0158	1.0158	1	1	
0.190361	-nan	1.0146	1.38673	1	1	1	1	1	1	0.38796	1.0146	1.0146	1	1	
0.193976	-nan	1.01336	1.38869	1	1	1	1	1	1	0.384084	1.01336	1.01336	1	1	
0.19759	-nan	1.01209	1.39048	1	1	1	1	1	1	0.380407	1.01209	1.01209	1	1	
0.201205	-nan	1.01079	1.3921	1	1	1	1	1	1	0.376919	1.01079	1.01079	1	1	
0.204819	-nan	1.00947	1.39356	1	1	1	1	1	1	0.373613	1.00947	1.00947	1	1	
0.208434	-nan	1.00813	1.39486	1	1	1	1	1	1	0.370482	1.00813	1.00813	1	1	
0.212048	-nan	1.00677	1.39601	1	1	1	1	1	1	0.36752	1.00677	1.00677	1	1	
0.215663	-nan	1.0054	1.39702	1	1	1	1	1	1	0.364721	1.0054	1.0054	1	1	
0.219277	-nan	1.00401	1.39789	1	1	1	1	1	1	0.36208	1.00401	1.00401	1	1	
0.222892	-nan	1.0026	1.39863	1	1	1	1	1	1	0.359592	1.0026	1.0026	1	1	
0.226506	-nan	1.00119	1.39924	1	1	1	1	1	1	0.357252	1.00119	1.00119	1	1	
0.23012	-nan	0.999763	1.39974	1	1	1	1	1	1	0.355057	0.999763	0.999763	1	1	
0.233735	-nan	0.998332	1.40011	1	1	1	1	1	1	0.353002	0.998332	0.998332	1	1	
0.237349	-nan	0.996895	1.40037	1	1	1	1	1	1	0.351086	0.996895	0.996895	1	1	
0.240964	-nan	0.995453	1.40053	1	1	1	1	1	1	0.349304	0.995453	0.995453	1	1	
0.244578	-nan	0.994008	1.40057	1	1	1	1	1	1	0.347655	0.994008	0.994008	1	1	
0.248193	-nan	0.99256	1.40052	1	1	1	1	1	1	0.346136	0.99256	0.99256	1	1	
0.251807	-nan	0.991111	1.40037	1	1	1	1	1	1	0.344745	0.991111	0.991111	1	1	
0.255422	-nan	0.989662	1.40013	1	1	1	1	1	1	0.343482	0.989662	0.989662	1	1	
0.259036	-nan	0.988214	1.39979	1	1	1	1	1	1	0.342344	0.988214	0.988214	1	1	
0.262651	-nan	0.986767	1.39937	1	1	1	1	1	1	0.34133	0.986767	0.986767	1	1	
0.266265	-nan	0.985322	1.39886	1	1	1	1	1	1	0.340441	0.985322	0.985322	1	1	
0.26988	-nan	0.98388	1.39827	1	1	1	1	1	1	0.339675	0.98388	0.98388	1	1	
0.273494	-nan	0.982442	1.3976	1	1	1	1	1	1	0.339032	0.982442	0.982442	1	1	
0.277108	-nan	0.981008	1.39685	1	1	1	1	1	1	0.338513	0.981008	0.981008	1	1	
0.280723	-nan	0.979579	1.39603	1	1	1	1	1	1	0.338118	0.979579	0.979579	1	1	
0.284337	-nan	0.978155	1.39513	1	1	1	1	1	1	0.337846	0.978155	0.978155	1	1	
0.287952	-nan	0.976737	1.39417	1	1	1	1	1	1	0.3377	0.976737	0.976737	1	1	
0.291566	-nan	0.975324	1.39314	1	1	1	1	1	1	0.337681	0.975324	0.975324	1	1	
0.295181	-nan	0.973919	1.39205	1	1	1	1	1	1	0.337789	0.973919	0.973919	1	1	
0.298795	-nan	0.97252	1.39089	1	1	1	1	1	1	0.338025	0.97252	0.97252	1	1	
0.30241	-nan	0.971129	1.38967	1	1	1	1	1	1	0.338393	0.971129	0.971129	1	1	
0.306024	-nan	0.969745	1.38839	1	1	1	1	1	1	0.338894	0.969745	0.969745	1	1	
0.309639	-nan	0.968368	1.38706	1	1	1	1	1	1	0.33953	0.968368	0.968368	1	1	
0.313253	-nan	0.967	1.38567	1	1	1	1	1	1	0.340303	0.967	0.967	1	1	
0.316867	-nan	0.96564	1.38422	1	1	1	1	1	1	0.341217	0.96564	0.96564	1	1	
0.320482	-nan	0.964289	1.38273	1	1	1	1	1	1	0.342274	0.964289	0.964289	1	1	
0.324096	-nan	0.962946	1.38118	1	1	1	1	1	1	0.343478	0.962946	0.962946	1	1	
0.327711	-nan	0.961611	1.37959	1	1	1	1	1	1	0.344832	0.961611	0.961611	1	1	
0.331325	-nan	0.960286	1.37795	1	1	1	1	1	1	0.34634	0.960286	0.960286	1	1	
0.33494	-nan	0.95897	1.37626	1	1	1	1	1	1	0.348005	0.95897	0.95897	1	1	
0.338554	-nan	0.957663	1.37453	1	1	1	1	1	1	0.349832	0.957663	0.957663	1	1	
0.342169	-nan	0.956365	1.37276	1	1	1	1	1	1	0.351826	0.956365	0.956365	1	1	
0.345783	-nan	0.955076	1.37095	1	1	1	1	1	1	0.35399	0.955076	0.955076	1	1	
0.349398	-nan	0.953797	1.36909	1	1	1	1	1	1	0.356331	0.953797	0.953797	1	1	
0.353012	-nan	0.952527	1.3672	1	1	1	1	1	1	0.358852	0.952527	0.952527	1	1	
0.356627	-nan	0.951267	1.36528	1	1	1	1	1	1	0.361559	0.951267	0.951267	1	1	
0.360241	-nan	0.950016	1.36331	1	1	1	1	1	1	0.364459	0.950016	0.950016	1	1	
0.363855	-nan	0.948775	1.36131	1	1	1	1	1	1	0.367556	0.948775	0.948775	1	1	
0.36747	-nan	0.947543	1.35928	1	1	1	1	1	1	0.370856	0.947543	0.947543	1	1	
0.371084	-nan	0.946321	1.35722	1	1	1	1	1	1	0.374366	0.946321	0.946321	1	1	
0.374699	-nan	0.945108	1.35513	1	1	1	1	1	1	0.378093	0.945108	0.945108	1	1	
0.378313	-nan	0.943905	1.35301	1	1	1	1	1	1	0.382042	0.943905	0.943905	1	1	
0.381928	-nan	0.942712	1.35085	1	1	1	1	1	1	0.38622	0.942712	0.942712	1	1	
0.385542	-nan	0.941528	1.34868	1	1	1	1	1	1	0.390635	0.941528	0.941528	1	1	
0.389157	-nan	0.940353	1.34647	1	1	1	1	1	1	0.395293	0.940353	0.940353	1	1	
0.392771	-nan	0.939189	1.34424	1	1	1	1	1	1	0.4002	0.939189	0.939189	1	1	
0.396386	-nan	0.938033	1.34199	1	1	1	1	1	1	0.405365	0.938033	0.938033	1	1	
0.4	-nan	0.936887	1.33971	1	1	1	1	1	1	0.410795	0.936887	0.936887	1	1	
0.403614	-nan	0.935751	1.33741	1	1	1	1	1	1	0.416495	0.935751	0.935751	1	1	
0.407229	-nan	0.934623	1.33509	1	1	1	1	1	1	0.422474	0.934623	0.934623	1	1	
0.410843	-nan	0.933505	1.33275	1	1	1	1	1	1	0.428738	0.933505	0.933505	1	1	
0.414458	-nan	0.932397	1.33038	1	1	1	1	1	1	0.435295	0.932397	0.932397	1	1	
0.418072	-nan	0.931297	1.32801	1	1	1	1	1	1	0.44215	0.931297	0.931297	1	1	
0.421687	-nan	0.930207	1.32561	1	1	1	1	1	1	0.449311	0.930207	0.930207	1	1	
0.425301	-nan	0.929126	1.3232	1	1	1	1	1	1	0.456783	0.929126	0.929126	1	1	
0.428916	-nan	0.928054	1.32077	1	1	1	1	1	1	0.464573	0.928054	0.928054	1	1	
0.43253	-nan	0.926991	1.31832	1	1	1	1	1	1	0.472685	0.926991	0.926991	1	1	
0.436145	-nan	0.925936	1.31586	1	1	1	1	1	1	0.481125	0.925936	0.925936	1	1	
0.439759	-nan	0.924891	1.31339	1	1	1	1	1	1	0.489897	0.924891	0.924891	1	1	
0.443373	-nan	0.923854	1.31091	1	1	1	1	1	1	0.499005	0.923854	0.923854	1	1	
0.446988	-nan	0.922827	1.30841	1	1	1	1	1	1	0.508452	0.922827	0.922827	1	1	
0.450602	-nan	0.921807	1.30591	1	1	1	1	1	1	0.518242	0.921807	0.921807	1	1	
0.454217	-nan	0.920797	1.30339	1	1	1	1	1	1	0.528375	0.920797	0.920797	1	1	
0.457831	-nan	0.919795	1.30086	1	1	1	1	1	1	0.538853	0.919795	0.919795	1	1	
0.461446	-nan	0.918801	1.29833	1	1	1	1	1	1	0.549676	0.918801	0.918801	1	1	
0.46506	-nan	0.917816	1.29579	1	1	1	1	1	1	0.560843	0.917816	0.917816	1	1	
0.468675	-nan	0.916839	1.29324	1	1	1	1	1	1	0.572352	0.916839	0.916839	1	1	
0.472289	-nan	0.91587	1.29068	1	1	1	1	1	1	0.584201	0.91587	0.91587	1	1	
0.475904	-nan	0.91491	1.28812	1	1	1	1	1	1	0.596385	0.91491	0.91491	1	1	
0.479518	-nan	0.913957	1.28555	1	1	1	1	1	1	0.608901	0.913957	0.913957	1	1	
0.483133	-nan	0.913013	1.28297	1	1	1	1	1	1	0.621742	0.913013	0.913013	1	1	
0.486747	-nan	0.912077	1.2804	1	1	1	1	1	1	0.634901	0.912077	0.912077	1	1	
0.490361	-nan	0.911148	1.27782	1	1	1	1	1	1	0.648369	0.911148	0.911148	1	1	
0.493976	-nan	0.910227	1.27523	1	1	1	1	1	1	0.662138	0.910227	0.910227	1	1	
0.49759	-nan	0.909314	1.27265	1	1	1	1	1	1	0.676198	0.909314	0.909314	1	1	
0.501205	-nan	0.908409	1.27006	1	1	1	1	1	1	0.690536	0.908409	0.908409	1	1	
0.504819	-nan	0.907511	1.26747	1	1	1	1	1	1	0.705141	0.907511	0.907511	1	1	
0.508434	-nan	0.906621	1.26488	1	1	1	1	1	1	0.719999	0.906621	0.906621	1	1	
0.512048	-nan	0.905738	1.2623	1	1	1	1	1	1	0.735095	0.905738	0.905738	1	1	
0.515663	-nan	0.904863	1.25971	1	1	1	1	1	1	0.750416	0.904863	0.904863	1	1	
0.519277	-nan	0.903995	1.25712	1	1	1	1	1	1	0.765944	0.903995	0.903995	1	1	
0.522892	-nan	0.903134	1.25453	1	1	1	1	1	1	0.781664	0.903134	0.903134	1	1	
0.526506	-nan	0.90228	1.25195	1	1	1	1	1	1	0.797558	0.90228	0.90228	1	1	
0.53012	-nan	0.901434	1.24937	1	1	1	1	1	1	0.813607	0.901434	0.901434	1	1	
0.533735	-nan	0.900594	1.24679	1	1	1	1	1	1	0.829795	0.900594	0.900594	1	1	
0.537349	-nan	0.899762	1.24422	1	1	1	1	1	1	0.846102	0.899762	0.899762	1	1	
0.540964	-nan	0.898936	1.24165	1	1	1	1	1	1	0.862509	0.898936	0.898936	1	1	
0.544578	-nan	0.898117	1.23908	1	1	1	1	1	1	0.878997	0.898117	0.898117	1	1	
0.548193	-nan	0.897305	1.23652	1	1	1	1	1	1	0.895548	0.897305	0.897305	1	1	
0.551807	-nan	0.896499	1.23396	1	1	1	1	1	1	0.912142	0.896499	0.896499	1	1	
0.555422	-nan	0.8957	1.23141	1	1	1	1	1	1	0.92876	0.8957	0.8957	1	1	
0.559036	-nan	0.894908	1.22887	1	1	1	1	1	1	0.945383	0.894908	0.894908	1	1	
0.562651	-nan	0.894122	1.22633	1	1	1	1	1	1	0.961994	0.894122	0.894122	1	1	
0.566265	-nan	0.893343	1.2238	1	1	1	1	1	1	0.978573	0.893343	0.893343	1	1	
0.56988	-nan	0.892569	1.22127	1	1	1	1	1	1	0.995103	0.892569	0.892569	1	1	
0.573494	-nan	0.891803	1.21875	1	1	1	1	1	1	1.01157	0.891803	0.891803	1	1	
0.577108	-nan	0.891042	1.21624	1	1	1	1	1	1	1.02795	0.891042	0.891042	1	1	
0.580723	-nan	0.890287	1.21374	1	1	1	1	1	1	1.04423	0.890287	0.890287	1	1	
0.584337	-nan	0.889539	1.21125	1	1	1	1	1	1	1.0604	0.889539	0.889539	1	1	
0.587952	-nan	0.888797	1.20877	1	1	1	1	1	1	1.07644	0.888797	0.888797	1	1	
0.591566	-nan	0.88806	1.20629	1	1	1	1	1	1	1.09234	0.88806	0.88806	1	1	
0.595181	-nan	0.88733	1.20383	1	1	1	1	1	1	1.10808	0.88733	0.88733	1	1	
0.598795	-nan	0.886605	1.20137	1	1	1	1	1	1	1.12366	0.886605	0.886605	1	1	
0.60241	-nan	0.885886	1.19892	1	1	1	1	1	1	1.13906	0.885886	0.885886	1	1	
0.606024	-nan	0.885173	1.19649	1	1	1	1	1	1	1.15426	0.885173	0.885173	1	1	
0.609639	-nan	0.884465	1.19406	1	1	1	1	1	1	1.16927	0.884465	0.884465	1	1	
0.613253	-nan	0.883764	1.19165	1	1	1	1	1	1	1.18407	0.883764	0.883764	1	1	
0.616867	-nan	0.883067	1.18924	1	1	1	1	1	1	1.19865	0.883067	0.883067	1	1	
0.620482	-nan	0.882376	1.18685	1	1	1	1	1	1	1.21301	0.882376	0.882376	1	1	
0.624096	-nan	0.881691	1.18447	1	1	1	1	1	1	1.22713	0.881691	0.881691	1	1	
0.627711	-nan	0.881011	1.1821	1	1	1	1	1	1	1.24102	0.881011	0.881011	1	1	
0.631325	-nan	0.880336	1.17974	1	1	1	1	1	1	1.25467	0.880336	0.880336	1	1	
0.63494	-nan	0.879667	1.17739	1	1	1	1	1	1	1.26807	0.879667	0.879667	1	1	
0.638554	-nan	0.879002	1.17506	1	1	1	1	1	1	1.28122	0.879002	0.879002	1	1	
0.642169	-nan	0.878343	1.17273	1	1	1	1	1	1	1.29412	0.878343	0.878343	1	1	
0.645783	-nan	0.877689	1.17042	1	1	1	1	1	1	1.30676	0.877689	0.877689	1	1	
0.649398	-nan	0.87704	1.16813	1	1	1	1	1	1	1.31915	0.87704	0.87704	1	1	
0.653012	-nan	0.876396	1.16584	1	1	1	1	1	1	1.33128	0.876396	0.876396	1	1	
0.656627	-nan	0.875757	1.16357	1	1	1	1	1	1	1.34314	0.875757	0.875757	1	1	
0.660241	-nan	0.875123	1.16131	1	1	1	1	1	1	1.35475	0.875123	0.875123	1	1	
0.663855	-nan	0.874494	1.15907	1	1	1	1	1	1	1.3661	0.874494	0.874494	1	1	
0.66747	-nan	0.873869	1.15684	1	1	1	1	1	1	1.37719	0.873869	0.873869	1	1	
0.671084	-nan	0.873249	1.15462	1	1	1	1	1	1	1.38802	0.873249	0.873249	1	1	
0.674699	-nan	0.872634	1.15241	1	1	1	1	1	1	1.39859	0.872634	0.872634	1	1	
0.678313	-nan	0.872024	1.15022	1	1	1	1	1	1	1.40891	0.872024	0.872024	1	1	
0.681928	-nan	0.871418	1.14804	1	1	1	1	1	1	1.41898	0.871418	0.871418	1	1	
0.685542	-nan	0.870817	1.14588	1	1	1	1	1	1	1.4288	0.870817	0.870817	1	1	
0.689157	-nan	0.87022	1.14373	1	1	1	1	1	1	1.43837	0.87022	0.87022	1	1	
0.692771	-nan	0.869628	1.14159	1	1	1	1	1	1	1.44769	0.869628	0.869628	1	1	
0.696386	-nan	0.86904	1.13947	1	1	1	1	1	1	1.45678	0.86904	0.86904	1	1	
0.7	-nan	0.868457	1.13736	1	1	1	1	1	1	1.46563	0.868457	0.868457	1	1	
0.703614	-nan	0.867877	1.13527	1	1	1	1	1	1	1.47424	0.867877	0.867877	1	1	
0.707229	-nan	0.867303	1.13319	1	1	1	1	1	1	1.48262	0.867303	0.867303	1	1	
0.710843	-nan	0.866732	1.13112	1	1	1	1	1	1	1.49078	0.866732	0.866732	1	1	
0.714458	-nan	0.866165	1.12907	1	1	1	1	1	1	1.49871	0.866165	0.866165	1	1	
0.718072	-nan	0.865603	1.12704	1	1	1	1	1	1	1.50643	0.865603	0.865603	1	1	
0.721687	-nan	0.865045	1.12501	1	1	1	1	1	1	1.51393	0.865045	0.865045	1	1	
0.725301	-nan	0.864491	1.12301	1	1	1	1	1	1	1.52122	0.864491	0.864491	1	1	
0.728916	-nan	0.863941	1.12101	1	1	1	1	1	1	1.5283	0.863941	0.863941	1	1	
0.73253	-nan	0.863395	1.11903	1	1	1	1	1	1	1.53518	0.863395	0.863395	1	1	
0.736145	-nan	0.862853	1.11707	1	1	1	1	1	1	1.54186	0.862853	0.862853	1	1	
0.739759	-nan	0.862314	1.11512	1	1	1	1	1	1	1.54835	0.862314	0.862314	1	1	
0.743373	-nan	0.86178	1.11319	1	1	1	1	1	1	1.55465	0.86178	0.86178	1	1	
0.746988	-nan	0.86125	1.11126	1	1	1	1	1	1	1.56077	0.86125	0.86125	1	1	
0.750602	-nan	0.860723	1.10936	1	1	1	1	1	1	1.5667	0.860723	0.860723	1	1	
0.754217	-nan	0.8602	1.10747	1	1	1	1	1	1	1.57246	0.8602	0.8602	1	1	
0.757831	-nan	0.859681	1.10559	1	1	1	1	1	1	1.57805	0.859681	0.859681	1	1	
0.761446	-nan	0.859165	1.10373	1	1	1	1	1	1	1.58347	0.859165	0.859165	1	1	
0.76506	-nan	0.858653	1.10188	1	1	1	1	1	1	1.58872	0.858653	0.858653	1	1	
0.768675	-nan	0.858145	1.10004	1	1	1	1	1	1	1.59382	0.858145	0.858145	1	1	
0.772289	-nan	0.85764	1.09822	1	1	1	1	1	1	1.59876	0.85764	0.85764	1	1	
0.775904	-nan	0.857139	1.09642	1	1	1	1	1	1	1.60355	0.857139	0.857139	1	1	
0.779518	-nan	0.856641	1.09463	1	1	1	1	1	1	1.60819	0.856641	0.856641	1	1	
0.783133	-nan	0.856147	1.09285	1	1	1	1	1	1	1.61268	0.856147	0.856147	1	1	
0.786747	-nan	0.855656	1.09109	1	1	1	1	1	1	1.61704	0.855656	0.855656	1	1	
0.790361	-nan	0.855169	1.08934	1	1	1	1	1	1	1.62126	0.855169	0.855169	1	1	
0.793976	-nan	0.854685	1.08761	1	1	1	1	1	1	1.62535	0.854685	0.854685	1	1	
0.79759	-nan	0.854204	1.08589	1	1	1	1	1	1	1.62931	0.854204	0.854204	1	1	
0.801205	-nan	0.853727	1.08418	1	1	1	1	1	1	1.63314	0.853727	0.853727	1	1	
0.804819	-nan	0.853253	1.08249	1	1	1	1	1	1	1.63685	0.853253	0.853253	1	1	
0.808434	-nan	0.852782	1.08081	1	1	1	1	1	1	1.64045	0.852782	0.852782	1	1	
0.812048	-nan	0.852315	1.07915	1	1	1	1	1	1	1.64393	0.852315	0.852315	1	1	
0.815663	-nan	0.85185	1.0775	1	1	1	1	1	1	1.64729	0.85185	0.85185	1	1	
0.819277	-nan	0.851389	1.07586	1	1	1	1	1	1	1.65055	0.851389	0.851389	1	1	
0.822892	-nan	0.850931	1.07424	1	1	1	1	1	1	1.6537	0.850931	0.850931	1	1	
0.826506	-nan	0.850476	1.07263	1	1	1	1	1	1	1.65675	0.850476	0.850476	1	1	
0.83012	-nan	0.850024	1.07104	1	1	1	1	1	1	1.6597	0.850024	0.850024	1	1	
0.833735	-nan	0.849575	1.06946	1	1	1	1	1	1	1.66256	0.849575	0.849575	1	1	
0.837349	-nan	0.849129	1.06789	1	1	1	1	1	1	1.66532	0.849129	0.849129	1	1	
0.840964	-nan	0.848686	1.06633	1	1	1	1	1	1	1.66799	0.848686	0.848686	1	1	
0.844578	-nan	0.848246	1.06479	1	1	1	1	1	1	1.67057	0.848246	0.848246	1	1	
0.848193	-nan	0.847809	1.06327	1	1	1	1	1	1	1.67306	0.847809	0.847809	1	1	
0.851807	-nan	0.847375	1.06175	1	1	1	1	1	1	1.67547	0.847375	0.847375	1	1	
0.855422	-nan	0.846943	1.06025	1	1	1	1	1	1	1.6778	0.846943	0.846943	1	1	
0.859036	-nan	0.846515	1.05876	1	1	1	1	1	1	1.68006	0.846515	0.846515	1	1	
0.862651	-nan	0.846089	1.05729	1	1	1	1	1	1	1.68223	0.846089	0.846089	1	1	
0.866265	-nan	0.845666	1.05583	1	1	1	1	1	1	1.68433	0.845666	0.845666	1	1	
0.86988	-nan	0.845246	1.05438	1	1	1	1	1	1	1.68637	0.845246	0.845246	1	1	
0.873494	-nan	0.844829	1.05294	1	1	1	1	1	1	1.68833	0.844829	0.844829	1	1	
0.877108	-nan	0.844414	1.05152	1	1	1	1	1	1	1.69022	0.844414	0.844414	1	1	
0.880723	-nan	0.844002	1.05011	1	1	1	1	1	1	1.69205	0.844002	0.844002	1	1	
0.884337	-nan	0.843593	1.04871	1	1	1	1	1	1	1.69382	0.843593	0.843593	1	1	
0.887952	-nan	0.843186	1.04732	1	1	1	1	1	1	1.69552	0.843186	0.843186	1	1	
0.891566	-nan	0.842782	1.04595	1	1	1	1	1	1	1.69717	0.842782	0.842782	1	1	
0.895181	-nan	0.84238	1.04459	1	1	1	1	1	1	1.69875	0.84238	0.84238	1	1	
0.898795	-nan	0.841981	1.04324	1	1	1	1	1	1	1.70029	0.841981	0.841981	1	1	
0.90241	-nan	0.841585	1.04191	1	1	1	1	1	1	1.70176	0.841585	0.841585	1	1	
0.906024	-nan	0.841191	1.04058	1	1	1	1	1	1	1.70319	0.841191	0.841191	1	1	
0.909639	-nan	0.8408	1.03927	1	1	1	1	1	1	1.70456	0.8408	0.8408	1	1	
0.913253	-nan	0.840411	1.03797	1	1	1	1	1	1	1.70589	0.840411	0.840411	1	1	
0.916867	-nan	0.840025	1.03668	1	1	1	1	1	1	1.70716	0.840025	0.840025	1	1	
0.920482	-nan	0.83964	1.0354	1	1	1	1	1	1	1.70839	0.83964	0.83964	1	1	
0.924096	-nan	0.839259	1.03414	1	1	1	1	1	1	1.70958	0.839259	0.839259	1	1	
0.927711	-nan	0.83888	1.03288	1	1	1	1	1	1	1.71072	0.83888	0.83888	1	1	
0.931325	-nan	0.838503	1.03164	1	1	1	1	1	1	1.71182	0.838503	0.838503	1	1	
0.93494	-nan	0.838128	1.03041	1	1	1	1	1	1	1.71288	0.838128	0.838128	1	1	
0.938554	-nan	0.837756	1.02919	1	1	1	1	1	1	1.7139	0.837756	0.837756	1	1	
0.942169	-nan	0.837386	1.02798	1	1	1	1	1	1	1.71488	0.837386	0.837386	1	1	
0.945783	-nan	0.837019	1.02678	1	1	1	1	1	1	1.71583	0.837019	0.837019	1	1	
0.949398	-nan	0.836653	1.0256	1	1	1	1	1	1	1.71673	0.836653	0.836653	1	1	
0.953012	-nan	0.83629	1.02442	1	1	1	1	1	1	1.71761	0.83629	0.83629	1	1	
0.956627	-nan	0.835929	1.02326	1	1	1	1	1	1	1.71845	0.835929	0.835929	1	1	
0.960241	-nan	0.835571	1.0221	1	1	1	1	1	1	1.71925	0.835571	0.835571	1	1	
0.963855	-nan	0.835214	1.02096	1	1	1	1	1	1	1.72003	0.835214	0.835214	1	1	
0.96747	-nan	0.83486	1.01983	1	1	1	1	1	1	1.72077	0.83486	0.83486	1	1	
0.971084	-nan	0.834508	1.01871	1	1	1	1	1	1	1.72149	0.834508	0.834508	1	1	
0.974699	-nan	0.834158	1.0176	1	1	1	1	1	1	1.72217	0.834158	0.834158	1	1	
0.978313	-nan	0.83381	1.0165	1	1	1	1	1	1	1.72283	0.83381	0.83381	1	1	
0.981928	-nan	0.833464	1.0154	1	1	1	1	1	1	1.72346	0.833464	0.833464	1	1	
0.985542	-nan	0.83312	1.01432	1	1	1	1	1	1	1.72406	0.83312	0.83312	1	1	
0.989157	-nan	0.832779	1.01325	1	1	1	1	1	1	1.72464	0.832779	0.832779	1	1	
0.992771	-nan	0.832439	1.01219	1	1	1	1	1	1	1.7252	0.832439	0.832439	1	1	
0.996386	-nan	0.832101	1.01114	1	1	1	1	1	1	1.72573	0.832101	0.832101	1	1	
1	-nan	-nan	-nan	-nan	-nan	-nan	-nan	-nan	-nan	-nan	-nan	-nan	-nan	-nan	
