1e-05	-nan	0.572439	0.482333	1	1	1	1	1	1	0.860449	0.572439	0.572439	1	1	
1.03753e-05	-nan	0.572537	0.482725	1	1	1	1	1	1	0.860563	0.572537	0.572537	1	1	
1.07647e-05	-nan	0.572638	0.483119	1	1	1	1	1	1	0.860678	0.572638	0.572638	1	1	
1.11686e-05	-nan	0.57274	0.483516	1	1	1	1	1	1	0.860793	0.57274	0.57274	1	1	
1.15878e-05	-nan	0.572844	0.483915	1	1	1	1	1	1	0.860908	0.572844	0.572844	1	1	
1.20226e-05	-nan	0.57295	0.484317	1	1	1	1	1	1	0.861024	0.57295	0.57295	1	1	
1.24738e-05	-nan	0.573057	0.484721	1	1	1	1	1	1	0.861139	0.573057	0.573057	1	1	
1.2942e-05	-nan	0.573167	0.485127	1	1	1	1	1	1	0.861256	0.573167	0.573167	1	1	
1.34276e-05	-nan	0.573279	0.485537	1	1	1	1	1	1	0.861373	0.573279	0.573279	1	1	
1.39316e-05	-nan	0.573392	0.485948	1	1	1	1	1	1	0.86149	0.573392	0.573392	1	1	
1.44544e-05	-nan	0.573508	0.486363	1	1	1	1	1	1	0.861607	0.573508	0.573508	1	1	
1.49968e-05	-nan	0.573626	0.48678	1	1	1	1	1	1	0.861725	0.573626	0.573626	1	1	
1.55597e-05	-nan	0.573746	0.487199	1	1	1	1	1	1	0.861843	0.573746	0.573746	1	1	
1.61436e-05	-nan	0.573868	0.487621	1	1	1	1	1	1	0.861962	0.573868	0.573868	1	1	
1.67494e-05	-nan	0.573993	0.488046	1	1	1	1	1	1	0.862081	0.573993	0.573993	1	1	
1.7378e-05	-nan	0.574119	0.488474	1	1	1	1	1	1	0.862201	0.574119	0.574119	1	1	
1.80302e-05	-nan	0.574248	0.488905	1	1	1	1	1	1	0.862321	0.574248	0.574248	1	1	
1.87068e-05	-nan	0.574379	0.489338	1	1	1	1	1	1	0.862441	0.574379	0.574379	1	1	
1.94089e-05	-nan	0.574513	0.489774	1	1	1	1	1	1	0.862562	0.574513	0.574513	1	1	
2.01372e-05	-nan	0.574649	0.490212	1	1	1	1	1	1	0.862683	0.574649	0.574649	1	1	
2.0893e-05	-nan	0.574788	0.490654	1	1	1	1	1	1	0.862805	0.574788	0.574788	1	1	
2.1677e-05	-nan	0.574929	0.491099	1	1	1	1	1	1	0.862927	0.574929	0.574929	1	1	
2.24905e-05	-nan	0.575073	0.491546	1	1	1	1	1	1	0.863049	0.575073	0.575073	1	1	
2.33346e-05	-nan	0.575219	0.491997	1	1	1	1	1	1	0.863172	0.575219	0.575219	1	1	
2.42103e-05	-nan	0.575368	0.49245	1	1	1	1	1	1	0.863296	0.575368	0.575368	1	1	
2.51189e-05	-nan	0.57552	0.492907	1	1	1	1	1	1	0.86342	0.57552	0.57552	1	1	
2.60615e-05	-nan	0.575674	0.493366	1	1	1	1	1	1	0.863544	0.575674	0.575674	1	1	
2.70396e-05	-nan	0.575832	0.493829	1	1	1	1	1	1	0.863669	0.575832	0.575832	1	1	
2.80543e-05	-nan	0.575992	0.494294	1	1	1	1	1	1	0.863794	0.575992	0.575992	1	1	
2.91072e-05	-nan	0.576155	0.494763	1	1	1	1	1	1	0.86392	0.576155	0.576155	1	1	
3.01995e-05	-nan	0.576321	0.495235	1	1	1	1	1	1	0.864046	0.576321	0.576321	1	1	
3.13329e-05	-nan	0.57649	0.495711	1	1	1	1	1	1	0.864172	0.57649	0.57649	1	1	
3.25087e-05	-nan	0.576663	0.496189	1	1	1	1	1	1	0.864299	0.576663	0.576663	1	1	
3.37287e-05	-nan	0.576838	0.496671	1	1	1	1	1	1	0.864427	0.576838	0.576838	1	1	
3.49945e-05	-nan	0.577017	0.497156	1	1	1	1	1	1	0.864555	0.577017	0.577017	1	1	
3.63078e-05	-nan	0.577199	0.497645	1	1	1	1	1	1	0.864684	0.577199	0.577199	1	1	
3.76704e-05	-nan	0.577385	0.498137	1	1	1	1	1	1	0.864813	0.577385	0.577385	1	1	
3.90841e-05	-nan	0.577573	0.498633	1	1	1	1	1	1	0.864943	0.577573	0.577573	1	1	
4.05509e-05	-nan	0.577766	0.499132	1	1	1	1	1	1	0.865073	0.577766	0.577766	1	1	
4.20727e-05	-nan	0.577962	0.499634	1	1	1	1	1	1	0.865204	0.577962	0.577962	1	1	
4.36516e-05	-nan	0.578161	0.50014	1	1	1	1	1	1	0.865335	0.578161	0.578161	1	1	
4.52898e-05	-nan	0.578365	0.50065	1	1	1	1	1	1	0.865467	0.578365	0.578365	1	1	
4.69894e-05	-nan	0.578572	0.501164	1	1	1	1	1	1	0.865599	0.578572	0.578572	1	1	
4.87528e-05	-nan	0.578782	0.501681	1	1	1	1	1	1	0.865732	0.578782	0.578782	1	1	
5.05825e-05	-nan	0.578997	0.502202	1	1	1	1	1	1	0.865865	0.578997	0.578997	1	1	
5.24807e-05	-nan	0.579216	0.502727	1	1	1	1	1	1	0.865999	0.579216	0.579216	1	1	
5.44503e-05	-nan	0.579439	0.503255	1	1	1	1	1	1	0.866134	0.579439	0.579439	1	1	
5.64937e-05	-nan	0.579666	0.503788	1	1	1	1	1	1	0.866269	0.579666	0.579666	1	1	
5.86138e-05	-nan	0.579897	0.504325	1	1	1	1	1	1	0.866405	0.579897	0.579897	1	1	
6.08135e-05	-nan	0.580133	0.504865	1	1	1	1	1	1	0.866541	0.580133	0.580133	1	1	
6.30957e-05	-nan	0.580373	0.50541	1	1	1	1	1	1	0.866678	0.580373	0.580373	1	1	
6.54636e-05	-nan	0.580618	0.505959	1	1	1	1	1	1	0.866816	0.580618	0.580618	1	1	
6.79204e-05	-nan	0.580867	0.506512	1	1	1	1	1	1	0.866954	0.580867	0.580867	1	1	
7.04693e-05	-nan	0.58112	0.507069	1	1	1	1	1	1	0.867093	0.58112	0.58112	1	1	
7.31139e-05	-nan	0.581379	0.507631	1	1	1	1	1	1	0.867233	0.581379	0.581379	1	1	
7.58578e-05	-nan	0.581642	0.508197	1	1	1	1	1	1	0.867373	0.581642	0.581642	1	1	
7.87046e-05	-nan	0.581911	0.508767	1	1	1	1	1	1	0.867514	0.581911	0.581911	1	1	
8.16582e-05	-nan	0.582184	0.509342	1	1	1	1	1	1	0.867656	0.582184	0.582184	1	1	
8.47227e-05	-nan	0.582463	0.509921	1	1	1	1	1	1	0.867798	0.582463	0.582463	1	1	
8.79023e-05	-nan	0.582747	0.510505	1	1	1	1	1	1	0.867941	0.582747	0.582747	1	1	
9.12011e-05	-nan	0.583036	0.511094	1	1	1	1	1	1	0.868085	0.583036	0.583036	1	1	
9.46237e-05	-nan	0.583331	0.511688	1	1	1	1	1	1	0.868229	0.583331	0.583331	1	1	
9.81748e-05	-nan	0.583631	0.512286	1	1	1	1	1	1	0.868375	0.583631	0.583631	1	1	
0.000101859	-nan	0.583937	0.512889	1	1	1	1	1	1	0.868521	0.583937	0.583937	1	1	
0.000105682	-nan	0.584249	0.513497	1	1	1	1	1	1	0.868667	0.584249	0.584249	1	1	
0.000109648	-nan	0.584566	0.51411	1	1	1	1	1	1	0.868815	0.584566	0.584566	1	1	
0.000113763	-nan	0.58489	0.514729	1	1	1	1	1	1	0.868963	0.58489	0.58489	1	1	
0.000118032	-nan	0.58522	0.515352	1	1	1	1	1	1	0.869112	0.58522	0.58522	1	1	
0.000122462	-nan	0.585556	0.515981	1	1	1	1	1	1	0.869262	0.585556	0.585556	1	1	
0.000127057	-nan	0.585898	0.516615	1	1	1	1	1	1	0.869413	0.585898	0.585898	1	1	
0.000131826	-nan	0.586247	0.517254	1	1	1	1	1	1	0.869565	0.586247	0.586247	1	1	
0.000136773	-nan	0.586603	0.517899	1	1	1	1	1	1	0.869718	0.586603	0.586603	1	1	
0.000141906	-nan	0.586966	0.51855	1	1	1	1	1	1	0.869871	0.586966	0.586966	1	1	
0.000147231	-nan	0.587335	0.519206	1	1	1	1	1	1	0.870026	0.587335	0.587335	1	1	
0.000152757	-nan	0.587712	0.519868	1	1	1	1	1	1	0.870181	0.587712	0.587712	1	1	
0.000158489	-nan	0.588095	0.520536	1	1	1	1	1	1	0.870337	0.588095	0.588095	1	1	
0.000164437	-nan	0.588486	0.52121	1	1	1	1	1	1	0.870494	0.588486	0.588486	1	1	
0.000170608	-nan	0.588885	0.52189	1	1	1	1	1	1	0.870653	0.588885	0.588885	1	1	
0.000177011	-nan	0.589291	0.522576	1	1	1	1	1	1	0.870812	0.589291	0.589291	1	1	
0.000183654	-nan	0.589705	0.523268	1	1	1	1	1	1	0.870972	0.589705	0.589705	1	1	
0.000190546	-nan	0.590128	0.523967	1	1	1	1	1	1	0.871134	0.590128	0.590128	1	1	
0.000197697	-nan	0.590558	0.524672	1	1	1	1	1	1	0.871296	0.590558	0.590558	1	1	
0.000205116	-nan	0.590996	0.525383	1	1	1	1	1	1	0.87146	0.590996	0.590996	1	1	
0.000212814	-nan	0.591443	0.526102	1	1	1	1	1	1	0.871624	0.591443	0.591443	1	1	
0.0002208	-nan	0.591899	0.526827	1	1	1	1	1	1	0.87179	0.591899	0.591899	1	1	
0.000229087	-nan	0.592363	0.527559	1	1	1	1	1	1	0.871957	0.592363	0.592363	1	1	
0.000237684	-nan	0.592837	0.528298	1	1	1	1	1	1	0.872125	0.592837	0.592837	1	1	
0.000246604	-nan	0.593319	0.529044	1	1	1	1	1	1	0.872295	0.593319	0.593319	1	1	
0.000255859	-nan	0.593811	0.529797	1	1	1	1	1	1	0.872466	0.593811	0.593811	1	1	
0.000265461	-nan	0.594313	0.530558	1	1	1	1	1	1	0.872638	0.594313	0.594313	1	1	
0.000275423	-nan	0.594824	0.531326	1	1	1	1	1	1	0.872811	0.594824	0.594824	1	1	
0.000285759	-nan	0.595345	0.532102	1	1	1	1	1	1	0.872986	0.595345	0.595345	1	1	
0.000296483	-nan	0.595877	0.532886	1	1	1	1	1	1	0.873162	0.595877	0.595877	1	1	
0.00030761	-nan	0.596419	0.533677	1	1	1	1	1	1	0.873339	0.596419	0.596419	1	1	
0.000319154	-nan	0.596971	0.534477	1	1	1	1	1	1	0.873518	0.596971	0.596971	1	1	
0.000331131	-nan	0.597534	0.535284	1	1	1	1	1	1	0.873698	0.597534	0.597534	1	1	
0.000343558	-nan	0.598108	0.5361	1	1	1	1	1	1	0.87388	0.598108	0.598108	1	1	
0.000356451	-nan	0.598694	0.536925	1	1	1	1	1	1	0.874064	0.598694	0.598694	1	1	
0.000369828	-nan	0.599291	0.537758	1	1	1	1	1	1	0.874249	0.599291	0.599291	1	1	
0.000383707	-nan	0.599899	0.5386	1	1	1	1	1	1	0.874436	0.599899	0.599899	1	1	
0.000398107	-nan	0.60052	0.539451	1	1	1	1	1	1	0.874624	0.60052	0.60052	1	1	
0.000413048	-nan	0.601152	0.540312	1	1	1	1	1	1	0.874814	0.601152	0.601152	1	1	
0.000428549	-nan	0.601798	0.541181	1	1	1	1	1	1	0.875006	0.601798	0.601798	1	1	
0.000444631	-nan	0.602456	0.54206	1	1	1	1	1	1	0.8752	0.602456	0.602456	1	1	
0.000461318	-nan	0.603127	0.542949	1	1	1	1	1	1	0.875395	0.603127	0.603127	1	1	
0.00047863	-nan	0.603811	0.543847	1	1	1	1	1	1	0.875593	0.603811	0.603811	1	1	
0.000496592	-nan	0.604508	0.544755	1	1	1	1	1	1	0.875792	0.604508	0.604508	1	1	
0.000515229	-nan	0.60522	0.545674	1	1	1	1	1	1	0.875993	0.60522	0.60522	1	1	
0.000534564	-nan	0.605945	0.546603	1	1	1	1	1	1	0.876197	0.605945	0.605945	1	1	
0.000554626	-nan	0.606685	0.547543	1	1	1	1	1	1	0.876403	0.606685	0.606685	1	1	
0.00057544	-nan	0.60744	0.548493	1	1	1	1	1	1	0.87661	0.60744	0.60744	1	1	
0.000597035	-nan	0.608209	0.549455	1	1	1	1	1	1	0.87682	0.608209	0.608209	1	1	
0.000619441	-nan	0.608994	0.550428	1	1	1	1	1	1	0.877033	0.608994	0.608994	1	1	
0.000642688	-nan	0.609795	0.551412	1	1	1	1	1	1	0.877248	0.609795	0.609795	1	1	
0.000666807	-nan	0.610611	0.552408	1	1	1	1	1	1	0.877465	0.610611	0.610611	1	1	
0.000691831	-nan	0.611444	0.553416	1	1	1	1	1	1	0.877684	0.611444	0.611444	1	1	
0.000717794	-nan	0.612293	0.554437	1	1	1	1	1	1	0.877907	0.612293	0.612293	1	1	
0.000744732	-nan	0.613159	0.555469	1	1	1	1	1	1	0.878131	0.613159	0.613159	1	1	
0.000772681	-nan	0.614042	0.556514	1	1	1	1	1	1	0.878359	0.614042	0.614042	1	1	
0.000801678	-nan	0.614943	0.557573	1	1	1	1	1	1	0.87859	0.614943	0.614943	1	1	
0.000831764	-nan	0.615863	0.558644	1	1	1	1	1	1	0.878823	0.615863	0.615863	1	1	
0.000862979	-nan	0.6168	0.559729	1	1	1	1	1	1	0.879059	0.6168	0.6168	1	1	
0.000895365	-nan	0.617756	0.560828	1	1	1	1	1	1	0.879299	0.617756	0.617756	1	1	
0.000928966	-nan	0.618732	0.561941	1	1	1	1	1	1	0.879541	0.618732	0.618732	1	1	
0.000963829	-nan	0.619727	0.563068	1	1	1	1	1	1	0.879787	0.619727	0.619727	1	1	
0.001	-nan	0.620742	0.564209	1	1	1	1	1	1	0.880036	0.620742	0.620742	1	1	
0.00103753	-nan	0.621777	0.565366	1	1	1	1	1	1	0.880288	0.621777	0.621777	1	1	
0.00107647	-nan	0.622833	0.566538	1	1	1	1	1	1	0.880545	0.622833	0.622833	1	1	
0.00111686	-nan	0.62391	0.567726	1	1	1	1	1	1	0.880804	0.62391	0.62391	1	1	
0.00115878	-nan	0.62501	0.568929	1	1	1	1	1	1	0.881068	0.62501	0.62501	1	1	
0.00120226	-nan	0.626131	0.570149	1	1	1	1	1	1	0.881335	0.626131	0.626131	1	1	
0.00124738	-nan	0.627274	0.571385	1	1	1	1	1	1	0.881607	0.627274	0.627274	1	1	
0.0012942	-nan	0.628441	0.572638	1	1	1	1	1	1	0.881883	0.628441	0.628441	1	1	
0.00134276	-nan	0.629631	0.573909	1	1	1	1	1	1	0.882163	0.629631	0.629631	1	1	
0.00139316	-nan	0.630846	0.575198	1	1	1	1	1	1	0.882447	0.630846	0.630846	1	1	
0.00144544	-nan	0.632084	0.576504	1	1	1	1	1	1	0.882736	0.632084	0.632084	1	1	
0.00149968	-nan	0.633348	0.577829	1	1	1	1	1	1	0.883029	0.633348	0.633348	1	1	
0.00155597	-nan	0.634637	0.579173	1	1	1	1	1	1	0.883328	0.634637	0.634637	1	1	
0.00161436	-nan	0.635953	0.580537	1	1	1	1	1	1	0.883631	0.635953	0.635953	1	1	
0.00167494	-nan	0.637295	0.58192	1	1	1	1	1	1	0.88394	0.637295	0.637295	1	1	
0.0017378	-nan	0.638664	0.583323	1	1	1	1	1	1	0.884254	0.638664	0.638664	1	1	
0.00180302	-nan	0.64006	0.584747	1	1	1	1	1	1	0.884573	0.64006	0.64006	1	1	
0.00187068	-nan	0.641485	0.586192	1	1	1	1	1	1	0.884899	0.641485	0.641485	1	1	
0.00194089	-nan	0.642939	0.587659	1	1	1	1	1	1	0.88523	0.642939	0.642939	1	1	
0.00201372	-nan	0.644422	0.589148	1	1	1	1	1	1	0.885567	0.644422	0.644422	1	1	
0.0020893	-nan	0.645934	0.59066	1	1	1	1	1	1	0.885911	0.645934	0.645934	1	1	
0.0021677	-nan	0.647478	0.592194	1	1	1	1	1	1	0.886261	0.647478	0.647478	1	1	
0.00224905	-nan	0.649053	0.593753	1	1	1	1	1	1	0.886618	0.649053	0.649053	1	1	
0.00233346	-nan	0.650659	0.595335	1	1	1	1	1	1	0.886981	0.650659	0.650659	1	1	
0.00242103	-nan	0.652298	0.596943	1	1	1	1	1	1	0.887352	0.652298	0.652298	1	1	
0.00251189	-nan	0.65397	0.598575	1	1	1	1	1	1	0.887731	0.65397	0.65397	1	1	
0.00260615	-nan	0.655676	0.600234	1	1	1	1	1	1	0.888117	0.655676	0.655676	1	1	
0.00270396	-nan	0.657416	0.601919	1	1	1	1	1	1	0.888511	0.657416	0.657416	1	1	
0.00280543	-nan	0.659191	0.603632	1	1	1	1	1	1	0.888914	0.659191	0.659191	1	1	
0.00291072	-nan	0.661002	0.605372	1	1	1	1	1	1	0.889325	0.661002	0.661002	1	1	
0.00301995	-nan	0.662849	0.60714	1	1	1	1	1	1	0.889745	0.662849	0.662849	1	1	
0.00313329	-nan	0.664733	0.608938	1	1	1	1	1	1	0.890174	0.664733	0.664733	1	1	
0.00325087	-nan	0.666656	0.610766	1	1	1	1	1	1	0.890612	0.666656	0.666656	1	1	
0.00337287	-nan	0.668617	0.612624	1	1	1	1	1	1	0.891061	0.668617	0.668617	1	1	
0.00349945	-nan	0.670617	0.614514	1	1	1	1	1	1	0.891519	0.670617	0.670617	1	1	
0.00363078	-nan	0.672657	0.616435	1	1	1	1	1	1	0.891989	0.672657	0.672657	1	1	
0.00376704	-nan	0.674738	0.618389	1	1	1	1	1	1	0.892469	0.674738	0.674738	1	1	
0.00390841	-nan	0.676861	0.620377	1	1	1	1	1	1	0.89296	0.676861	0.676861	1	1	
0.00405509	-nan	0.679026	0.6224	1	1	1	1	1	1	0.893464	0.679026	0.679026	1	1	
0.00420727	-nan	0.681233	0.624457	1	1	1	1	1	1	0.893979	0.681233	0.681233	1	1	
0.00436516	-nan	0.683485	0.626551	1	1	1	1	1	1	0.894507	0.683485	0.683485	1	1	
0.00452898	-nan	0.685782	0.628682	1	1	1	1	1	1	0.895049	0.685782	0.685782	1	1	
0.00469894	-nan	0.688124	0.63085	1	1	1	1	1	1	0.895604	0.688124	0.688124	1	1	
0.00487528	-nan	0.690512	0.633058	1	1	1	1	1	1	0.896173	0.690512	0.690512	1	1	
0.00505825	-nan	0.692947	0.635305	1	1	1	1	1	1	0.896757	0.692947	0.692947	1	1	
0.00524807	-nan	0.695431	0.637593	1	1	1	1	1	1	0.897356	0.695431	0.695431	1	1	
0.00544503	-nan	0.697962	0.639922	1	1	1	1	1	1	0.897971	0.697962	0.697962	1	1	
0.00564937	-nan	0.700544	0.642295	1	1	1	1	1	1	0.898602	0.700544	0.700544	1	1	
0.00586138	-nan	0.703175	0.644711	1	1	1	1	1	1	0.899251	0.703175	0.703175	1	1	
0.00608135	-nan	0.705858	0.647172	1	1	1	1	1	1	0.899917	0.705858	0.705858	1	1	
0.00630957	-nan	0.708593	0.649679	1	1	1	1	1	1	0.900601	0.708593	0.708593	1	1	
0.00654636	-nan	0.71138	0.652233	1	1	1	1	1	1	0.901305	0.71138	0.71138	1	1	
0.00679204	-nan	0.714222	0.654836	1	1	1	1	1	1	0.902028	0.714222	0.714222	1	1	
0.00704693	-nan	0.717117	0.657489	1	1	1	1	1	1	0.902772	0.717117	0.717117	1	1	
0.00731139	-nan	0.720068	0.660192	1	1	1	1	1	1	0.903538	0.720068	0.720068	1	1	
0.00758578	-nan	0.723075	0.662947	1	1	1	1	1	1	0.904326	0.723075	0.723075	1	1	
0.00787046	-nan	0.726138	0.665756	1	1	1	1	1	1	0.905137	0.726138	0.726138	1	1	
0.00816582	-nan	0.72926	0.668619	1	1	1	1	1	1	0.905972	0.72926	0.72926	1	1	
0.00847227	-nan	0.732439	0.671539	1	1	1	1	1	1	0.906832	0.732439	0.732439	1	1	
0.00879023	-nan	0.735678	0.674516	1	1	1	1	1	1	0.907718	0.735678	0.735678	1	1	
0.00912011	-nan	0.738977	0.677552	1	1	1	1	1	1	0.908632	0.738977	0.738977	1	1	
0.00946237	-nan	0.742336	0.680648	1	1	1	1	1	1	0.909573	0.742336	0.742336	1	1	
0.00981748	-nan	0.745756	0.683807	1	1	1	1	1	1	0.910544	0.745756	0.745756	1	1	
0.0101859	-nan	0.749239	0.687029	1	1	1	1	1	1	0.911546	0.749239	0.749239	1	1	
0.0105682	-nan	0.752784	0.690316	1	1	1	1	1	1	0.91258	0.752784	0.752784	1	1	
0.0109648	-nan	0.756393	0.693671	1	1	1	1	1	1	0.913646	0.756393	0.756393	1	1	
0.0113763	-nan	0.760066	0.697093	1	1	1	1	1	1	0.914747	0.760066	0.760066	1	1	
0.0118032	-nan	0.763803	0.700587	1	1	1	1	1	1	0.915885	0.763803	0.763803	1	1	
0.0122462	-nan	0.767605	0.704152	1	1	1	1	1	1	0.917059	0.767605	0.767605	1	1	
0.0127057	-nan	0.771472	0.707791	1	1	1	1	1	1	0.918273	0.771472	0.771472	1	1	
0.0131826	-nan	0.775405	0.711506	1	1	1	1	1	1	0.919527	0.775405	0.775405	1	1	
0.0136773	-nan	0.779405	0.715298	1	1	1	1	1	1	0.920824	0.779405	0.779405	1	1	
0.0141906	-nan	0.783471	0.71917	1	1	1	1	1	1	0.922165	0.783471	0.783471	1	1	
0.0147231	-nan	0.787605	0.723124	1	1	1	1	1	1	0.923552	0.787605	0.787605	1	1	
0.0152757	-nan	0.791805	0.727162	1	1	1	1	1	1	0.924987	0.791805	0.791805	1	1	
0.0158489	-nan	0.796072	0.731286	1	1	1	1	1	1	0.926473	0.796072	0.796072	1	1	
0.0164437	-nan	0.800407	0.735497	1	1	1	1	1	1	0.92801	0.800407	0.800407	1	1	
0.0170608	-nan	0.804809	0.739799	1	1	1	1	1	1	0.929603	0.804809	0.804809	1	1	
0.0177011	-nan	0.809278	0.744194	1	1	1	1	1	1	0.931252	0.809278	0.809278	1	1	
0.0183654	-nan	0.813813	0.748683	1	1	1	1	1	1	0.93296	0.813813	0.813813	1	1	
0.0190546	-nan	0.818415	0.75327	1	1	1	1	1	1	0.934731	0.818415	0.818415	1	1	
0.0197697	-nan	0.823083	0.757956	1	1	1	1	1	1	0.936566	0.823083	0.823083	1	1	
0.0205116	-nan	0.827816	0.762745	1	1	1	1	1	1	0.93847	0.827816	0.827816	1	1	
0.0212814	-nan	0.832614	0.767639	1	1	1	1	1	1	0.940443	0.832614	0.832614	1	1	
0.02208	-nan	0.837475	0.77264	1	1	1	1	1	1	0.942491	0.837475	0.837475	1	1	
0.0229087	-nan	0.842399	0.777751	1	1	1	1	1	1	0.944616	0.842399	0.842399	1	1	
0.0237684	-nan	0.847384	0.782974	1	1	1	1	1	1	0.946821	0.847384	0.847384	1	1	
0.0246604	-nan	0.852429	0.788314	1	1	1	1	1	1	0.94911	0.852429	0.852429	1	1	
0.0255859	-nan	0.857532	0.793772	1	1	1	1	1	1	0.951488	0.857532	0.857532	1	1	
0.0265461	-nan	0.862691	0.799351	1	1	1	1	1	1	0.953957	0.862691	0.862691	1	1	
0.0275423	-nan	0.867904	0.805055	1	1	1	1	1	1	0.956523	0.867904	0.867904	1	1	
0.0285759	-nan	0.873169	0.810886	1	1	1	1	1	1	0.959189	0.873169	0.873169	1	1	
0.0296483	-nan	0.878482	0.816847	1	1	1	1	1	1	0.96196	0.878482	0.878482	1	1	
0.030761	-nan	0.883842	0.822942	1	1	1	1	1	1	0.964842	0.883842	0.883842	1	1	
0.0319154	-nan	0.889243	0.829174	1	1	1	1	1	1	0.967838	0.889243	0.889243	1	1	
0.0331131	-nan	0.894684	0.835546	1	1	1	1	1	1	0.970955	0.894684	0.894684	1	1	
0.0343558	-nan	0.900159	0.842062	1	1	1	1	1	1	0.974198	0.900159	0.900159	1	1	
0.0356451	-nan	0.905664	0.848724	1	1	1	1	1	1	0.977573	0.905664	0.905664	1	1	
0.0369828	-nan	0.911195	0.855537	1	1	1	1	1	1	0.981086	0.911195	0.911195	1	1	
0.0383707	-nan	0.916745	0.862503	1	1	1	1	1	1	0.984743	0.916745	0.916745	1	1	
0.0398107	-nan	0.922309	0.869626	1	1	1	1	1	1	0.988551	0.922309	0.922309	1	1	
0.0413048	-nan	0.927881	0.876911	1	1	1	1	1	1	0.992518	0.927881	0.927881	1	1	
0.0428549	-nan	0.933453	0.88436	1	1	1	1	1	1	0.99665	0.933453	0.933453	1	1	
0.0444631	-nan	0.939018	0.891977	1	1	1	1	1	1	1.00096	0.939018	0.939018	1	1	
0.0461318	-nan	0.944567	0.899767	1	1	1	1	1	1	1.00544	0.944567	0.944567	1	1	
0.047863	-nan	0.950092	0.907732	1	1	1	1	1	1	1.01012	0.950092	0.950092	1	1	
0.0496592	-nan	0.955583	0.915876	1	1	1	1	1	1	1.015	0.955583	0.955583	1	1	
0.0515229	-nan	0.961029	0.924205	1	1	1	1	1	1	1.02008	0.961029	0.961029	1	1	
0.0534564	-nan	0.96642	0.93272	1	1	1	1	1	1	1.02538	0.96642	0.96642	1	1	
0.0554626	-nan	0.971745	0.941427	1	1	1	1	1	1	1.03092	0.971745	0.971745	1	1	
0.057544	-nan	0.976989	0.950329	1	1	1	1	1	1	1.03669	0.976989	0.976989	1	1	
0.0597035	-nan	0.982141	0.95943	1	1	1	1	1	1	1.04271	0.982141	0.982141	1	1	
0.0619441	-nan	0.987186	0.968735	1	1	1	1	1	1	1.04899	0.987186	0.987186	1	1	
0.0642688	-nan	0.992109	0.978246	1	1	1	1	1	1	1.05555	0.992109	0.992109	1	1	
0.0666807	-nan	0.996896	0.987969	1	1	1	1	1	1	1.06239	0.996896	0.996896	1	1	
0.0691831	-nan	1.00153	0.997907	1	1	1	1	1	1	1.06953	1.00153	1.00153	1	1	
0.0717794	-nan	1.006	1.00806	1	1	1	1	1	1	1.07699	1.006	1.006	1	1	
0.0744732	-nan	1.01028	1.01844	1	1	1	1	1	1	1.08478	1.01028	1.01028	1	1	
0.0772681	-nan	1.01436	1.02905	1	1	1	1	1	1	1.09291	1.01436	1.01436	1	1	
0.0801678	-nan	1.01822	1.03988	1	1	1	1	1	1	1.10139	1.01822	1.01822	1	1	
0.0831764	-nan	1.02185	1.05095	1	1	1	1	1	1	1.11025	1.02185	1.02185	1	1	
0.0862979	-nan	1.02524	1.06226	1	1	1	1	1	1	1.11951	1.02524	1.02524	1	1	
0.0895365	-nan	1.02836	1.07381	1	1	1	1	1	1	1.12916	1.02836	1.02836	1	1	
0.0928966	-nan	1.03121	1.08561	1	1	1	1	1	1	1.13925	1.03121	1.03121	1	1	
0.0963829	-nan	1.03378	1.09765	1	1	1	1	1	1	1.14977	1.03378	1.03378	1	1	
0.1	-nan	1.03607	1.10994	1	1	1	1	1	1	1.16076	1.03607	1.03607	1	1	
0.103614	-nan	1.03799	1.12203	1	1	1	1	1	1	1.1718	1.03799	1.03799	1	1	
0.107229	-nan	1.0396	1.13392	1	1	1	1	1	1	1.1829	1.0396	1.0396	1	1	
0.110843	-nan	1.04091	1.14564	1	1	1	1	1	1	1.19406	1.04091	1.04091	1	1	
0.114458	-nan	1.04197	1.15718	1	1	1	1	1	1	1.20526	1.04197	1.04197	1	1	
0.118072	-nan	1.0428	1.16855	1	1	1	1	1	1	1.21652	1.0428	1.0428	1	1	
0.121687	-nan	1.04344	1.17976	1	1	1	1	1	1	1.22781	1.04344	1.04344	1	1	
0.125301	-nan	1.04391	1.19081	1	1	1	1	1	1	1.23915	1.04391	1.04391	1	1	
0.128916	-nan	1.04423	1.20171	1	1	1	1	1	1	1.25052	1.04423	1.04423	1	1	
0.13253	-nan	1.04443	1.21245	1	1	1	1	1	1	1.26192	1.04443	1.04443	1	1	
0.136145	-nan	1.04454	1.22305	1	1	1	1	1	1	1.27334	1.04454	1.04454	1	1	
0.139759	-nan	1.04456	1.23351	1	1	1	1	1	1	1.28479	1.04456	1.04456	1	1	
0.143373	-nan	1.04453	1.24383	1	1	1	1	1	1	1.29625	1.04453	1.04453	1	1	
0.146988	-nan	1.04445	1.25402	1	1	1	1	1	1	1.30773	1.04445	1.04445	1	1	
0.150602	-nan	1.04434	1.26407	1	1	1	1	1	1	1.31921	1.04434	1.04434	1	1	
0.154217	-nan	1.04421	1.274	1	1	1	1	1	1	1.33069	1.04421	1.04421	1	1	
0.157831	-nan	1.04407	1.2838	1	1	1	1	1	1	1.34217	1.04407	1.04407	1	1	
0.161446	-nan	1.04393	1.29348	1	1	1	1	1	1	1.35364	1.04393	1.04393	1	1	
0.16506	-nan	1.04379	1.30304	1	1	1	1	1	1	1.36509	1.04379	1.04379	1	1	
0.168675	-nan	1.04367	1.31248	1	1	1	1	1	1	1.37652	1.04367	1.04367	1	1	
0.172289	-nan	1.04356	1.32181	1	1	1	1	1	1	1.38793	1.04356	1.04356	1	1	
0.175904	-nan	1.04347	1.33102	1	1	1	1	1	1	1.3993	1.04347	1.04347	1	1	
0.179518	-nan	1.0434	1.34013	1	1	1	1	1	1	1.41063	1.0434	1.0434	1	1	
0.183133	-nan	1.04335	1.34912	1	1	1	1	1	1	1.42192	1.04335	1.04335	1	1	
0.186747	-nan	1.04332	1.35801	1	1	1	1	1	1	1.43316	1.04332	1.04332	1	1	
0.190361	-nan	1.04331	1.36679	1	1	1	1	1	1	1.44433	1.04331	1.04331	1	1	
0.193976	-nan	1.04332	1.37547	1	1	1	1	1	1	1.45544	1.04332	1.04332	1	1	
0.19759	-nan	1.04334	1.38404	1	1	1	1	1	1	1.46648	1.04334	1.04334	1	1	
0.201205	-nan	1.04339	1.39252	1	1	1	1	1	1	1.47744	1.04339	1.04339	1	1	
0.204819	-nan	1.04344	1.4009	1	1	1	1	1	1	1.4883	1.04344	1.04344	1	1	
0.208434	-nan	1.04351	1.40918	1	1	1	1	1	1	1.49908	1.04351	1.04351	1	1	
0.212048	-nan	1.04359	1.41736	1	1	1	1	1	1	1.50974	1.04359	1.04359	1	1	
0.215663	-nan	1.04368	1.42546	1	1	1	1	1	1	1.52029	1.04368	1.04368	1	1	
0.219277	-nan	1.04377	1.43346	1	1	1	1	1	1	1.53072	1.04377	1.04377	1	1	
0.222892	-nan	1.04387	1.44137	1	1	1	1	1	1	1.54102	1.04387	1.04387	1	1	
0.226506	-nan	1.04396	1.44918	1	1	1	1	1	1	1.55118	1.04396	1.04396	1	1	
0.23012	-nan	1.04405	1.45691	1	1	1	1	1	1	1.56119	1.04405	1.04405	1	1	
0.233735	-nan	1.04414	1.46456	1	1	1	1	1	1	1.57104	1.04414	1.04414	1	1	
0.237349	-nan	1.04422	1.47211	1	1	1	1	1	1	1.58073	1.04422	1.04422	1	1	
0.240964	-nan	1.0443	1.47958	1	1	1	1	1	1	1.59023	1.0443	1.0443	1	1	
0.244578	-nan	1.04436	1.48697	1	1	1	1	1	1	1.59955	1.04436	1.04436	1	1	
0.248193	-nan	1.04442	1.49427	1	1	1	1	1	1	1.60866	1.04442	1.04442	1	1	
0.251807	-nan	1.04446	1.50149	1	1	1	1	1	1	1.61757	1.04446	1.04446	1	1	
0.255422	-nan	1.04448	1.50864	1	1	1	1	1	1	1.62626	1.04448	1.04448	1	1	
0.259036	-nan	1.04449	1.5157	1	1	1	1	1	1	1.63472	1.04449	1.04449	1	1	
0.262651	-nan	1.04449	1.52268	1	1	1	1	1	1	1.64294	1.04449	1.04449	1	1	
0.266265	-nan	1.04446	1.52958	1	1	1	1	1	1	1.65091	1.04446	1.04446	1	1	
0.26988	-nan	1.04442	1.53641	1	1	1	1	1	1	1.65863	1.04442	1.04442	1	1	
0.273494	-nan	1.04436	1.54316	1	1	1	1	1	1	1.66607	1.04436	1.04436	1	1	
0.277108	-nan	1.04427	1.54984	1	1	1	1	1	1	1.67323	1.04427	1.04427	1	1	
0.280723	-nan	1.04417	1.55644	1	1	1	1	1	1	1.6801	1.04417	1.04417	1	1	
0.284337	-nan	1.04405	1.56297	1	1	1	1	1	1	1.68668	1.04405	1.04405	1	1	
0.287952	-nan	1.0439	1.56942	1	1	1	1	1	1	1.69295	1.0439	1.0439	1	1	
0.291566	-nan	1.04373	1.57581	1	1	1	1	1	1	1.6989	1.04373	1.04373	1	1	
0.295181	-nan	1.04354	1.58212	1	1	1	1	1	1	1.70453	1.04354	1.04354	1	1	
0.298795	-nan	1.04332	1.58836	1	1	1	1	1	1	1.70983	1.04332	1.04332	1	1	
0.30241	-nan	1.04309	1.59453	1	1	1	1	1	1	1.7148	1.04309	1.04309	1	1	
0.306024	-nan	1.04283	1.60064	1	1	1	1	1	1	1.71942	1.04283	1.04283	1	1	
0.309639	-nan	1.04254	1.60668	1	1	1	1	1	1	1.7237	1.04254	1.04254	1	1	
0.313253	-nan	1.04224	1.61265	1	1	1	1	1	1	1.72763	1.04224	1.04224	1	1	
0.316867	-nan	1.04191	1.61855	1	1	1	1	1	1	1.73121	1.04191	1.04191	1	1	
0.320482	-nan	1.04155	1.62439	1	1	1	1	1	1	1.73443	1.04155	1.04155	1	1	
0.324096	-nan	1.04118	1.63016	1	1	1	1	1	1	1.7373	1.04118	1.04118	1	1	
0.327711	-nan	1.04078	1.63587	1	1	1	1	1	1	1.73982	1.04078	1.04078	1	1	
0.331325	-nan	1.04036	1.64151	1	1	1	1	1	1	1.742	1.04036	1.04036	1	1	
0.33494	-nan	1.03992	1.6471	1	1	1	1	1	1	1.74382	1.03992	1.03992	1	1	
0.338554	-nan	1.03945	1.65262	1	1	1	1	1	1	1.74531	1.03945	1.03945	1	1	
0.342169	-nan	1.03897	1.65808	1	1	1	1	1	1	1.74646	1.03897	1.03897	1	1	
0.345783	-nan	1.03846	1.66347	1	1	1	1	1	1	1.7473	1.03846	1.03846	1	1	
0.349398	-nan	1.03793	1.66881	1	1	1	1	1	1	1.74782	1.03793	1.03793	1	1	
0.353012	-nan	1.03738	1.67409	1	1	1	1	1	1	1.74804	1.03738	1.03738	1	1	
0.356627	-nan	1.03681	1.67931	1	1	1	1	1	1	1.74797	1.03681	1.03681	1	1	
0.360241	-nan	1.03622	1.68447	1	1	1	1	1	1	1.74763	1.03622	1.03622	1	1	
0.363855	-nan	1.03561	1.68957	1	1	1	1	1	1	1.74703	1.03561	1.03561	1	1	
0.36747	-nan	1.03498	1.69462	1	1	1	1	1	1	1.7462	1.03498	1.03498	1	1	
0.371084	-nan	1.03433	1.69961	1	1	1	1	1	1	1.74515	1.03433	1.03433	1	1	
0.374699	-nan	1.03366	1.70454	1	1	1	1	1	1	1.7439	1.03366	1.03366	1	1	
0.378313	-nan	1.03297	1.70942	1	1	1	1	1	1	1.74248	1.03297	1.03297	1	1	
0.381928	-nan	1.03226	1.71424	1	1	1	1	1	1	1.7409	1.03226	1.03226	1	1	
0.385542	-nan	1.03154	1.71901	1	1	1	1	1	1	1.73919	1.03154	1.03154	1	1	
0.389157	-nan	1.0308	1.72373	1	1	1	1	1	1	1.73738	1.0308	1.0308	1	1	
0.392771	-nan	1.03004	1.72839	1	1	1	1	1	1	1.73548	1.03004	1.03004	1	1	
0.396386	-nan	1.02926	1.733	1	1	1	1	1	1	1.73353	1.02926	1.02926	1	1	
0.4	-nan	1.02847	1.73756	1	1	1	1	1	1	1.73155	1.02847	1.02847	1	1	
0.403614	-nan	1.02767	1.74207	1	1	1	1	1	1	1.72956	1.02767	1.02767	1	1	
0.407229	-nan	1.02684	1.74653	1	1	1	1	1	1	1.72758	1.02684	1.02684	1	1	
0.410843	-nan	1.026	1.75093	1	1	1	1	1	1	1.72565	1.026	1.026	1	1	
0.414458	-nan	1.02515	1.75529	1	1	1	1	1	1	1.72378	1.02515	1.02515	1	1	
0.418072	-nan	1.02429	1.7596	1	1	1	1	1	1	1.72199	1.02429	1.02429	1	1	
0.421687	-nan	1.0234	1.76385	1	1	1	1	1	1	1.72032	1.0234	1.0234	1	1	
0.425301	-nan	1.02251	1.76806	1	1	1	1	1	1	1.71877	1.02251	1.02251	1	1	
0.428916	-nan	1.0216	1.77222	1	1	1	1	1	1	1.71737	1.0216	1.0216	1	1	
0.43253	-nan	1.02068	1.77634	1	1	1	1	1	1	1.71613	1.02068	1.02068	1	1	
0.436145	-nan	1.01975	1.78041	1	1	1	1	1	1	1.71507	1.01975	1.01975	1	1	
0.439759	-nan	1.0188	1.78443	1	1	1	1	1	1	1.7142	1.0188	1.0188	1	1	
0.443373	-nan	1.01784	1.78841	1	1	1	1	1	1	1.71354	1.01784	1.01784	1	1	
0.446988	-nan	1.01687	1.79234	1	1	1	1	1	1	1.7131	1.01687	1.01687	1	1	
0.450602	-nan	1.01589	1.79622	1	1	1	1	1	1	1.71288	1.01589	1.01589	1	1	
0.454217	-nan	1.0149	1.80006	1	1	1	1	1	1	1.7129	1.0149	1.0149	1	1	
0.457831	-nan	1.0139	1.80386	1	1	1	1	1	1	1.71316	1.0139	1.0139	1	1	
0.461446	-nan	1.01289	1.80761	1	1	1	1	1	1	1.71366	1.01289	1.01289	1	1	
0.46506	-nan	1.01187	1.81132	1	1	1	1	1	1	1.71442	1.01187	1.01187	1	1	
0.468675	-nan	1.01084	1.81499	1	1	1	1	1	1	1.71542	1.01084	1.01084	1	1	
0.472289	-nan	1.0098	1.81862	1	1	1	1	1	1	1.71667	1.0098	1.0098	1	1	
0.475904	-nan	1.00875	1.8222	1	1	1	1	1	1	1.71817	1.00875	1.00875	1	1	
0.479518	-nan	1.00769	1.82574	1	1	1	1	1	1	1.71992	1.00769	1.00769	1	1	
0.483133	-nan	1.00663	1.82925	1	1	1	1	1	1	1.72191	1.00663	1.00663	1	1	
0.486747	-nan	1.00555	1.83271	1	1	1	1	1	1	1.72414	1.00555	1.00555	1	1	
0.490361	-nan	1.00447	1.83613	1	1	1	1	1	1	1.7266	1.00447	1.00447	1	1	
0.493976	-nan	1.00338	1.83951	1	1	1	1	1	1	1.72929	1.00338	1.00338	1	1	
0.49759	-nan	1.00229	1.84285	1	1	1	1	1	1	1.7322	1.00229	1.00229	1	1	
0.501205	-nan	1.00119	1.84616	1	1	1	1	1	1	1.73533	1.00119	1.00119	1	1	
0.504819	-nan	1.00008	1.84942	1	1	1	1	1	1	1.73866	1.00008	1.00008	1	1	
0.508434	-nan	0.998965	1.85265	1	1	1	1	1	1	1.74219	0.998965	0.998965	1	1	
0.512048	-nan	0.997846	1.85584	1	1	1	1	1	1	1.74591	0.997846	0.997846	1	1	
0.515663	-nan	0.99672	1.85899	1	1	1	1	1	1	1.74981	0.99672	0.99672	1	1	
0.519277	-nan	0.99559	1.86211	1	1	1	1	1	1	1.75389	0.99559	0.99559	1	1	
0.522892	-nan	0.994454	1.86519	1	1	1	1	1	1	1.75813	0.994454	0.994454	1	1	
0.526506	-nan	0.993314	1.86823	1	1	1	1	1	1	1.76252	0.993314	0.993314	1	1	
0.53012	-nan	0.992169	1.87124	1	1	1	1	1	1	1.76706	0.992169	0.992169	1	1	
0.533735	-nan	0.99102	1.87421	1	1	1	1	1	1	1.77174	0.99102	0.99102	1	1	
0.537349	-nan	0.989867	1.87715	1	1	1	1	1	1	1.77655	0.989867	0.989867	1	1	
0.540964	-nan	0.98871	1.88006	1	1	1	1	1	1	1.78148	0.98871	0.98871	1	1	
0.544578	-nan	0.987549	1.88292	1	1	1	1	1	1	1.78652	0.987549	0.987549	1	1	
0.548193	-nan	0.986386	1.88576	1	1	1	1	1	1	1.79167	0.986386	0.986386	1	1	
0.551807	-nan	0.985219	1.88856	1	1	1	1	1	1	1.79691	0.985219	0.985219	1	1	
0.555422	-nan	0.98405	1.89133	1	1	1	1	1	1	1.80225	0.98405	0.98405	1	1	
0.559036	-nan	0.982878	1.89407	1	1	1	1	1	1	1.80767	0.982878	0.982878	1	1	
0.562651	-nan	0.981703	1.89677	1	1	1	1	1	1	1.81316	0.981703	0.981703	1	1	
0.566265	-nan	0.980527	1.89944	1	1	1	1	1	1	1.81873	0.980527	0.980527	1	1	
0.56988	-nan	0.979348	1.90208	1	1	1	1	1	1	1.82436	0.979348	0.979348	1	1	
0.573494	-nan	0.978168	1.90469	1	1	1	1	1	1	1.83004	0.978168	0.978168	1	1	
0.577108	-nan	0.976986	1.90727	1	1	1	1	1	1	1.83578	0.976986	0.976986	1	1	
0.580723	-nan	0.975803	1.90981	1	1	1	1	1	1	1.84157	0.975803	0.975803	1	1	
0.584337	-nan	0.974618	1.91233	1	1	1	1	1	1	1.8474	0.974618	0.974618	1	1	
0.587952	-nan	0.973433	1.91482	1	1	1	1	1	1	1.85327	0.973433	0.973433	1	1	
0.591566	-nan	0.972247	1.91727	1	1	1	1	1	1	1.85917	0.972247	0.972247	1	1	
0.595181	-nan	0.97106	1.9197	1	1	1	1	1	1	1.8651	0.97106	0.97106	1	1	
0.598795	-nan	0.969873	1.9221	1	1	1	1	1	1	1.87105	0.969873	0.969873	1	1	
0.60241	-nan	0.968685	1.92447	1	1	1	1	1	1	1.87703	0.968685	0.968685	1	1	
0.606024	-nan	0.967498	1.92681	1	1	1	1	1	1	1.88302	0.967498	0.967498	1	1	
0.609639	-nan	0.96631	1.92912	1	1	1	1	1	1	1.88903	0.96631	0.96631	1	1	
0.613253	-nan	0.965123	1.9314	1	1	1	1	1	1	1.89506	0.965123	0.965123	1	1	
0.616867	-nan	0.963936	1.93366	1	1	1	1	1	1	1.90109	0.963936	0.963936	1	1	
0.620482	-nan	0.96275	1.93589	1	1	1	1	1	1	1.90712	0.96275	0.96275	1	1	
0.624096	-nan	0.961564	1.93809	1	1	1	1	1	1	1.91317	0.961564	0.961564	1	1	
0.627711	-nan	0.96038	1.94027	1	1	1	1	1	1	1.91921	0.96038	0.96038	1	1	
0.631325	-nan	0.959196	1.94242	1	1	1	1	1	1	1.92525	0.959196	0.959196	1	1	
0.63494	-nan	0.958013	1.94454	1	1	1	1	1	1	1.9313	0.958013	0.958013	1	1	
0.638554	-nan	0.956832	1.94664	1	1	1	1	1	1	1.93734	0.956832	0.956832	1	1	
0.642169	-nan	0.955652	1.94871	1	1	1	1	1	1	1.94337	0.955652	0.955652	1	1	
0.645783	-nan	0.954474	1.95076	1	1	1	1	1	1	1.9494	0.954474	0.954474	1	1	
0.649398	-nan	0.953297	1.95278	1	1	1	1	1	1	1.95542	0.953297	0.953297	1	1	
0.653012	-nan	0.952122	1.95477	1	1	1	1	1	1	1.96143	0.952122	0.952122	1	1	
0.656627	-nan	0.950949	1.95675	1	1	1	1	1	1	1.96743	0.950949	0.950949	1	1	
0.660241	-nan	0.949778	1.95869	1	1	1	1	1	1	1.97342	0.949778	0.949778	1	1	
0.663855	-nan	0.948609	1.96062	1	1	1	1	1	1	1.9794	0.948609	0.948609	1	1	
0.66747	-nan	0.947443	1.96252	1	1	1	1	1	1	1.98536	0.947443	0.947443	1	1	
0.671084	-nan	0.946279	1.9644	1	1	1	1	1	1	1.99131	0.946279	0.946279	1	1	
0.674699	-nan	0.945117	1.96625	1	1	1	1	1	1	1.99725	0.945117	0.945117	1	1	
0.678313	-nan	0.943958	1.96808	1	1	1	1	1	1	2.00317	0.943958	0.943958	1	1	
0.681928	-nan	0.942801	1.96989	1	1	1	1	1	1	2.00907	0.942801	0.942801	1	1	
0.685542	-nan	0.941648	1.97167	1	1	1	1	1	1	2.01496	0.941648	0.941648	1	1	
0.689157	-nan	0.940497	1.97344	1	1	1	1	1	1	2.02083	0.940497	0.940497	1	1	
0.692771	-nan	0.939349	1.97518	1	1	1	1	1	1	2.02668	0.939349	0.939349	1	1	
0.696386	-nan	0.938204	1.9769	1	1	1	1	1	1	2.03252	0.938204	0.938204	1	1	
0.7	-nan	0.937062	1.9786	1	1	1	1	1	1	2.03834	0.937062	0.937062	1	1	
0.703614	-nan	0.935924	1.98027	1	1	1	1	1	1	2.04414	0.935924	0.935924	1	1	
0.707229	-nan	0.934789	1.98193	1	1	1	1	1	1	2.04992	0.934789	0.934789	1	1	
0.710843	-nan	0.933657	1.98356	1	1	1	1	1	1	2.05568	0.933657	0.933657	1	1	
0.714458	-nan	0.932529	1.98518	1	1	1	1	1	1	2.06143	0.932529	0.932529	1	1	
0.718072	-nan	0.931404	1.98677	1	1	1	1	1	1	2.06715	0.931404	0.931404	1	1	
0.721687	-nan	0.930283	1.98835	1	1	1	1	1	1	2.07286	0.930283	0.930283	1	1	
0.725301	-nan	0.929166	1.9899	1	1	1	1	1	1	2.07854	0.929166	0.929166	1	1	
0.728916	-nan	0.928052	1.99144	1	1	1	1	1	1	2.08421	0.928052	0.928052	1	1	
0.73253	-nan	0.926943	1.99295	1	1	1	1	1	1	2.08985	0.926943	0.926943	1	1	
0.736145	-nan	0.925837	1.99445	1	1	1	1	1	1	2.09548	0.925837	0.925837	1	1	
0.739759	-nan	0.924735	1.99592	1	1	1	1	1	1	2.10108	0.924735	0.924735	1	1	
0.743373	-nan	0.923637	1.99738	1	1	1	1	1	1	2.10667	0.923637	0.923637	1	1	
0.746988	-nan	0.922543	1.99882	1	1	1	1	1	1	2.11224	0.922543	0.922543	1	1	
0.750602	-nan	0.921454	2.00024	1	1	1	1	1	1	2.11778	0.921454	0.921454	1	1	
0.754217	-nan	0.920368	2.00165	1	1	1	1	1	1	2.12331	0.920368	0.920368	1	1	
0.757831	-nan	0.919287	2.00303	1	1	1	1	1	1	2.12881	0.919287	0.919287	1	1	
0.761446	-nan	0.91821	2.0044	1	1	1	1	1	1	2.1343	0.91821	0.91821	1	1	
0.76506	-nan	0.917137	2.00575	1	1	1	1	1	1	2.13976	0.917137	0.917137	1	1	
0.768675	-nan	0.916069	2.00708	1	1	1	1	1	1	2.14521	0.916069	0.916069	1	1	
0.772289	-nan	0.915005	2.0084	1	1	1	1	1	1	2.15063	0.915005	0.915005	1	1	
0.775904	-nan	0.913946	2.0097	1	1	1	1	1	1	2.15604	0.913946	0.913946	1	1	
0.779518	-nan	0.912891	2.01098	1	1	1	1	1	1	2.16142	0.912891	0.912891	1	1	
0.783133	-nan	0.91184	2.01224	1	1	1	1	1	1	2.16679	0.91184	0.91184	1	1	
0.786747	-nan	0.910795	2.01349	1	1	1	1	1	1	2.17213	0.910795	0.910795	1	1	
0.790361	-nan	0.909753	2.01472	1	1	1	1	1	1	2.17746	0.909753	0.909753	1	1	
0.793976	-nan	0.908717	2.01594	1	1	1	1	1	1	2.18276	0.908717	0.908717	1	1	
0.79759	-nan	0.907685	2.01714	1	1	1	1	1	1	2.18805	0.907685	0.907685	1	1	
0.801205	-nan	0.906658	2.01833	1	1	1	1	1	1	2.19331	0.906658	0.906658	1	1	
0.804819	-nan	0.905636	2.0195	1	1	1	1	1	1	2.19856	0.905636	0.905636	1	1	
0.808434	-nan	0.904618	2.02065	1	1	1	1	1	1	2.20378	0.904618	0.904618	1	1	
0.812048	-nan	0.903605	2.02179	1	1	1	1	1	1	2.20899	0.903605	0.903605	1	1	
0.815663	-nan	0.902597	2.02291	1	1	1	1	1	1	2.21418	0.902597	0.902597	1	1	
0.819277	-nan	0.901594	2.02402	1	1	1	1	1	1	2.21935	0.901594	0.901594	1	1	
0.822892	-nan	0.900596	2.02512	1	1	1	1	1	1	2.22449	0.900596	0.900596	1	1	
0.826506	-nan	0.899603	2.0262	1	1	1	1	1	1	2.22962	0.899603	0.899603	1	1	
0.83012	-nan	0.898614	2.02726	1	1	1	1	1	1	2.23473	0.898614	0.898614	1	1	
0.833735	-nan	0.897631	2.02832	1	1	1	1	1	1	2.23982	0.897631	0.897631	1	1	
0.837349	-nan	0.896652	2.02935	1	1	1	1	1	1	2.24489	0.896652	0.896652	1	1	
0.840964	-nan	0.895679	2.03038	1	1	1	1	1	1	2.24994	0.895679	0.895679	1	1	
0.844578	-nan	0.89471	2.03139	1	1	1	1	1	1	2.25498	0.89471	0.89471	1	1	
0.848193	-nan	0.893746	2.03239	1	1	1	1	1	1	2.25999	0.893746	0.893746	1	1	
0.851807	-nan	0.892788	2.03337	1	1	1	1	1	1	2.26499	0.892788	0.892788	1	1	
0.855422	-nan	0.891834	2.03434	1	1	1	1	1	1	2.26996	0.891834	0.891834	1	1	
0.859036	-nan	0.890886	2.0353	1	1	1	1	1	1	2.27492	0.890886	0.890886	1	1	
0.862651	-nan	0.889942	2.03624	1	1	1	1	1	1	2.27986	0.889942	0.889942	1	1	
0.866265	-nan	0.889004	2.03718	1	1	1	1	1	1	2.28478	0.889004	0.889004	1	1	
0.86988	-nan	0.88807	2.0381	1	1	1	1	1	1	2.28968	0.88807	0.88807	1	1	
0.873494	-nan	0.887142	2.039	1	1	1	1	1	1	2.29456	0.887142	0.887142	1	1	
0.877108	-nan	0.886219	2.0399	1	1	1	1	1	1	2.29943	0.886219	0.886219	1	1	
0.880723	-nan	0.885301	2.04078	1	1	1	1	1	1	2.30427	0.885301	0.885301	1	1	
0.884337	-nan	0.884387	2.04165	1	1	1	1	1	1	2.3091	0.884387	0.884387	1	1	
0.887952	-nan	0.883479	2.04251	1	1	1	1	1	1	2.31391	0.883479	0.883479	1	1	
0.891566	-nan	0.882576	2.04336	1	1	1	1	1	1	2.3187	0.882576	0.882576	1	1	
0.895181	-nan	0.881678	2.0442	1	1	1	1	1	1	2.32347	0.881678	0.881678	1	1	
0.898795	-nan	0.880786	2.04502	1	1	1	1	1	1	2.32823	0.880786	0.880786	1	1	
0.90241	-nan	0.879898	2.04584	1	1	1	1	1	1	2.33296	0.879898	0.879898	1	1	
0.906024	-nan	0.879015	2.04664	1	1	1	1	1	1	2.33768	0.879015	0.879015	1	1	
0.909639	-nan	0.878138	2.04743	1	1	1	1	1	1	2.34238	0.878138	0.878138	1	1	
0.913253	-nan	0.877265	2.04821	1	1	1	1	1	1	2.34707	0.877265	0.877265	1	1	
0.916867	-nan	0.876398	2.04898	1	1	1	1	1	1	2.35173	0.876398	0.876398	1	1	
0.920482	-nan	0.875535	2.04974	1	1	1	1	1	1	2.35638	0.875535	0.875535	1	1	
0.924096	-nan	0.874678	2.05049	1	1	1	1	1	1	2.36101	0.874678	0.874678	1	1	
0.927711	-nan	0.873825	2.05123	1	1	1	1	1	1	2.36562	0.873825	0.873825	1	1	
0.931325	-nan	0.872978	2.05196	1	1	1	1	1	1	2.37022	0.872978	0.872978	1	1	
0.93494	-nan	0.872136	2.05268	1	1	1	1	1	1	2.3748	0.872136	0.872136	1	1	
0.938554	-nan	0.871299	2.05338	1	1	1	1	1	1	2.37936	0.871299	0.871299	1	1	
0.942169	-nan	0.870467	2.05408	1	1	1	1	1	1	2.3839	0.870467	0.870467	1	1	
0.945783	-nan	0.86964	2.05477	1	1	1	1	1	1	2.38843	0.86964	0.86964	1	1	
0.949398	-nan	0.868817	2.05545	1	1	1	1	1	1	2.39294	0.868817	0.868817	1	1	
0.953012	-nan	0.868	2.05612	1	1	1	1	1	1	2.39743	0.868	0.868	1	1	
0.956627	-nan	0.867188	2.05678	1	1	1	1	1	1	2.4019	0.867188	0.867188	1	1	
0.960241	-nan	0.866381	2.05743	1	1	1	1	1	1	2.40636	0.866381	0.866381	1	1	
0.963855	-nan	0.865579	2.05808	1	1	1	1	1	1	2.4108	0.865579	0.865579	1	1	
0.96747	-nan	0.864781	2.05871	1	1	1	1	1	1	2.41522	0.864781	0.864781	1	1	
0.971084	-nan	0.863989	2.05933	1	1	1	1	1	1	2.41963	0.863989	0.863989	1	1	
0.974699	-nan	0.863202	2.05995	1	1	1	1	1	1	2.42402	0.863202	0.863202	1	1	
0.978313	-nan	0.862419	2.06056	1	1	1	1	1	1	2.42839	0.862419	0.862419	1	1	
0.981928	-nan	0.861641	2.06115	1	1	1	1	1	1	2.43275	0.861641	0.861641	1	1	
0.985542	-nan	0.860869	2.06174	1	1	1	1	1	1	2.43709	0.860869	0.860869	1	1	
0.989157	-nan	0.860101	2.06233	1	1	1	1	1	1	2.44141	0.860101	0.860101	1	1	
0.992771	-nan	0.859338	2.0629	1	1	1	1	1	1	2.44572	0.859338	0.859338	1	1	
0.996386	-nan	0.85858	2.06347	1	1	1	1	1	1	2.45001	0.85858	0.85858	1	1	
1	-nan	-nan	-nan	-nan	-nan	-nan	-nan	-nan	-nan	-nan	-nan	-nan	-nan	-nan	
