1e-05	-nan	0.281214	0.909341	1	1	1	1	1	1	3.88483	0.281214	0.281214	1	1	
1.03753e-05	-nan	0.282011	0.908804	1	1	1	1	1	1	3.88408	0.282011	0.282011	1	1	
1.07647e-05	-nan	0.282816	0.90826	1	1	1	1	1	1	3.88331	0.282816	0.282816	1	1	
1.11686e-05	-nan	0.28363	0.907708	1	1	1	1	1	1	3.88253	0.28363	0.28363	1	1	
1.15878e-05	-nan	0.284452	0.907149	1	1	1	1	1	1	3.88174	0.284452	0.284452	1	1	
1.20226e-05	-nan	0.285284	0.906583	1	1	1	1	1	1	3.88094	0.285284	0.285284	1	1	
1.24738e-05	-nan	0.286124	0.906009	1	1	1	1	1	1	3.88012	0.286124	0.286124	1	1	
1.2942e-05	-nan	0.286973	0.905427	1	1	1	1	1	1	3.87929	0.286973	0.286973	1	1	
1.34276e-05	-nan	0.287832	0.904838	1	1	1	1	1	1	3.87845	0.287832	0.287832	1	1	
1.39316e-05	-nan	0.2887	0.90424	1	1	1	1	1	1	3.8776	0.2887	0.2887	1	1	
1.44544e-05	-nan	0.289577	0.903635	1	1	1	1	1	1	3.87674	0.289577	0.289577	1	1	
1.49968e-05	-nan	0.290463	0.903022	1	1	1	1	1	1	3.87586	0.290463	0.290463	1	1	
1.55597e-05	-nan	0.291359	0.9024	1	1	1	1	1	1	3.87496	0.291359	0.291359	1	1	
1.61436e-05	-nan	0.292265	0.90177	1	1	1	1	1	1	3.87406	0.292265	0.292265	1	1	
1.67494e-05	-nan	0.29318	0.901132	1	1	1	1	1	1	3.87314	0.29318	0.29318	1	1	
1.7378e-05	-nan	0.294105	0.900486	1	1	1	1	1	1	3.87221	0.294105	0.294105	1	1	
1.80302e-05	-nan	0.295041	0.899831	1	1	1	1	1	1	3.87126	0.295041	0.295041	1	1	
1.87068e-05	-nan	0.295986	0.899167	1	1	1	1	1	1	3.8703	0.295986	0.295986	1	1	
1.94089e-05	-nan	0.296942	0.898495	1	1	1	1	1	1	3.86932	0.296942	0.296942	1	1	
2.01372e-05	-nan	0.297908	0.897813	1	1	1	1	1	1	3.86833	0.297908	0.297908	1	1	
2.0893e-05	-nan	0.298884	0.897123	1	1	1	1	1	1	3.86733	0.298884	0.298884	1	1	
2.1677e-05	-nan	0.299871	0.896424	1	1	1	1	1	1	3.86631	0.299871	0.299871	1	1	
2.24905e-05	-nan	0.300869	0.895716	1	1	1	1	1	1	3.86527	0.300869	0.300869	1	1	
2.33346e-05	-nan	0.301878	0.894999	1	1	1	1	1	1	3.86422	0.301878	0.301878	1	1	
2.42103e-05	-nan	0.302898	0.894272	1	1	1	1	1	1	3.86316	0.302898	0.302898	1	1	
2.51189e-05	-nan	0.303928	0.893536	1	1	1	1	1	1	3.86207	0.303928	0.303928	1	1	
2.60615e-05	-nan	0.30497	0.892791	1	1	1	1	1	1	3.86098	0.30497	0.30497	1	1	
2.70396e-05	-nan	0.306024	0.892036	1	1	1	1	1	1	3.85986	0.306024	0.306024	1	1	
2.80543e-05	-nan	0.307088	0.891271	1	1	1	1	1	1	3.85873	0.307088	0.307088	1	1	
2.91072e-05	-nan	0.308165	0.890496	1	1	1	1	1	1	3.85758	0.308165	0.308165	1	1	
3.01995e-05	-nan	0.309253	0.889712	1	1	1	1	1	1	3.85641	0.309253	0.309253	1	1	
3.13329e-05	-nan	0.310353	0.888917	1	1	1	1	1	1	3.85523	0.310353	0.310353	1	1	
3.25087e-05	-nan	0.311466	0.888113	1	1	1	1	1	1	3.85403	0.311466	0.311466	1	1	
3.37287e-05	-nan	0.31259	0.887298	1	1	1	1	1	1	3.85281	0.31259	0.31259	1	1	
3.49945e-05	-nan	0.313727	0.886473	1	1	1	1	1	1	3.85158	0.313727	0.313727	1	1	
3.63078e-05	-nan	0.314876	0.885638	1	1	1	1	1	1	3.85032	0.314876	0.314876	1	1	
3.76704e-05	-nan	0.316038	0.884792	1	1	1	1	1	1	3.84905	0.316038	0.316038	1	1	
3.90841e-05	-nan	0.317212	0.883936	1	1	1	1	1	1	3.84776	0.317212	0.317212	1	1	
4.05509e-05	-nan	0.3184	0.883069	1	1	1	1	1	1	3.84645	0.3184	0.3184	1	1	
4.20727e-05	-nan	0.3196	0.882191	1	1	1	1	1	1	3.84512	0.3196	0.3196	1	1	
4.36516e-05	-nan	0.320814	0.881303	1	1	1	1	1	1	3.84377	0.320814	0.320814	1	1	
4.52898e-05	-nan	0.322041	0.880403	1	1	1	1	1	1	3.8424	0.322041	0.322041	1	1	
4.69894e-05	-nan	0.323281	0.879493	1	1	1	1	1	1	3.84101	0.323281	0.323281	1	1	
4.87528e-05	-nan	0.324536	0.878571	1	1	1	1	1	1	3.8396	0.324536	0.324536	1	1	
5.05825e-05	-nan	0.325804	0.877638	1	1	1	1	1	1	3.83817	0.325804	0.325804	1	1	
5.24807e-05	-nan	0.327086	0.876694	1	1	1	1	1	1	3.83671	0.327086	0.327086	1	1	
5.44503e-05	-nan	0.328382	0.875738	1	1	1	1	1	1	3.83524	0.328382	0.328382	1	1	
5.64937e-05	-nan	0.329692	0.874771	1	1	1	1	1	1	3.83375	0.329692	0.329692	1	1	
5.86138e-05	-nan	0.331017	0.873792	1	1	1	1	1	1	3.83223	0.331017	0.331017	1	1	
6.08135e-05	-nan	0.332357	0.872801	1	1	1	1	1	1	3.83069	0.332357	0.332357	1	1	
6.30957e-05	-nan	0.333711	0.871799	1	1	1	1	1	1	3.82913	0.333711	0.333711	1	1	
6.54636e-05	-nan	0.335081	0.870784	1	1	1	1	1	1	3.82755	0.335081	0.335081	1	1	
6.79204e-05	-nan	0.336465	0.869758	1	1	1	1	1	1	3.82594	0.336465	0.336465	1	1	
7.04693e-05	-nan	0.337865	0.868719	1	1	1	1	1	1	3.82431	0.337865	0.337865	1	1	
7.31139e-05	-nan	0.33928	0.867669	1	1	1	1	1	1	3.82266	0.33928	0.33928	1	1	
7.58578e-05	-nan	0.340711	0.866606	1	1	1	1	1	1	3.82098	0.340711	0.340711	1	1	
7.87046e-05	-nan	0.342158	0.86553	1	1	1	1	1	1	3.81928	0.342158	0.342158	1	1	
8.16582e-05	-nan	0.343621	0.864443	1	1	1	1	1	1	3.81756	0.343621	0.343621	1	1	
8.47227e-05	-nan	0.3451	0.863342	1	1	1	1	1	1	3.81581	0.3451	0.3451	1	1	
8.79023e-05	-nan	0.346596	0.86223	1	1	1	1	1	1	3.81403	0.346596	0.346596	1	1	
9.12011e-05	-nan	0.348108	0.861104	1	1	1	1	1	1	3.81223	0.348108	0.348108	1	1	
9.46237e-05	-nan	0.349637	0.859966	1	1	1	1	1	1	3.81041	0.349637	0.349637	1	1	
9.81748e-05	-nan	0.351182	0.858815	1	1	1	1	1	1	3.80855	0.351182	0.351182	1	1	
0.000101859	-nan	0.352745	0.85765	1	1	1	1	1	1	3.80667	0.352745	0.352745	1	1	
0.000105682	-nan	0.354325	0.856473	1	1	1	1	1	1	3.80477	0.354325	0.354325	1	1	
0.000109648	-nan	0.355923	0.855283	1	1	1	1	1	1	3.80284	0.355923	0.355923	1	1	
0.000113763	-nan	0.357538	0.85408	1	1	1	1	1	1	3.80088	0.357538	0.357538	1	1	
0.000118032	-nan	0.359172	0.852863	1	1	1	1	1	1	3.79889	0.359172	0.359172	1	1	
0.000122462	-nan	0.360823	0.851634	1	1	1	1	1	1	3.79688	0.360823	0.360823	1	1	
0.000127057	-nan	0.362493	0.850391	1	1	1	1	1	1	3.79483	0.362493	0.362493	1	1	
0.000131826	-nan	0.364181	0.849134	1	1	1	1	1	1	3.79276	0.364181	0.364181	1	1	
0.000136773	-nan	0.365888	0.847864	1	1	1	1	1	1	3.79066	0.365888	0.365888	1	1	
0.000141906	-nan	0.367614	0.846581	1	1	1	1	1	1	3.78853	0.367614	0.367614	1	1	
0.000147231	-nan	0.369359	0.845284	1	1	1	1	1	1	3.78637	0.369359	0.369359	1	1	
0.000152757	-nan	0.371123	0.843973	1	1	1	1	1	1	3.78418	0.371123	0.371123	1	1	
0.000158489	-nan	0.372907	0.842649	1	1	1	1	1	1	3.78196	0.372907	0.372907	1	1	
0.000164437	-nan	0.37471	0.841311	1	1	1	1	1	1	3.77971	0.37471	0.37471	1	1	
0.000170608	-nan	0.376534	0.839959	1	1	1	1	1	1	3.77743	0.376534	0.376534	1	1	
0.000177011	-nan	0.378377	0.838594	1	1	1	1	1	1	3.77512	0.378377	0.378377	1	1	
0.000183654	-nan	0.380241	0.837215	1	1	1	1	1	1	3.77278	0.380241	0.380241	1	1	
0.000190546	-nan	0.382126	0.835822	1	1	1	1	1	1	3.7704	0.382126	0.382126	1	1	
0.000197697	-nan	0.384031	0.834415	1	1	1	1	1	1	3.76799	0.384031	0.384031	1	1	
0.000205116	-nan	0.385957	0.832994	1	1	1	1	1	1	3.76555	0.385957	0.385957	1	1	
0.000212814	-nan	0.387905	0.83156	1	1	1	1	1	1	3.76308	0.387905	0.387905	1	1	
0.0002208	-nan	0.389874	0.830111	1	1	1	1	1	1	3.76057	0.389874	0.389874	1	1	
0.000229087	-nan	0.391864	0.828649	1	1	1	1	1	1	3.75803	0.391864	0.391864	1	1	
0.000237684	-nan	0.393877	0.827172	1	1	1	1	1	1	3.75546	0.393877	0.393877	1	1	
0.000246604	-nan	0.395911	0.825682	1	1	1	1	1	1	3.75285	0.395911	0.395911	1	1	
0.000255859	-nan	0.397968	0.824178	1	1	1	1	1	1	3.75021	0.397968	0.397968	1	1	
0.000265461	-nan	0.400048	0.82266	1	1	1	1	1	1	3.74753	0.400048	0.400048	1	1	
0.000275423	-nan	0.40215	0.821129	1	1	1	1	1	1	3.74481	0.40215	0.40215	1	1	
0.000285759	-nan	0.404275	0.819583	1	1	1	1	1	1	3.74207	0.404275	0.404275	1	1	
0.000296483	-nan	0.406423	0.818024	1	1	1	1	1	1	3.73928	0.406423	0.406423	1	1	
0.00030761	-nan	0.408595	0.816451	1	1	1	1	1	1	3.73646	0.408595	0.408595	1	1	
0.000319154	-nan	0.410791	0.814865	1	1	1	1	1	1	3.7336	0.410791	0.410791	1	1	
0.000331131	-nan	0.41301	0.813264	1	1	1	1	1	1	3.73071	0.41301	0.41301	1	1	
0.000343558	-nan	0.415253	0.811651	1	1	1	1	1	1	3.72778	0.415253	0.415253	1	1	
0.000356451	-nan	0.417521	0.810023	1	1	1	1	1	1	3.72481	0.417521	0.417521	1	1	
0.000369828	-nan	0.419813	0.808383	1	1	1	1	1	1	3.7218	0.419813	0.419813	1	1	
0.000383707	-nan	0.42213	0.806729	1	1	1	1	1	1	3.71876	0.42213	0.42213	1	1	
0.000398107	-nan	0.424472	0.805061	1	1	1	1	1	1	3.71568	0.424472	0.424472	1	1	
0.000413048	-nan	0.426839	0.803381	1	1	1	1	1	1	3.71256	0.426839	0.426839	1	1	
0.000428549	-nan	0.429232	0.801688	1	1	1	1	1	1	3.7094	0.429232	0.429232	1	1	
0.000444631	-nan	0.43165	0.799982	1	1	1	1	1	1	3.7062	0.43165	0.43165	1	1	
0.000461318	-nan	0.434095	0.798263	1	1	1	1	1	1	3.70296	0.434095	0.434095	1	1	
0.00047863	-nan	0.436565	0.796531	1	1	1	1	1	1	3.69968	0.436565	0.436565	1	1	
0.000496592	-nan	0.439062	0.794787	1	1	1	1	1	1	3.69637	0.439062	0.439062	1	1	
0.000515229	-nan	0.441585	0.793031	1	1	1	1	1	1	3.69301	0.441585	0.441585	1	1	
0.000534564	-nan	0.444135	0.791262	1	1	1	1	1	1	3.68961	0.444135	0.444135	1	1	
0.000554626	-nan	0.446712	0.789482	1	1	1	1	1	1	3.68617	0.446712	0.446712	1	1	
0.00057544	-nan	0.449316	0.78769	1	1	1	1	1	1	3.68269	0.449316	0.449316	1	1	
0.000597035	-nan	0.451947	0.785886	1	1	1	1	1	1	3.67917	0.451947	0.451947	1	1	
0.000619441	-nan	0.454606	0.784071	1	1	1	1	1	1	3.67561	0.454606	0.454606	1	1	
0.000642688	-nan	0.457293	0.782245	1	1	1	1	1	1	3.67201	0.457293	0.457293	1	1	
0.000666807	-nan	0.460008	0.780408	1	1	1	1	1	1	3.66837	0.460008	0.460008	1	1	
0.000691831	-nan	0.462751	0.77856	1	1	1	1	1	1	3.66468	0.462751	0.462751	1	1	
0.000717794	-nan	0.465522	0.776702	1	1	1	1	1	1	3.66096	0.465522	0.465522	1	1	
0.000744732	-nan	0.468323	0.774834	1	1	1	1	1	1	3.65719	0.468323	0.468323	1	1	
0.000772681	-nan	0.471151	0.772956	1	1	1	1	1	1	3.65338	0.471151	0.471151	1	1	
0.000801678	-nan	0.474009	0.771068	1	1	1	1	1	1	3.64953	0.474009	0.474009	1	1	
0.000831764	-nan	0.476897	0.769172	1	1	1	1	1	1	3.64563	0.476897	0.476897	1	1	
0.000862979	-nan	0.479813	0.767266	1	1	1	1	1	1	3.6417	0.479813	0.479813	1	1	
0.000895365	-nan	0.482759	0.765353	1	1	1	1	1	1	3.63772	0.482759	0.482759	1	1	
0.000928966	-nan	0.485735	0.763431	1	1	1	1	1	1	3.6337	0.485735	0.485735	1	1	
0.000963829	-nan	0.488741	0.761501	1	1	1	1	1	1	3.62964	0.488741	0.488741	1	1	
0.001	-nan	0.491776	0.759564	1	1	1	1	1	1	3.62554	0.491776	0.491776	1	1	
0.00103753	-nan	0.494842	0.75762	1	1	1	1	1	1	3.62139	0.494842	0.494842	1	1	
0.00107647	-nan	0.497939	0.75567	1	1	1	1	1	1	3.6172	0.497939	0.497939	1	1	
0.00111686	-nan	0.501065	0.753714	1	1	1	1	1	1	3.61297	0.501065	0.501065	1	1	
0.00115878	-nan	0.504223	0.751752	1	1	1	1	1	1	3.6087	0.504223	0.504223	1	1	
0.00120226	-nan	0.507411	0.749786	1	1	1	1	1	1	3.60439	0.507411	0.507411	1	1	
0.00124738	-nan	0.510631	0.747815	1	1	1	1	1	1	3.60004	0.510631	0.510631	1	1	
0.0012942	-nan	0.513881	0.74584	1	1	1	1	1	1	3.59565	0.513881	0.513881	1	1	
0.00134276	-nan	0.517163	0.743861	1	1	1	1	1	1	3.59121	0.517163	0.517163	1	1	
0.00139316	-nan	0.520476	0.74188	1	1	1	1	1	1	3.58674	0.520476	0.520476	1	1	
0.00144544	-nan	0.52382	0.739896	1	1	1	1	1	1	3.58222	0.52382	0.52382	1	1	
0.00149968	-nan	0.527196	0.737911	1	1	1	1	1	1	3.57767	0.527196	0.527196	1	1	
0.00155597	-nan	0.530604	0.735926	1	1	1	1	1	1	3.57308	0.530604	0.530604	1	1	
0.00161436	-nan	0.534043	0.733939	1	1	1	1	1	1	3.56845	0.534043	0.534043	1	1	
0.00167494	-nan	0.537514	0.731954	1	1	1	1	1	1	3.56378	0.537514	0.537514	1	1	
0.0017378	-nan	0.541017	0.729969	1	1	1	1	1	1	3.55907	0.541017	0.541017	1	1	
0.00180302	-nan	0.544551	0.727987	1	1	1	1	1	1	3.55432	0.544551	0.544551	1	1	
0.00187068	-nan	0.548118	0.726007	1	1	1	1	1	1	3.54954	0.548118	0.548118	1	1	
0.00194089	-nan	0.551716	0.724031	1	1	1	1	1	1	3.54473	0.551716	0.551716	1	1	
0.00201372	-nan	0.555347	0.722059	1	1	1	1	1	1	3.53987	0.555347	0.555347	1	1	
0.0020893	-nan	0.55901	0.720092	1	1	1	1	1	1	3.53499	0.55901	0.55901	1	1	
0.0021677	-nan	0.562704	0.718131	1	1	1	1	1	1	3.53007	0.562704	0.562704	1	1	
0.00224905	-nan	0.566431	0.716178	1	1	1	1	1	1	3.52511	0.566431	0.566431	1	1	
0.00233346	-nan	0.57019	0.714232	1	1	1	1	1	1	3.52013	0.57019	0.57019	1	1	
0.00242103	-nan	0.57398	0.712296	1	1	1	1	1	1	3.51511	0.57398	0.57398	1	1	
0.00251189	-nan	0.577803	0.710369	1	1	1	1	1	1	3.51007	0.577803	0.577803	1	1	
0.00260615	-nan	0.581657	0.708454	1	1	1	1	1	1	3.505	0.581657	0.581657	1	1	
0.00270396	-nan	0.585543	0.706551	1	1	1	1	1	1	3.49989	0.585543	0.585543	1	1	
0.00280543	-nan	0.589461	0.704661	1	1	1	1	1	1	3.49477	0.589461	0.589461	1	1	
0.00291072	-nan	0.593411	0.702786	1	1	1	1	1	1	3.48962	0.593411	0.593411	1	1	
0.00301995	-nan	0.597392	0.700926	1	1	1	1	1	1	3.48444	0.597392	0.597392	1	1	
0.00313329	-nan	0.601404	0.699083	1	1	1	1	1	1	3.47924	0.601404	0.601404	1	1	
0.00325087	-nan	0.605448	0.697259	1	1	1	1	1	1	3.47403	0.605448	0.605448	1	1	
0.00337287	-nan	0.609523	0.695454	1	1	1	1	1	1	3.46879	0.609523	0.609523	1	1	
0.00349945	-nan	0.613628	0.69367	1	1	1	1	1	1	3.46354	0.613628	0.613628	1	1	
0.00363078	-nan	0.617765	0.691908	1	1	1	1	1	1	3.45827	0.617765	0.617765	1	1	
0.00376704	-nan	0.621932	0.69017	1	1	1	1	1	1	3.45299	0.621932	0.621932	1	1	
0.00390841	-nan	0.626129	0.688458	1	1	1	1	1	1	3.44769	0.626129	0.626129	1	1	
0.00405509	-nan	0.630357	0.686772	1	1	1	1	1	1	3.44239	0.630357	0.630357	1	1	
0.00420727	-nan	0.634614	0.685115	1	1	1	1	1	1	3.43708	0.634614	0.634614	1	1	
0.00436516	-nan	0.638901	0.683488	1	1	1	1	1	1	3.43176	0.638901	0.638901	1	1	
0.00452898	-nan	0.643217	0.681893	1	1	1	1	1	1	3.42645	0.643217	0.643217	1	1	
0.00469894	-nan	0.647562	0.680332	1	1	1	1	1	1	3.42113	0.647562	0.647562	1	1	
0.00487528	-nan	0.651936	0.678806	1	1	1	1	1	1	3.41582	0.651936	0.651936	1	1	
0.00505825	-nan	0.656338	0.677318	1	1	1	1	1	1	3.41051	0.656338	0.656338	1	1	
0.00524807	-nan	0.660768	0.675869	1	1	1	1	1	1	3.40521	0.660768	0.660768	1	1	
0.00544503	-nan	0.665226	0.674462	1	1	1	1	1	1	3.39992	0.665226	0.665226	1	1	
0.00564937	-nan	0.669711	0.673097	1	1	1	1	1	1	3.39464	0.669711	0.669711	1	1	
0.00586138	-nan	0.674222	0.671779	1	1	1	1	1	1	3.38938	0.674222	0.674222	1	1	
0.00608135	-nan	0.67876	0.670508	1	1	1	1	1	1	3.38414	0.67876	0.67876	1	1	
0.00630957	-nan	0.683324	0.669288	1	1	1	1	1	1	3.37893	0.683324	0.683324	1	1	
0.00654636	-nan	0.687913	0.668119	1	1	1	1	1	1	3.37375	0.687913	0.687913	1	1	
0.00679204	-nan	0.692527	0.667006	1	1	1	1	1	1	3.36859	0.692527	0.692527	1	1	
0.00704693	-nan	0.697165	0.665951	1	1	1	1	1	1	3.36347	0.697165	0.697165	1	1	
0.00731139	-nan	0.701827	0.664955	1	1	1	1	1	1	3.3584	0.701827	0.701827	1	1	
0.00758578	-nan	0.706512	0.664022	1	1	1	1	1	1	3.35336	0.706512	0.706512	1	1	
0.00787046	-nan	0.71122	0.663155	1	1	1	1	1	1	3.34838	0.71122	0.71122	1	1	
0.00816582	-nan	0.71595	0.662356	1	1	1	1	1	1	3.34344	0.71595	0.71595	1	1	
0.00847227	-nan	0.720702	0.661628	1	1	1	1	1	1	3.33857	0.720702	0.720702	1	1	
0.00879023	-nan	0.725474	0.660976	1	1	1	1	1	1	3.33375	0.725474	0.725474	1	1	
0.00912011	-nan	0.730266	0.6604	1	1	1	1	1	1	3.32901	0.730266	0.730266	1	1	
0.00946237	-nan	0.735078	0.659906	1	1	1	1	1	1	3.32434	0.735078	0.735078	1	1	
0.00981748	-nan	0.739908	0.659496	1	1	1	1	1	1	3.31974	0.739908	0.739908	1	1	
0.0101859	-nan	0.744756	0.659175	1	1	1	1	1	1	3.31523	0.744756	0.744756	1	1	
0.0105682	-nan	0.749621	0.658945	1	1	1	1	1	1	3.31081	0.749621	0.749621	1	1	
0.0109648	-nan	0.754503	0.65881	1	1	1	1	1	1	3.30649	0.754503	0.754503	1	1	
0.0113763	-nan	0.7594	0.658775	1	1	1	1	1	1	3.30226	0.7594	0.7594	1	1	
0.0118032	-nan	0.764312	0.658843	1	1	1	1	1	1	3.29815	0.764312	0.764312	1	1	
0.0122462	-nan	0.769238	0.659019	1	1	1	1	1	1	3.29415	0.769238	0.769238	1	1	
0.0127057	-nan	0.774177	0.659307	1	1	1	1	1	1	3.29028	0.774177	0.774177	1	1	
0.0131826	-nan	0.779128	0.659711	1	1	1	1	1	1	3.28653	0.779128	0.779128	1	1	
0.0136773	-nan	0.78409	0.660237	1	1	1	1	1	1	3.28292	0.78409	0.78409	1	1	
0.0141906	-nan	0.789062	0.66089	1	1	1	1	1	1	3.27945	0.789062	0.789062	1	1	
0.0147231	-nan	0.794044	0.661674	1	1	1	1	1	1	3.27614	0.794044	0.794044	1	1	
0.0152757	-nan	0.799034	0.662594	1	1	1	1	1	1	3.27298	0.799034	0.799034	1	1	
0.0158489	-nan	0.804031	0.663657	1	1	1	1	1	1	3.27	0.804031	0.804031	1	1	
0.0164437	-nan	0.809034	0.664868	1	1	1	1	1	1	3.26719	0.809034	0.809034	1	1	
0.0170608	-nan	0.814043	0.666232	1	1	1	1	1	1	3.26456	0.814043	0.814043	1	1	
0.0177011	-nan	0.819056	0.667758	1	1	1	1	1	1	3.26213	0.819056	0.819056	1	1	
0.0183654	-nan	0.824072	0.669449	1	1	1	1	1	1	3.25991	0.824072	0.824072	1	1	
0.0190546	-nan	0.82909	0.671315	1	1	1	1	1	1	3.25789	0.82909	0.82909	1	1	
0.0197697	-nan	0.834109	0.673361	1	1	1	1	1	1	3.2561	0.834109	0.834109	1	1	
0.0205116	-nan	0.839127	0.675595	1	1	1	1	1	1	3.25454	0.839127	0.839127	1	1	
0.0212814	-nan	0.844144	0.678024	1	1	1	1	1	1	3.25323	0.844144	0.844144	1	1	
0.02208	-nan	0.849159	0.680658	1	1	1	1	1	1	3.25216	0.849159	0.849159	1	1	
0.0229087	-nan	0.854169	0.683503	1	1	1	1	1	1	3.25136	0.854169	0.854169	1	1	
0.0237684	-nan	0.859175	0.68657	1	1	1	1	1	1	3.25083	0.859175	0.859175	1	1	
0.0246604	-nan	0.864175	0.689866	1	1	1	1	1	1	3.25058	0.864175	0.864175	1	1	
0.0255859	-nan	0.869167	0.693402	1	1	1	1	1	1	3.25063	0.869167	0.869167	1	1	
0.0265461	-nan	0.87415	0.697189	1	1	1	1	1	1	3.25099	0.87415	0.87415	1	1	
0.0275423	-nan	0.879123	0.701235	1	1	1	1	1	1	3.25166	0.879123	0.879123	1	1	
0.0285759	-nan	0.884086	0.705553	1	1	1	1	1	1	3.25266	0.884086	0.884086	1	1	
0.0296483	-nan	0.889035	0.710154	1	1	1	1	1	1	3.254	0.889035	0.889035	1	1	
0.030761	-nan	0.893971	0.71505	1	1	1	1	1	1	3.25569	0.893971	0.893971	1	1	
0.0319154	-nan	0.898891	0.720253	1	1	1	1	1	1	3.25775	0.898891	0.898891	1	1	
0.0331131	-nan	0.903795	0.725778	1	1	1	1	1	1	3.26017	0.903795	0.903795	1	1	
0.0343558	-nan	0.908682	0.731637	1	1	1	1	1	1	3.26298	0.908682	0.908682	1	1	
0.0356451	-nan	0.913549	0.737846	1	1	1	1	1	1	3.26619	0.913549	0.913549	1	1	
0.0369828	-nan	0.918395	0.744419	1	1	1	1	1	1	3.2698	0.918395	0.918395	1	1	
0.0383707	-nan	0.923219	0.751373	1	1	1	1	1	1	3.27383	0.923219	0.923219	1	1	
0.0398107	-nan	0.928021	0.758722	1	1	1	1	1	1	3.27828	0.928021	0.928021	1	1	
0.0413048	-nan	0.932797	0.766486	1	1	1	1	1	1	3.28316	0.932797	0.932797	1	1	
0.0428549	-nan	0.937547	0.774681	1	1	1	1	1	1	3.28849	0.937547	0.937547	1	1	
0.0444631	-nan	0.94227	0.783326	1	1	1	1	1	1	3.29428	0.94227	0.94227	1	1	
0.0461318	-nan	0.946964	0.792439	1	1	1	1	1	1	3.30052	0.946964	0.946964	1	1	
0.047863	-nan	0.951628	0.802041	1	1	1	1	1	1	3.30722	0.951628	0.951628	1	1	
0.0496592	-nan	0.95626	0.81215	1	1	1	1	1	1	3.31439	0.95626	0.95626	1	1	
0.0515229	-nan	0.960859	0.822787	1	1	1	1	1	1	3.32204	0.960859	0.960859	1	1	
0.0534564	-nan	0.965423	0.833971	1	1	1	1	1	1	3.33016	0.965423	0.965423	1	1	
0.0554626	-nan	0.969951	0.845723	1	1	1	1	1	1	3.33875	0.969951	0.969951	1	1	
0.057544	-nan	0.974442	0.858063	1	1	1	1	1	1	3.34781	0.974442	0.974442	1	1	
0.0597035	-nan	0.978893	0.87101	1	1	1	1	1	1	3.35734	0.978893	0.978893	1	1	
0.0619441	-nan	0.983305	0.884582	1	1	1	1	1	1	3.36732	0.983305	0.983305	1	1	
0.0642688	-nan	0.987674	0.898795	1	1	1	1	1	1	3.37775	0.987674	0.987674	1	1	
0.0666807	-nan	0.992	0.913665	1	1	1	1	1	1	3.38862	0.992	0.992	1	1	
0.0691831	-nan	0.996282	0.929206	1	1	1	1	1	1	3.39989	0.996282	0.996282	1	1	
0.0717794	-nan	1.00052	0.945425	1	1	1	1	1	1	3.41155	1.00052	1.00052	1	1	
0.0744732	-nan	1.0047	0.962331	1	1	1	1	1	1	3.42356	1.0047	1.0047	1	1	
0.0772681	-nan	1.00884	0.979926	1	1	1	1	1	1	3.4359	1.00884	1.00884	1	1	
0.0801678	-nan	1.01293	0.998208	1	1	1	1	1	1	3.44852	1.01293	1.01293	1	1	
0.0831764	-nan	1.01697	1.01717	1	1	1	1	1	1	3.46137	1.01697	1.01697	1	1	
0.0862979	-nan	1.02095	1.03679	1	1	1	1	1	1	3.47439	1.02095	1.02095	1	1	
0.0895365	-nan	1.02488	1.05707	1	1	1	1	1	1	3.48752	1.02488	1.02488	1	1	
0.0928966	-nan	1.02875	1.07796	1	1	1	1	1	1	3.50067	1.02875	1.02875	1	1	
0.0963829	-nan	1.03256	1.09944	1	1	1	1	1	1	3.51376	1.03256	1.03256	1	1	
0.1	-nan	1.03631	1.12147	1	1	1	1	1	1	3.5267	1.03631	1.03631	1	1	
0.103614	-nan	1.03987	1.14317	1	1	1	1	1	1	3.5389	1.03987	1.03987	1	1	
0.107229	-nan	1.04325	1.16452	1	1	1	1	1	1	3.55035	1.04325	1.04325	1	1	
0.110843	-nan	1.04647	1.1855	1	1	1	1	1	1	3.56098	1.04647	1.04647	1	1	
0.114458	-nan	1.04953	1.20606	1	1	1	1	1	1	3.57076	1.04953	1.04953	1	1	
0.118072	-nan	1.05245	1.22619	1	1	1	1	1	1	3.57965	1.05245	1.05245	1	1	
0.121687	-nan	1.05523	1.24587	1	1	1	1	1	1	3.58763	1.05523	1.05523	1	1	
0.125301	-nan	1.05789	1.26509	1	1	1	1	1	1	3.59467	1.05789	1.05789	1	1	
0.128916	-nan	1.06043	1.28383	1	1	1	1	1	1	3.60073	1.06043	1.06043	1	1	
0.13253	-nan	1.06286	1.3021	1	1	1	1	1	1	3.60582	1.06286	1.06286	1	1	
0.136145	-nan	1.06518	1.31989	1	1	1	1	1	1	3.60991	1.06518	1.06518	1	1	
0.139759	-nan	1.0674	1.3372	1	1	1	1	1	1	3.613	1.0674	1.0674	1	1	
0.143373	-nan	1.06953	1.35404	1	1	1	1	1	1	3.61508	1.06953	1.06953	1	1	
0.146988	-nan	1.07158	1.37041	1	1	1	1	1	1	3.61616	1.07158	1.07158	1	1	
0.150602	-nan	1.07353	1.38633	1	1	1	1	1	1	3.61625	1.07353	1.07353	1	1	
0.154217	-nan	1.07541	1.4018	1	1	1	1	1	1	3.61537	1.07541	1.07541	1	1	
0.157831	-nan	1.07721	1.41684	1	1	1	1	1	1	3.61352	1.07721	1.07721	1	1	
0.161446	-nan	1.07894	1.43146	1	1	1	1	1	1	3.61075	1.07894	1.07894	1	1	
0.16506	-nan	1.0806	1.44567	1	1	1	1	1	1	3.60707	1.0806	1.0806	1	1	
0.168675	-nan	1.0822	1.45949	1	1	1	1	1	1	3.60252	1.0822	1.0822	1	1	
0.172289	-nan	1.08373	1.47292	1	1	1	1	1	1	3.59715	1.08373	1.08373	1	1	
0.175904	-nan	1.08521	1.48599	1	1	1	1	1	1	3.591	1.08521	1.08521	1	1	
0.179518	-nan	1.08662	1.4987	1	1	1	1	1	1	3.58412	1.08662	1.08662	1	1	
0.183133	-nan	1.08799	1.51108	1	1	1	1	1	1	3.57656	1.08799	1.08799	1	1	
0.186747	-nan	1.0893	1.52313	1	1	1	1	1	1	3.56838	1.0893	1.0893	1	1	
0.190361	-nan	1.09056	1.53486	1	1	1	1	1	1	3.55964	1.09056	1.09056	1	1	
0.193976	-nan	1.09177	1.5463	1	1	1	1	1	1	3.55041	1.09177	1.09177	1	1	
0.19759	-nan	1.09294	1.55744	1	1	1	1	1	1	3.54075	1.09294	1.09294	1	1	
0.201205	-nan	1.09406	1.56831	1	1	1	1	1	1	3.53071	1.09406	1.09406	1	1	
0.204819	-nan	1.09514	1.57891	1	1	1	1	1	1	3.52039	1.09514	1.09514	1	1	
0.208434	-nan	1.09618	1.58926	1	1	1	1	1	1	3.50983	1.09618	1.09618	1	1	
0.212048	-nan	1.09719	1.59935	1	1	1	1	1	1	3.4991	1.09719	1.09719	1	1	
0.215663	-nan	1.09815	1.60922	1	1	1	1	1	1	3.48828	1.09815	1.09815	1	1	
0.219277	-nan	1.09908	1.61885	1	1	1	1	1	1	3.47743	1.09908	1.09908	1	1	
0.222892	-nan	1.09997	1.62827	1	1	1	1	1	1	3.46661	1.09997	1.09997	1	1	
0.226506	-nan	1.10083	1.63747	1	1	1	1	1	1	3.45588	1.10083	1.10083	1	1	
0.23012	-nan	1.10166	1.64648	1	1	1	1	1	1	3.4453	1.10166	1.10166	1	1	
0.233735	-nan	1.10245	1.65528	1	1	1	1	1	1	3.43492	1.10245	1.10245	1	1	
0.237349	-nan	1.10322	1.66391	1	1	1	1	1	1	3.42479	1.10322	1.10322	1	1	
0.240964	-nan	1.10395	1.67234	1	1	1	1	1	1	3.41497	1.10395	1.10395	1	1	
0.244578	-nan	1.10466	1.68061	1	1	1	1	1	1	3.40549	1.10466	1.10466	1	1	
0.248193	-nan	1.10534	1.68871	1	1	1	1	1	1	3.3964	1.10534	1.10534	1	1	
0.251807	-nan	1.106	1.69664	1	1	1	1	1	1	3.38772	1.106	1.106	1	1	
0.255422	-nan	1.10663	1.70441	1	1	1	1	1	1	3.3795	1.10663	1.10663	1	1	
0.259036	-nan	1.10723	1.71204	1	1	1	1	1	1	3.37175	1.10723	1.10723	1	1	
0.262651	-nan	1.10781	1.71951	1	1	1	1	1	1	3.36451	1.10781	1.10781	1	1	
0.266265	-nan	1.10837	1.72685	1	1	1	1	1	1	3.35778	1.10837	1.10837	1	1	
0.26988	-nan	1.1089	1.73404	1	1	1	1	1	1	3.35159	1.1089	1.1089	1	1	
0.273494	-nan	1.10941	1.74111	1	1	1	1	1	1	3.34594	1.10941	1.10941	1	1	
0.277108	-nan	1.1099	1.74804	1	1	1	1	1	1	3.34085	1.1099	1.1099	1	1	
0.280723	-nan	1.11038	1.75485	1	1	1	1	1	1	3.33631	1.11038	1.11038	1	1	
0.284337	-nan	1.11083	1.76153	1	1	1	1	1	1	3.33234	1.11083	1.11083	1	1	
0.287952	-nan	1.11126	1.7681	1	1	1	1	1	1	3.32893	1.11126	1.11126	1	1	
0.291566	-nan	1.11167	1.77455	1	1	1	1	1	1	3.32608	1.11167	1.11167	1	1	
0.295181	-nan	1.11207	1.78089	1	1	1	1	1	1	3.32378	1.11207	1.11207	1	1	
0.298795	-nan	1.11244	1.78713	1	1	1	1	1	1	3.32203	1.11244	1.11244	1	1	
0.30241	-nan	1.1128	1.79325	1	1	1	1	1	1	3.32081	1.1128	1.1128	1	1	
0.306024	-nan	1.11314	1.79928	1	1	1	1	1	1	3.32012	1.11314	1.11314	1	1	
0.309639	-nan	1.11347	1.8052	1	1	1	1	1	1	3.31994	1.11347	1.11347	1	1	
0.313253	-nan	1.11378	1.81103	1	1	1	1	1	1	3.32026	1.11378	1.11378	1	1	
0.316867	-nan	1.11408	1.81677	1	1	1	1	1	1	3.32106	1.11408	1.11408	1	1	
0.320482	-nan	1.11436	1.82241	1	1	1	1	1	1	3.32234	1.11436	1.11436	1	1	
0.324096	-nan	1.11462	1.82796	1	1	1	1	1	1	3.32407	1.11462	1.11462	1	1	
0.327711	-nan	1.11488	1.83343	1	1	1	1	1	1	3.32624	1.11488	1.11488	1	1	
0.331325	-nan	1.11511	1.83881	1	1	1	1	1	1	3.32883	1.11511	1.11511	1	1	
0.33494	-nan	1.11534	1.84411	1	1	1	1	1	1	3.33182	1.11534	1.11534	1	1	
0.338554	-nan	1.11555	1.84933	1	1	1	1	1	1	3.33521	1.11555	1.11555	1	1	
0.342169	-nan	1.11575	1.85447	1	1	1	1	1	1	3.33896	1.11575	1.11575	1	1	
0.345783	-nan	1.11593	1.85953	1	1	1	1	1	1	3.34307	1.11593	1.11593	1	1	
0.349398	-nan	1.11611	1.86452	1	1	1	1	1	1	3.34752	1.11611	1.11611	1	1	
0.353012	-nan	1.11627	1.86943	1	1	1	1	1	1	3.35229	1.11627	1.11627	1	1	
0.356627	-nan	1.11642	1.87428	1	1	1	1	1	1	3.35736	1.11642	1.11642	1	1	
0.360241	-nan	1.11656	1.87905	1	1	1	1	1	1	3.36272	1.11656	1.11656	1	1	
0.363855	-nan	1.11669	1.88376	1	1	1	1	1	1	3.36835	1.11669	1.11669	1	1	
0.36747	-nan	1.1168	1.8884	1	1	1	1	1	1	3.37424	1.1168	1.1168	1	1	
0.371084	-nan	1.11691	1.89298	1	1	1	1	1	1	3.38037	1.11691	1.11691	1	1	
0.374699	-nan	1.11701	1.8975	1	1	1	1	1	1	3.38673	1.11701	1.11701	1	1	
0.378313	-nan	1.11709	1.90195	1	1	1	1	1	1	3.3933	1.11709	1.11709	1	1	
0.381928	-nan	1.11717	1.90634	1	1	1	1	1	1	3.40007	1.11717	1.11717	1	1	
0.385542	-nan	1.11724	1.91068	1	1	1	1	1	1	3.40703	1.11724	1.11724	1	1	
0.389157	-nan	1.11729	1.91495	1	1	1	1	1	1	3.41416	1.11729	1.11729	1	1	
0.392771	-nan	1.11734	1.91917	1	1	1	1	1	1	3.42146	1.11734	1.11734	1	1	
0.396386	-nan	1.11738	1.92334	1	1	1	1	1	1	3.4289	1.11738	1.11738	1	1	
0.4	-nan	1.11741	1.92745	1	1	1	1	1	1	3.43649	1.11741	1.11741	1	1	
0.403614	-nan	1.11744	1.93151	1	1	1	1	1	1	3.4442	1.11744	1.11744	1	1	
0.407229	-nan	1.11745	1.93552	1	1	1	1	1	1	3.45203	1.11745	1.11745	1	1	
0.410843	-nan	1.11746	1.93948	1	1	1	1	1	1	3.45997	1.11746	1.11746	1	1	
0.414458	-nan	1.11745	1.94339	1	1	1	1	1	1	3.46801	1.11745	1.11745	1	1	
0.418072	-nan	1.11744	1.94726	1	1	1	1	1	1	3.47613	1.11744	1.11744	1	1	
0.421687	-nan	1.11743	1.95107	1	1	1	1	1	1	3.48434	1.11743	1.11743	1	1	
0.425301	-nan	1.1174	1.95484	1	1	1	1	1	1	3.49262	1.1174	1.1174	1	1	
0.428916	-nan	1.11737	1.95857	1	1	1	1	1	1	3.50096	1.11737	1.11737	1	1	
0.43253	-nan	1.11733	1.96225	1	1	1	1	1	1	3.50937	1.11733	1.11733	1	1	
0.436145	-nan	1.11729	1.96589	1	1	1	1	1	1	3.51782	1.11729	1.11729	1	1	
0.439759	-nan	1.11723	1.96948	1	1	1	1	1	1	3.52632	1.11723	1.11723	1	1	
0.443373	-nan	1.11717	1.97304	1	1	1	1	1	1	3.53485	1.11717	1.11717	1	1	
0.446988	-nan	1.11711	1.97656	1	1	1	1	1	1	3.54342	1.11711	1.11711	1	1	
0.450602	-nan	1.11704	1.98003	1	1	1	1	1	1	3.55201	1.11704	1.11704	1	1	
0.454217	-nan	1.11696	1.98347	1	1	1	1	1	1	3.56062	1.11696	1.11696	1	1	
0.457831	-nan	1.11687	1.98687	1	1	1	1	1	1	3.56925	1.11687	1.11687	1	1	
0.461446	-nan	1.11678	1.99023	1	1	1	1	1	1	3.57789	1.11678	1.11678	1	1	
0.46506	-nan	1.11669	1.99356	1	1	1	1	1	1	3.58653	1.11669	1.11669	1	1	
0.468675	-nan	1.11659	1.99685	1	1	1	1	1	1	3.59518	1.11659	1.11659	1	1	
0.472289	-nan	1.11648	2.0001	1	1	1	1	1	1	3.60382	1.11648	1.11648	1	1	
0.475904	-nan	1.11636	2.00333	1	1	1	1	1	1	3.61246	1.11636	1.11636	1	1	
0.479518	-nan	1.11625	2.00652	1	1	1	1	1	1	3.62109	1.11625	1.11625	1	1	
0.483133	-nan	1.11612	2.00967	1	1	1	1	1	1	3.6297	1.11612	1.11612	1	1	
0.486747	-nan	1.11599	2.01279	1	1	1	1	1	1	3.6383	1.11599	1.11599	1	1	
0.490361	-nan	1.11586	2.01589	1	1	1	1	1	1	3.64688	1.11586	1.11586	1	1	
0.493976	-nan	1.11572	2.01895	1	1	1	1	1	1	3.65544	1.11572	1.11572	1	1	
0.49759	-nan	1.11558	2.02198	1	1	1	1	1	1	3.66398	1.11558	1.11558	1	1	
0.501205	-nan	1.11543	2.02498	1	1	1	1	1	1	3.67249	1.11543	1.11543	1	1	
0.504819	-nan	1.11528	2.02795	1	1	1	1	1	1	3.68096	1.11528	1.11528	1	1	
0.508434	-nan	1.11512	2.0309	1	1	1	1	1	1	3.68941	1.11512	1.11512	1	1	
0.512048	-nan	1.11496	2.03381	1	1	1	1	1	1	3.69782	1.11496	1.11496	1	1	
0.515663	-nan	1.11479	2.0367	1	1	1	1	1	1	3.7062	1.11479	1.11479	1	1	
0.519277	-nan	1.11462	2.03956	1	1	1	1	1	1	3.71454	1.11462	1.11462	1	1	
0.522892	-nan	1.11445	2.04239	1	1	1	1	1	1	3.72285	1.11445	1.11445	1	1	
0.526506	-nan	1.11427	2.0452	1	1	1	1	1	1	3.73111	1.11427	1.11427	1	1	
0.53012	-nan	1.11408	2.04798	1	1	1	1	1	1	3.73933	1.11408	1.11408	1	1	
0.533735	-nan	1.1139	2.05074	1	1	1	1	1	1	3.74751	1.1139	1.1139	1	1	
0.537349	-nan	1.11371	2.05347	1	1	1	1	1	1	3.75565	1.11371	1.11371	1	1	
0.540964	-nan	1.11351	2.05618	1	1	1	1	1	1	3.76374	1.11351	1.11351	1	1	
0.544578	-nan	1.11331	2.05886	1	1	1	1	1	1	3.77179	1.11331	1.11331	1	1	
0.548193	-nan	1.11311	2.06152	1	1	1	1	1	1	3.77979	1.11311	1.11311	1	1	
0.551807	-nan	1.11291	2.06416	1	1	1	1	1	1	3.78774	1.11291	1.11291	1	1	
0.555422	-nan	1.1127	2.06677	1	1	1	1	1	1	3.79564	1.1127	1.1127	1	1	
0.559036	-nan	1.11249	2.06937	1	1	1	1	1	1	3.80349	1.11249	1.11249	1	1	
0.562651	-nan	1.11227	2.07194	1	1	1	1	1	1	3.8113	1.11227	1.11227	1	1	
0.566265	-nan	1.11205	2.07449	1	1	1	1	1	1	3.81905	1.11205	1.11205	1	1	
0.56988	-nan	1.11183	2.07701	1	1	1	1	1	1	3.82676	1.11183	1.11183	1	1	
0.573494	-nan	1.1116	2.07952	1	1	1	1	1	1	3.83441	1.1116	1.1116	1	1	
0.577108	-nan	1.11138	2.082	1	1	1	1	1	1	3.84201	1.11138	1.11138	1	1	
0.580723	-nan	1.11114	2.08447	1	1	1	1	1	1	3.84956	1.11114	1.11114	1	1	
0.584337	-nan	1.11091	2.08691	1	1	1	1	1	1	3.85706	1.11091	1.11091	1	1	
0.587952	-nan	1.11067	2.08934	1	1	1	1	1	1	3.8645	1.11067	1.11067	1	1	
0.591566	-nan	1.11043	2.09175	1	1	1	1	1	1	3.87189	1.11043	1.11043	1	1	
0.595181	-nan	1.11019	2.09413	1	1	1	1	1	1	3.87923	1.11019	1.11019	1	1	
0.598795	-nan	1.10994	2.0965	1	1	1	1	1	1	3.88652	1.10994	1.10994	1	1	
0.60241	-nan	1.1097	2.09885	1	1	1	1	1	1	3.89376	1.1097	1.1097	1	1	
0.606024	-nan	1.10944	2.10118	1	1	1	1	1	1	3.90094	1.10944	1.10944	1	1	
0.609639	-nan	1.10919	2.1035	1	1	1	1	1	1	3.90807	1.10919	1.10919	1	1	
0.613253	-nan	1.10894	2.10579	1	1	1	1	1	1	3.91514	1.10894	1.10894	1	1	
0.616867	-nan	1.10868	2.10807	1	1	1	1	1	1	3.92216	1.10868	1.10868	1	1	
0.620482	-nan	1.10842	2.11033	1	1	1	1	1	1	3.92913	1.10842	1.10842	1	1	
0.624096	-nan	1.10815	2.11258	1	1	1	1	1	1	3.93605	1.10815	1.10815	1	1	
0.627711	-nan	1.10789	2.1148	1	1	1	1	1	1	3.94291	1.10789	1.10789	1	1	
0.631325	-nan	1.10762	2.11701	1	1	1	1	1	1	3.94973	1.10762	1.10762	1	1	
0.63494	-nan	1.10735	2.11921	1	1	1	1	1	1	3.95649	1.10735	1.10735	1	1	
0.638554	-nan	1.10708	2.12139	1	1	1	1	1	1	3.96319	1.10708	1.10708	1	1	
0.642169	-nan	1.1068	2.12355	1	1	1	1	1	1	3.96985	1.1068	1.1068	1	1	
0.645783	-nan	1.10652	2.1257	1	1	1	1	1	1	3.97645	1.10652	1.10652	1	1	
0.649398	-nan	1.10625	2.12783	1	1	1	1	1	1	3.983	1.10625	1.10625	1	1	
0.653012	-nan	1.10596	2.12994	1	1	1	1	1	1	3.9895	1.10596	1.10596	1	1	
0.656627	-nan	1.10568	2.13204	1	1	1	1	1	1	3.99595	1.10568	1.10568	1	1	
0.660241	-nan	1.1054	2.13413	1	1	1	1	1	1	4.00235	1.1054	1.1054	1	1	
0.663855	-nan	1.10511	2.1362	1	1	1	1	1	1	4.0087	1.10511	1.10511	1	1	
0.66747	-nan	1.10482	2.13826	1	1	1	1	1	1	4.01499	1.10482	1.10482	1	1	
0.671084	-nan	1.10453	2.1403	1	1	1	1	1	1	4.02124	1.10453	1.10453	1	1	
0.674699	-nan	1.10424	2.14232	1	1	1	1	1	1	4.02743	1.10424	1.10424	1	1	
0.678313	-nan	1.10394	2.14434	1	1	1	1	1	1	4.03358	1.10394	1.10394	1	1	
0.681928	-nan	1.10365	2.14634	1	1	1	1	1	1	4.03968	1.10365	1.10365	1	1	
0.685542	-nan	1.10335	2.14832	1	1	1	1	1	1	4.04573	1.10335	1.10335	1	1	
0.689157	-nan	1.10305	2.15029	1	1	1	1	1	1	4.05173	1.10305	1.10305	1	1	
0.692771	-nan	1.10275	2.15225	1	1	1	1	1	1	4.05768	1.10275	1.10275	1	1	
0.696386	-nan	1.10245	2.1542	1	1	1	1	1	1	4.06358	1.10245	1.10245	1	1	
0.7	-nan	1.10215	2.15613	1	1	1	1	1	1	4.06944	1.10215	1.10215	1	1	
0.703614	-nan	1.10184	2.15805	1	1	1	1	1	1	4.07525	1.10184	1.10184	1	1	
0.707229	-nan	1.10153	2.15995	1	1	1	1	1	1	4.08101	1.10153	1.10153	1	1	
0.710843	-nan	1.10123	2.16185	1	1	1	1	1	1	4.08673	1.10123	1.10123	1	1	
0.714458	-nan	1.10092	2.16373	1	1	1	1	1	1	4.0924	1.10092	1.10092	1	1	
0.718072	-nan	1.1006	2.1656	1	1	1	1	1	1	4.09802	1.1006	1.1006	1	1	
0.721687	-nan	1.10029	2.16745	1	1	1	1	1	1	4.1036	1.10029	1.10029	1	1	
0.725301	-nan	1.09998	2.16929	1	1	1	1	1	1	4.10913	1.09998	1.09998	1	1	
0.728916	-nan	1.09966	2.17112	1	1	1	1	1	1	4.11462	1.09966	1.09966	1	1	
0.73253	-nan	1.09935	2.17294	1	1	1	1	1	1	4.12006	1.09935	1.09935	1	1	
0.736145	-nan	1.09903	2.17475	1	1	1	1	1	1	4.12546	1.09903	1.09903	1	1	
0.739759	-nan	1.09871	2.17654	1	1	1	1	1	1	4.13081	1.09871	1.09871	1	1	
0.743373	-nan	1.09839	2.17833	1	1	1	1	1	1	4.13612	1.09839	1.09839	1	1	
0.746988	-nan	1.09807	2.1801	1	1	1	1	1	1	4.14139	1.09807	1.09807	1	1	
0.750602	-nan	1.09774	2.18186	1	1	1	1	1	1	4.14662	1.09774	1.09774	1	1	
0.754217	-nan	1.09742	2.18361	1	1	1	1	1	1	4.1518	1.09742	1.09742	1	1	
0.757831	-nan	1.0971	2.18534	1	1	1	1	1	1	4.15694	1.0971	1.0971	1	1	
0.761446	-nan	1.09677	2.18707	1	1	1	1	1	1	4.16204	1.09677	1.09677	1	1	
0.76506	-nan	1.09644	2.18878	1	1	1	1	1	1	4.1671	1.09644	1.09644	1	1	
0.768675	-nan	1.09611	2.19049	1	1	1	1	1	1	4.17212	1.09611	1.09611	1	1	
0.772289	-nan	1.09579	2.19218	1	1	1	1	1	1	4.17709	1.09579	1.09579	1	1	
0.775904	-nan	1.09546	2.19386	1	1	1	1	1	1	4.18203	1.09546	1.09546	1	1	
0.779518	-nan	1.09512	2.19553	1	1	1	1	1	1	4.18693	1.09512	1.09512	1	1	
0.783133	-nan	1.09479	2.19719	1	1	1	1	1	1	4.19178	1.09479	1.09479	1	1	
0.786747	-nan	1.09446	2.19884	1	1	1	1	1	1	4.1966	1.09446	1.09446	1	1	
0.790361	-nan	1.09413	2.20048	1	1	1	1	1	1	4.20138	1.09413	1.09413	1	1	
0.793976	-nan	1.09379	2.20211	1	1	1	1	1	1	4.20612	1.09379	1.09379	1	1	
0.79759	-nan	1.09345	2.20373	1	1	1	1	1	1	4.21082	1.09345	1.09345	1	1	
0.801205	-nan	1.09312	2.20534	1	1	1	1	1	1	4.21549	1.09312	1.09312	1	1	
0.804819	-nan	1.09278	2.20693	1	1	1	1	1	1	4.22012	1.09278	1.09278	1	1	
0.808434	-nan	1.09244	2.20852	1	1	1	1	1	1	4.22471	1.09244	1.09244	1	1	
0.812048	-nan	1.0921	2.2101	1	1	1	1	1	1	4.22926	1.0921	1.0921	1	1	
0.815663	-nan	1.09176	2.21166	1	1	1	1	1	1	4.23378	1.09176	1.09176	1	1	
0.819277	-nan	1.09142	2.21322	1	1	1	1	1	1	4.23826	1.09142	1.09142	1	1	
0.822892	-nan	1.09108	2.21477	1	1	1	1	1	1	4.2427	1.09108	1.09108	1	1	
0.826506	-nan	1.09074	2.21631	1	1	1	1	1	1	4.24711	1.09074	1.09074	1	1	
0.83012	-nan	1.0904	2.21783	1	1	1	1	1	1	4.25149	1.0904	1.0904	1	1	
0.833735	-nan	1.09005	2.21935	1	1	1	1	1	1	4.25583	1.09005	1.09005	1	1	
0.837349	-nan	1.08971	2.22086	1	1	1	1	1	1	4.26013	1.08971	1.08971	1	1	
0.840964	-nan	1.08936	2.22236	1	1	1	1	1	1	4.26441	1.08936	1.08936	1	1	
0.844578	-nan	1.08902	2.22385	1	1	1	1	1	1	4.26864	1.08902	1.08902	1	1	
0.848193	-nan	1.08867	2.22533	1	1	1	1	1	1	4.27285	1.08867	1.08867	1	1	
0.851807	-nan	1.08833	2.2268	1	1	1	1	1	1	4.27702	1.08833	1.08833	1	1	
0.855422	-nan	1.08798	2.22826	1	1	1	1	1	1	4.28116	1.08798	1.08798	1	1	
0.859036	-nan	1.08763	2.22971	1	1	1	1	1	1	4.28526	1.08763	1.08763	1	1	
0.862651	-nan	1.08728	2.23116	1	1	1	1	1	1	4.28933	1.08728	1.08728	1	1	
0.866265	-nan	1.08693	2.23259	1	1	1	1	1	1	4.29337	1.08693	1.08693	1	1	
0.86988	-nan	1.08658	2.23401	1	1	1	1	1	1	4.29738	1.08658	1.08658	1	1	
0.873494	-nan	1.08623	2.23543	1	1	1	1	1	1	4.30136	1.08623	1.08623	1	1	
0.877108	-nan	1.08588	2.23684	1	1	1	1	1	1	4.30531	1.08588	1.08588	1	1	
0.880723	-nan	1.08553	2.23823	1	1	1	1	1	1	4.30922	1.08553	1.08553	1	1	
0.884337	-nan	1.08518	2.23962	1	1	1	1	1	1	4.31311	1.08518	1.08518	1	1	
0.887952	-nan	1.08483	2.241	1	1	1	1	1	1	4.31697	1.08483	1.08483	1	1	
0.891566	-nan	1.08448	2.24237	1	1	1	1	1	1	4.32079	1.08448	1.08448	1	1	
0.895181	-nan	1.08412	2.24374	1	1	1	1	1	1	4.32459	1.08412	1.08412	1	1	
0.898795	-nan	1.08377	2.24509	1	1	1	1	1	1	4.32835	1.08377	1.08377	1	1	
0.90241	-nan	1.08341	2.24644	1	1	1	1	1	1	4.33209	1.08341	1.08341	1	1	
0.906024	-nan	1.08306	2.24777	1	1	1	1	1	1	4.3358	1.08306	1.08306	1	1	
0.909639	-nan	1.08271	2.2491	1	1	1	1	1	1	4.33948	1.08271	1.08271	1	1	
0.913253	-nan	1.08235	2.25042	1	1	1	1	1	1	4.34313	1.08235	1.08235	1	1	
0.916867	-nan	1.082	2.25173	1	1	1	1	1	1	4.34675	1.082	1.082	1	1	
0.920482	-nan	1.08164	2.25303	1	1	1	1	1	1	4.35035	1.08164	1.08164	1	1	
0.924096	-nan	1.08128	2.25433	1	1	1	1	1	1	4.35392	1.08128	1.08128	1	1	
0.927711	-nan	1.08093	2.25562	1	1	1	1	1	1	4.35746	1.08093	1.08093	1	1	
0.931325	-nan	1.08057	2.25689	1	1	1	1	1	1	4.36097	1.08057	1.08057	1	1	
0.93494	-nan	1.08021	2.25816	1	1	1	1	1	1	4.36446	1.08021	1.08021	1	1	
0.938554	-nan	1.07985	2.25943	1	1	1	1	1	1	4.36792	1.07985	1.07985	1	1	
0.942169	-nan	1.0795	2.26068	1	1	1	1	1	1	4.37135	1.0795	1.0795	1	1	
0.945783	-nan	1.07914	2.26192	1	1	1	1	1	1	4.37476	1.07914	1.07914	1	1	
0.949398	-nan	1.07878	2.26316	1	1	1	1	1	1	4.37815	1.07878	1.07878	1	1	
0.953012	-nan	1.07842	2.26439	1	1	1	1	1	1	4.3815	1.07842	1.07842	1	1	
0.956627	-nan	1.07806	2.26561	1	1	1	1	1	1	4.38483	1.07806	1.07806	1	1	
0.960241	-nan	1.0777	2.26683	1	1	1	1	1	1	4.38814	1.0777	1.0777	1	1	
0.963855	-nan	1.07734	2.26803	1	1	1	1	1	1	4.39142	1.07734	1.07734	1	1	
0.96747	-nan	1.07698	2.26923	1	1	1	1	1	1	4.39468	1.07698	1.07698	1	1	
0.971084	-nan	1.07662	2.27042	1	1	1	1	1	1	4.39791	1.07662	1.07662	1	1	
0.974699	-nan	1.07626	2.27161	1	1	1	1	1	1	4.40112	1.07626	1.07626	1	1	
0.978313	-nan	1.0759	2.27278	1	1	1	1	1	1	4.40431	1.0759	1.0759	1	1	
0.981928	-nan	1.07554	2.27395	1	1	1	1	1	1	4.40747	1.07554	1.07554	1	1	
0.985542	-nan	1.07518	2.27511	1	1	1	1	1	1	4.41061	1.07518	1.07518	1	1	
0.989157	-nan	1.07482	2.27626	1	1	1	1	1	1	4.41372	1.07482	1.07482	1	1	
0.992771	-nan	1.07446	2.27741	1	1	1	1	1	1	4.41681	1.07446	1.07446	1	1	
0.996386	-nan	1.0741	2.27854	1	1	1	1	1	1	4.41988	1.0741	1.0741	1	1	
1	-nan	-nan	-nan	-nan	-nan	-nan	-nan	-nan	-nan	-nan	-nan	-nan	-nan	-nan	
