1e-05	-nan	0.436278	0.369593	1	1	1	1	1	1	0.0409127	0.436278	0.436278	1	1	
1.03753e-05	-nan	0.436474	0.369664	1	1	1	1	1	1	0.0409127	0.436474	0.436474	1	1	
1.07647e-05	-nan	0.436673	0.369737	1	1	1	1	1	1	0.0409127	0.436673	0.436673	1	1	
1.11686e-05	-nan	0.436876	0.36981	1	1	1	1	1	1	0.0409127	0.436876	0.436876	1	1	
1.15878e-05	-nan	0.437083	0.369885	1	1	1	1	1	1	0.0409127	0.437083	0.437083	1	1	
1.20226e-05	-nan	0.437293	0.369961	1	1	1	1	1	1	0.0409127	0.437293	0.437293	1	1	
1.24738e-05	-nan	0.437508	0.370039	1	1	1	1	1	1	0.0409127	0.437508	0.437508	1	1	
1.2942e-05	-nan	0.437726	0.370119	1	1	1	1	1	1	0.0409127	0.437726	0.437726	1	1	
1.34276e-05	-nan	0.437948	0.370199	1	1	1	1	1	1	0.0409128	0.437948	0.437948	1	1	
1.39316e-05	-nan	0.438174	0.370281	1	1	1	1	1	1	0.0409128	0.438174	0.438174	1	1	
1.44544e-05	-nan	0.438404	0.370365	1	1	1	1	1	1	0.0409128	0.438404	0.438404	1	1	
1.49968e-05	-nan	0.438638	0.370451	1	1	1	1	1	1	0.0409128	0.438638	0.438638	1	1	
1.55597e-05	-nan	0.438877	0.370538	1	1	1	1	1	1	0.0409128	0.438877	0.438877	1	1	
1.61436e-05	-nan	0.439119	0.370626	1	1	1	1	1	1	0.0409128	0.439119	0.439119	1	1	
1.67494e-05	-nan	0.439367	0.370716	1	1	1	1	1	1	0.0409129	0.439367	0.439367	1	1	
1.7378e-05	-nan	0.439618	0.370808	1	1	1	1	1	1	0.0409129	0.439618	0.439618	1	1	
1.80302e-05	-nan	0.439875	0.370902	1	1	1	1	1	1	0.0409129	0.439875	0.439875	1	1	
1.87068e-05	-nan	0.440136	0.370997	1	1	1	1	1	1	0.0409129	0.440136	0.440136	1	1	
1.94089e-05	-nan	0.440401	0.371095	1	1	1	1	1	1	0.0409129	0.440401	0.440401	1	1	
2.01372e-05	-nan	0.440672	0.371194	1	1	1	1	1	1	0.040913	0.440672	0.440672	1	1	
2.0893e-05	-nan	0.440947	0.371295	1	1	1	1	1	1	0.040913	0.440947	0.440947	1	1	
2.1677e-05	-nan	0.441227	0.371398	1	1	1	1	1	1	0.040913	0.441227	0.441227	1	1	
2.24905e-05	-nan	0.441513	0.371503	1	1	1	1	1	1	0.0409131	0.441513	0.441513	1	1	
2.33346e-05	-nan	0.441803	0.371609	1	1	1	1	1	1	0.0409131	0.441803	0.441803	1	1	
2.42103e-05	-nan	0.442099	0.371718	1	1	1	1	1	1	0.0409131	0.442099	0.442099	1	1	
2.51189e-05	-nan	0.4424	0.371829	1	1	1	1	1	1	0.0409132	0.4424	0.4424	1	1	
2.60615e-05	-nan	0.442707	0.371942	1	1	1	1	1	1	0.0409132	0.442707	0.442707	1	1	
2.70396e-05	-nan	0.443019	0.372058	1	1	1	1	1	1	0.0409133	0.443019	0.443019	1	1	
2.80543e-05	-nan	0.443337	0.372175	1	1	1	1	1	1	0.0409133	0.443337	0.443337	1	1	
2.91072e-05	-nan	0.44366	0.372295	1	1	1	1	1	1	0.0409133	0.44366	0.44366	1	1	
3.01995e-05	-nan	0.443989	0.372417	1	1	1	1	1	1	0.0409134	0.443989	0.443989	1	1	
3.13329e-05	-nan	0.444325	0.372541	1	1	1	1	1	1	0.0409134	0.444325	0.444325	1	1	
3.25087e-05	-nan	0.444666	0.372668	1	1	1	1	1	1	0.0409135	0.444666	0.444666	1	1	
3.37287e-05	-nan	0.445013	0.372797	1	1	1	1	1	1	0.0409136	0.445013	0.445013	1	1	
3.49945e-05	-nan	0.445367	0.372929	1	1	1	1	1	1	0.0409136	0.445367	0.445367	1	1	
3.63078e-05	-nan	0.445727	0.373063	1	1	1	1	1	1	0.0409137	0.445727	0.445727	1	1	
3.76704e-05	-nan	0.446094	0.3732	1	1	1	1	1	1	0.0409138	0.446094	0.446094	1	1	
3.90841e-05	-nan	0.446467	0.373339	1	1	1	1	1	1	0.0409138	0.446467	0.446467	1	1	
4.05509e-05	-nan	0.446847	0.373481	1	1	1	1	1	1	0.0409139	0.446847	0.446847	1	1	
4.20727e-05	-nan	0.447234	0.373626	1	1	1	1	1	1	0.040914	0.447234	0.447234	1	1	
4.36516e-05	-nan	0.447628	0.373774	1	1	1	1	1	1	0.0409141	0.447628	0.447628	1	1	
4.52898e-05	-nan	0.448028	0.373924	1	1	1	1	1	1	0.0409141	0.448028	0.448028	1	1	
4.69894e-05	-nan	0.448436	0.374078	1	1	1	1	1	1	0.0409142	0.448436	0.448436	1	1	
4.87528e-05	-nan	0.448852	0.374234	1	1	1	1	1	1	0.0409143	0.448852	0.448852	1	1	
5.05825e-05	-nan	0.449275	0.374394	1	1	1	1	1	1	0.0409144	0.449275	0.449275	1	1	
5.24807e-05	-nan	0.449705	0.374557	1	1	1	1	1	1	0.0409145	0.449705	0.449705	1	1	
5.44503e-05	-nan	0.450143	0.374722	1	1	1	1	1	1	0.0409147	0.450143	0.450143	1	1	
5.64937e-05	-nan	0.450589	0.374892	1	1	1	1	1	1	0.0409148	0.450589	0.450589	1	1	
5.86138e-05	-nan	0.451044	0.375064	1	1	1	1	1	1	0.0409149	0.451044	0.451044	1	1	
6.08135e-05	-nan	0.451506	0.37524	1	1	1	1	1	1	0.040915	0.451506	0.451506	1	1	
6.30957e-05	-nan	0.451976	0.375419	1	1	1	1	1	1	0.0409152	0.451976	0.451976	1	1	
6.54636e-05	-nan	0.452455	0.375602	1	1	1	1	1	1	0.0409153	0.452455	0.452455	1	1	
6.79204e-05	-nan	0.452943	0.375788	1	1	1	1	1	1	0.0409155	0.452943	0.452943	1	1	
7.04693e-05	-nan	0.453439	0.375978	1	1	1	1	1	1	0.0409156	0.453439	0.453439	1	1	
7.31139e-05	-nan	0.453945	0.376172	1	1	1	1	1	1	0.0409158	0.453945	0.453945	1	1	
7.58578e-05	-nan	0.454459	0.37637	1	1	1	1	1	1	0.040916	0.454459	0.454459	1	1	
7.87046e-05	-nan	0.454983	0.376572	1	1	1	1	1	1	0.0409162	0.454983	0.454983	1	1	
8.16582e-05	-nan	0.455515	0.376777	1	1	1	1	1	1	0.0409163	0.455515	0.455515	1	1	
8.47227e-05	-nan	0.456058	0.376987	1	1	1	1	1	1	0.0409166	0.456058	0.456058	1	1	
8.79023e-05	-nan	0.45661	0.377201	1	1	1	1	1	1	0.0409168	0.45661	0.45661	1	1	
9.12011e-05	-nan	0.457172	0.377419	1	1	1	1	1	1	0.040917	0.457172	0.457172	1	1	
9.46237e-05	-nan	0.457744	0.377641	1	1	1	1	1	1	0.0409172	0.457744	0.457744	1	1	
9.81748e-05	-nan	0.458327	0.377868	1	1	1	1	1	1	0.0409175	0.458327	0.458327	1	1	
0.000101859	-nan	0.458919	0.3781	1	1	1	1	1	1	0.0409177	0.458919	0.458919	1	1	
0.000105682	-nan	0.459523	0.378336	1	1	1	1	1	1	0.040918	0.459523	0.459523	1	1	
0.000109648	-nan	0.460137	0.378577	1	1	1	1	1	1	0.0409183	0.460137	0.460137	1	1	
0.000113763	-nan	0.460762	0.378823	1	1	1	1	1	1	0.0409186	0.460762	0.460762	1	1	
0.000118032	-nan	0.461398	0.379073	1	1	1	1	1	1	0.0409189	0.461398	0.461398	1	1	
0.000122462	-nan	0.462045	0.379329	1	1	1	1	1	1	0.0409192	0.462045	0.462045	1	1	
0.000127057	-nan	0.462704	0.37959	1	1	1	1	1	1	0.0409196	0.462704	0.462704	1	1	
0.000131826	-nan	0.463375	0.379856	1	1	1	1	1	1	0.04092	0.463375	0.463375	1	1	
0.000136773	-nan	0.464058	0.380127	1	1	1	1	1	1	0.0409203	0.464058	0.464058	1	1	
0.000141906	-nan	0.464753	0.380404	1	1	1	1	1	1	0.0409207	0.464753	0.464753	1	1	
0.000147231	-nan	0.46546	0.380687	1	1	1	1	1	1	0.0409212	0.46546	0.46546	1	1	
0.000152757	-nan	0.46618	0.380975	1	1	1	1	1	1	0.0409216	0.46618	0.46618	1	1	
0.000158489	-nan	0.466912	0.381269	1	1	1	1	1	1	0.0409221	0.466912	0.466912	1	1	
0.000164437	-nan	0.467658	0.381569	1	1	1	1	1	1	0.0409225	0.467658	0.467658	1	1	
0.000170608	-nan	0.468417	0.381876	1	1	1	1	1	1	0.0409231	0.468417	0.468417	1	1	
0.000177011	-nan	0.469189	0.382188	1	1	1	1	1	1	0.0409236	0.469189	0.469189	1	1	
0.000183654	-nan	0.469975	0.382507	1	1	1	1	1	1	0.0409241	0.469975	0.469975	1	1	
0.000190546	-nan	0.470775	0.382832	1	1	1	1	1	1	0.0409247	0.470775	0.470775	1	1	
0.000197697	-nan	0.471589	0.383164	1	1	1	1	1	1	0.0409253	0.471589	0.471589	1	1	
0.000205116	-nan	0.472417	0.383503	1	1	1	1	1	1	0.040926	0.472417	0.472417	1	1	
0.000212814	-nan	0.47326	0.383849	1	1	1	1	1	1	0.0409267	0.47326	0.47326	1	1	
0.0002208	-nan	0.474118	0.384202	1	1	1	1	1	1	0.0409274	0.474118	0.474118	1	1	
0.000229087	-nan	0.474991	0.384562	1	1	1	1	1	1	0.0409281	0.474991	0.474991	1	1	
0.000237684	-nan	0.475879	0.38493	1	1	1	1	1	1	0.0409289	0.475879	0.475879	1	1	
0.000246604	-nan	0.476783	0.385305	1	1	1	1	1	1	0.0409297	0.476783	0.476783	1	1	
0.000255859	-nan	0.477703	0.385689	1	1	1	1	1	1	0.0409306	0.477703	0.477703	1	1	
0.000265461	-nan	0.478639	0.38608	1	1	1	1	1	1	0.0409315	0.478639	0.478639	1	1	
0.000275423	-nan	0.479591	0.386479	1	1	1	1	1	1	0.0409324	0.479591	0.479591	1	1	
0.000285759	-nan	0.48056	0.386886	1	1	1	1	1	1	0.0409334	0.48056	0.48056	1	1	
0.000296483	-nan	0.481546	0.387302	1	1	1	1	1	1	0.0409344	0.481546	0.481546	1	1	
0.00030761	-nan	0.48255	0.387727	1	1	1	1	1	1	0.0409355	0.48255	0.48255	1	1	
0.000319154	-nan	0.483571	0.38816	1	1	1	1	1	1	0.0409366	0.483571	0.483571	1	1	
0.000331131	-nan	0.484609	0.388603	1	1	1	1	1	1	0.0409378	0.484609	0.484609	1	1	
0.000343558	-nan	0.485666	0.389054	1	1	1	1	1	1	0.0409391	0.485666	0.485666	1	1	
0.000356451	-nan	0.486742	0.389516	1	1	1	1	1	1	0.0409404	0.486742	0.486742	1	1	
0.000369828	-nan	0.487836	0.389987	1	1	1	1	1	1	0.0409417	0.487836	0.487836	1	1	
0.000383707	-nan	0.488949	0.390468	1	1	1	1	1	1	0.0409432	0.488949	0.488949	1	1	
0.000398107	-nan	0.490081	0.390959	1	1	1	1	1	1	0.0409447	0.490081	0.490081	1	1	
0.000413048	-nan	0.491233	0.39146	1	1	1	1	1	1	0.0409462	0.491233	0.491233	1	1	
0.000428549	-nan	0.492405	0.391972	1	1	1	1	1	1	0.0409479	0.492405	0.492405	1	1	
0.000444631	-nan	0.493598	0.392495	1	1	1	1	1	1	0.0409496	0.493598	0.493598	1	1	
0.000461318	-nan	0.494811	0.393029	1	1	1	1	1	1	0.0409514	0.494811	0.494811	1	1	
0.00047863	-nan	0.496045	0.393574	1	1	1	1	1	1	0.0409533	0.496045	0.496045	1	1	
0.000496592	-nan	0.4973	0.394131	1	1	1	1	1	1	0.0409553	0.4973	0.4973	1	1	
0.000515229	-nan	0.498577	0.3947	1	1	1	1	1	1	0.0409574	0.498577	0.498577	1	1	
0.000534564	-nan	0.499875	0.395281	1	1	1	1	1	1	0.0409596	0.499875	0.499875	1	1	
0.000554626	-nan	0.501196	0.395874	1	1	1	1	1	1	0.0409619	0.501196	0.501196	1	1	
0.00057544	-nan	0.50254	0.396481	1	1	1	1	1	1	0.0409643	0.50254	0.50254	1	1	
0.000597035	-nan	0.503907	0.3971	1	1	1	1	1	1	0.0409668	0.503907	0.503907	1	1	
0.000619441	-nan	0.505297	0.397732	1	1	1	1	1	1	0.0409694	0.505297	0.505297	1	1	
0.000642688	-nan	0.506711	0.398379	1	1	1	1	1	1	0.0409722	0.506711	0.506711	1	1	
0.000666807	-nan	0.508149	0.399039	1	1	1	1	1	1	0.0409751	0.508149	0.508149	1	1	
0.000691831	-nan	0.509612	0.399713	1	1	1	1	1	1	0.0409781	0.509612	0.509612	1	1	
0.000717794	-nan	0.511099	0.400403	1	1	1	1	1	1	0.0409813	0.511099	0.511099	1	1	
0.000744732	-nan	0.512611	0.401107	1	1	1	1	1	1	0.0409846	0.512611	0.512611	1	1	
0.000772681	-nan	0.51415	0.401826	1	1	1	1	1	1	0.0409881	0.51415	0.51415	1	1	
0.000801678	-nan	0.515714	0.402562	1	1	1	1	1	1	0.0409918	0.515714	0.515714	1	1	
0.000831764	-nan	0.517304	0.403313	1	1	1	1	1	1	0.0409956	0.517304	0.517304	1	1	
0.000862979	-nan	0.518922	0.404081	1	1	1	1	1	1	0.0409996	0.518922	0.518922	1	1	
0.000895365	-nan	0.520566	0.404866	1	1	1	1	1	1	0.0410039	0.520566	0.520566	1	1	
0.000928966	-nan	0.522238	0.405668	1	1	1	1	1	1	0.0410083	0.522238	0.522238	1	1	
0.000963829	-nan	0.523938	0.406487	1	1	1	1	1	1	0.0410129	0.523938	0.523938	1	1	
0.001	-nan	0.525667	0.407325	1	1	1	1	1	1	0.0410178	0.525667	0.525667	1	1	
0.00103753	-nan	0.527424	0.408182	1	1	1	1	1	1	0.0410229	0.527424	0.527424	1	1	
0.00107647	-nan	0.529211	0.409058	1	1	1	1	1	1	0.0410282	0.529211	0.529211	1	1	
0.00111686	-nan	0.531027	0.409953	1	1	1	1	1	1	0.0410338	0.531027	0.531027	1	1	
0.00115878	-nan	0.532873	0.410868	1	1	1	1	1	1	0.0410397	0.532873	0.532873	1	1	
0.00120226	-nan	0.53475	0.411804	1	1	1	1	1	1	0.0410458	0.53475	0.53475	1	1	
0.00124738	-nan	0.536658	0.41276	1	1	1	1	1	1	0.0410523	0.536658	0.536658	1	1	
0.0012942	-nan	0.538597	0.413739	1	1	1	1	1	1	0.0410591	0.538597	0.538597	1	1	
0.00134276	-nan	0.540567	0.414739	1	1	1	1	1	1	0.0410662	0.540567	0.540567	1	1	
0.00139316	-nan	0.54257	0.415762	1	1	1	1	1	1	0.0410736	0.54257	0.54257	1	1	
0.00144544	-nan	0.544606	0.416809	1	1	1	1	1	1	0.0410814	0.544606	0.544606	1	1	
0.00149968	-nan	0.546675	0.417879	1	1	1	1	1	1	0.0410896	0.546675	0.546675	1	1	
0.00155597	-nan	0.548777	0.418974	1	1	1	1	1	1	0.0410983	0.548777	0.548777	1	1	
0.00161436	-nan	0.550913	0.420094	1	1	1	1	1	1	0.0411073	0.550913	0.550913	1	1	
0.00167494	-nan	0.553084	0.42124	1	1	1	1	1	1	0.0411168	0.553084	0.553084	1	1	
0.0017378	-nan	0.55529	0.422412	1	1	1	1	1	1	0.0411267	0.55529	0.55529	1	1	
0.00180302	-nan	0.55753	0.423611	1	1	1	1	1	1	0.0411371	0.55753	0.55753	1	1	
0.00187068	-nan	0.559807	0.424839	1	1	1	1	1	1	0.0411481	0.559807	0.559807	1	1	
0.00194089	-nan	0.56212	0.426094	1	1	1	1	1	1	0.0411596	0.56212	0.56212	1	1	
0.00201372	-nan	0.56447	0.42738	1	1	1	1	1	1	0.0411716	0.56447	0.56447	1	1	
0.0020893	-nan	0.566856	0.428695	1	1	1	1	1	1	0.0411843	0.566856	0.566856	1	1	
0.0021677	-nan	0.569281	0.430042	1	1	1	1	1	1	0.0411976	0.569281	0.569281	1	1	
0.00224905	-nan	0.571743	0.43142	1	1	1	1	1	1	0.0412116	0.571743	0.571743	1	1	
0.00233346	-nan	0.574244	0.432831	1	1	1	1	1	1	0.0412263	0.574244	0.574244	1	1	
0.00242103	-nan	0.576783	0.434276	1	1	1	1	1	1	0.0412417	0.576783	0.576783	1	1	
0.00251189	-nan	0.579362	0.435755	1	1	1	1	1	1	0.0412579	0.579362	0.579362	1	1	
0.00260615	-nan	0.581981	0.43727	1	1	1	1	1	1	0.0412749	0.581981	0.581981	1	1	
0.00270396	-nan	0.584641	0.438822	1	1	1	1	1	1	0.0412928	0.584641	0.584641	1	1	
0.00280543	-nan	0.587341	0.440411	1	1	1	1	1	1	0.0413116	0.587341	0.587341	1	1	
0.00291072	-nan	0.590082	0.442039	1	1	1	1	1	1	0.0413313	0.590082	0.590082	1	1	
0.00301995	-nan	0.592864	0.443706	1	1	1	1	1	1	0.0413521	0.592864	0.592864	1	1	
0.00313329	-nan	0.595689	0.445415	1	1	1	1	1	1	0.0413739	0.595689	0.595689	1	1	
0.00325087	-nan	0.598556	0.447165	1	1	1	1	1	1	0.0413969	0.598556	0.598556	1	1	
0.00337287	-nan	0.601466	0.44896	1	1	1	1	1	1	0.0414211	0.601466	0.601466	1	1	
0.00349945	-nan	0.60442	0.450798	1	1	1	1	1	1	0.0414465	0.60442	0.60442	1	1	
0.00363078	-nan	0.607417	0.452683	1	1	1	1	1	1	0.0414732	0.607417	0.607417	1	1	
0.00376704	-nan	0.610458	0.454616	1	1	1	1	1	1	0.0415014	0.610458	0.610458	1	1	
0.00390841	-nan	0.613544	0.456597	1	1	1	1	1	1	0.041531	0.613544	0.613544	1	1	
0.00405509	-nan	0.616674	0.458628	1	1	1	1	1	1	0.0415622	0.616674	0.616674	1	1	
0.00420727	-nan	0.61985	0.460712	1	1	1	1	1	1	0.041595	0.61985	0.61985	1	1	
0.00436516	-nan	0.623072	0.462849	1	1	1	1	1	1	0.0416296	0.623072	0.623072	1	1	
0.00452898	-nan	0.62634	0.465041	1	1	1	1	1	1	0.0416661	0.62634	0.62634	1	1	
0.00469894	-nan	0.629654	0.467291	1	1	1	1	1	1	0.0417045	0.629654	0.629654	1	1	
0.00487528	-nan	0.633015	0.469599	1	1	1	1	1	1	0.041745	0.633015	0.633015	1	1	
0.00505825	-nan	0.636423	0.471968	1	1	1	1	1	1	0.0417877	0.636423	0.636423	1	1	
0.00524807	-nan	0.639879	0.474399	1	1	1	1	1	1	0.0418328	0.639879	0.639879	1	1	
0.00544503	-nan	0.643382	0.476896	1	1	1	1	1	1	0.0418803	0.643382	0.643382	1	1	
0.00564937	-nan	0.646934	0.479459	1	1	1	1	1	1	0.0419305	0.646934	0.646934	1	1	
0.00586138	-nan	0.650534	0.482092	1	1	1	1	1	1	0.0419835	0.650534	0.650534	1	1	
0.00608135	-nan	0.654183	0.484796	1	1	1	1	1	1	0.0420394	0.654183	0.654183	1	1	
0.00630957	-nan	0.657881	0.487573	1	1	1	1	1	1	0.0420985	0.657881	0.657881	1	1	
0.00654636	-nan	0.661628	0.490428	1	1	1	1	1	1	0.042161	0.661628	0.661628	1	1	
0.00679204	-nan	0.665424	0.493361	1	1	1	1	1	1	0.042227	0.665424	0.665424	1	1	
0.00704693	-nan	0.66927	0.496376	1	1	1	1	1	1	0.0422968	0.66927	0.66927	1	1	
0.00731139	-nan	0.673166	0.499476	1	1	1	1	1	1	0.0423707	0.673166	0.673166	1	1	
0.00758578	-nan	0.677112	0.502664	1	1	1	1	1	1	0.042449	0.677112	0.677112	1	1	
0.00787046	-nan	0.681108	0.505943	1	1	1	1	1	1	0.0425318	0.681108	0.681108	1	1	
0.00816582	-nan	0.685155	0.509316	1	1	1	1	1	1	0.0426196	0.685155	0.685155	1	1	
0.00847227	-nan	0.689252	0.512786	1	1	1	1	1	1	0.0427127	0.689252	0.689252	1	1	
0.00879023	-nan	0.6934	0.516358	1	1	1	1	1	1	0.0428114	0.6934	0.6934	1	1	
0.00912011	-nan	0.697599	0.520035	1	1	1	1	1	1	0.0429161	0.697599	0.697599	1	1	
0.00946237	-nan	0.701848	0.523821	1	1	1	1	1	1	0.0430273	0.701848	0.701848	1	1	
0.00981748	-nan	0.706148	0.52772	1	1	1	1	1	1	0.0431455	0.706148	0.706148	1	1	
0.0101859	-nan	0.710499	0.531736	1	1	1	1	1	1	0.0432711	0.710499	0.710499	1	1	
0.0105682	-nan	0.7149	0.535874	1	1	1	1	1	1	0.0434047	0.7149	0.7149	1	1	
0.0109648	-nan	0.719352	0.540139	1	1	1	1	1	1	0.0435469	0.719352	0.719352	1	1	
0.0113763	-nan	0.723855	0.544536	1	1	1	1	1	1	0.0436984	0.723855	0.723855	1	1	
0.0118032	-nan	0.728408	0.549069	1	1	1	1	1	1	0.0438599	0.728408	0.728408	1	1	
0.0122462	-nan	0.733012	0.553745	1	1	1	1	1	1	0.0440322	0.733012	0.733012	1	1	
0.0127057	-nan	0.737666	0.558569	1	1	1	1	1	1	0.0442161	0.737666	0.737666	1	1	
0.0131826	-nan	0.742369	0.563547	1	1	1	1	1	1	0.0444127	0.742369	0.742369	1	1	
0.0136773	-nan	0.747123	0.568685	1	1	1	1	1	1	0.0446229	0.747123	0.747123	1	1	
0.0141906	-nan	0.751926	0.573989	1	1	1	1	1	1	0.044848	0.751926	0.751926	1	1	
0.0147231	-nan	0.756777	0.579468	1	1	1	1	1	1	0.0450892	0.756777	0.756777	1	1	
0.0152757	-nan	0.761678	0.585127	1	1	1	1	1	1	0.0453479	0.761678	0.761678	1	1	
0.0158489	-nan	0.766627	0.590975	1	1	1	1	1	1	0.0456257	0.766627	0.766627	1	1	
0.0164437	-nan	0.771623	0.597019	1	1	1	1	1	1	0.0459244	0.771623	0.771623	1	1	
0.0170608	-nan	0.776667	0.603268	1	1	1	1	1	1	0.0462459	0.776667	0.776667	1	1	
0.0177011	-nan	0.781758	0.60973	1	1	1	1	1	1	0.0465923	0.781758	0.781758	1	1	
0.0183654	-nan	0.786895	0.616414	1	1	1	1	1	1	0.0469662	0.786895	0.786895	1	1	
0.0190546	-nan	0.792077	0.62333	1	1	1	1	1	1	0.0473702	0.792077	0.792077	1	1	
0.0197697	-nan	0.797305	0.630488	1	1	1	1	1	1	0.0478075	0.797305	0.797305	1	1	
0.0205116	-nan	0.802576	0.637898	1	1	1	1	1	1	0.0482814	0.802576	0.802576	1	1	
0.0212814	-nan	0.807891	0.64557	1	1	1	1	1	1	0.0487959	0.807891	0.807891	1	1	
0.02208	-nan	0.813249	0.653517	1	1	1	1	1	1	0.0493554	0.813249	0.813249	1	1	
0.0229087	-nan	0.818648	0.66175	1	1	1	1	1	1	0.049965	0.818648	0.818648	1	1	
0.0237684	-nan	0.824087	0.670281	1	1	1	1	1	1	0.0506304	0.824087	0.824087	1	1	
0.0246604	-nan	0.829566	0.679122	1	1	1	1	1	1	0.0513581	0.829566	0.829566	1	1	
0.0255859	-nan	0.835084	0.688288	1	1	1	1	1	1	0.0521558	0.835084	0.835084	1	1	
0.0265461	-nan	0.840639	0.697791	1	1	1	1	1	1	0.0530321	0.840639	0.840639	1	1	
0.0275423	-nan	0.846231	0.707646	1	1	1	1	1	1	0.053997	0.846231	0.846231	1	1	
0.0285759	-nan	0.851857	0.717867	1	1	1	1	1	1	0.0550623	0.851857	0.851857	1	1	
0.0296483	-nan	0.857516	0.72847	1	1	1	1	1	1	0.0562414	0.857516	0.857516	1	1	
0.030761	-nan	0.863208	0.739469	1	1	1	1	1	1	0.0575503	0.863208	0.863208	1	1	
0.0319154	-nan	0.868931	0.75088	1	1	1	1	1	1	0.0590076	0.868931	0.868931	1	1	
0.0331131	-nan	0.874682	0.76272	1	1	1	1	1	1	0.0606354	0.874682	0.874682	1	1	
0.0343558	-nan	0.880461	0.775004	1	1	1	1	1	1	0.0624597	0.880461	0.880461	1	1	
0.0356451	-nan	0.886265	0.787749	1	1	1	1	1	1	0.0645117	0.886265	0.886265	1	1	
0.0369828	-nan	0.892093	0.800971	1	1	1	1	1	1	0.0668287	0.892093	0.892093	1	1	
0.0383707	-nan	0.897944	0.814687	1	1	1	1	1	1	0.0694555	0.897944	0.897944	1	1	
0.0398107	-nan	0.903814	0.828911	1	1	1	1	1	1	0.0724465	0.903814	0.903814	1	1	
0.0413048	-nan	0.909702	0.843661	1	1	1	1	1	1	0.075868	0.909702	0.909702	1	1	
0.0428549	-nan	0.915605	0.85895	1	1	1	1	1	1	0.079801	0.915605	0.915605	1	1	
0.0444631	-nan	0.921523	0.874792	1	1	1	1	1	1	0.0843454	0.921523	0.921523	1	1	
0.0461318	-nan	0.927451	0.8912	1	1	1	1	1	1	0.0896251	0.927451	0.927451	1	1	
0.047863	-nan	0.933388	0.908184	1	1	1	1	1	1	0.0957947	0.933388	0.933388	1	1	
0.0496592	-nan	0.939331	0.925754	1	1	1	1	1	1	0.103048	0.939331	0.939331	1	1	
0.0515229	-nan	0.945278	0.943917	1	1	1	1	1	1	0.111629	0.945278	0.945278	1	1	
0.0534564	-nan	0.951225	0.962675	1	1	1	1	1	1	0.121848	0.951225	0.951225	1	1	
0.0554626	-nan	0.95717	0.982029	1	1	1	1	1	1	0.1341	0.95717	0.95717	1	1	
0.057544	-nan	0.963109	1.00197	1	1	1	1	1	1	0.148889	0.963109	0.963109	1	1	
0.0597035	-nan	0.969041	1.0225	1	1	1	1	1	1	0.166859	0.969041	0.969041	1	1	
0.0619441	-nan	0.974961	1.0436	1	1	1	1	1	1	0.188839	0.974961	0.974961	1	1	
0.0642688	-nan	0.980866	1.06524	1	1	1	1	1	1	0.215882	0.980866	0.980866	1	1	
0.0666807	-nan	0.986752	1.0874	1	1	1	1	1	1	0.249327	0.986752	0.986752	1	1	
0.0691831	-nan	0.992617	1.11004	1	1	1	1	1	1	0.290849	0.992617	0.992617	1	1	
0.0717794	-nan	0.998456	1.13311	1	1	1	1	1	1	0.342512	0.998456	0.998456	1	1	
0.0744732	-nan	1.00427	1.15656	1	1	1	1	1	1	0.406783	1.00427	1.00427	1	1	
0.0772681	-nan	1.01004	1.18032	1	1	1	1	1	1	0.486493	1.01004	1.01004	1	1	
0.0801678	-nan	1.01578	1.20431	1	1	1	1	1	1	0.584687	1.01578	1.01578	1	1	
0.0831764	-nan	1.02148	1.22844	1	1	1	1	1	1	0.704331	1.02148	1.02148	1	1	
0.0862979	-nan	1.02713	1.25258	1	1	1	1	1	1	0.847833	1.02713	1.02713	1	1	
0.0895365	-nan	1.03273	1.27663	1	1	1	1	1	1	1.01641	1.03273	1.03273	1	1	
0.0928966	-nan	1.03827	1.30044	1	1	1	1	1	1	1.20941	1.03827	1.03827	1	1	
0.0963829	-nan	1.04375	1.32386	1	1	1	1	1	1	1.42381	1.04375	1.04375	1	1	
0.1	-nan	1.04917	1.34672	1	1	1	1	1	1	1.65406	1.04917	1.04917	1	1	
0.103614	-nan	1.05433	1.36805	1	1	1	1	1	1	1.88394	1.05433	1.05433	1	1	
0.107229	-nan	1.05924	1.38782	1	1	1	1	1	1	2.10607	1.05924	1.05924	1	1	
0.110843	-nan	1.06392	1.406	1	1	1	1	1	1	2.3145	1.06392	1.06392	1	1	
0.114458	-nan	1.06839	1.42258	1	1	1	1	1	1	2.50526	1.06839	1.06839	1	1	
0.118072	-nan	1.07265	1.43755	1	1	1	1	1	1	2.67635	1.07265	1.07265	1	1	
0.121687	-nan	1.07672	1.45089	1	1	1	1	1	1	2.82736	1.07672	1.07672	1	1	
0.125301	-nan	1.08061	1.46263	1	1	1	1	1	1	2.95904	1.08061	1.08061	1	1	
0.128916	-nan	1.08432	1.47277	1	1	1	1	1	1	3.07288	1.08432	1.08432	1	1	
0.13253	-nan	1.08787	1.48135	1	1	1	1	1	1	3.17072	1.08787	1.08787	1	1	
0.136145	-nan	1.09126	1.48839	1	1	1	1	1	1	3.2545	1.09126	1.09126	1	1	
0.139759	-nan	1.0945	1.49393	1	1	1	1	1	1	3.32614	1.0945	1.0945	1	1	
0.143373	-nan	1.09759	1.49802	1	1	1	1	1	1	3.38737	1.09759	1.09759	1	1	
0.146988	-nan	1.10056	1.5007	1	1	1	1	1	1	3.43975	1.10056	1.10056	1	1	
0.150602	-nan	1.10339	1.50204	1	1	1	1	1	1	3.48464	1.10339	1.10339	1	1	
0.154217	-nan	1.10609	1.50209	1	1	1	1	1	1	3.52319	1.10609	1.10609	1	1	
0.157831	-nan	1.10868	1.50091	1	1	1	1	1	1	3.55638	1.10868	1.10868	1	1	
0.161446	-nan	1.11116	1.49856	1	1	1	1	1	1	3.58503	1.11116	1.11116	1	1	
0.16506	-nan	1.11352	1.49511	1	1	1	1	1	1	3.60985	1.11352	1.11352	1	1	
0.168675	-nan	1.11578	1.49062	1	1	1	1	1	1	3.6314	1.11578	1.11578	1	1	
0.172289	-nan	1.11794	1.48517	1	1	1	1	1	1	3.65018	1.11794	1.11794	1	1	
0.175904	-nan	1.12	1.47882	1	1	1	1	1	1	3.66658	1.12	1.12	1	1	
0.179518	-nan	1.12197	1.47163	1	1	1	1	1	1	3.68095	1.12197	1.12197	1	1	
0.183133	-nan	1.12385	1.46367	1	1	1	1	1	1	3.69356	1.12385	1.12385	1	1	
0.186747	-nan	1.12565	1.455	1	1	1	1	1	1	3.70466	1.12565	1.12565	1	1	
0.190361	-nan	1.12736	1.44569	1	1	1	1	1	1	3.71445	1.12736	1.12736	1	1	
0.193976	-nan	1.12899	1.4358	1	1	1	1	1	1	3.7231	1.12899	1.12899	1	1	
0.19759	-nan	1.13055	1.42538	1	1	1	1	1	1	3.73075	1.13055	1.13055	1	1	
0.201205	-nan	1.13203	1.4145	1	1	1	1	1	1	3.73752	1.13203	1.13203	1	1	
0.204819	-nan	1.13344	1.4032	1	1	1	1	1	1	3.74353	1.13344	1.13344	1	1	
0.208434	-nan	1.13478	1.39154	1	1	1	1	1	1	3.74886	1.13478	1.13478	1	1	
0.212048	-nan	1.13606	1.37956	1	1	1	1	1	1	3.75358	1.13606	1.13606	1	1	
0.215663	-nan	1.13727	1.36732	1	1	1	1	1	1	3.75777	1.13727	1.13727	1	1	
0.219277	-nan	1.13842	1.35486	1	1	1	1	1	1	3.76148	1.13842	1.13842	1	1	
0.222892	-nan	1.13951	1.34221	1	1	1	1	1	1	3.76476	1.13951	1.13951	1	1	
0.226506	-nan	1.14054	1.32942	1	1	1	1	1	1	3.76766	1.14054	1.14054	1	1	
0.23012	-nan	1.14152	1.31652	1	1	1	1	1	1	3.77021	1.14152	1.14152	1	1	
0.233735	-nan	1.14244	1.30355	1	1	1	1	1	1	3.77245	1.14244	1.14244	1	1	
0.237349	-nan	1.14331	1.29053	1	1	1	1	1	1	3.7744	1.14331	1.14331	1	1	
0.240964	-nan	1.14413	1.27749	1	1	1	1	1	1	3.7761	1.14413	1.14413	1	1	
0.244578	-nan	1.1449	1.26446	1	1	1	1	1	1	3.77756	1.1449	1.1449	1	1	
0.248193	-nan	1.14562	1.25147	1	1	1	1	1	1	3.7788	1.14562	1.14562	1	1	
0.251807	-nan	1.14629	1.23853	1	1	1	1	1	1	3.77985	1.14629	1.14629	1	1	
0.255422	-nan	1.14693	1.22567	1	1	1	1	1	1	3.78071	1.14693	1.14693	1	1	
0.259036	-nan	1.14751	1.2129	1	1	1	1	1	1	3.78141	1.14751	1.14751	1	1	
0.262651	-nan	1.14806	1.20023	1	1	1	1	1	1	3.78195	1.14806	1.14806	1	1	
0.266265	-nan	1.14856	1.1877	1	1	1	1	1	1	3.78235	1.14856	1.14856	1	1	
0.26988	-nan	1.14903	1.17529	1	1	1	1	1	1	3.78262	1.14903	1.14903	1	1	
0.273494	-nan	1.14946	1.16303	1	1	1	1	1	1	3.78276	1.14946	1.14946	1	1	
0.277108	-nan	1.14985	1.15093	1	1	1	1	1	1	3.78279	1.14985	1.14985	1	1	
0.280723	-nan	1.1502	1.139	1	1	1	1	1	1	3.78271	1.1502	1.1502	1	1	
0.284337	-nan	1.15052	1.12723	1	1	1	1	1	1	3.78253	1.15052	1.15052	1	1	
0.287952	-nan	1.15081	1.11565	1	1	1	1	1	1	3.78226	1.15081	1.15081	1	1	
0.291566	-nan	1.15106	1.10425	1	1	1	1	1	1	3.7819	1.15106	1.15106	1	1	
0.295181	-nan	1.15128	1.09304	1	1	1	1	1	1	3.78146	1.15128	1.15128	1	1	
0.298795	-nan	1.15147	1.08202	1	1	1	1	1	1	3.78094	1.15147	1.15147	1	1	
0.30241	-nan	1.15163	1.07119	1	1	1	1	1	1	3.78035	1.15163	1.15163	1	1	
0.306024	-nan	1.15175	1.06056	1	1	1	1	1	1	3.77969	1.15175	1.15175	1	1	
0.309639	-nan	1.15185	1.05013	1	1	1	1	1	1	3.77897	1.15185	1.15185	1	1	
0.313253	-nan	1.15193	1.0399	1	1	1	1	1	1	3.77818	1.15193	1.15193	1	1	
0.316867	-nan	1.15197	1.02986	1	1	1	1	1	1	3.77734	1.15197	1.15197	1	1	
0.320482	-nan	1.15199	1.02002	1	1	1	1	1	1	3.77644	1.15199	1.15199	1	1	
0.324096	-nan	1.15198	1.01039	1	1	1	1	1	1	3.77549	1.15198	1.15198	1	1	
0.327711	-nan	1.15195	1.00094	1	1	1	1	1	1	3.77449	1.15195	1.15195	1	1	
0.331325	-nan	1.1519	0.991694	1	1	1	1	1	1	3.77344	1.1519	1.1519	1	1	
0.33494	-nan	1.15182	0.982639	1	1	1	1	1	1	3.77235	1.15182	1.15182	1	1	
0.338554	-nan	1.15171	0.973774	1	1	1	1	1	1	3.77122	1.15171	1.15171	1	1	
0.342169	-nan	1.15159	0.965098	1	1	1	1	1	1	3.77004	1.15159	1.15159	1	1	
0.345783	-nan	1.15144	0.956608	1	1	1	1	1	1	3.76883	1.15144	1.15144	1	1	
0.349398	-nan	1.15127	0.948301	1	1	1	1	1	1	3.76758	1.15127	1.15127	1	1	
0.353012	-nan	1.15108	0.940175	1	1	1	1	1	1	3.7663	1.15108	1.15108	1	1	
0.356627	-nan	1.15087	0.932226	1	1	1	1	1	1	3.76498	1.15087	1.15087	1	1	
0.360241	-nan	1.15065	0.924452	1	1	1	1	1	1	3.76363	1.15065	1.15065	1	1	
0.363855	-nan	1.1504	0.916849	1	1	1	1	1	1	3.76225	1.1504	1.1504	1	1	
0.36747	-nan	1.15013	0.909414	1	1	1	1	1	1	3.76085	1.15013	1.15013	1	1	
0.371084	-nan	1.14985	0.902144	1	1	1	1	1	1	3.75941	1.14985	1.14985	1	1	
0.374699	-nan	1.14954	0.895035	1	1	1	1	1	1	3.75795	1.14954	1.14954	1	1	
0.378313	-nan	1.14922	0.888084	1	1	1	1	1	1	3.75646	1.14922	1.14922	1	1	
0.381928	-nan	1.14889	0.881288	1	1	1	1	1	1	3.75495	1.14889	1.14889	1	1	
0.385542	-nan	1.14853	0.874643	1	1	1	1	1	1	3.75341	1.14853	1.14853	1	1	
0.389157	-nan	1.14816	0.868146	1	1	1	1	1	1	3.75185	1.14816	1.14816	1	1	
0.392771	-nan	1.14778	0.861794	1	1	1	1	1	1	3.75027	1.14778	1.14778	1	1	
0.396386	-nan	1.14738	0.855583	1	1	1	1	1	1	3.74867	1.14738	1.14738	1	1	
0.4	-nan	1.14696	0.84951	1	1	1	1	1	1	3.74705	1.14696	1.14696	1	1	
0.403614	-nan	1.14654	0.843572	1	1	1	1	1	1	3.74541	1.14654	1.14654	1	1	
0.407229	-nan	1.14609	0.837765	1	1	1	1	1	1	3.74375	1.14609	1.14609	1	1	
0.410843	-nan	1.14563	0.832086	1	1	1	1	1	1	3.74207	1.14563	1.14563	1	1	
0.414458	-nan	1.14516	0.826533	1	1	1	1	1	1	3.74038	1.14516	1.14516	1	1	
0.418072	-nan	1.14468	0.821102	1	1	1	1	1	1	3.73867	1.14468	1.14468	1	1	
0.421687	-nan	1.14418	0.815789	1	1	1	1	1	1	3.73694	1.14418	1.14418	1	1	
0.425301	-nan	1.14367	0.810593	1	1	1	1	1	1	3.7352	1.14367	1.14367	1	1	
0.428916	-nan	1.14315	0.805509	1	1	1	1	1	1	3.73344	1.14315	1.14315	1	1	
0.43253	-nan	1.14262	0.800536	1	1	1	1	1	1	3.73167	1.14262	1.14262	1	1	
0.436145	-nan	1.14207	0.795671	1	1	1	1	1	1	3.72988	1.14207	1.14207	1	1	
0.439759	-nan	1.14152	0.790909	1	1	1	1	1	1	3.72808	1.14152	1.14152	1	1	
0.443373	-nan	1.14095	0.78625	1	1	1	1	1	1	3.72627	1.14095	1.14095	1	1	
0.446988	-nan	1.14037	0.781691	1	1	1	1	1	1	3.72445	1.14037	1.14037	1	1	
0.450602	-nan	1.13978	0.777227	1	1	1	1	1	1	3.72261	1.13978	1.13978	1	1	
0.454217	-nan	1.13918	0.772859	1	1	1	1	1	1	3.72076	1.13918	1.13918	1	1	
0.457831	-nan	1.13857	0.768582	1	1	1	1	1	1	3.7189	1.13857	1.13857	1	1	
0.461446	-nan	1.13796	0.764394	1	1	1	1	1	1	3.71703	1.13796	1.13796	1	1	
0.46506	-nan	1.13733	0.760293	1	1	1	1	1	1	3.71514	1.13733	1.13733	1	1	
0.468675	-nan	1.13669	0.756278	1	1	1	1	1	1	3.71325	1.13669	1.13669	1	1	
0.472289	-nan	1.13604	0.752345	1	1	1	1	1	1	3.71135	1.13604	1.13604	1	1	
0.475904	-nan	1.13539	0.748492	1	1	1	1	1	1	3.70943	1.13539	1.13539	1	1	
0.479518	-nan	1.13472	0.744718	1	1	1	1	1	1	3.70751	1.13472	1.13472	1	1	
0.483133	-nan	1.13405	0.74102	1	1	1	1	1	1	3.70557	1.13405	1.13405	1	1	
0.486747	-nan	1.13337	0.737396	1	1	1	1	1	1	3.70363	1.13337	1.13337	1	1	
0.490361	-nan	1.13268	0.733845	1	1	1	1	1	1	3.70168	1.13268	1.13268	1	1	
0.493976	-nan	1.13198	0.730364	1	1	1	1	1	1	3.69972	1.13198	1.13198	1	1	
0.49759	-nan	1.13128	0.726952	1	1	1	1	1	1	3.69775	1.13128	1.13128	1	1	
0.501205	-nan	1.13057	0.723607	1	1	1	1	1	1	3.69577	1.13057	1.13057	1	1	
0.504819	-nan	1.12985	0.720327	1	1	1	1	1	1	3.69379	1.12985	1.12985	1	1	
0.508434	-nan	1.12912	0.71711	1	1	1	1	1	1	3.69179	1.12912	1.12912	1	1	
0.512048	-nan	1.12839	0.713956	1	1	1	1	1	1	3.68979	1.12839	1.12839	1	1	
0.515663	-nan	1.12765	0.710861	1	1	1	1	1	1	3.68778	1.12765	1.12765	1	1	
0.519277	-nan	1.1269	0.707826	1	1	1	1	1	1	3.68577	1.1269	1.1269	1	1	
0.522892	-nan	1.12615	0.704848	1	1	1	1	1	1	3.68374	1.12615	1.12615	1	1	
0.526506	-nan	1.12539	0.701926	1	1	1	1	1	1	3.68171	1.12539	1.12539	1	1	
0.53012	-nan	1.12463	0.699058	1	1	1	1	1	1	3.67967	1.12463	1.12463	1	1	
0.533735	-nan	1.12386	0.696243	1	1	1	1	1	1	3.67762	1.12386	1.12386	1	1	
0.537349	-nan	1.12308	0.69348	1	1	1	1	1	1	3.67557	1.12308	1.12308	1	1	
0.540964	-nan	1.1223	0.690767	1	1	1	1	1	1	3.67351	1.1223	1.1223	1	1	
0.544578	-nan	1.12152	0.688103	1	1	1	1	1	1	3.67145	1.12152	1.12152	1	1	
0.548193	-nan	1.12072	0.685488	1	1	1	1	1	1	3.66937	1.12072	1.12072	1	1	
0.551807	-nan	1.11993	0.682919	1	1	1	1	1	1	3.66729	1.11993	1.11993	1	1	
0.555422	-nan	1.11912	0.680396	1	1	1	1	1	1	3.66521	1.11912	1.11912	1	1	
0.559036	-nan	1.11832	0.677917	1	1	1	1	1	1	3.66311	1.11832	1.11832	1	1	
0.562651	-nan	1.11751	0.675482	1	1	1	1	1	1	3.66102	1.11751	1.11751	1	1	
0.566265	-nan	1.11669	0.67309	1	1	1	1	1	1	3.65891	1.11669	1.11669	1	1	
0.56988	-nan	1.11587	0.670738	1	1	1	1	1	1	3.6568	1.11587	1.11587	1	1	
0.573494	-nan	1.11505	0.668427	1	1	1	1	1	1	3.65468	1.11505	1.11505	1	1	
0.577108	-nan	1.11422	0.666156	1	1	1	1	1	1	3.65256	1.11422	1.11422	1	1	
0.580723	-nan	1.11339	0.663923	1	1	1	1	1	1	3.65043	1.11339	1.11339	1	1	
0.584337	-nan	1.11255	0.661728	1	1	1	1	1	1	3.6483	1.11255	1.11255	1	1	
0.587952	-nan	1.11171	0.659569	1	1	1	1	1	1	3.64616	1.11171	1.11171	1	1	
0.591566	-nan	1.11087	0.657446	1	1	1	1	1	1	3.64401	1.11087	1.11087	1	1	
0.595181	-nan	1.11002	0.655358	1	1	1	1	1	1	3.64186	1.11002	1.11002	1	1	
0.598795	-nan	1.10917	0.653305	1	1	1	1	1	1	3.6397	1.10917	1.10917	1	1	
0.60241	-nan	1.10832	0.651285	1	1	1	1	1	1	3.63754	1.10832	1.10832	1	1	
0.606024	-nan	1.10746	0.649297	1	1	1	1	1	1	3.63537	1.10746	1.10746	1	1	
0.609639	-nan	1.1066	0.647342	1	1	1	1	1	1	3.6332	1.1066	1.1066	1	1	
0.613253	-nan	1.10574	0.645418	1	1	1	1	1	1	3.63102	1.10574	1.10574	1	1	
0.616867	-nan	1.10487	0.643524	1	1	1	1	1	1	3.62884	1.10487	1.10487	1	1	
0.620482	-nan	1.10401	0.64166	1	1	1	1	1	1	3.62665	1.10401	1.10401	1	1	
0.624096	-nan	1.10314	0.639826	1	1	1	1	1	1	3.62446	1.10314	1.10314	1	1	
0.627711	-nan	1.10227	0.63802	1	1	1	1	1	1	3.62226	1.10227	1.10227	1	1	
0.631325	-nan	1.10139	0.636242	1	1	1	1	1	1	3.62005	1.10139	1.10139	1	1	
0.63494	-nan	1.10051	0.634491	1	1	1	1	1	1	3.61784	1.10051	1.10051	1	1	
0.638554	-nan	1.09964	0.632767	1	1	1	1	1	1	3.61563	1.09964	1.09964	1	1	
0.642169	-nan	1.09875	0.631069	1	1	1	1	1	1	3.61341	1.09875	1.09875	1	1	
0.645783	-nan	1.09787	0.629397	1	1	1	1	1	1	3.61118	1.09787	1.09787	1	1	
0.649398	-nan	1.09699	0.62775	1	1	1	1	1	1	3.60895	1.09699	1.09699	1	1	
0.653012	-nan	1.0961	0.626128	1	1	1	1	1	1	3.60672	1.0961	1.0961	1	1	
0.656627	-nan	1.09521	0.62453	1	1	1	1	1	1	3.60448	1.09521	1.09521	1	1	
0.660241	-nan	1.09433	0.622955	1	1	1	1	1	1	3.60224	1.09433	1.09433	1	1	
0.663855	-nan	1.09344	0.621403	1	1	1	1	1	1	3.59999	1.09344	1.09344	1	1	
0.66747	-nan	1.09254	0.619874	1	1	1	1	1	1	3.59773	1.09254	1.09254	1	1	
0.671084	-nan	1.09165	0.618367	1	1	1	1	1	1	3.59548	1.09165	1.09165	1	1	
0.674699	-nan	1.09076	0.616882	1	1	1	1	1	1	3.59321	1.09076	1.09076	1	1	
0.678313	-nan	1.08986	0.615419	1	1	1	1	1	1	3.59095	1.08986	1.08986	1	1	
0.681928	-nan	1.08897	0.613976	1	1	1	1	1	1	3.58867	1.08897	1.08897	1	1	
0.685542	-nan	1.08807	0.612553	1	1	1	1	1	1	3.5864	1.08807	1.08807	1	1	
0.689157	-nan	1.08717	0.611151	1	1	1	1	1	1	3.58412	1.08717	1.08717	1	1	
0.692771	-nan	1.08628	0.609768	1	1	1	1	1	1	3.58183	1.08628	1.08628	1	1	
0.696386	-nan	1.08538	0.608405	1	1	1	1	1	1	3.57954	1.08538	1.08538	1	1	
0.7	-nan	1.08448	0.607061	1	1	1	1	1	1	3.57724	1.08448	1.08448	1	1	
0.703614	-nan	1.08358	0.605735	1	1	1	1	1	1	3.57495	1.08358	1.08358	1	1	
0.707229	-nan	1.08268	0.604427	1	1	1	1	1	1	3.57264	1.08268	1.08268	1	1	
0.710843	-nan	1.08178	0.603138	1	1	1	1	1	1	3.57033	1.08178	1.08178	1	1	
0.714458	-nan	1.08088	0.601866	1	1	1	1	1	1	3.56802	1.08088	1.08088	1	1	
0.718072	-nan	1.07998	0.600611	1	1	1	1	1	1	3.5657	1.07998	1.07998	1	1	
0.721687	-nan	1.07908	0.599373	1	1	1	1	1	1	3.56338	1.07908	1.07908	1	1	
0.725301	-nan	1.07818	0.598152	1	1	1	1	1	1	3.56106	1.07818	1.07818	1	1	
0.728916	-nan	1.07728	0.596947	1	1	1	1	1	1	3.55873	1.07728	1.07728	1	1	
0.73253	-nan	1.07638	0.595758	1	1	1	1	1	1	3.55639	1.07638	1.07638	1	1	
0.736145	-nan	1.07548	0.594585	1	1	1	1	1	1	3.55406	1.07548	1.07548	1	1	
0.739759	-nan	1.07458	0.593427	1	1	1	1	1	1	3.55172	1.07458	1.07458	1	1	
0.743373	-nan	1.07368	0.592285	1	1	1	1	1	1	3.54937	1.07368	1.07368	1	1	
0.746988	-nan	1.07278	0.591157	1	1	1	1	1	1	3.54702	1.07278	1.07278	1	1	
0.750602	-nan	1.07188	0.590045	1	1	1	1	1	1	3.54466	1.07188	1.07188	1	1	
0.754217	-nan	1.07099	0.588946	1	1	1	1	1	1	3.54231	1.07099	1.07099	1	1	
0.757831	-nan	1.07009	0.587862	1	1	1	1	1	1	3.53994	1.07009	1.07009	1	1	
0.761446	-nan	1.06919	0.586792	1	1	1	1	1	1	3.53758	1.06919	1.06919	1	1	
0.76506	-nan	1.0683	0.585736	1	1	1	1	1	1	3.53521	1.0683	1.0683	1	1	
0.768675	-nan	1.06741	0.584693	1	1	1	1	1	1	3.53283	1.06741	1.06741	1	1	
0.772289	-nan	1.06651	0.583663	1	1	1	1	1	1	3.53046	1.06651	1.06651	1	1	
0.775904	-nan	1.06562	0.582647	1	1	1	1	1	1	3.52807	1.06562	1.06562	1	1	
0.779518	-nan	1.06473	0.581643	1	1	1	1	1	1	3.52569	1.06473	1.06473	1	1	
0.783133	-nan	1.06384	0.580652	1	1	1	1	1	1	3.5233	1.06384	1.06384	1	1	
0.786747	-nan	1.06295	0.579673	1	1	1	1	1	1	3.52091	1.06295	1.06295	1	1	
0.790361	-nan	1.06206	0.578707	1	1	1	1	1	1	3.51851	1.06206	1.06206	1	1	
0.793976	-nan	1.06118	0.577753	1	1	1	1	1	1	3.51611	1.06118	1.06118	1	1	
0.79759	-nan	1.06029	0.57681	1	1	1	1	1	1	3.51371	1.06029	1.06029	1	1	
0.801205	-nan	1.05941	0.57588	1	1	1	1	1	1	3.5113	1.05941	1.05941	1	1	
0.804819	-nan	1.05853	0.57496	1	1	1	1	1	1	3.50889	1.05853	1.05853	1	1	
0.808434	-nan	1.05765	0.574052	1	1	1	1	1	1	3.50647	1.05765	1.05765	1	1	
0.812048	-nan	1.05677	0.573156	1	1	1	1	1	1	3.50405	1.05677	1.05677	1	1	
0.815663	-nan	1.05589	0.57227	1	1	1	1	1	1	3.50163	1.05589	1.05589	1	1	
0.819277	-nan	1.05501	0.571395	1	1	1	1	1	1	3.49921	1.05501	1.05501	1	1	
0.822892	-nan	1.05414	0.57053	1	1	1	1	1	1	3.49678	1.05414	1.05414	1	1	
0.826506	-nan	1.05327	0.569677	1	1	1	1	1	1	3.49435	1.05327	1.05327	1	1	
0.83012	-nan	1.0524	0.568833	1	1	1	1	1	1	3.49191	1.0524	1.0524	1	1	
0.833735	-nan	1.05153	0.568	1	1	1	1	1	1	3.48948	1.05153	1.05153	1	1	
0.837349	-nan	1.05066	0.567176	1	1	1	1	1	1	3.48703	1.05066	1.05066	1	1	
0.840964	-nan	1.04979	0.566363	1	1	1	1	1	1	3.48459	1.04979	1.04979	1	1	
0.844578	-nan	1.04893	0.565559	1	1	1	1	1	1	3.48214	1.04893	1.04893	1	1	
0.848193	-nan	1.04807	0.564765	1	1	1	1	1	1	3.47969	1.04807	1.04807	1	1	
0.851807	-nan	1.04721	0.563981	1	1	1	1	1	1	3.47724	1.04721	1.04721	1	1	
0.855422	-nan	1.04635	0.563205	1	1	1	1	1	1	3.47478	1.04635	1.04635	1	1	
0.859036	-nan	1.0455	0.562439	1	1	1	1	1	1	3.47232	1.0455	1.0455	1	1	
0.862651	-nan	1.04465	0.561682	1	1	1	1	1	1	3.46986	1.04465	1.04465	1	1	
0.866265	-nan	1.0438	0.560934	1	1	1	1	1	1	3.4674	1.0438	1.0438	1	1	
0.86988	-nan	1.04295	0.560195	1	1	1	1	1	1	3.46493	1.04295	1.04295	1	1	
0.873494	-nan	1.0421	0.559465	1	1	1	1	1	1	3.46246	1.0421	1.0421	1	1	
0.877108	-nan	1.04126	0.558743	1	1	1	1	1	1	3.45998	1.04126	1.04126	1	1	
0.880723	-nan	1.04042	0.558029	1	1	1	1	1	1	3.45751	1.04042	1.04042	1	1	
0.884337	-nan	1.03958	0.557324	1	1	1	1	1	1	3.45503	1.03958	1.03958	1	1	
0.887952	-nan	1.03874	0.556627	1	1	1	1	1	1	3.45255	1.03874	1.03874	1	1	
0.891566	-nan	1.03791	0.555938	1	1	1	1	1	1	3.45006	1.03791	1.03791	1	1	
0.895181	-nan	1.03707	0.555257	1	1	1	1	1	1	3.44758	1.03707	1.03707	1	1	
0.898795	-nan	1.03624	0.554585	1	1	1	1	1	1	3.44509	1.03624	1.03624	1	1	
0.90241	-nan	1.03542	0.55392	1	1	1	1	1	1	3.4426	1.03542	1.03542	1	1	
0.906024	-nan	1.03459	0.553262	1	1	1	1	1	1	3.4401	1.03459	1.03459	1	1	
0.909639	-nan	1.03377	0.552612	1	1	1	1	1	1	3.43761	1.03377	1.03377	1	1	
0.913253	-nan	1.03295	0.55197	1	1	1	1	1	1	3.43511	1.03295	1.03295	1	1	
0.916867	-nan	1.03214	0.551335	1	1	1	1	1	1	3.43261	1.03214	1.03214	1	1	
0.920482	-nan	1.03132	0.550707	1	1	1	1	1	1	3.43011	1.03132	1.03132	1	1	
0.924096	-nan	1.03051	0.550087	1	1	1	1	1	1	3.4276	1.03051	1.03051	1	1	
0.927711	-nan	1.0297	0.549474	1	1	1	1	1	1	3.4251	1.0297	1.0297	1	1	
0.931325	-nan	1.0289	0.548867	1	1	1	1	1	1	3.42259	1.0289	1.0289	1	1	
0.93494	-nan	1.02809	0.548268	1	1	1	1	1	1	3.42008	1.02809	1.02809	1	1	
0.938554	-nan	1.02729	0.547676	1	1	1	1	1	1	3.41756	1.02729	1.02729	1	1	
0.942169	-nan	1.02649	0.54709	1	1	1	1	1	1	3.41505	1.02649	1.02649	1	1	
0.945783	-nan	1.0257	0.546511	1	1	1	1	1	1	3.41253	1.0257	1.0257	1	1	
0.949398	-nan	1.02491	0.545938	1	1	1	1	1	1	3.41002	1.02491	1.02491	1	1	
0.953012	-nan	1.02412	0.545372	1	1	1	1	1	1	3.4075	1.02412	1.02412	1	1	
0.956627	-nan	1.02333	0.544812	1	1	1	1	1	1	3.40498	1.02333	1.02333	1	1	
0.960241	-nan	1.02255	0.544259	1	1	1	1	1	1	3.40245	1.02255	1.02255	1	1	
0.963855	-nan	1.02177	0.543712	1	1	1	1	1	1	3.39993	1.02177	1.02177	1	1	
0.96747	-nan	1.02099	0.543171	1	1	1	1	1	1	3.3974	1.02099	1.02099	1	1	
0.971084	-nan	1.02022	0.542637	1	1	1	1	1	1	3.39488	1.02022	1.02022	1	1	
0.974699	-nan	1.01945	0.542108	1	1	1	1	1	1	3.39235	1.01945	1.01945	1	1	
0.978313	-nan	1.01868	0.541585	1	1	1	1	1	1	3.38982	1.01868	1.01868	1	1	
0.981928	-nan	1.01791	0.541068	1	1	1	1	1	1	3.38729	1.01791	1.01791	1	1	
0.985542	-nan	1.01715	0.540557	1	1	1	1	1	1	3.38475	1.01715	1.01715	1	1	
0.989157	-nan	1.01639	0.540052	1	1	1	1	1	1	3.38222	1.01639	1.01639	1	1	
0.992771	-nan	1.01564	0.539552	1	1	1	1	1	1	3.37969	1.01564	1.01564	1	1	
0.996386	-nan	1.01488	0.539058	1	1	1	1	1	1	3.37715	1.01488	1.01488	1	1	
1	-nan	-nan	-nan	-nan	-nan	-nan	-nan	-nan	-nan	-nan	-nan	-nan	-nan	-nan	
