 F2D     2       9
   1   DIS_F2D   0.310000000000000E-01   0.510000000000000E+01   0.000000000000000e+00   0.863750000000000E+00   0.402397000000000E-01   0.205878000000000E-01   0.238353690303907E+01   0.253189000000000E-01   0.293127641099855E+01
   2   DIS_F2D   0.500000000000000E-01   0.780000000000000E+01   0.000000000000000e+00   0.993813000000000E+00   0.341014000000000E-01   0.194865000000000E-01   0.196078135423867E+01   0.255513000000000E-01   0.257103700595585E+01
   3   DIS_F2D   0.780000000000000E-01   0.114000000000000E+02   0.000000000000000e+00   0.100166000000000E+01   0.269907000000000E-01   0.189935000000000E-01   0.189620230417507E+01   0.289230000000000E-01   0.288750673881357E+01
   4   DIS_F2D   0.123000000000000E+00   0.144000000000000E+02   0.000000000000000e+00   0.105207000000000E+01   0.322474000000000E-01   0.191469000000000E-01   0.181992643075081E+01   0.318953000000000E-01   0.303167089642324E+01
   5   DIS_F2D   0.173000000000000E+00   0.173000000000000E+02   0.000000000000000e+00   0.996893000000000E+00   0.370704000000000E-01   0.180342000000000E-01   0.180904068942203E+01   0.283112000000000E-01   0.283994370509172E+01
   6   DIS_F2D   0.243000000000000E+00   0.202000000000000E+02   0.000000000000000e+00   0.945998000000000E+00   0.316321000000000E-01   0.177931000000000E-01   0.188088135492887E+01   0.249243000000000E-01   0.263470958712386E+01
   7   DIS_F2D   0.343000000000000E+00   0.241000000000000E+02   0.000000000000000e+00   0.875849000000000E+00   0.436954000000000E-01   0.165071000000000E-01   0.188469701969175E+01   0.236241000000000E-01   0.269728001059543E+01
   8   DIS_F2D   0.442000000000000E+00   0.298000000000000E+02   0.000000000000000e+00   0.862741000000000E+00   0.659968000000000E-01   0.162601000000000E-01   0.188470236142713E+01   0.244742000000000E-01   0.283679574750707E+01
   9   DIS_F2D   0.564000000000000E+00   0.336000000000000E+02   0.000000000000000e+00   0.820341000000000E+00   0.835359000000000E-01   0.150177000000000E-01   0.183066554030580E+01   0.247341000000000E-01   0.301509981824631E+01
