 F2D     2       9
   1   DIS_F2D   0.130000000000000E+00   0.200000000000000E+01   0.000000000000000e+00   0.344485000000000E+00   0.730827000000000E-02   0.344485000000000E-02   0.100000000000000E+01   0.795977000000000E-02   0.231062890982191E+01
   2   DIS_F2D   0.220000000000000E+00   0.200000000000000E+01   0.000000000000000e+00   0.305051000000000E+00   0.636787000000000E-02   0.305051000000000E-02   0.100000000000000E+01   0.816852000000000E-02   0.267775552284700E+01
   3   DIS_F2D   0.300000000000000E+00   0.200000000000000E+01   0.000000000000000e+00   0.268000000000000E+00   0.526523000000000E-02   0.268000000000000E-02   0.100000000000000E+01   0.383358000000000E-02   0.143044029850746E+01
   4   DIS_F2D   0.400000000000000E+00   0.200000000000000E+01   0.000000000000000e+00   0.193638000000000E+00   0.395584000000000E-02   0.193638000000000E-02   0.100000000000000E+01   0.472190000000000E-02   0.243851929889794E+01
   5   DIS_F2D   0.220000000000000E+00   0.500000000000000E+01   0.000000000000000e+00   0.282804000000000E+00   0.601710000000000E-02   0.282804000000000E-02   0.100000000000000E+01   0.497778000000000E-02   0.176015190732804E+01
   6   DIS_F2D   0.300000000000000E+00   0.500000000000000E+01   0.000000000000000e+00   0.231596000000000E+00   0.492757000000000E-02   0.231596000000000E-02   0.100000000000000E+01   0.446975000000000E-02   0.192997720167879E+01
   7   DIS_F2D   0.400000000000000E+00   0.500000000000000E+01   0.000000000000000e+00   0.161458000000000E+00   0.312393000000000E-02   0.161458000000000E-02   0.100000000000000E+01   0.411046000000000E-02   0.254583854624732E+01
   8   DIS_F2D   0.400000000000000E+00   0.100000000000000E+02   0.000000000000000e+00   0.139852000000000E+00   0.306564000000000E-02   0.139852000000000E-02   0.100000000000000E+01   0.377315000000000E-02   0.269795927122959E+01
   9   DIS_F2D   0.500000000000000E+00   0.100000000000000E+02   0.000000000000000e+00   0.810000000000000E-01   0.205497000000000E-02   0.810000000000000E-03   0.100000000000000E+01   0.329632000000000E-02   0.406953086419753E+01
