 F2D     2       9
   1   DIS_F2D   0.310000000000000E-01   0.510000000000000E+01   0.000000000000000e+00   0.338034000000000E+00   0.157481000000000E-01   0.805716000000000E-02   0.238353538401463E+01   0.428644000000000E-02   0.126804995947153E+01
   2   DIS_F2D   0.500000000000000E-01   0.780000000000000E+01   0.000000000000000e+00   0.387375000000000E+00   0.132923000000000E-01   0.759558000000000E-02   0.196078218780252E+01   0.486826000000000E-02   0.125673055824459E+01
   3   DIS_F2D   0.780000000000000E-01   0.114000000000000E+02   0.000000000000000e+00   0.373913000000000E+00   0.100755000000000E-01   0.709016000000000E-02   0.189620580188440E+01   0.440616000000000E-02   0.117839176492928E+01
   4   DIS_F2D   0.123000000000000E+00   0.144000000000000E+02   0.000000000000000e+00   0.355102000000000E+00   0.108843000000000E-01   0.646258000000000E-02   0.181992216320944E+01   0.357403000000000E-02   0.100647982833102E+01
   5   DIS_F2D   0.173000000000000E+00   0.173000000000000E+02   0.000000000000000e+00   0.299373000000000E+00   0.111324000000000E-01   0.541579000000000E-02   0.180904423578613E+01   0.344325000000000E-02   0.115015382148691E+01
   6   DIS_F2D   0.243000000000000E+00   0.202000000000000E+02   0.000000000000000e+00   0.235856000000000E+00   0.788653000000000E-02   0.443617000000000E-02   0.188088070687199E+01   0.307027000000000E-02   0.130175615629876E+01
   7   DIS_F2D   0.343000000000000E+00   0.241000000000000E+02   0.000000000000000e+00   0.151506000000000E+00   0.755850000000000E-02   0.285543000000000E-02   0.188469763573720E+01   0.245528000000000E-02   0.162058268319406E+01
   8   DIS_F2D   0.442000000000000E+00   0.298000000000000E+02   0.000000000000000e+00   0.908433000000000E-01   0.694921000000000E-02   0.171212000000000E-02   0.188469595446224E+01   0.218527000000000E-02   0.240553788776938E+01
   9   DIS_F2D   0.564000000000000E+00   0.336000000000000E+02   0.000000000000000e+00   0.384278000000000E-01   0.391313000000000E-02   0.703484000000000E-03   0.183066425868772E+01   0.139018000000000E-02   0.361764139503172E+01
