   X     Q^2    F2(Pb)EPS09 S(F2(Pb)EPS09) statEPS09   systEPS09    F2(Pb)DSSZ   S(F2(Pb)DSSZ)  statDSSZ    systDSSZ  
 -----------------------------------------------------------------------------------------------------------------------
0.0125   1.8 0.265468E+00 0.689292E-02 0.424264E-02 0.103035E-01 0.266780E+00 0.115852E-01 0.426361E-02 0.103545E-01
0.0125   2.3 0.272834E+00 0.695340E-02 0.617860E-02 0.113816E-01 0.273458E+00 0.109514E-01 0.619274E-02 0.114077E-01
0.0125   2.8 0.302740E+00 0.738595E-02 0.652901E-02 0.120271E-01 0.303147E+00 0.113875E-01 0.653778E-02 0.120433E-01
0.0125   3.5 0.325036E+00 0.806189E-02 0.547814E-02 0.153388E-01 0.324927E+00 0.114540E-01 0.547630E-02 0.153336E-01
0.0125   4.5 0.352036E+00 0.872082E-02 0.507368E-02 0.187336E-01 0.351488E+00 0.115662E-01 0.506579E-02 0.187045E-01
0.0125   5.5 0.380367E+00 0.916170E-02 0.781295E-02 0.230276E-01 0.378898E+00 0.119020E-01 0.778278E-02 0.229387E-01
0.0125   7.0 0.405499E+00 0.992118E-02 0.261612E-01 0.305214E-01 0.403626E+00 0.120514E-01 0.260404E-01 0.303804E-01
0.0175   1.8 0.265482E+00 0.498720E-02 0.482694E-02 0.693873E-02 0.265768E+00 0.957951E-02 0.483214E-02 0.694620E-02
0.0175   2.3 0.287516E+00 0.492958E-02 0.481870E-02 0.578243E-02 0.287044E+00 0.956761E-02 0.481080E-02 0.577296E-02
0.0175   2.8 0.309894E+00 0.493431E-02 0.572630E-02 0.875788E-02 0.309427E+00 0.968753E-02 0.571767E-02 0.874468E-02
0.0175   3.5 0.336053E+00 0.543629E-02 0.497856E-02 0.960150E-02 0.334788E+00 0.983412E-02 0.495982E-02 0.956537E-02
0.0175   4.5 0.351400E+00 0.528649E-02 0.528421E-02 0.105684E-01 0.349260E+00 0.955993E-02 0.525204E-02 0.105041E-01
0.0175   5.5 0.363404E+00 0.533942E-02 0.513505E-02 0.130351E-01 0.360602E+00 0.940827E-02 0.509546E-02 0.129346E-01
0.0175   7.0 0.391242E+00 0.553086E-02 0.499990E-02 0.154164E-01 0.387293E+00 0.957343E-02 0.494943E-02 0.152607E-01
0.0175   9.0 0.425568E+00 0.618914E-02 0.219365E-01 0.263238E-01 0.421035E+00 0.988288E-02 0.217028E-01 0.260434E-01
0.025    1.8 0.283997E+00 0.445875E-02 0.545565E-02 0.818347E-02 0.283679E+00 0.846870E-02 0.544954E-02 0.817431E-02
0.025    2.3 0.296760E+00 0.424012E-02 0.415273E-02 0.638881E-02 0.296359E+00 0.813907E-02 0.414712E-02 0.638018E-02
0.025    2.8 0.314529E+00 0.426174E-02 0.433144E-02 0.433144E-02 0.313612E+00 0.805419E-02 0.431881E-02 0.431881E-02
0.025    3.5 0.335461E+00 0.415599E-02 0.314168E-02 0.453798E-02 0.333663E+00 0.799237E-02 0.312483E-02 0.451365E-02
0.025    4.5 0.348217E+00 0.434377E-02 0.366930E-02 0.477010E-02 0.345788E+00 0.765354E-02 0.364371E-02 0.473682E-02
0.025    5.5 0.367039E+00 0.433261E-02 0.458322E-02 0.534709E-02 0.363356E+00 0.760484E-02 0.453723E-02 0.529343E-02
0.025    7.0 0.388855E+00 0.459864E-02 0.319716E-02 0.599468E-02 0.384045E+00 0.753802E-02 0.315761E-02 0.592052E-02
0.025    9.0 0.410899E+00 0.460996E-02 0.418857E-02 0.879599E-02 0.404251E+00 0.744548E-02 0.412081E-02 0.865370E-02
0.025   11.5 0.428830E+00 0.523320E-02 0.699416E-02 0.135512E-01 0.420696E+00 0.733433E-02 0.686151E-02 0.132942E-01
0.035    1.8 0.301065E+00 0.530834E-02 0.921627E-02 0.921627E-02 0.301422E+00 0.789523E-02 0.922719E-02 0.922719E-02
0.035    2.3 0.306070E+00 0.514549E-02 0.644358E-02 0.966537E-02 0.305570E+00 0.732544E-02 0.643304E-02 0.964957E-02
0.035    2.8 0.321748E+00 0.556049E-02 0.567987E-02 0.334110E-02 0.320410E+00 0.715988E-02 0.565626E-02 0.332721E-02
0.035    3.5 0.337139E+00 0.488863E-02 0.381536E-02 0.208110E-02 0.335366E+00 0.696709E-02 0.379529E-02 0.207016E-02
0.035    4.5 0.350555E+00 0.441383E-02 0.397127E-02 0.324922E-02 0.348442E+00 0.665533E-02 0.394734E-02 0.322964E-02
0.035    5.5 0.359718E+00 0.404917E-02 0.410892E-02 0.485600E-02 0.356082E+00 0.640497E-02 0.406739E-02 0.480692E-02
0.035    7.0 0.380299E+00 0.431516E-02 0.349254E-02 0.232836E-02 0.375170E+00 0.628174E-02 0.344544E-02 0.229696E-02
0.035    9.0 0.402022E+00 0.471963E-02 0.363273E-02 0.605455E-02 0.394774E+00 0.614590E-02 0.356724E-02 0.594540E-02
0.035   11.5 0.416651E+00 0.528802E-02 0.376492E-02 0.460157E-02 0.407705E+00 0.593968E-02 0.368408E-02 0.450276E-02
0.035   15.0 0.430920E+00 0.628433E-02 0.607540E-02 0.694332E-02 0.420269E+00 0.570053E-02 0.592524E-02 0.677170E-02
0.035   20.0 0.414066E+00 0.658646E-02 0.450072E-01 0.315050E-01 0.402773E+00 0.508573E-02 0.437796E-01 0.306458E-01
0.045    1.8 0.299482E+00 0.663977E-02 0.124784E-01 0.405548E-01 0.301697E+00 0.771178E-02 0.125707E-01 0.408548E-01
0.045    2.3 0.317680E+00 0.683892E-02 0.982516E-02 0.982516E-02 0.316790E+00 0.746698E-02 0.979764E-02 0.979764E-02
0.045    2.8 0.330936E+00 0.711279E-02 0.742161E-02 0.640957E-02 0.329621E+00 0.729625E-02 0.739212E-02 0.638410E-02
0.045    3.5 0.337999E+00 0.584491E-02 0.486329E-02 0.764232E-02 0.336926E+00 0.699417E-02 0.484786E-02 0.761806E-02
0.045    4.5 0.359186E+00 0.455548E-02 0.466942E-02 0.574698E-02 0.357585E+00 0.690030E-02 0.464860E-02 0.572136E-02
0.045    5.5 0.361572E+00 0.349725E-02 0.443194E-02 0.147731E-02 0.358707E+00 0.657269E-02 0.439682E-02 0.146561E-02
0.045    7.0 0.371394E+00 0.369008E-02 0.344237E-02 0.611978E-02 0.365930E+00 0.630352E-02 0.339173E-02 0.602974E-02
0.045    9.0 0.398223E+00 0.444790E-02 0.433709E-02 0.749133E-02 0.391458E+00 0.633292E-02 0.426340E-02 0.736406E-02
0.045   11.5 0.406900E+00 0.501008E-02 0.365479E-02 0.243653E-02 0.398615E+00 0.608652E-02 0.358038E-02 0.238692E-02
0.045   15.0 0.415961E+00 0.636625E-02 0.418893E-02 0.251336E-02 0.405852E+00 0.582080E-02 0.408713E-02 0.245228E-02
0.045   20.0 0.435460E+00 0.698924E-02 0.776067E-02 0.560493E-02 0.424233E+00 0.571509E-02 0.756059E-02 0.546043E-02
0.055    2.3 0.321798E+00 0.719568E-02 0.995250E-02 0.132700E-01 0.320637E+00 0.765692E-02 0.991662E-02 0.132222E-01
0.055    2.8 0.316451E+00 0.684852E-02 0.102081E-01 0.136108E-01 0.314907E+00 0.712101E-02 0.101583E-01 0.135444E-01
0.055    3.5 0.355134E+00 0.614248E-02 0.593053E-02 0.279084E-02 0.353490E+00 0.756875E-02 0.590307E-02 0.277792E-02
0.055    4.5 0.364305E+00 0.482846E-02 0.574274E-02 0.100498E-01 0.361921E+00 0.729267E-02 0.570516E-02 0.998404E-02
0.055    5.5 0.369218E+00 0.339030E-02 0.550524E-02 0.256911E-02 0.365930E+00 0.706744E-02 0.545621E-02 0.254623E-02
0.055    7.0 0.376921E+00 0.360720E-02 0.378434E-02 0.832556E-02 0.370683E+00 0.681076E-02 0.372172E-02 0.818778E-02
0.055    9.0 0.392729E+00 0.400292E-02 0.426038E-02 0.503499E-02 0.386069E+00 0.674712E-02 0.418813E-02 0.494960E-02
0.055   11.5 0.399686E+00 0.437606E-02 0.396514E-02 0.158606E-02 0.391974E+00 0.654312E-02 0.388863E-02 0.155545E-02
0.055   15.0 0.410307E+00 0.558674E-02 0.407050E-02 0.162820E-02 0.400633E+00 0.636792E-02 0.397453E-02 0.158981E-02
0.055   20.0 0.422865E+00 0.581560E-02 0.499939E-02 0.291631E-02 0.412417E+00 0.624147E-02 0.487587E-02 0.284426E-02
0.055   27.0 0.417495E+00 0.640520E-02 0.127805E-01 0.852032E-02 0.406684E+00 0.587245E-02 0.124495E-01 0.829967E-02
0.070    2.3 0.311489E+00 0.624150E-02 0.100480E-01 0.200961E-01 0.312244E+00 0.785476E-02 0.100724E-01 0.201448E-01
0.070    2.8 0.338767E+00 0.636740E-02 0.684377E-02 0.102657E-01 0.338578E+00 0.816181E-02 0.683996E-02 0.102599E-01
0.070    3.5 0.354024E+00 0.546948E-02 0.524221E-02 0.384429E-02 0.353055E+00 0.816090E-02 0.522786E-02 0.383377E-02
0.070    4.5 0.364638E+00 0.500801E-02 0.500484E-02 0.321740E-02 0.362507E+00 0.800586E-02 0.497558E-02 0.319859E-02
0.070    5.5 0.360444E+00 0.393626E-02 0.472356E-02 0.363351E-02 0.357696E+00 0.765512E-02 0.468755E-02 0.360581E-02
0.070    7.0 0.368958E+00 0.361895E-02 0.334403E-02 0.222936E-02 0.364007E+00 0.751142E-02 0.329916E-02 0.219944E-02
0.070    9.0 0.382144E+00 0.391152E-02 0.339516E-02 0.603584E-02 0.377433E+00 0.751110E-02 0.335330E-02 0.596142E-02
0.070   11.5 0.387368E+00 0.411900E-02 0.306826E-02 0.268473E-02 0.382020E+00 0.735609E-02 0.302590E-02 0.264767E-02
0.070   15.0 0.395189E+00 0.439276E-02 0.313021E-02 0.156511E-02 0.387995E+00 0.721511E-02 0.307322E-02 0.153661E-02
0.070   20.0 0.400341E+00 0.433901E-02 0.318362E-02 0.477543E-02 0.392555E+00 0.705145E-02 0.312171E-02 0.468257E-02
0.070   27.0 0.416704E+00 0.490328E-02 0.486425E-02 0.202677E-02 0.407136E+00 0.707519E-02 0.475256E-02 0.198023E-02
0.070   36.0 0.385601E+00 0.485385E-02 0.164085E-01 0.123064E-01 0.377133E+00 0.636634E-02 0.160482E-01 0.120362E-01
0.090    2.3 0.333643E+00 0.619834E-02 0.134805E-01 0.202208E-01 0.336621E+00 0.897227E-02 0.136008E-01 0.204012E-01
0.090    2.8 0.337722E+00 0.536616E-02 0.102340E-01 0.170567E-01 0.340764E+00 0.878931E-02 0.103262E-01 0.172103E-01
0.090    3.5 0.347013E+00 0.460493E-02 0.694027E-02 0.694027E-02 0.348404E+00 0.870273E-02 0.696807E-02 0.696807E-02
0.090    4.5 0.349046E+00 0.412079E-02 0.705143E-02 0.141029E-01 0.349119E+00 0.842802E-02 0.705290E-02 0.141058E-01
0.090    5.5 0.358989E+00 0.425796E-02 0.570389E-02 0.463441E-02 0.358236E+00 0.844777E-02 0.569193E-02 0.462469E-02
0.090    7.0 0.365971E+00 0.356474E-02 0.397402E-02 0.541911E-02 0.363915E+00 0.835425E-02 0.395169E-02 0.538867E-02
0.090    9.0 0.373813E+00 0.427770E-02 0.401166E-02 0.510574E-02 0.371754E+00 0.831101E-02 0.398956E-02 0.507762E-02
0.090   11.5 0.372327E+00 0.407574E-02 0.331448E-02 0.294620E-02 0.369890E+00 0.807443E-02 0.329279E-02 0.292693E-02
0.090   15.0 0.376797E+00 0.422055E-02 0.298158E-02 0.111809E-02 0.373212E+00 0.794310E-02 0.295321E-02 0.110745E-02
0.090   20.0 0.384071E+00 0.445737E-02 0.338554E-02 0.263320E-02 0.380282E+00 0.789425E-02 0.335215E-02 0.260723E-02
0.090   27.0 0.379754E+00 0.443087E-02 0.418148E-02 0.228081E-02 0.375184E+00 0.760324E-02 0.413116E-02 0.225336E-02
0.090   36.0 0.382284E+00 0.396328E-02 0.649883E-02 0.458741E-02 0.378202E+00 0.750488E-02 0.642944E-02 0.453843E-02
0.125    2.3 0.267612E+00 0.432616E-02 0.234161E-01 0.367967E-01 0.271656E+00 0.752164E-02 0.237699E-01 0.373527E-01
0.125    2.8 0.329089E+00 0.511911E-02 0.100741E-01 0.134322E-01 0.334058E+00 0.902502E-02 0.102263E-01 0.136350E-01
0.125    3.5 0.337080E+00 0.436795E-02 0.540952E-02 0.371904E-02 0.340894E+00 0.899319E-02 0.547072E-02 0.376112E-02
0.125    4.5 0.341040E+00 0.366408E-02 0.476028E-02 0.816048E-02 0.343737E+00 0.884685E-02 0.479792E-02 0.822501E-02
0.125    5.5 0.349539E+00 0.392685E-02 0.476026E-02 0.680037E-02 0.352750E+00 0.892673E-02 0.480399E-02 0.686285E-02
0.125    7.0 0.340237E+00 0.377810E-02 0.306827E-02 0.238643E-02 0.342819E+00 0.851172E-02 0.309155E-02 0.240454E-02
0.125    9.0 0.342097E+00 0.401783E-02 0.307887E-02 0.171048E-02 0.343778E+00 0.837838E-02 0.309400E-02 0.171889E-02
0.125   11.5 0.347110E+00 0.411658E-02 0.240096E-02 0.102898E-02 0.348099E+00 0.834333E-02 0.240780E-02 0.103191E-02
0.125   15.0 0.349284E+00 0.350709E-02 0.206270E-02 0.206270E-02 0.349622E+00 0.823452E-02 0.206469E-02 0.206469E-02
0.125   20.0 0.345272E+00 0.410115E-02 0.205519E-02 0.479545E-02 0.346933E+00 0.803104E-02 0.206507E-02 0.481851E-02
0.125   27.0 0.349897E+00 0.407597E-02 0.240125E-02 0.102911E-02 0.350975E+00 0.799167E-02 0.240865E-02 0.103228E-02
0.125   36.0 0.345534E+00 0.382205E-02 0.343473E-02 0.549557E-02 0.345914E+00 0.776312E-02 0.343850E-02 0.550161E-02
0.125   48.0 0.347515E+00 0.403628E-02 0.514582E-02 0.343055E-02 0.347915E+00 0.770459E-02 0.515176E-02 0.343451E-02
0.125   65.0 0.353106E+00 0.398812E-02 0.205693E-01 0.274257E-01 0.353134E+00 0.772367E-02 0.205709E-01 0.274279E-01
0.175    3.5 0.304753E+00 0.474105E-02 0.158726E-01 0.952354E-02 0.309505E+00 0.803739E-02 0.161201E-01 0.967203E-02
0.175    4.5 0.304954E+00 0.707476E-02 0.635321E-02 0.127064E-01 0.307026E+00 0.784278E-02 0.639638E-02 0.127928E-01
0.175    5.5 0.330581E+00 0.556242E-02 0.635122E-02 0.508097E-02 0.330725E+00 0.835540E-02 0.635399E-02 0.508319E-02
0.175    7.0 0.327974E+00 0.379422E-02 0.410363E-02 0.568194E-02 0.327433E+00 0.817242E-02 0.409686E-02 0.567257E-02
0.175    9.0 0.313111E+00 0.542383E-02 0.373864E-02 0.342709E-02 0.314081E+00 0.774800E-02 0.375022E-02 0.343770E-02
0.175   11.5 0.314787E+00 0.441240E-02 0.306810E-02 0.184086E-02 0.318081E+00 0.776545E-02 0.310020E-02 0.186012E-02
0.175   15.0 0.302944E+00 0.470864E-02 0.243329E-02 0.121664E-02 0.306157E+00 0.739406E-02 0.245909E-02 0.122954E-02
0.175   20.0 0.304892E+00 0.590074E-02 0.242459E-02 0.242459E-02 0.306461E+00 0.732292E-02 0.243707E-02 0.243707E-02
0.175   27.0 0.303474E+00 0.439248E-02 0.270690E-02 0.210537E-02 0.304566E+00 0.720430E-02 0.271664E-02 0.211294E-02
0.175   36.0 0.304107E+00 0.320864E-02 0.328603E-02 0.209111E-02 0.304583E+00 0.714061E-02 0.329117E-02 0.209438E-02
0.175   48.0 0.293308E+00 0.290153E-02 0.414779E-02 0.414779E-02 0.293579E+00 0.682708E-02 0.415163E-02 0.415163E-02
0.175   65.0 0.292398E+00 0.349807E-02 0.584796E-02 0.146199E-01 0.293750E+00 0.677952E-02 0.587500E-02 0.146875E-01
0.250    5.5 0.281843E+00 0.591604E-02 0.109454E-01 0.820902E-02 0.279800E+00 0.706320E-02 0.108660E-01 0.814951E-02
0.250    7.0 0.264516E+00 0.458453E-02 0.400377E-02 0.373685E-02 0.263991E+00 0.663029E-02 0.399583E-02 0.372944E-02
0.250    9.0 0.257914E+00 0.396930E-02 0.313255E-02 0.182732E-02 0.258036E+00 0.644957E-02 0.313404E-02 0.182819E-02
0.250   11.5 0.259591E+00 0.397548E-02 0.256513E-02 0.282164E-02 0.259426E+00 0.645682E-02 0.256350E-02 0.281985E-02
0.250   15.0 0.253866E+00 0.464759E-02 0.201281E-02 0.276761E-02 0.253655E+00 0.628518E-02 0.201114E-02 0.276532E-02
0.250   20.0 0.247252E+00 0.388855E-02 0.172731E-02 0.296110E-02 0.246838E+00 0.608909E-02 0.172442E-02 0.295615E-02
0.250   27.0 0.240595E+00 0.310269E-02 0.192284E-02 0.168248E-02 0.241666E+00 0.593598E-02 0.193139E-02 0.168997E-02
0.250   36.0 0.239218E+00 0.404632E-02 0.236148E-02 0.118074E-02 0.240026E+00 0.587316E-02 0.236946E-02 0.118473E-02
0.250   48.0 0.231566E+00 0.380853E-02 0.254723E-02 0.138940E-02 0.232644E+00 0.567276E-02 0.255908E-02 0.139586E-02
0.250   65.0 0.231319E+00 0.285681E-02 0.362853E-02 0.136070E-02 0.232853E+00 0.565989E-02 0.365259E-02 0.136972E-02
0.250  110.0 0.229148E+00 0.316708E-02 0.661004E-02 0.881338E-02 0.229965E+00 0.556493E-02 0.663360E-02 0.884480E-02
0.350    9.0 0.173953E+00 0.239656E-02 0.756317E-02 0.567238E-02 0.174872E+00 0.467287E-02 0.760313E-02 0.570235E-02
0.350   11.5 0.179431E+00 0.222247E-02 0.366186E-02 0.732373E-02 0.180435E+00 0.481687E-02 0.368234E-02 0.736468E-02
0.350   15.0 0.176634E+00 0.213869E-02 0.230084E-02 0.212385E-02 0.177750E+00 0.474057E-02 0.231537E-02 0.213727E-02
0.350   20.0 0.171780E+00 0.209627E-02 0.170755E-02 0.153680E-02 0.173164E+00 0.461276E-02 0.172131E-02 0.154918E-02
0.350   27.0 0.162975E+00 0.196976E-02 0.181450E-02 0.478367E-02 0.164473E+00 0.437553E-02 0.183118E-02 0.482766E-02
0.350   36.0 0.156086E+00 0.187950E-02 0.207689E-02 0.175737E-02 0.157709E+00 0.419080E-02 0.209848E-02 0.177564E-02
0.350   48.0 0.157285E+00 0.194046E-02 0.247937E-02 0.278929E-02 0.159038E+00 0.422157E-02 0.250700E-02 0.282037E-02
0.350   65.0 0.148567E+00 0.183966E-02 0.270122E-02 0.105048E-02 0.150492E+00 0.399071E-02 0.273621E-02 0.106408E-02
0.350  110.0 0.139826E+00 0.186232E-02 0.285360E-02 0.428040E-02 0.141649E+00 0.375141E-02 0.289079E-02 0.433619E-02
0.450   15.0 0.105367E+00 0.148997E-02 0.329271E-02 0.548786E-02 0.108073E+00 0.310205E-02 0.337727E-02 0.562878E-02
0.450   20.0 0.103668E+00 0.145850E-02 0.156913E-02 0.261522E-02 0.106364E+00 0.304980E-02 0.160996E-02 0.268326E-02
0.450   27.0 0.961051E-01 0.142218E-02 0.149696E-02 0.219555E-02 0.986756E-01 0.282793E-02 0.153700E-02 0.225427E-02
0.450   36.0 0.941309E-01 0.137114E-02 0.172016E-02 0.114677E-02 0.967396E-01 0.277149E-02 0.176783E-02 0.117855E-02
0.450   48.0 0.867382E-01 0.130905E-02 0.192344E-02 0.201504E-02 0.892868E-01 0.255706E-02 0.197996E-02 0.207424E-02
0.450   65.0 0.813700E-01 0.128703E-02 0.219681E-02 0.166958E-02 0.837694E-01 0.239850E-02 0.226159E-02 0.171881E-02
0.450  110.0 0.773484E-01 0.124923E-02 0.229423E-02 0.983243E-03 0.797610E-01 0.228318E-02 0.236579E-02 0.101391E-02
0.550   20.0 0.592194E-01 0.108895E-02 0.332071E-02 0.332071E-02 0.606291E-01 0.228181E-02 0.339976E-02 0.339976E-02
0.550   27.0 0.507837E-01 0.100444E-02 0.125134E-02 0.990646E-03 0.520008E-01 0.195223E-02 0.128133E-02 0.101439E-02
0.550   36.0 0.493333E-01 0.926579E-03 0.148000E-02 0.296000E-02 0.505988E-01 0.186714E-02 0.151796E-02 0.303593E-02
0.550   48.0 0.440245E-01 0.821929E-03 0.187338E-02 0.234173E-02 0.451650E-01 0.164889E-02 0.192192E-02 0.240240E-02
0.550   65.0 0.466476E-01 0.923678E-03 0.177705E-02 0.133279E-02 0.478872E-01 0.172987E-02 0.182427E-02 0.136821E-02
0.550  110.0 0.415004E-01 0.831829E-03 0.162747E-02 0.244120E-02 0.427023E-01 0.151797E-02 0.167460E-02 0.251190E-02
0.700   36.0 0.104017E-01 0.233898E-03 0.761098E-03 0.177590E-02 0.110243E-01 0.399118E-03 0.806658E-03 0.188220E-02
0.700   48.0 0.109978E-01 0.258370E-03 0.591277E-03 0.106430E-02 0.116507E-01 0.424280E-03 0.626379E-03 0.112748E-02
0.700   65.0 0.103584E-01 0.246402E-03 0.550977E-03 0.330586E-03 0.109700E-01 0.398327E-03 0.583513E-03 0.350108E-03
0.700  110.0 0.756034E-02 0.186285E-03 0.589117E-03 0.186554E-02 0.799634E-02 0.292421E-03 0.623091E-03 0.197312E-02
