 F2D     2       9
   1   DIS_F2D   0.130000000000000E+00   0.200000000000000E+01   0.000000000000000e+00   0.961312000000000E+00   0.148752000000000E-01   0.961312000000000E-02   0.100000000000000E+01   0.199738000000000E-01   0.207776455510802E+01
   2   DIS_F2D   0.220000000000000E+00   0.200000000000000E+01   0.000000000000000e+00   0.874907000000000E+00   0.122243000000000E-01   0.874907000000000E-02   0.100000000000000E+01   0.169122000000000E-01   0.193302831043757E+01
   3   DIS_F2D   0.300000000000000E+00   0.200000000000000E+01   0.000000000000000e+00   0.833257000000000E+00   0.115501000000000E-01   0.833257000000000E-02   0.100000000000000E+01   0.123403000000000E-01   0.148097165700378E+01
   4   DIS_F2D   0.400000000000000E+00   0.200000000000000E+01   0.000000000000000e+00   0.729343000000000E+00   0.106252000000000E-01   0.729343000000000E-02   0.100000000000000E+01   0.140566000000000E-01   0.192729621042500E+01
   5   DIS_F2D   0.220000000000000E+00   0.500000000000000E+01   0.000000000000000e+00   0.859159000000000E+00   0.128874000000000E-01   0.859159000000000E-02   0.100000000000000E+01   0.133863000000000E-01   0.155807015930695E+01
   6   DIS_F2D   0.300000000000000E+00   0.500000000000000E+01   0.000000000000000e+00   0.802815000000000E+00   0.121271000000000E-01   0.802815000000000E-02   0.100000000000000E+01   0.130901000000000E-01   0.163052508984013E+01
   7   DIS_F2D   0.400000000000000E+00   0.500000000000000E+01   0.000000000000000e+00   0.726839000000000E+00   0.746241000000000E-02   0.726839000000000E-02   0.100000000000000E+01   0.147153000000000E-01   0.202456114765443E+01
   8   DIS_F2D   0.400000000000000E+00   0.100000000000000E+02   0.000000000000000e+00   0.710483000000000E+00   0.962112000000000E-02   0.710483000000000E-02   0.100000000000000E+01   0.148651000000000E-01   0.209225273511118E+01
   9   DIS_F2D   0.500000000000000E+00   0.100000000000000E+02   0.000000000000000e+00   0.643953000000000E+00   0.122918000000000E-01   0.643953000000000E-02   0.100000000000000E+01   0.206006000000000E-01   0.319908440522833E+01
