 F2D     2       9
   1   DIS_F2D   0.130000000000000E+00   0.200000000000000E+01   0.000000000000000e+00   0.962203000000000E+00   0.204132000000000E-01   0.962203000000000E-02   0.100000000000000E+01   0.222329000000000E-01   0.231062468107042E+01
   2   DIS_F2D   0.220000000000000E+00   0.200000000000000E+01   0.000000000000000e+00   0.871135000000000E+00   0.181847000000000E-01   0.871135000000000E-02   0.100000000000000E+01   0.233269000000000E-01   0.267775947470828E+01
   3   DIS_F2D   0.300000000000000E+00   0.200000000000000E+01   0.000000000000000e+00   0.820225000000000E+00   0.161144000000000E-01   0.820225000000000E-02   0.100000000000000E+01   0.117328000000000E-01   0.143043677039837E+01
   4   DIS_F2D   0.400000000000000E+00   0.200000000000000E+01   0.000000000000000e+00   0.717527000000000E+00   0.146584000000000E-01   0.717527000000000E-02   0.100000000000000E+01   0.174970000000000E-01   0.243851450886169E+01
   5   DIS_F2D   0.220000000000000E+00   0.500000000000000E+01   0.000000000000000e+00   0.839275000000000E+00   0.178569000000000E-01   0.839275000000000E-02   0.100000000000000E+01   0.147726000000000E-01   0.176016204462185E+01
   6   DIS_F2D   0.300000000000000E+00   0.500000000000000E+01   0.000000000000000e+00   0.778926000000000E+00   0.165729000000000E-01   0.778926000000000E-02   0.100000000000000E+01   0.150331000000000E-01   0.192997794398954E+01
   7   DIS_F2D   0.400000000000000E+00   0.500000000000000E+01   0.000000000000000e+00   0.706614000000000E+00   0.136718000000000E-01   0.706614000000000E-02   0.100000000000000E+01   0.179893000000000E-01   0.254584539791173E+01
   8   DIS_F2D   0.400000000000000E+00   0.100000000000000E+02   0.000000000000000e+00   0.681973000000000E+00   0.149493000000000E-01   0.681973000000000E-02   0.100000000000000E+01   0.183994000000000E-01   0.269796604850925E+01
   9   DIS_F2D   0.500000000000000E+00   0.100000000000000E+02   0.000000000000000e+00   0.612871000000000E+00   0.155485000000000E-01   0.612871000000000E-02   0.100000000000000E+01   0.249409000000000E-01   0.406951870785206E+01
