 F2D     2       159
   1   DIS_F2D   0.550000000000000E-02   0.190400000000000E+01   0.000000000000000e+00   0.681199000000000E+00   0.345291000000000E-01   0.000000000000000e+00   0.000000000000000e+00   0.401650000000000E-01   0.589622122169880E+01
   2   DIS_F2D   0.850000000000000E-02   0.271100000000000E+01   0.000000000000000e+00   0.797465000000000E+00   0.271542000000000E-01   0.000000000000000e+00   0.000000000000000e+00   0.306222000000000E-01   0.383994281880709E+01
   3   DIS_F2D   0.125000000000000E-01   0.230500000000000E+01   0.000000000000000e+00   0.801032000000000E+00   0.178136000000000E-01   0.000000000000000e+00   0.000000000000000e+00   0.236072000000000E-01   0.294709824326619E+01
   4   DIS_F2D   0.125000000000000E-01   0.272100000000000E+01   0.000000000000000e+00   0.810525000000000E+00   0.188512000000000E-01   0.000000000000000e+00   0.000000000000000e+00   0.225097000000000E-01   0.277717528762222E+01
   5   DIS_F2D   0.125000000000000E-01   0.323100000000000E+01   0.000000000000000e+00   0.823083000000000E+00   0.181495000000000E-01   0.000000000000000e+00   0.000000000000000e+00   0.217524000000000E-01   0.264279544104301E+01
   6   DIS_F2D   0.125000000000000E-01   0.381400000000000E+01   0.000000000000000e+00   0.776585000000000E+00   0.200391000000000E-01   0.000000000000000e+00   0.000000000000000e+00   0.196052000000000E-01   0.252454013404843E+01
   7   DIS_F2D   0.125000000000000E-01   0.431200000000000E+01   0.000000000000000e+00   0.754064000000000E+00   0.465476000000000E-01   0.000000000000000e+00   0.000000000000000e+00   0.188890000000000E-01   0.250495979121136E+01
   8   DIS_F2D   0.175000000000000E-01   0.170600000000000E+01   0.000000000000000e+00   0.821142000000000E+00   0.241512000000000E-01   0.000000000000000e+00   0.000000000000000e+00   0.198899000000000E-01   0.242222417072808E+01
   9   DIS_F2D   0.175000000000000E-01   0.194100000000000E+01   0.000000000000000e+00   0.834926000000000E+00   0.208298000000000E-01   0.000000000000000e+00   0.000000000000000e+00   0.195920000000000E-01   0.234655526358025E+01
  10   DIS_F2D   0.175000000000000E-01   0.229100000000000E+01   0.000000000000000e+00   0.865905000000000E+00   0.192423000000000E-01   0.000000000000000e+00   0.000000000000000e+00   0.188229000000000E-01   0.217378349818976E+01
  11   DIS_F2D   0.175000000000000E-01   0.270400000000000E+01   0.000000000000000e+00   0.847724000000000E+00   0.185054000000000E-01   0.000000000000000e+00   0.000000000000000e+00   0.172325000000000E-01   0.203279605154508E+01
  12   DIS_F2D   0.175000000000000E-01   0.323100000000000E+01   0.000000000000000e+00   0.843597000000000E+00   0.204239000000000E-01   0.000000000000000e+00   0.000000000000000e+00   0.157863000000000E-01   0.187130821944601E+01
  13   DIS_F2D   0.175000000000000E-01   0.388400000000000E+01   0.000000000000000e+00   0.854385000000000E+00   0.205553000000000E-01   0.000000000000000e+00   0.000000000000000e+00   0.157117000000000E-01   0.183894848341204E+01
  14   DIS_F2D   0.175000000000000E-01   0.458500000000000E+01   0.000000000000000e+00   0.846766000000000E+00   0.197758000000000E-01   0.000000000000000e+00   0.000000000000000e+00   0.150476000000000E-01   0.177706710000165E+01
  15   DIS_F2D   0.175000000000000E-01   0.537900000000000E+01   0.000000000000000e+00   0.862212000000000E+00   0.280174000000000E-01   0.000000000000000e+00   0.000000000000000e+00   0.148022000000000E-01   0.171677035346295E+01
  16   DIS_F2D   0.175000000000000E-01   0.619400000000000E+01   0.000000000000000e+00   0.813531000000000E+00   0.862560000000000E-01   0.000000000000000e+00   0.000000000000000e+00   0.134530000000000E-01   0.165365548454822E+01
  17   DIS_F2D   0.250000000000000E-01   0.170600000000000E+01   0.000000000000000e+00   0.821481000000000E+00   0.239739000000000E-01   0.000000000000000e+00   0.000000000000000e+00   0.159706000000000E-01   0.194412287076634E+01
  18   DIS_F2D   0.250000000000000E-01   0.194100000000000E+01   0.000000000000000e+00   0.874818000000000E+00   0.205181000000000E-01   0.000000000000000e+00   0.000000000000000e+00   0.163059000000000E-01   0.186391912374917E+01
  19   DIS_F2D   0.250000000000000E-01   0.230500000000000E+01   0.000000000000000e+00   0.865980000000000E+00   0.206484000000000E-01   0.000000000000000e+00   0.000000000000000e+00   0.150730000000000E-01   0.174057137578235E+01
  20   DIS_F2D   0.250000000000000E-01   0.272100000000000E+01   0.000000000000000e+00   0.847438000000000E+00   0.189678000000000E-01   0.000000000000000e+00   0.000000000000000e+00   0.138533000000000E-01   0.163472726028335E+01
  21   DIS_F2D   0.250000000000000E-01   0.323100000000000E+01   0.000000000000000e+00   0.879572000000000E+00   0.199821000000000E-01   0.000000000000000e+00   0.000000000000000e+00   0.136789000000000E-01   0.155517683600660E+01
  22   DIS_F2D   0.250000000000000E-01   0.381400000000000E+01   0.000000000000000e+00   0.867687000000000E+00   0.200858000000000E-01   0.000000000000000e+00   0.000000000000000e+00   0.126935000000000E-01   0.146291231746010E+01
  23   DIS_F2D   0.250000000000000E-01   0.458500000000000E+01   0.000000000000000e+00   0.909522000000000E+00   0.202035000000000E-01   0.000000000000000e+00   0.000000000000000e+00   0.127552000000000E-01   0.140240697861074E+01
  24   DIS_F2D   0.250000000000000E-01   0.551200000000000E+01   0.000000000000000e+00   0.868394000000000E+00   0.203149000000000E-01   0.000000000000000e+00   0.000000000000000e+00   0.110448000000000E-01   0.127186507506961E+01
  25   DIS_F2D   0.250000000000000E-01   0.662700000000000E+01   0.000000000000000e+00   0.890211000000000E+00   0.213141000000000E-01   0.000000000000000e+00   0.000000000000000e+00   0.118908000000000E-01   0.133572827116268E+01
  26   DIS_F2D   0.250000000000000E-01   0.806600000000000E+01   0.000000000000000e+00   0.886233000000000E+00   0.297356000000000E-01   0.000000000000000e+00   0.000000000000000e+00   0.107628000000000E-01   0.121444360568835E+01
  27   DIS_F2D   0.250000000000000E-01   0.923300000000000E+01   0.000000000000000e+00   0.880745000000000E+00   0.136192000000000E+00   0.000000000000000e+00   0.000000000000000e+00   0.110159000000000E-01   0.125074794634088E+01
  28   DIS_F2D   0.350000000000000E-01   0.170600000000000E+01   0.000000000000000e+00   0.873330000000000E+00   0.308671000000000E-01   0.000000000000000e+00   0.000000000000000e+00   0.161817000000000E-01   0.185287348424994E+01
  29   DIS_F2D   0.350000000000000E-01   0.194100000000000E+01   0.000000000000000e+00   0.911065000000000E+00   0.237550000000000E-01   0.000000000000000e+00   0.000000000000000e+00   0.159549000000000E-01   0.175123619061209E+01
  30   DIS_F2D   0.350000000000000E-01   0.230500000000000E+01   0.000000000000000e+00   0.891580000000000E+00   0.219974000000000E-01   0.000000000000000e+00   0.000000000000000e+00   0.159519000000000E-01   0.178917203167411E+01
  31   DIS_F2D   0.350000000000000E-01   0.273700000000000E+01   0.000000000000000e+00   0.888336000000000E+00   0.220529000000000E-01   0.000000000000000e+00   0.000000000000000e+00   0.154854000000000E-01   0.174319176527800E+01
  32   DIS_F2D   0.350000000000000E-01   0.323100000000000E+01   0.000000000000000e+00   0.881223000000000E+00   0.221524000000000E-01   0.000000000000000e+00   0.000000000000000e+00   0.144522000000000E-01   0.164001620475181E+01
  33   DIS_F2D   0.350000000000000E-01   0.383700000000000E+01   0.000000000000000e+00   0.910554000000000E+00   0.222356000000000E-01   0.000000000000000e+00   0.000000000000000e+00   0.139354000000000E-01   0.153043092447016E+01
  34   DIS_F2D   0.350000000000000E-01   0.461300000000000E+01   0.000000000000000e+00   0.915021000000000E+00   0.232719000000000E-01   0.000000000000000e+00   0.000000000000000e+00   0.125610000000000E-01   0.137275537938474E+01
  35   DIS_F2D   0.350000000000000E-01   0.547900000000000E+01   0.000000000000000e+00   0.919841000000000E+00   0.242773000000000E-01   0.000000000000000e+00   0.000000000000000e+00   0.120709000000000E-01   0.131228114424123E+01
  36   DIS_F2D   0.350000000000000E-01   0.670900000000000E+01   0.000000000000000e+00   0.934306000000000E+00   0.206709000000000E-01   0.000000000000000e+00   0.000000000000000e+00   0.119731000000000E-01   0.128149664028702E+01
  37   DIS_F2D   0.350000000000000E-01   0.821600000000000E+01   0.000000000000000e+00   0.937051000000000E+00   0.207316000000000E-01   0.000000000000000e+00   0.000000000000000e+00   0.112413000000000E-01   0.119964655072136E+01
  38   DIS_F2D   0.350000000000000E-01   0.981700000000000E+01   0.000000000000000e+00   0.974406000000000E+00   0.245696000000000E-01   0.000000000000000e+00   0.000000000000000e+00   0.118473000000000E-01   0.121584842457867E+01
  39   DIS_F2D   0.350000000000000E-01   0.115880000000000E+02   0.000000000000000e+00   0.901463000000000E+00   0.635471000000000E-01   0.000000000000000e+00   0.000000000000000e+00   0.107810000000000E-01   0.119594481415211E+01
  40   DIS_F2D   0.450000000000000E-01   0.171700000000000E+01   0.000000000000000e+00   0.901810000000000E+00   0.414097000000000E-01   0.000000000000000e+00   0.000000000000000e+00   0.174783000000000E-01   0.193813552743926E+01
  41   DIS_F2D   0.450000000000000E-01   0.198900000000000E+01   0.000000000000000e+00   0.914224000000000E+00   0.296705000000000E-01   0.000000000000000e+00   0.000000000000000e+00   0.163764000000000E-01   0.179128966205219E+01
  42   DIS_F2D   0.450000000000000E-01   0.230500000000000E+01   0.000000000000000e+00   0.925676000000000E+00   0.249932000000000E-01   0.000000000000000e+00   0.000000000000000e+00   0.176622000000000E-01   0.190803261616375E+01
  43   DIS_F2D   0.450000000000000E-01   0.272100000000000E+01   0.000000000000000e+00   0.904715000000000E+00   0.259549000000000E-01   0.000000000000000e+00   0.000000000000000e+00   0.160602000000000E-01   0.177516676522441E+01
  44   DIS_F2D   0.450000000000000E-01   0.323100000000000E+01   0.000000000000000e+00   0.916538000000000E+00   0.250979000000000E-01   0.000000000000000e+00   0.000000000000000e+00   0.158370000000000E-01   0.172791526374247E+01
  45   DIS_F2D   0.450000000000000E-01   0.383700000000000E+01   0.000000000000000e+00   0.907498000000000E+00   0.242248000000000E-01   0.000000000000000e+00   0.000000000000000e+00   0.139767000000000E-01   0.154013562564325E+01
  46   DIS_F2D   0.450000000000000E-01   0.458500000000000E+01   0.000000000000000e+00   0.900479000000000E+00   0.252209000000000E-01   0.000000000000000e+00   0.000000000000000e+00   0.122848000000000E-01   0.136425169271021E+01
  47   DIS_F2D   0.450000000000000E-01   0.547900000000000E+01   0.000000000000000e+00   0.938291000000000E+00   0.280925000000000E-01   0.000000000000000e+00   0.000000000000000e+00   0.130424000000000E-01   0.139001653005304E+01
  48   DIS_F2D   0.450000000000000E-01   0.675000000000000E+01   0.000000000000000e+00   0.937933000000000E+00   0.245335000000000E-01   0.000000000000000e+00   0.000000000000000e+00   0.120982000000000E-01   0.128987891459198E+01
  49   DIS_F2D   0.450000000000000E-01   0.816600000000000E+01   0.000000000000000e+00   0.921795000000000E+00   0.255528000000000E-01   0.000000000000000e+00   0.000000000000000e+00   0.111999000000000E-01   0.121500984492214E+01
  50   DIS_F2D   0.450000000000000E-01   0.987800000000000E+01   0.000000000000000e+00   0.910555000000000E+00   0.237124000000000E-01   0.000000000000000e+00   0.000000000000000e+00   0.112791000000000E-01   0.123870606388411E+01
  51   DIS_F2D   0.450000000000000E-01   0.121710000000000E+02   0.000000000000000e+00   0.934094000000000E+00   0.256828000000000E-01   0.000000000000000e+00   0.000000000000000e+00   0.125225000000000E-01   0.134060383644473E+01
  52   DIS_F2D   0.450000000000000E-01   0.145430000000000E+02   0.000000000000000e+00   0.935165000000000E+00   0.877910000000000E-01   0.000000000000000e+00   0.000000000000000e+00   0.118573000000000E-01   0.126793667427673E+01
  53   DIS_F2D   0.550000000000000E-01   0.170600000000000E+01   0.000000000000000e+00   0.959990000000000E+00   0.671061000000000E-01   0.000000000000000e+00   0.000000000000000e+00   0.194331000000000E-01   0.202430233648267E+01
  54   DIS_F2D   0.550000000000000E-01   0.197700000000000E+01   0.000000000000000e+00   0.971244000000000E+00   0.459372000000000E-01   0.000000000000000e+00   0.000000000000000e+00   0.185447000000000E-01   0.190937601673730E+01
  55   DIS_F2D   0.550000000000000E-01   0.230500000000000E+01   0.000000000000000e+00   0.946870000000000E+00   0.299405000000000E-01   0.000000000000000e+00   0.000000000000000e+00   0.174173000000000E-01   0.183946053840548E+01
  56   DIS_F2D   0.550000000000000E-01   0.272100000000000E+01   0.000000000000000e+00   0.890457000000000E+00   0.271824000000000E-01   0.000000000000000e+00   0.000000000000000e+00   0.147045000000000E-01   0.165134307439888E+01
  57   DIS_F2D   0.550000000000000E-01   0.323100000000000E+01   0.000000000000000e+00   0.919774000000000E+00   0.290949000000000E-01   0.000000000000000e+00   0.000000000000000e+00   0.151856000000000E-01   0.165101427089698E+01
  58   DIS_F2D   0.550000000000000E-01   0.383700000000000E+01   0.000000000000000e+00   0.964775000000000E+00   0.282098000000000E-01   0.000000000000000e+00   0.000000000000000e+00   0.148333000000000E-01   0.153748801534036E+01
  59   DIS_F2D   0.550000000000000E-01   0.458500000000000E+01   0.000000000000000e+00   0.975656000000000E+00   0.320196000000000E-01   0.000000000000000e+00   0.000000000000000e+00   0.134884000000000E-01   0.138249546971474E+01
  60   DIS_F2D   0.550000000000000E-01   0.547900000000000E+01   0.000000000000000e+00   0.936316000000000E+00   0.311476000000000E-01   0.000000000000000e+00   0.000000000000000e+00   0.130541000000000E-01   0.139419811260301E+01
  61   DIS_F2D   0.550000000000000E-01   0.675000000000000E+01   0.000000000000000e+00   0.971598000000000E+00   0.313113000000000E-01   0.000000000000000e+00   0.000000000000000e+00   0.126099000000000E-01   0.129785158059197E+01
  62   DIS_F2D   0.550000000000000E-01   0.821600000000000E+01   0.000000000000000e+00   0.988251000000000E+00   0.304077000000000E-01   0.000000000000000e+00   0.000000000000000e+00   0.126067000000000E-01   0.127565770234485E+01
  63   DIS_F2D   0.550000000000000E-01   0.100000000000000E+02   0.000000000000000e+00   0.957593000000000E+00   0.276046000000000E-01   0.000000000000000e+00   0.000000000000000e+00   0.117396000000000E-01   0.122594881123818E+01
  64   DIS_F2D   0.550000000000000E-01   0.123220000000000E+02   0.000000000000000e+00   0.963105000000000E+00   0.267000000000000E-01   0.000000000000000e+00   0.000000000000000e+00   0.126374000000000E-01   0.131215184221866E+01
  65   DIS_F2D   0.550000000000000E-01   0.153700000000000E+02   0.000000000000000e+00   0.977763000000000E+00   0.334850000000000E-01   0.000000000000000e+00   0.000000000000000e+00   0.120709000000000E-01   0.123454252206312E+01
  66   DIS_F2D   0.550000000000000E-01   0.184790000000000E+02   0.000000000000000e+00   0.107374000000000E+01   0.215322000000000E+00   0.000000000000000e+00   0.000000000000000e+00   0.137308000000000E-01   0.127878257306238E+01
  67   DIS_F2D   0.700000000000000E-01   0.170600000000000E+01   0.000000000000000e+00   0.102627000000000E+01   0.121060000000000E+00   0.000000000000000e+00   0.000000000000000e+00   0.197319000000000E-01   0.192268116577509E+01
  68   DIS_F2D   0.700000000000000E-01   0.197700000000000E+01   0.000000000000000e+00   0.105882000000000E+01   0.600615000000000E-01   0.000000000000000e+00   0.000000000000000e+00   0.189338000000000E-01   0.178819818288283E+01
  69   DIS_F2D   0.700000000000000E-01   0.233300000000000E+01   0.000000000000000e+00   0.881184000000000E+00   0.315080000000000E-01   0.000000000000000e+00   0.000000000000000e+00   0.141048000000000E-01   0.160066456040963E+01
  70   DIS_F2D   0.700000000000000E-01   0.277100000000000E+01   0.000000000000000e+00   0.997349000000000E+00   0.248271000000000E-01   0.000000000000000e+00   0.000000000000000e+00   0.157322000000000E-01   0.157740169188519E+01
  71   DIS_F2D   0.700000000000000E-01   0.323100000000000E+01   0.000000000000000e+00   0.985800000000000E+00   0.267201000000000E-01   0.000000000000000e+00   0.000000000000000e+00   0.150743000000000E-01   0.152914384256441E+01
  72   DIS_F2D   0.700000000000000E-01   0.381400000000000E+01   0.000000000000000e+00   0.966353000000000E+00   0.239192000000000E-01   0.000000000000000e+00   0.000000000000000e+00   0.144270000000000E-01   0.149293270678520E+01
  73   DIS_F2D   0.700000000000000E-01   0.458500000000000E+01   0.000000000000000e+00   0.917285000000000E+00   0.248891000000000E-01   0.000000000000000e+00   0.000000000000000e+00   0.126530000000000E-01   0.137939680688118E+01
  74   DIS_F2D   0.700000000000000E-01   0.547900000000000E+01   0.000000000000000e+00   0.939144000000000E+00   0.258602000000000E-01   0.000000000000000e+00   0.000000000000000e+00   0.127748000000000E-01   0.136025998142990E+01
  75   DIS_F2D   0.700000000000000E-01   0.675000000000000E+01   0.000000000000000e+00   0.958915000000000E+00   0.249242000000000E-01   0.000000000000000e+00   0.000000000000000e+00   0.127240000000000E-01   0.132691635859278E+01
  76   DIS_F2D   0.700000000000000E-01   0.826700000000000E+01   0.000000000000000e+00   0.995421000000000E+00   0.258255000000000E-01   0.000000000000000e+00   0.000000000000000e+00   0.139012000000000E-01   0.139651464053903E+01
  77   DIS_F2D   0.700000000000000E-01   0.100000000000000E+02   0.000000000000000e+00   0.965787000000000E+00   0.230017000000000E-01   0.000000000000000e+00   0.000000000000000e+00   0.111777000000000E-01   0.115736699707078E+01
  78   DIS_F2D   0.700000000000000E-01   0.123220000000000E+02   0.000000000000000e+00   0.944965000000000E+00   0.211070000000000E-01   0.000000000000000e+00   0.000000000000000e+00   0.113882000000000E-01   0.120514516410661E+01
  79   DIS_F2D   0.700000000000000E-01   0.156550000000000E+02   0.000000000000000e+00   0.998968000000000E+00   0.240118000000000E-01   0.000000000000000e+00   0.000000000000000e+00   0.112975000000000E-01   0.113091710645386E+01
  80   DIS_F2D   0.700000000000000E-01   0.196490000000000E+02   0.000000000000000e+00   0.101541000000000E+01   0.355764000000000E-01   0.000000000000000e+00   0.000000000000000e+00   0.118434000000000E-01   0.116636629538807E+01
  81   DIS_F2D   0.700000000000000E-01   0.237680000000000E+02   0.000000000000000e+00   0.109668000000000E+01   0.158959000000000E+00   0.000000000000000e+00   0.000000000000000e+00   0.138645000000000E-01   0.126422475106686E+01
  82   DIS_F2D   0.900000000000000E-01   0.172200000000000E+01   0.000000000000000e+00   0.109845000000000E+01   0.191931000000000E+00   0.000000000000000e+00   0.000000000000000e+00   0.210530000000000E-01   0.191660976830989E+01
  83   DIS_F2D   0.900000000000000E-01   0.193500000000000E+01   0.000000000000000e+00   0.105268000000000E+01   0.128907000000000E+00   0.000000000000000e+00   0.000000000000000e+00   0.176635000000000E-01   0.167795531405555E+01
  84   DIS_F2D   0.900000000000000E-01   0.235000000000000E+01   0.000000000000000e+00   0.102160000000000E+01   0.863457000000000E-01   0.000000000000000e+00   0.000000000000000e+00   0.147692000000000E-01   0.144569303054033E+01
  85   DIS_F2D   0.900000000000000E-01   0.276000000000000E+01   0.000000000000000e+00   0.927787000000000E+00   0.406949000000000E-01   0.000000000000000e+00   0.000000000000000e+00   0.133996000000000E-01   0.144425390741625E+01
  86   DIS_F2D   0.900000000000000E-01   0.324200000000000E+01   0.000000000000000e+00   0.959569000000000E+00   0.358744000000000E-01   0.000000000000000e+00   0.000000000000000e+00   0.138466000000000E-01   0.144300201444607E+01
  87   DIS_F2D   0.900000000000000E-01   0.385100000000000E+01   0.000000000000000e+00   0.992780000000000E+00   0.283732000000000E-01   0.000000000000000e+00   0.000000000000000e+00   0.135239000000000E-01   0.136222526642358E+01
  88   DIS_F2D   0.900000000000000E-01   0.457300000000000E+01   0.000000000000000e+00   0.945547000000000E+00   0.312040000000000E-01   0.000000000000000e+00   0.000000000000000e+00   0.126994000000000E-01   0.134307443204833E+01
  89   DIS_F2D   0.900000000000000E-01   0.549200000000000E+01   0.000000000000000e+00   0.997584000000000E+00   0.302298000000000E-01   0.000000000000000e+00   0.000000000000000e+00   0.126829000000000E-01   0.127136160964891E+01
  90   DIS_F2D   0.900000000000000E-01   0.667000000000000E+01   0.000000000000000e+00   0.978000000000000E+00   0.283274000000000E-01   0.000000000000000e+00   0.000000000000000e+00   0.122087000000000E-01   0.124833333333333E+01
  91   DIS_F2D   0.900000000000000E-01   0.828100000000000E+01   0.000000000000000e+00   0.954741000000000E+00   0.310737000000000E-01   0.000000000000000e+00   0.000000000000000e+00   0.119155000000000E-01   0.124803480734566E+01
  92   DIS_F2D   0.900000000000000E-01   0.994500000000000E+01   0.000000000000000e+00   0.947320000000000E+00   0.254434000000000E-01   0.000000000000000e+00   0.000000000000000e+00   0.105389000000000E-01   0.111249630536672E+01
  93   DIS_F2D   0.900000000000000E-01   0.124150000000000E+02   0.000000000000000e+00   0.958620000000000E+00   0.245030000000000E-01   0.000000000000000e+00   0.000000000000000e+00   0.112384000000000E-01   0.117235192255534E+01
  94   DIS_F2D   0.900000000000000E-01   0.157610000000000E+02   0.000000000000000e+00   0.970154000000000E+00   0.245098000000000E-01   0.000000000000000e+00   0.000000000000000e+00   0.997216000000000E-02   0.102789454045440E+01
  95   DIS_F2D   0.900000000000000E-01   0.201190000000000E+02   0.000000000000000e+00   0.938599000000000E+00   0.291613000000000E-01   0.000000000000000e+00   0.000000000000000e+00   0.102135000000000E-01   0.108816438116810E+01
  96   DIS_F2D   0.900000000000000E-01   0.253990000000000E+02   0.000000000000000e+00   0.101743000000000E+01   0.461190000000000E-01   0.000000000000000e+00   0.000000000000000e+00   0.117913000000000E-01   0.115892985266800E+01
  97   DIS_F2D   0.125000000000000E+00   0.229200000000000E+01   0.000000000000000e+00   0.832795000000000E+00   0.925944000000000E-01   0.000000000000000e+00   0.000000000000000e+00   0.119462000000000E-01   0.143447066805156E+01
  98   DIS_F2D   0.125000000000000E+00   0.276500000000000E+01   0.000000000000000e+00   0.916411000000000E+00   0.850335000000000E-01   0.000000000000000e+00   0.000000000000000e+00   0.128915000000000E-01   0.140673780650822E+01
  99   DIS_F2D   0.125000000000000E+00   0.326400000000000E+01   0.000000000000000e+00   0.937464000000000E+00   0.313376000000000E-01   0.000000000000000e+00   0.000000000000000e+00   0.124172000000000E-01   0.132455219613766E+01
 100   DIS_F2D   0.125000000000000E+00   0.385400000000000E+01   0.000000000000000e+00   0.914135000000000E+00   0.312313000000000E-01   0.000000000000000e+00   0.000000000000000e+00   0.122567000000000E-01   0.134079758460184E+01
 101   DIS_F2D   0.125000000000000E+00   0.455000000000000E+01   0.000000000000000e+00   0.938412000000000E+00   0.266054000000000E-01   0.000000000000000e+00   0.000000000000000e+00   0.138858000000000E-01   0.147971253564532E+01
 102   DIS_F2D   0.125000000000000E+00   0.543400000000000E+01   0.000000000000000e+00   0.890295000000000E+00   0.220674000000000E-01   0.000000000000000e+00   0.000000000000000e+00   0.136514000000000E-01   0.153335692102056E+01
 103   DIS_F2D   0.125000000000000E+00   0.662700000000000E+01   0.000000000000000e+00   0.991026000000000E+00   0.247985000000000E-01   0.000000000000000e+00   0.000000000000000e+00   0.141771000000000E-01   0.143054773537728E+01
 104   DIS_F2D   0.125000000000000E+00   0.818000000000000E+01   0.000000000000000e+00   0.950887000000000E+00   0.248018000000000E-01   0.000000000000000e+00   0.000000000000000e+00   0.122880000000000E-01   0.129226711480965E+01
 105   DIS_F2D   0.125000000000000E+00   0.992800000000000E+01   0.000000000000000e+00   0.961337000000000E+00   0.229543000000000E-01   0.000000000000000e+00   0.000000000000000e+00   0.111538000000000E-01   0.116023829312718E+01
 106   DIS_F2D   0.125000000000000E+00   0.122540000000000E+02   0.000000000000000e+00   0.939995000000000E+00   0.164383000000000E-01   0.000000000000000e+00   0.000000000000000e+00   0.109004000000000E-01   0.115962318948505E+01
 107   DIS_F2D   0.125000000000000E+00   0.157200000000000E+02   0.000000000000000e+00   0.938628000000000E+00   0.183258000000000E-01   0.000000000000000e+00   0.000000000000000e+00   0.921457000000000E-02   0.981706277673370E+00
 108   DIS_F2D   0.125000000000000E+00   0.200560000000000E+02   0.000000000000000e+00   0.924648000000000E+00   0.218535000000000E-01   0.000000000000000e+00   0.000000000000000e+00   0.103603000000000E-01   0.112045881243457E+01
 109   DIS_F2D   0.125000000000000E+00   0.261540000000000E+02   0.000000000000000e+00   0.952015000000000E+00   0.254777000000000E-01   0.000000000000000e+00   0.000000000000000e+00   0.107876000000000E-01   0.113313340651145E+01
 110   DIS_F2D   0.125000000000000E+00   0.342970000000000E+02   0.000000000000000e+00   0.977846000000000E+00   0.391719000000000E-01   0.000000000000000e+00   0.000000000000000e+00   0.972527000000000E-02   0.994560493165590E+00
 111   DIS_F2D   0.125000000000000E+00   0.420860000000000E+02   0.000000000000000e+00   0.992555000000000E+00   0.198203000000000E+00   0.000000000000000e+00   0.000000000000000e+00   0.112516000000000E-01   0.113359964938971E+01
 112   DIS_F2D   0.175000000000000E+00   0.326000000000000E+01   0.000000000000000e+00   0.741080000000000E+00   0.864593000000000E-01   0.000000000000000e+00   0.000000000000000e+00   0.132303000000000E-01   0.178527284503697E+01
 113   DIS_F2D   0.175000000000000E+00   0.380800000000000E+01   0.000000000000000e+00   0.908981000000000E+00   0.163828000000000E+00   0.000000000000000e+00   0.000000000000000e+00   0.126931000000000E-01   0.139640982594796E+01
 114   DIS_F2D   0.175000000000000E+00   0.470200000000000E+01   0.000000000000000e+00   0.807372000000000E+00   0.589258000000000E-01   0.000000000000000e+00   0.000000000000000e+00   0.126882000000000E-01   0.157154322914344E+01
 115   DIS_F2D   0.175000000000000E+00   0.552300000000000E+01   0.000000000000000e+00   0.940212000000000E+00   0.421777000000000E-01   0.000000000000000e+00   0.000000000000000e+00   0.133877000000000E-01   0.142390226885000E+01
 116   DIS_F2D   0.175000000000000E+00   0.674400000000000E+01   0.000000000000000e+00   0.867510000000000E+00   0.280975000000000E-01   0.000000000000000e+00   0.000000000000000e+00   0.102442000000000E-01   0.118087399568881E+01
 117   DIS_F2D   0.175000000000000E+00   0.823500000000000E+01   0.000000000000000e+00   0.873878000000000E+00   0.297714000000000E-01   0.000000000000000e+00   0.000000000000000e+00   0.135374000000000E-01   0.154911784024772E+01
 118   DIS_F2D   0.175000000000000E+00   0.100550000000000E+02   0.000000000000000e+00   0.895027000000000E+00   0.261704000000000E-01   0.000000000000000e+00   0.000000000000000e+00   0.142836000000000E-01   0.159588481688262E+01
 119   DIS_F2D   0.175000000000000E+00   0.123470000000000E+02   0.000000000000000e+00   0.912678000000000E+00   0.218553000000000E-01   0.000000000000000e+00   0.000000000000000e+00   0.141640000000000E-01   0.155191644807917E+01
 120   DIS_F2D   0.175000000000000E+00   0.159370000000000E+02   0.000000000000000e+00   0.881331000000000E+00   0.208599000000000E-01   0.000000000000000e+00   0.000000000000000e+00   0.114188000000000E-01   0.129563126679987E+01
 121   DIS_F2D   0.175000000000000E+00   0.202310000000000E+02   0.000000000000000e+00   0.865804000000000E+00   0.235178000000000E-01   0.000000000000000e+00   0.000000000000000e+00   0.990418000000000E-02   0.114392864897829E+01
 122   DIS_F2D   0.175000000000000E+00   0.262580000000000E+02   0.000000000000000e+00   0.856797000000000E+00   0.260689000000000E-01   0.000000000000000e+00   0.000000000000000e+00   0.105662000000000E-01   0.123322093798181E+01
 123   DIS_F2D   0.175000000000000E+00   0.352360000000000E+02   0.000000000000000e+00   0.854331000000000E+00   0.338607000000000E-01   0.000000000000000e+00   0.000000000000000e+00   0.112775000000000E-01   0.132003872035546E+01
 124   DIS_F2D   0.175000000000000E+00   0.452290000000000E+02   0.000000000000000e+00   0.898958000000000E+00   0.493648000000000E-01   0.000000000000000e+00   0.000000000000000e+00   0.118025000000000E-01   0.131290894569045E+01
 125   DIS_F2D   0.250000000000000E+00   0.587800000000000E+01   0.000000000000000e+00   0.942988000000000E+00   0.229049000000000E+00   0.000000000000000e+00   0.000000000000000e+00   0.140922000000000E-01   0.149441986536414E+01
 126   DIS_F2D   0.250000000000000E+00   0.682500000000000E+01   0.000000000000000e+00   0.845463000000000E+00   0.478194000000000E-01   0.000000000000000e+00   0.000000000000000e+00   0.123576000000000E-01   0.146163699653326E+01
 127   DIS_F2D   0.250000000000000E+00   0.819300000000000E+01   0.000000000000000e+00   0.852020000000000E+00   0.467294000000000E-01   0.000000000000000e+00   0.000000000000000e+00   0.123873000000000E-01   0.145387432219901E+01
 128   DIS_F2D   0.250000000000000E+00   0.100550000000000E+02   0.000000000000000e+00   0.844617000000000E+00   0.262218000000000E-01   0.000000000000000e+00   0.000000000000000e+00   0.126878000000000E-01   0.150219566975327E+01
 129   DIS_F2D   0.250000000000000E+00   0.124090000000000E+02   0.000000000000000e+00   0.780611000000000E+00   0.187943000000000E-01   0.000000000000000e+00   0.000000000000000e+00   0.133419000000000E-01   0.170916115709361E+01
 130   DIS_F2D   0.250000000000000E+00   0.158310000000000E+02   0.000000000000000e+00   0.838525000000000E+00   0.181047000000000E-01   0.000000000000000e+00   0.000000000000000e+00   0.120811000000000E-01   0.144075608956203E+01
 131   DIS_F2D   0.250000000000000E+00   0.201970000000000E+02   0.000000000000000e+00   0.815118000000000E+00   0.213135000000000E-01   0.000000000000000e+00   0.000000000000000e+00   0.105944000000000E-01   0.129973819741436E+01
 132   DIS_F2D   0.250000000000000E+00   0.261980000000000E+02   0.000000000000000e+00   0.827282000000000E+00   0.212041000000000E-01   0.000000000000000e+00   0.000000000000000e+00   0.931602000000000E-02   0.112609968547605E+01
 133   DIS_F2D   0.250000000000000E+00   0.349350000000000E+02   0.000000000000000e+00   0.843729000000000E+00   0.285175000000000E-01   0.000000000000000e+00   0.000000000000000e+00   0.111649000000000E-01   0.132328034238482E+01
 134   DIS_F2D   0.250000000000000E+00   0.471060000000000E+02   0.000000000000000e+00   0.813673000000000E+00   0.341548000000000E-01   0.000000000000000e+00   0.000000000000000e+00   0.126647000000000E-01   0.155648522195034E+01
 135   DIS_F2D   0.250000000000000E+00   0.600960000000000E+02   0.000000000000000e+00   0.753617000000000E+00   0.510274000000000E-01   0.000000000000000e+00   0.000000000000000e+00   0.127799000000000E-01   0.169580834827240E+01
 136   DIS_F2D   0.350000000000000E+00   0.130030000000000E+02   0.000000000000000e+00   0.728676000000000E+00   0.368515000000000E-01   0.000000000000000e+00   0.000000000000000e+00   0.115656000000000E-01   0.158720748316124E+01
 137   DIS_F2D   0.350000000000000E+00   0.158740000000000E+02   0.000000000000000e+00   0.736416000000000E+00   0.233062000000000E-01   0.000000000000000e+00   0.000000000000000e+00   0.117065000000000E-01   0.158965856255160E+01
 138   DIS_F2D   0.350000000000000E+00   0.201440000000000E+02   0.000000000000000e+00   0.749678000000000E+00   0.262172000000000E-01   0.000000000000000e+00   0.000000000000000e+00   0.121795000000000E-01   0.162463084150795E+01
 139   DIS_F2D   0.350000000000000E+00   0.264350000000000E+02   0.000000000000000e+00   0.692441000000000E+00   0.254100000000000E-01   0.000000000000000e+00   0.000000000000000e+00   0.114683000000000E-01   0.165621330914836E+01
 140   DIS_F2D   0.350000000000000E+00   0.350710000000000E+02   0.000000000000000e+00   0.677852000000000E+00   0.313526000000000E-01   0.000000000000000e+00   0.000000000000000e+00   0.109010000000000E-01   0.160816815470044E+01
 141   DIS_F2D   0.350000000000000E+00   0.473060000000000E+02   0.000000000000000e+00   0.675738000000000E+00   0.379587000000000E-01   0.000000000000000e+00   0.000000000000000e+00   0.113257000000000E-01   0.167604900124013E+01
 142   DIS_F2D   0.350000000000000E+00   0.630930000000000E+02   0.000000000000000e+00   0.719273000000000E+00   0.490062000000000E-01   0.000000000000000e+00   0.000000000000000e+00   0.122759000000000E-01   0.170670941353283E+01
 143   DIS_F2D   0.350000000000000E+00   0.804810000000000E+02   0.000000000000000e+00   0.812755000000000E+00   0.111975000000000E+00   0.000000000000000e+00   0.000000000000000e+00   0.142098000000000E-01   0.174834974869426E+01
 144   DIS_F2D   0.450000000000000E+00   0.169400000000000E+02   0.000000000000000e+00   0.639850000000000E+00   0.479545000000000E-01   0.000000000000000e+00   0.000000000000000e+00   0.155827000000000E-01   0.243536766429632E+01
 145   DIS_F2D   0.450000000000000E+00   0.203430000000000E+02   0.000000000000000e+00   0.694977000000000E+00   0.328335000000000E-01   0.000000000000000e+00   0.000000000000000e+00   0.172478000000000E-01   0.248177997257463E+01
 146   DIS_F2D   0.450000000000000E+00   0.265510000000000E+02   0.000000000000000e+00   0.681255000000000E+00   0.334484000000000E-01   0.000000000000000e+00   0.000000000000000e+00   0.168777000000000E-01   0.247744236739547E+01
 147   DIS_F2D   0.450000000000000E+00   0.352360000000000E+02   0.000000000000000e+00   0.642087000000000E+00   0.394503000000000E-01   0.000000000000000e+00   0.000000000000000e+00   0.159908000000000E-01   0.249044132648691E+01
 148   DIS_F2D   0.450000000000000E+00   0.470200000000000E+02   0.000000000000000e+00   0.649042000000000E+00   0.515975000000000E-01   0.000000000000000e+00   0.000000000000000e+00   0.166034000000000E-01   0.255813953488372E+01
 149   DIS_F2D   0.450000000000000E+00   0.641540000000000E+02   0.000000000000000e+00   0.634011000000000E+00   0.596079000000000E-01   0.000000000000000e+00   0.000000000000000e+00   0.163749000000000E-01   0.258274698703966E+01
 150   DIS_F2D   0.450000000000000E+00   0.846660000000000E+02   0.000000000000000e+00   0.553051000000000E+00   0.642296000000000E-01   0.000000000000000e+00   0.000000000000000e+00   0.144666000000000E-01   0.261578046147643E+01
 151   DIS_F2D   0.550000000000000E+00   0.214180000000000E+02   0.000000000000000e+00   0.559666000000000E+00   0.115279000000000E+00   0.000000000000000e+00   0.000000000000000e+00   0.196762000000000E-01   0.351570400917690E+01
 152   DIS_F2D   0.550000000000000E+00   0.265940000000000E+02   0.000000000000000e+00   0.503004000000000E+00   0.312619000000000E-01   0.000000000000000e+00   0.000000000000000e+00   0.176017000000000E-01   0.349931610881822E+01
 153   DIS_F2D   0.550000000000000E+00   0.352680000000000E+02   0.000000000000000e+00   0.564949000000000E+00   0.492887000000000E-01   0.000000000000000e+00   0.000000000000000e+00   0.198543000000000E-01   0.351435262298013E+01
 154   DIS_F2D   0.550000000000000E+00   0.465120000000000E+02   0.000000000000000e+00   0.628864000000000E+00   0.685172000000000E-01   0.000000000000000e+00   0.000000000000000e+00   0.221953000000000E-01   0.352942766639528E+01
 155   DIS_F2D   0.550000000000000E+00   0.637860000000000E+02   0.000000000000000e+00   0.636201000000000E+00   0.100047000000000E+00   0.000000000000000e+00   0.000000000000000e+00   0.225156000000000E-01   0.353907019951242E+01
 156   DIS_F2D   0.550000000000000E+00   0.864390000000000E+02   0.000000000000000e+00   0.802550000000000E+00   0.156305000000000E+00   0.000000000000000e+00   0.000000000000000e+00   0.284534000000000E-01   0.354537411999252E+01
 157   DIS_F2D   0.650000000000000E+00   0.272990000000000E+02   0.000000000000000e+00   0.461642000000000E+00   0.502197000000000E-01   0.000000000000000e+00   0.000000000000000e+00   0.191343000000000E-01   0.414483517530901E+01
 158   DIS_F2D   0.650000000000000E+00   0.350270000000000E+02   0.000000000000000e+00   0.527704000000000E+00   0.562341000000000E-01   0.000000000000000e+00   0.000000000000000e+00   0.216904000000000E-01   0.411033458150782E+01
 159   DIS_F2D   0.650000000000000E+00   0.470080000000000E+02   0.000000000000000e+00   0.504917000000000E+00   0.461101000000000E-01   0.000000000000000e+00   0.000000000000000e+00   0.210270000000000E-01   0.416444682987501E+01
