   X     Q^2  F2pbeps09S(F2pbeps09) F2Aeps09 S(F2Apbeps09) factoreps09 erfactoreps09 F2pbdssz S(F2pbdssz) F2Adssz S(F2Adssz) factordssz erfactordssz
0.0055 1.904 0.269611E+00 0.230456E-01 0.332694E+00 0.191814E-01 0.799285E+00 0.471276E-01 0.274143E+00 0.275634E-01 0.356876E+00 0.597943E-02 0.757651E+00 0.751786E-01
0.0085 1.698 0.258723E+00 0.166088E-01 0.312119E+00 0.121806E-01 0.816295E+00 0.366930E-01 0.261512E+00 0.223068E-01 0.330217E+00 0.471709E-02 0.779874E+00 0.655119E-01
0.0085 1.932 0.271621E+00 0.166245E-01 0.324344E+00 0.126971E-01 0.825070E+00 0.358327E-01 0.274252E+00 0.222242E-01 0.342214E+00 0.470258E-02 0.789560E+00 0.629215E-01
0.0085 2.296 0.290291E+00 0.167997E-01 0.342495E+00 0.136092E-01 0.835557E+00 0.341282E-01 0.292478E+00 0.222628E-01 0.359900E+00 0.472979E-02 0.801137E+00 0.598645E-01
0.0085 2.711 0.309094E+00 0.169927E-01 0.360404E+00 0.144724E-01 0.845925E+00 0.324830E-01 0.310989E+00 0.222669E-01 0.377665E+00 0.476667E-02 0.812212E+00 0.569727E-01
0.0125 1.706 0.262962E+00 0.119461E-01 0.307299E+00 0.772637E-02 0.841556E+00 0.275316E-01 0.264374E+00 0.182814E-01 0.320620E+00 0.377055E-02 0.810922E+00 0.552050E-01
0.0125 1.929 0.273741E+00 0.117811E-01 0.317589E+00 0.791185E-02 0.847984E+00 0.268258E-01 0.274991E+00 0.182138E-01 0.330645E+00 0.375847E-02 0.818216E+00 0.532630E-01
0.0125 2.305 0.290386E+00 0.117295E-01 0.333754E+00 0.842056E-02 0.856423E+00 0.252396E-01 0.291088E+00 0.182138E-01 0.346208E+00 0.377596E-02 0.827610E+00 0.507890E-01
0.0125 2.721 0.306429E+00 0.116196E-01 0.348964E+00 0.883263E-02 0.864733E+00 0.240151E-01 0.306811E+00 0.181788E-01 0.361236E+00 0.380269E-02 0.836397E+00 0.484910E-01
0.0125 3.231 0.323397E+00 0.116489E-01 0.365133E+00 0.945415E-02 0.872572E+00 0.230603E-01 0.323416E+00 0.181617E-01 0.377131E+00 0.385193E-02 0.844861E+00 0.463039E-01
0.0125 3.814 0.339972E+00 0.117878E-01 0.381228E+00 0.997230E-02 0.878906E+00 0.221883E-01 0.339591E+00 0.182050E-01 0.392798E+00 0.392294E-02 0.852062E+00 0.444772E-01
0.0125 4.312 0.352449E+00 0.120069E-01 0.393381E+00 0.105106E-01 0.883257E+00 0.221253E-01 0.352055E+00 0.182042E-01 0.404708E+00 0.398426E-02 0.857576E+00 0.430920E-01
0.0175 1.706 0.267860E+00 0.873871E-02 0.304805E+00 0.547511E-02 0.862544E+00 0.208928E-01 0.268574E+00 0.153545E-01 0.314683E+00 0.311379E-02 0.837695E+00 0.473317E-01
0.0175 1.941 0.278056E+00 0.849877E-02 0.314547E+00 0.543137E-02 0.867906E+00 0.203659E-01 0.278598E+00 0.152504E-01 0.324124E+00 0.308577E-02 0.843903E+00 0.455707E-01
0.0175 2.291 0.291658E+00 0.834130E-02 0.327504E+00 0.549201E-02 0.874651E+00 0.190130E-01 0.291689E+00 0.151939E-01 0.336715E+00 0.307924E-02 0.850818E+00 0.436368E-01
0.0175 2.704 0.305579E+00 0.813656E-02 0.340695E+00 0.570270E-02 0.881210E+00 0.179132E-01 0.305283E+00 0.150962E-01 0.349635E+00 0.307861E-02 0.857847E+00 0.416737E-01
0.0175 3.231 0.320959E+00 0.804026E-02 0.355224E+00 0.588661E-02 0.887997E+00 0.166171E-01 0.320115E+00 0.149902E-01 0.363703E+00 0.309444E-02 0.865015E+00 0.396915E-01
0.0175 3.884 0.337052E+00 0.801960E-02 0.370772E+00 0.613438E-02 0.893708E+00 0.164348E-01 0.335576E+00 0.149324E-01 0.378523E+00 0.313433E-02 0.871570E+00 0.379082E-01
0.0175 4.585 0.351912E+00 0.803306E-02 0.384987E+00 0.644839E-02 0.898902E+00 0.159741E-01 0.350000E+00 0.148394E-01 0.392181E+00 0.318169E-02 0.877621E+00 0.362756E-01
0.0175 5.379 0.366436E+00 0.799400E-02 0.398811E+00 0.678023E-02 0.903786E+00 0.155159E-01 0.363766E+00 0.148126E-01 0.405419E+00 0.324376E-02 0.882578E+00 0.349598E-01
0.0175 6.194 0.379354E+00 0.804708E-02 0.411061E+00 0.703507E-02 0.907958E+00 0.150145E-01 0.376128E+00 0.147772E-01 0.417246E+00 0.330750E-02 0.886893E+00 0.338241E-01
0.0250 1.706 0.275817E+00 0.735937E-02 0.304930E+00 0.465740E-02 0.884645E+00 0.171985E-01 0.276175E+00 0.128921E-01 0.312030E+00 0.263633E-02 0.865639E+00 0.403352E-01
0.0250 1.941 0.284606E+00 0.721825E-02 0.313432E+00 0.443827E-02 0.888230E+00 0.165559E-01 0.285183E+00 0.127200E-01 0.320440E+00 0.257674E-02 0.870566E+00 0.387056E-01
0.0250 2.305 0.296983E+00 0.698958E-02 0.325061E+00 0.440346E-02 0.893869E+00 0.155584E-01 0.296994E+00 0.125712E-01 0.331656E+00 0.253079E-02 0.876123E+00 0.369157E-01
0.0250 2.721 0.309032E+00 0.688351E-02 0.336395E+00 0.441903E-02 0.898948E+00 0.146954E-01 0.308634E+00 0.123822E-01 0.342581E+00 0.248691E-02 0.881576E+00 0.351533E-01
0.0250 3.231 0.321698E+00 0.685601E-02 0.348218E+00 0.425709E-02 0.904165E+00 0.140614E-01 0.320738E+00 0.121863E-01 0.353928E+00 0.245394E-02 0.886924E+00 0.334389E-01
0.0250 3.814 0.334276E+00 0.666845E-02 0.360021E+00 0.462941E-02 0.908858E+00 0.132958E-01 0.332375E+00 0.120351E-01 0.364930E+00 0.243975E-02 0.891532E+00 0.319893E-01
0.0250 4.585 0.348255E+00 0.667813E-02 0.372957E+00 0.441283E-02 0.914184E+00 0.128206E-01 0.345629E+00 0.118214E-01 0.377326E+00 0.243010E-02 0.896786E+00 0.303396E-01
0.0250 5.512 0.362544E+00 0.638816E-02 0.386197E+00 0.462253E-02 0.919227E+00 0.116913E-01 0.358769E+00 0.116586E-01 0.389745E+00 0.243922E-02 0.901375E+00 0.289300E-01
0.0250 6.627 0.376491E+00 0.674939E-02 0.399616E+00 0.485113E-02 0.922690E+00 0.123246E-01 0.371959E+00 0.115011E-01 0.402227E+00 0.246164E-02 0.905667E+00 0.276135E-01
0.0250 8.066 0.391927E+00 0.699614E-02 0.414430E+00 0.509153E-02 0.926343E+00 0.112499E-01 0.386137E+00 0.113293E-01 0.415618E+00 0.249683E-02 0.910049E+00 0.262848E-01
0.0250 9.233 0.402440E+00 0.679248E-02 0.424671E+00 0.521486E-02 0.928371E+00 0.116116E-01 0.395821E+00 0.112281E-01 0.424805E+00 0.252806E-02 0.912814E+00 0.254633E-01
0.0350 1.706 0.286629E+00 0.857493E-02 0.308054E+00 0.538761E-02 0.905193E+00 0.167720E-01 0.287671E+00 0.113776E-01 0.313710E+00 0.248317E-02 0.892102E+00 0.356548E-01
0.0350 1.941 0.295239E+00 0.833976E-02 0.315583E+00 0.515686E-02 0.910154E+00 0.159390E-01 0.295764E+00 0.111469E-01 0.321173E+00 0.239607E-02 0.895904E+00 0.341130E-01
0.0350 2.305 0.306038E+00 0.829604E-02 0.326190E+00 0.493486E-02 0.912756E+00 0.163307E-01 0.306010E+00 0.109301E-01 0.330752E+00 0.231750E-02 0.900082E+00 0.324784E-01
0.0350 2.737 0.316548E+00 0.841593E-02 0.336538E+00 0.482680E-02 0.915056E+00 0.159512E-01 0.316250E+00 0.106738E-01 0.340227E+00 0.223600E-02 0.904281E+00 0.308335E-01
0.0350 3.231 0.326867E+00 0.826676E-02 0.345942E+00 0.457297E-02 0.919185E+00 0.150748E-01 0.325975E+00 0.104335E-01 0.349221E+00 0.216747E-02 0.908070E+00 0.293668E-01
0.0350 3.837 0.337717E+00 0.787127E-02 0.356084E+00 0.467612E-02 0.922641E+00 0.141204E-01 0.335900E+00 0.102221E-01 0.358460E+00 0.211381E-02 0.911593E+00 0.280388E-01
0.0350 4.613 0.349307E+00 0.738084E-02 0.366511E+00 0.416580E-02 0.927166E+00 0.127277E-01 0.346625E+00 0.995727E-02 0.368361E+00 0.205582E-02 0.915427E+00 0.265909E-01
0.0350 5.479 0.360167E+00 0.718339E-02 0.376696E+00 0.394353E-02 0.930166E+00 0.122064E-01 0.356465E+00 0.975477E-02 0.377533E+00 0.201924E-02 0.918564E+00 0.254332E-01
0.0350 6.709 0.373406E+00 0.714060E-02 0.388398E+00 0.408950E-02 0.935335E+00 0.119863E-01 0.368017E+00 0.951379E-02 0.388301E+00 0.198450E-02 0.922067E+00 0.241387E-01
0.0350 8.216 0.386266E+00 0.726716E-02 0.400616E+00 0.446546E-02 0.938083E+00 0.112537E-01 0.379533E+00 0.927387E-02 0.399038E+00 0.195968E-02 0.925377E+00 0.229223E-01
0.0350 9.817 0.397900E+00 0.734079E-02 0.411266E+00 0.450920E-02 0.941364E+00 0.114456E-01 0.389533E+00 0.907590E-02 0.408381E+00 0.194737E-02 0.928078E+00 0.219455E-01
0.035011.588 0.408143E+00 0.753929E-02 0.420592E+00 0.486386E-02 0.944237E+00 0.112926E-01 0.398669E+00 0.891217E-02 0.416974E+00 0.194419E-02 0.930321E+00 0.211305E-01
0.0450 1.717 0.297543E+00 0.966808E-02 0.312824E+00 0.666010E-02 0.920215E+00 0.178350E-01 0.300532E+00 0.111478E-01 0.318184E+00 0.264581E-02 0.913803E+00 0.343432E-01
0.0450 1.989 0.307466E+00 0.885802E-02 0.320777E+00 0.687157E-02 0.927204E+00 0.166089E-01 0.308788E+00 0.108844E-01 0.325747E+00 0.254607E-02 0.916986E+00 0.327638E-01
0.0450 2.305 0.315632E+00 0.929487E-02 0.329789E+00 0.634112E-02 0.925676E+00 0.176622E-01 0.316394E+00 0.107221E-01 0.332829E+00 0.248565E-02 0.919433E+00 0.315991E-01
0.0450 2.721 0.324385E+00 0.892696E-02 0.338405E+00 0.593134E-02 0.926962E+00 0.164552E-01 0.324848E+00 0.104922E-01 0.340608E+00 0.240853E-02 0.922280E+00 0.302324E-01
0.0450 3.231 0.333526E+00 0.889798E-02 0.346912E+00 0.532094E-02 0.929552E+00 0.160618E-01 0.333348E+00 0.102623E-01 0.348421E+00 0.233752E-02 0.925030E+00 0.289281E-01
0.0450 3.837 0.342482E+00 0.797729E-02 0.355341E+00 0.465098E-02 0.931723E+00 0.143498E-01 0.341590E+00 0.100699E-01 0.356042E+00 0.228338E-02 0.927468E+00 0.278025E-01
0.0450 4.585 0.351598E+00 0.731077E-02 0.363817E+00 0.399913E-02 0.934107E+00 0.127436E-01 0.350084E+00 0.983942E-02 0.363835E+00 0.222418E-02 0.930038E+00 0.266148E-01
0.0450 5.479 0.360829E+00 0.705392E-02 0.372402E+00 0.323330E-02 0.936418E+00 0.130163E-01 0.358351E+00 0.965300E-02 0.371492E+00 0.218189E-02 0.932265E+00 0.256042E-01
0.0450 6.750 0.373276E+00 0.668187E-02 0.382278E+00 0.337889E-02 0.943594E+00 0.121712E-01 0.367932E+00 0.943273E-02 0.380365E+00 0.213777E-02 0.934765E+00 0.244786E-01
0.0450 8.166 0.382897E+00 0.664672E-02 0.390940E+00 0.359218E-02 0.946402E+00 0.114988E-01 0.376563E+00 0.923163E-02 0.388358E+00 0.210251E-02 0.936935E+00 0.235056E-01
0.0450 9.878 0.392660E+00 0.703604E-02 0.399997E+00 0.414139E-02 0.948494E+00 0.117491E-01 0.385042E+00 0.904412E-02 0.396234E+00 0.207523E-02 0.938927E+00 0.226139E-01
0.045012.171 0.403076E+00 0.748963E-02 0.409417E+00 0.456872E-02 0.951216E+00 0.127520E-01 0.394132E+00 0.885613E-02 0.404734E+00 0.205217E-02 0.940870E+00 0.217276E-01
0.045014.543 0.412248E+00 0.766524E-02 0.417391E+00 0.517359E-02 0.954250E+00 0.120992E-01 0.401815E+00 0.868441E-02 0.411883E+00 0.203482E-02 0.942539E+00 0.209819E-01
0.0550 1.706 0.307688E+00 0.102275E-01 0.317724E+00 0.781704E-02 0.932029E+00 0.188671E-01 0.308984E+00 0.113274E-01 0.322180E+00 0.286659E-02 0.923011E+00 0.342140E-01
0.0550 1.977 0.316718E+00 0.941296E-02 0.325043E+00 0.772292E-02 0.937495E+00 0.179003E-01 0.316435E+00 0.110829E-01 0.328912E+00 0.278089E-02 0.925639E+00 0.327926E-01
0.0550 2.305 0.324285E+00 0.922991E-02 0.333361E+00 0.691849E-02 0.935642E+00 0.172108E-01 0.323414E+00 0.109165E-01 0.335308E+00 0.272614E-02 0.927712E+00 0.316870E-01
0.0550 2.721 0.332148E+00 0.853528E-02 0.340715E+00 0.643103E-02 0.937323E+00 0.154785E-01 0.330720E+00 0.107063E-01 0.341942E+00 0.266259E-02 0.929946E+00 0.304821E-01
0.0550 3.231 0.340032E+00 0.850841E-02 0.348230E+00 0.558077E-02 0.938545E+00 0.154955E-01 0.337953E+00 0.105005E-01 0.348508E+00 0.260563E-02 0.932061E+00 0.293446E-01
0.0550 3.837 0.347632E+00 0.768494E-02 0.355230E+00 0.456077E-02 0.940326E+00 0.144574E-01 0.344871E+00 0.103303E-01 0.354828E+00 0.256399E-02 0.933915E+00 0.283694E-01
0.0550 4.585 0.355218E+00 0.703191E-02 0.362325E+00 0.391623E-02 0.941753E+00 0.130197E-01 0.351902E+00 0.101303E-01 0.361209E+00 0.251834E-02 0.935843E+00 0.273490E-01
0.0550 5.479 0.362895E+00 0.654732E-02 0.369227E+00 0.323752E-02 0.943867E+00 0.131594E-01 0.358672E+00 0.996957E-02 0.367413E+00 0.248692E-02 0.937487E+00 0.264815E-01
0.0550 6.750 0.373028E+00 0.625469E-02 0.377449E+00 0.314605E-02 0.948826E+00 0.123143E-01 0.366444E+00 0.978170E-02 0.374541E+00 0.245399E-02 0.939317E+00 0.255167E-01
0.0550 8.216 0.380687E+00 0.623662E-02 0.384541E+00 0.314090E-02 0.950242E+00 0.121218E-01 0.373613E+00 0.960746E-02 0.381121E+00 0.242703E-02 0.940955E+00 0.246595E-01
0.055010.000 0.388715E+00 0.629826E-02 0.391901E+00 0.361792E-02 0.951882E+00 0.116696E-01 0.380611E+00 0.944309E-02 0.387566E+00 0.240474E-02 0.942461E+00 0.238656E-01
0.055012.322 0.397029E+00 0.659372E-02 0.399510E+00 0.412996E-02 0.953570E+00 0.125123E-01 0.387840E+00 0.928694E-02 0.394266E+00 0.238721E-02 0.943891E+00 0.231060E-01
0.055015.370 0.406209E+00 0.681858E-02 0.407342E+00 0.471841E-02 0.956715E+00 0.118110E-01 0.395357E+00 0.911215E-02 0.401206E+00 0.237017E-02 0.945398E+00 0.223175E-01
0.055018.479 0.412829E+00 0.677718E-02 0.413817E+00 0.517095E-02 0.956989E+00 0.122378E-01 0.401374E+00 0.898012E-02 0.406793E+00 0.235969E-02 0.946500E+00 0.217236E-01
0.0700 1.706 0.320713E+00 0.940006E-02 0.324386E+00 0.835215E-02 0.944307E+00 0.181560E-01 0.321001E+00 0.120630E-01 0.327966E+00 0.329746E-02 0.934837E+00 0.351779E-01
0.0700 1.977 0.327147E+00 0.879450E-02 0.330688E+00 0.763430E-02 0.944363E+00 0.168870E-01 0.327113E+00 0.118504E-01 0.333489E+00 0.323882E-02 0.936334E+00 0.339680E-01
0.0700 2.333 0.334059E+00 0.781599E-02 0.336820E+00 0.647151E-02 0.946187E+00 0.151453E-01 0.333106E+00 0.116863E-01 0.338964E+00 0.320072E-02 0.937520E+00 0.329401E-01
0.0700 2.771 0.340854E+00 0.743643E-02 0.342947E+00 0.606759E-02 0.947600E+00 0.149474E-01 0.338969E+00 0.114912E-01 0.344274E+00 0.315784E-02 0.938727E+00 0.318783E-01
0.0700 3.231 0.346343E+00 0.723676E-02 0.348317E+00 0.539132E-02 0.947521E+00 0.144890E-01 0.343862E+00 0.113330E-01 0.348713E+00 0.312727E-02 0.939664E+00 0.310314E-01
0.0700 3.814 0.352164E+00 0.707058E-02 0.353370E+00 0.449673E-02 0.949173E+00 0.141705E-01 0.348850E+00 0.111873E-01 0.353259E+00 0.310400E-02 0.940539E+00 0.302331E-01
0.0700 4.585 0.358171E+00 0.654692E-02 0.358904E+00 0.404618E-02 0.949964E+00 0.131037E-01 0.354182E+00 0.110078E-01 0.358089E+00 0.307562E-02 0.941519E+00 0.293446E-01
0.0700 5.479 0.363768E+00 0.593389E-02 0.364036E+00 0.386522E-02 0.950743E+00 0.129326E-01 0.359073E+00 0.108653E-01 0.362561E+00 0.305818E-02 0.942291E+00 0.286079E-01
0.0700 6.750 0.370146E+00 0.590542E-02 0.370009E+00 0.342058E-02 0.951305E+00 0.126230E-01 0.364609E+00 0.107007E-01 0.367625E+00 0.304001E-02 0.943149E+00 0.277900E-01
0.0700 8.267 0.375058E+00 0.595862E-02 0.375476E+00 0.337680E-02 0.949467E+00 0.132594E-01 0.369813E+00 0.105439E-01 0.372394E+00 0.302379E-02 0.943939E+00 0.270380E-01
0.070010.000 0.380609E+00 0.542871E-02 0.380486E+00 0.334973E-02 0.950484E+00 0.110006E-01 0.374547E+00 0.104050E-01 0.376744E+00 0.301130E-02 0.944637E+00 0.263804E-01
0.070012.322 0.386393E+00 0.536224E-02 0.386018E+00 0.379775E-02 0.950765E+00 0.114581E-01 0.379556E+00 0.102669E-01 0.381375E+00 0.300026E-02 0.945313E+00 0.257228E-01
0.070015.655 0.393082E+00 0.557932E-02 0.391697E+00 0.420125E-02 0.952850E+00 0.107760E-01 0.385141E+00 0.101040E-01 0.386526E+00 0.298829E-02 0.946092E+00 0.249881E-01
0.070019.649 0.398912E+00 0.551326E-02 0.396988E+00 0.446647E-02 0.953790E+00 0.111248E-01 0.390176E+00 0.996112E-02 0.391186E+00 0.297919E-02 0.946738E+00 0.243512E-01
0.070023.768 0.403464E+00 0.594946E-02 0.401271E+00 0.468386E-02 0.954137E+00 0.120623E-01 0.394141E+00 0.985035E-02 0.394869E+00 0.297252E-02 0.947202E+00 0.238634E-01
0.0900 1.722 0.329285E+00 0.845481E-02 0.329540E+00 0.778986E-02 0.945473E+00 0.181210E-01 0.332551E+00 0.129760E-01 0.333942E+00 0.387647E-02 0.942264E+00 0.363632E-01
0.0900 1.935 0.332835E+00 0.787188E-02 0.333467E+00 0.679137E-02 0.943681E+00 0.158346E-01 0.336035E+00 0.128080E-01 0.337137E+00 0.384793E-02 0.942382E+00 0.355194E-01
0.0900 2.350 0.338666E+00 0.723445E-02 0.338539E+00 0.587849E-02 0.944701E+00 0.136575E-01 0.340917E+00 0.125864E-01 0.341640E+00 0.381742E-02 0.942347E+00 0.343975E-01
0.0900 2.760 0.342178E+00 0.688830E-02 0.342701E+00 0.519660E-02 0.942011E+00 0.136050E-01 0.344546E+00 0.123957E-01 0.344967E+00 0.379151E-02 0.942299E+00 0.335145E-01
0.0900 3.242 0.346106E+00 0.671115E-02 0.346479E+00 0.466963E-02 0.941584E+00 0.135871E-01 0.347835E+00 0.122205E-01 0.347984E+00 0.377046E-02 0.942198E+00 0.327231E-01
0.0900 3.851 0.350288E+00 0.656485E-02 0.349964E+00 0.437430E-02 0.942632E+00 0.128408E-01 0.351055E+00 0.120549E-01 0.350946E+00 0.375396E-02 0.942054E+00 0.319780E-01
0.0900 4.573 0.354006E+00 0.601879E-02 0.353351E+00 0.436238E-02 0.942719E+00 0.126615E-01 0.354066E+00 0.118794E-01 0.353699E+00 0.373511E-02 0.941952E+00 0.312409E-01
0.0900 5.492 0.357525E+00 0.574595E-02 0.356941E+00 0.418199E-02 0.941739E+00 0.119729E-01 0.357044E+00 0.117203E-01 0.356443E+00 0.372135E-02 0.941788E+00 0.305607E-01
0.0900 6.670 0.360947E+00 0.555204E-02 0.360309E+00 0.387473E-02 0.941109E+00 0.117482E-01 0.360034E+00 0.115556E-01 0.359197E+00 0.370722E-02 0.941635E+00 0.298772E-01
0.0900 8.281 0.364056E+00 0.567158E-02 0.364017E+00 0.359144E-02 0.938782E+00 0.117163E-01 0.363201E+00 0.113785E-01 0.362119E+00 0.369216E-02 0.941487E+00 0.291593E-01
0.0900 9.945 0.367133E+00 0.574404E-02 0.366832E+00 0.372703E-02 0.938870E+00 0.104449E-01 0.365758E+00 0.112362E-01 0.364485E+00 0.367978E-02 0.941376E+00 0.285897E-01
0.090012.415 0.370875E+00 0.559274E-02 0.370340E+00 0.387255E-02 0.938811E+00 0.110061E-01 0.368719E+00 0.110789E-01 0.367237E+00 0.366717E-02 0.941240E+00 0.279589E-01
0.090015.761 0.374413E+00 0.555246E-02 0.373520E+00 0.387985E-02 0.939071E+00 0.965266E-02 0.371766E+00 0.109086E-01 0.370065E+00 0.365244E-02 0.941139E+00 0.272986E-01
0.090020.119 0.377572E+00 0.574765E-02 0.377005E+00 0.396444E-02 0.937661E+00 0.102033E-01 0.374679E+00 0.107479E-01 0.372773E+00 0.363943E-02 0.941039E+00 0.266815E-01
0.090025.399 0.380625E+00 0.591959E-02 0.379968E+00 0.419917E-02 0.937378E+00 0.108636E-01 0.377213E+00 0.106049E-01 0.375138E+00 0.362623E-02 0.940934E+00 0.261424E-01
0.1250 2.292 0.334245E+00 0.720824E-02 0.335570E+00 0.479587E-02 0.924095E+00 0.132558E-01 0.342279E+00 0.129317E-01 0.339465E+00 0.460153E-02 0.935447E+00 0.344073E-01
0.1250 2.765 0.335566E+00 0.715785E-02 0.337645E+00 0.453647E-02 0.920277E+00 0.129458E-01 0.343505E+00 0.126560E-01 0.340696E+00 0.456346E-02 0.933612E+00 0.334637E-01
0.1250 3.264 0.337198E+00 0.674272E-02 0.339230E+00 0.408323E-02 0.918992E+00 0.121725E-01 0.344300E+00 0.124323E-01 0.341501E+00 0.453270E-02 0.932106E+00 0.327218E-01
0.1250 3.854 0.337748E+00 0.641085E-02 0.340439E+00 0.419231E-02 0.915875E+00 0.122800E-01 0.344890E+00 0.122284E-01 0.342104E+00 0.450498E-02 0.930690E+00 0.320603E-01
0.1250 4.550 0.338543E+00 0.587611E-02 0.341371E+00 0.433672E-02 0.914275E+00 0.135287E-01 0.345331E+00 0.120239E-01 0.342556E+00 0.447584E-02 0.929384E+00 0.314179E-01
0.1250 5.434 0.339557E+00 0.597536E-02 0.341414E+00 0.376004E-02 0.915659E+00 0.140404E-01 0.345677E+00 0.118316E-01 0.342917E+00 0.444880E-02 0.928077E+00 0.308185E-01
0.1250 6.627 0.340468E+00 0.586019E-02 0.342071E+00 0.329658E-02 0.915075E+00 0.130906E-01 0.345951E+00 0.116250E-01 0.343206E+00 0.441886E-02 0.926739E+00 0.301874E-01
0.1250 8.180 0.341484E+00 0.586727E-02 0.342584E+00 0.325228E-02 0.915194E+00 0.118268E-01 0.346157E+00 0.114171E-01 0.343426E+00 0.438786E-02 0.925442E+00 0.295612E-01
0.1250 9.928 0.342388E+00 0.576566E-02 0.343358E+00 0.348197E-02 0.914514E+00 0.106106E-01 0.346305E+00 0.112378E-01 0.343585E+00 0.435998E-02 0.924363E+00 0.290250E-01
0.125012.254 0.343018E+00 0.549174E-02 0.344085E+00 0.361178E-02 0.913237E+00 0.105901E-01 0.346414E+00 0.110585E-01 0.343708E+00 0.433160E-02 0.923289E+00 0.284922E-01
0.125015.720 0.343569E+00 0.498930E-02 0.344788E+00 0.339054E-02 0.911732E+00 0.895053E-02 0.346497E+00 0.108510E-01 0.343803E+00 0.429772E-02 0.922135E+00 0.278819E-01
0.125020.056 0.342683E+00 0.538641E-02 0.345402E+00 0.333582E-02 0.906784E+00 0.101602E-01 0.346503E+00 0.106635E-01 0.343823E+00 0.426639E-02 0.921106E+00 0.273352E-01
0.125026.154 0.343275E+00 0.535700E-02 0.345681E+00 0.319610E-02 0.906681E+00 0.102739E-01 0.346396E+00 0.104755E-01 0.343729E+00 0.423329E-02 0.920123E+00 0.267965E-01
0.125034.297 0.342997E+00 0.473416E-02 0.345039E+00 0.293711E-02 0.906757E+00 0.901824E-02 0.346149E+00 0.102944E-01 0.343496E+00 0.420089E-02 0.919200E+00 0.262873E-01
0.125042.086 0.342641E+00 0.505460E-02 0.345095E+00 0.295573E-02 0.905038E+00 0.102595E-01 0.345873E+00 0.101652E-01 0.343232E+00 0.417733E-02 0.918532E+00 0.259297E-01
0.1750 3.260 0.317315E+00 0.554905E-02 0.322167E+00 0.440401E-02 0.882238E+00 0.157504E-01 0.324330E+00 0.110165E-01 0.322802E+00 0.484100E-02 0.899970E+00 0.290049E-01
0.1750 3.808 0.316482E+00 0.561552E-02 0.321237E+00 0.402032E-02 0.880796E+00 0.122995E-01 0.322655E+00 0.108173E-01 0.321270E+00 0.479797E-02 0.897882E+00 0.285088E-01
0.1750 4.702 0.315135E+00 0.632223E-02 0.319585E+00 0.338124E-02 0.879490E+00 0.138215E-01 0.320291E+00 0.105574E-01 0.319083E+00 0.474019E-02 0.895286E+00 0.278760E-01
0.1750 5.523 0.314135E+00 0.599899E-02 0.318326E+00 0.361780E-02 0.878703E+00 0.125118E-01 0.318472E+00 0.103774E-01 0.317387E+00 0.469906E-02 0.893471E+00 0.274492E-01
0.1750 6.744 0.312810E+00 0.518707E-02 0.316617E+00 0.384438E-02 0.878046E+00 0.103687E-01 0.316222E+00 0.101674E-01 0.315274E+00 0.465016E-02 0.891403E+00 0.269594E-01
0.1750 8.235 0.310738E+00 0.493834E-02 0.314841E+00 0.407023E-02 0.875629E+00 0.135646E-01 0.314004E+00 0.996895E-02 0.313179E+00 0.460273E-02 0.889528E+00 0.265019E-01
0.175010.055 0.307314E+00 0.500436E-02 0.312051E+00 0.469200E-02 0.872346E+00 0.139216E-01 0.311842E+00 0.978241E-02 0.311127E+00 0.455658E-02 0.887828E+00 0.260756E-01
0.175012.347 0.305740E+00 0.459243E-02 0.309331E+00 0.379605E-02 0.874212E+00 0.135670E-01 0.309670E+00 0.960512E-02 0.309058E+00 0.451159E-02 0.886232E+00 0.256770E-01
0.175015.937 0.302629E+00 0.492427E-02 0.307447E+00 0.362856E-02 0.869163E+00 0.112611E-01 0.307051E+00 0.939381E-02 0.306552E+00 0.445732E-02 0.884440E+00 0.252015E-01
0.175020.231 0.301031E+00 0.511135E-02 0.304741E+00 0.357545E-02 0.871030E+00 0.996396E-02 0.304685E+00 0.921082E-02 0.304279E+00 0.440910E-02 0.882943E+00 0.247942E-01
0.175026.258 0.298917E+00 0.476077E-02 0.302906E+00 0.289839E-02 0.868963E+00 0.107162E-01 0.302177E+00 0.902655E-02 0.301861E+00 0.435881E-02 0.881480E+00 0.243913E-01
0.175035.236 0.296673E+00 0.450522E-02 0.300471E+00 0.346023E-02 0.868222E+00 0.114609E-01 0.299376E+00 0.883127E-02 0.299151E+00 0.430418E-02 0.879998E+00 0.239721E-01
0.175045.229 0.294243E+00 0.410943E-02 0.298429E+00 0.344080E-02 0.866048E+00 0.113705E-01 0.297002E+00 0.867523E-02 0.296849E+00 0.425996E-02 0.878821E+00 0.236431E-01
0.2500 5.878 0.265847E+00 0.448013E-02 0.273448E+00 0.456584E-02 0.821848E+00 0.122819E-01 0.267505E+00 0.830832E-02 0.270359E+00 0.454673E-02 0.836424E+00 0.232394E-01
0.2500 6.825 0.261839E+00 0.438909E-02 0.270408E+00 0.422747E-02 0.817425E+00 0.119478E-01 0.264204E+00 0.816405E-02 0.267122E+00 0.449426E-02 0.834957E+00 0.230289E-01
0.2500 8.193 0.257218E+00 0.455030E-02 0.266769E+00 0.429054E-02 0.812686E+00 0.118155E-01 0.260306E+00 0.799402E-02 0.263292E+00 0.443185E-02 0.833304E+00 0.227801E-01
0.250010.055 0.253531E+00 0.491886E-02 0.262804E+00 0.345665E-02 0.811820E+00 0.121951E-01 0.256123E+00 0.781399E-02 0.259172E+00 0.436459E-02 0.831614E+00 0.225194E-01
0.250012.409 0.249607E+00 0.508251E-02 0.258894E+00 0.371650E-02 0.810099E+00 0.138459E-01 0.252028E+00 0.764106E-02 0.255130E+00 0.429883E-02 0.830021E+00 0.222732E-01
0.250015.831 0.245357E+00 0.450875E-02 0.252390E+00 0.375240E-02 0.815527E+00 0.117498E-01 0.247507E+00 0.745017E-02 0.250659E+00 0.422599E-02 0.828355E+00 0.219974E-01
0.250020.197 0.241331E+00 0.419691E-02 0.248517E+00 0.342362E-02 0.813491E+00 0.105732E-01 0.243234E+00 0.727208E-02 0.246423E+00 0.415685E-02 0.826873E+00 0.217424E-01
0.250026.198 0.235716E+00 0.345533E-02 0.243668E+00 0.298968E-02 0.809316E+00 0.911369E-02 0.238939E+00 0.709625E-02 0.242155E+00 0.408689E-02 0.825510E+00 0.214968E-01
0.250034.935 0.231349E+00 0.388895E-02 0.239263E+00 0.312464E-02 0.807860E+00 0.106903E-01 0.234420E+00 0.691349E-02 0.237658E+00 0.401320E-02 0.824113E+00 0.212422E-01
0.250047.106 0.226756E+00 0.431174E-02 0.234886E+00 0.310875E-02 0.805537E+00 0.125381E-01 0.229924E+00 0.673562E-02 0.233178E+00 0.394030E-02 0.822775E+00 0.210001E-01
0.250060.096 0.222774E+00 0.419184E-02 0.231463E+00 0.293371E-02 0.802318E+00 0.136058E-01 0.226396E+00 0.659961E-02 0.229659E+00 0.388363E-02 0.821764E+00 0.208212E-01
0.350013.003 0.172057E+00 0.315884E-02 0.183694E+00 0.231992E-02 0.745982E+00 0.118403E-01 0.176645E+00 0.559572E-02 0.181965E+00 0.363002E-02 0.773150E+00 0.212616E-01
0.350015.874 0.167642E+00 0.308929E-02 0.179111E+00 0.221538E-02 0.744607E+00 0.118367E-01 0.172321E+00 0.543736E-02 0.177567E+00 0.355141E-02 0.772044E+00 0.211299E-01
0.350020.144 0.162639E+00 0.301254E-02 0.174002E+00 0.212604E-02 0.742696E+00 0.120661E-01 0.167505E+00 0.525893E-02 0.172664E+00 0.346279E-02 0.770847E+00 0.209715E-01
0.350026.435 0.157479E+00 0.292271E-02 0.168704E+00 0.209551E-02 0.740816E+00 0.122695E-01 0.162463E+00 0.507273E-02 0.167523E+00 0.336897E-02 0.769651E+00 0.208041E-01
0.350035.071 0.152506E+00 0.283376E-02 0.163490E+00 0.199549E-02 0.739448E+00 0.118916E-01 0.157568E+00 0.489375E-02 0.162527E+00 0.327746E-02 0.768514E+00 0.206461E-01
0.350047.306 0.147528E+00 0.277050E-02 0.158484E+00 0.199708E-02 0.737062E+00 0.123535E-01 0.152714E+00 0.471759E-02 0.157571E+00 0.318638E-02 0.767395E+00 0.204904E-01
0.350063.093 0.143071E+00 0.274358E-02 0.153796E+00 0.195269E-02 0.735829E+00 0.125585E-01 0.148342E+00 0.456028E-02 0.153103E+00 0.310399E-02 0.766389E+00 0.203525E-01
0.350080.481 0.139485E+00 0.271926E-02 0.150136E+00 0.193147E-02 0.734262E+00 0.128375E-01 0.144838E+00 0.443560E-02 0.149521E+00 0.303790E-02 0.765572E+00 0.202458E-01
0.450016.940 0.995939E-01 0.242422E-02 0.110735E+00 0.165485E-02 0.685064E+00 0.166839E-01 0.106208E+00 0.337330E-02 0.111087E+00 0.259359E-02 0.728245E+00 0.209155E-01
0.450020.343 0.965759E-01 0.236668E-02 0.107434E+00 0.159690E-02 0.684032E+00 0.169762E-01 0.103061E+00 0.325713E-02 0.107826E+00 0.252295E-02 0.727314E+00 0.208343E-01
0.450026.551 0.925393E-01 0.228382E-02 0.103020E+00 0.157704E-02 0.682620E+00 0.169116E-01 0.988838E-01 0.310428E-02 0.103494E+00 0.242951E-02 0.726078E+00 0.207206E-01
0.450035.236 0.885434E-01 0.220646E-02 0.987974E-01 0.150952E-02 0.680177E+00 0.169394E-01 0.948118E-01 0.295486E-02 0.992679E-01 0.233818E-02 0.724878E+00 0.206036E-01
0.450047.020 0.848266E-01 0.217108E-02 0.947099E-01 0.148807E-02 0.678914E+00 0.173675E-01 0.909745E-01 0.281961E-02 0.952839E-01 0.225156E-02 0.723733E+00 0.205155E-01
0.450064.154 0.811754E-01 0.210076E-02 0.907292E-01 0.147302E-02 0.677362E+00 0.174945E-01 0.871713E-01 0.268380E-02 0.913326E-01 0.216564E-02 0.722589E+00 0.204141E-01
0.450084.666 0.781508E-01 0.205131E-02 0.874207E-01 0.142771E-02 0.676101E+00 0.176853E-01 0.840244E-01 0.257227E-02 0.880617E-01 0.209431E-02 0.721623E+00 0.203308E-01
0.550021.418 0.490463E-01 0.161570E-02 0.567881E-01 0.113778E-02 0.626516E+00 0.220264E-01 0.528192E-01 0.239258E-02 0.564330E-01 0.192632E-02 0.678957E+00 0.246518E-01
0.550026.594 0.469572E-01 0.156095E-02 0.544212E-01 0.114213E-02 0.625238E+00 0.218790E-01 0.506161E-01 0.227591E-02 0.541039E-01 0.183740E-02 0.677909E+00 0.244232E-01
0.550035.268 0.444493E-01 0.146913E-02 0.515538E-01 0.105647E-02 0.623908E+00 0.219263E-01 0.480146E-01 0.210077E-02 0.513273E-01 0.171891E-02 0.676926E+00 0.240081E-01
0.550046.512 0.422491E-01 0.140249E-02 0.490212E-01 0.100194E-02 0.622884E+00 0.219842E-01 0.456759E-01 0.195804E-02 0.488378E-01 0.162081E-02 0.675934E+00 0.236435E-01
0.550063.786 0.399498E-01 0.134032E-02 0.464024E-01 0.969888E-03 0.621412E+00 0.219921E-01 0.432529E-01 0.181693E-02 0.462588E-01 0.152032E-02 0.674880E+00 0.233511E-01
0.550086.439 0.379351E-01 0.126895E-02 0.440915E-01 0.940499E-03 0.620257E+00 0.219904E-01 0.411335E-01 0.169546E-02 0.440019E-01 0.143443E-02 0.673920E+00 0.230824E-01
0.650027.299 0.198674E-01 0.748004E-03 0.237338E-01 0.556278E-03 0.575255E+00 0.238433E-01 0.225512E-01 0.493701E-03 0.244503E-01 0.808550E-03 0.633828E+00 0.217755E-01
0.650035.027 0.187429E-01 0.702654E-03 0.224018E-01 0.524715E-03 0.574403E+00 0.236098E-01 0.212797E-01 0.460566E-03 0.230813E-01 0.767112E-03 0.632948E+00 0.218252E-01
0.650047.008 0.175618E-01 0.663505E-03 0.210000E-01 0.495196E-03 0.573509E+00 0.238835E-01 0.199215E-01 0.426070E-03 0.216185E-01 0.722244E-03 0.631959E+00 0.218826E-01
