   X     Q^2  F2pbeps09S(F2pbeps09) F2Aeps09 S(F2Apbeps09) factoreps09 erfactoreps09 F2pbdssz S(F2pbdssz) F2Adssz S(F2Adssz) factordssz erfactordssz
0.0125 2.200 0.286123E+00 0.116444E-01 0.329327E+00 0.828794E-02 0.855083E+00 0.252994E-01 0.286817E+00 0.182096E-01 0.342068E+00 0.376908E-02 0.825229E+00 0.514130E-01
0.0175 2.900 0.311479E+00 0.804084E-02 0.346528E+00 0.577438E-02 0.883220E+00 0.174015E-01 0.311180E+00 0.150328E-01 0.355157E+00 0.307989E-02 0.860932E+00 0.408122E-01
0.0250 3.600 0.329896E+00 0.671492E-02 0.355919E+00 0.436985E-02 0.907237E+00 0.136161E-01 0.328299E+00 0.120928E-01 0.361090E+00 0.244428E-02 0.889915E+00 0.324996E-01
0.0350 4.500 0.347713E+00 0.744986E-02 0.365033E+00 0.424481E-02 0.926669E+00 0.129121E-01 0.345212E+00 0.998335E-02 0.367037E+00 0.206100E-02 0.914982E+00 0.267547E-01
0.0450 5.500 0.361020E+00 0.705073E-02 0.372591E+00 0.322642E-02 0.936437E+00 0.129913E-01 0.358532E+00 0.964856E-02 0.371659E+00 0.218094E-02 0.932315E+00 0.255817E-01
0.0550 6.400 0.370307E+00 0.621198E-02 0.375293E+00 0.314893E-02 0.947379E+00 0.122718E-01 0.364482E+00 0.982655E-02 0.372735E+00 0.246134E-02 0.938875E+00 0.257503E-01
0.0700 7.800 0.373717E+00 0.600420E-02 0.374007E+00 0.331526E-02 0.949907E+00 0.134164E-01 0.368339E+00 0.105873E-01 0.371041E+00 0.302799E-02 0.943721E+00 0.272465E-01
0.0900 9.600 0.366532E+00 0.571059E-02 0.366329E+00 0.375464E-02 0.938725E+00 0.102880E-01 0.365272E+00 0.112640E-01 0.364036E+00 0.368223E-02 0.941393E+00 0.286992E-01
0.125012.000 0.342945E+00 0.553079E-02 0.344027E+00 0.358984E-02 0.913294E+00 0.104993E-01 0.346405E+00 0.110762E-01 0.343698E+00 0.433443E-02 0.923392E+00 0.285447E-01
0.175015.000 0.303127E+00 0.484105E-02 0.308145E+00 0.374659E-02 0.868951E+00 0.122086E-01 0.307663E+00 0.944140E-02 0.307137E+00 0.446978E-02 0.884847E+00 0.253074E-01
0.250020.000 0.241491E+00 0.420784E-02 0.248678E+00 0.344963E-02 0.813550E+00 0.107754E-01 0.243400E+00 0.727892E-02 0.246588E+00 0.415957E-02 0.826929E+00 0.217520E-01
0.350027.000 0.157099E+00 0.291537E-02 0.168302E+00 0.209088E-02 0.740728E+00 0.122477E-01 0.162086E+00 0.505881E-02 0.167138E+00 0.336193E-02 0.769563E+00 0.207915E-01
0.450032.000 0.898650E-01 0.222593E-02 0.100209E+00 0.153197E-02 0.680897E+00 0.168717E-01 0.961609E-01 0.300416E-02 0.100668E+00 0.236852E-02 0.725276E+00 0.206419E-01
0.550037.000 0.440520E-01 0.145546E-02 0.510974E-01 0.104508E-02 0.623713E+00 0.219387E-01 0.475954E-01 0.207365E-02 0.508803E-01 0.170076E-02 0.676758E+00 0.239356E-01
0.650041.000 0.180980E-01 0.682365E-03 0.216372E-01 0.507922E-03 0.573896E+00 0.237565E-01 0.205337E-01 0.441336E-03 0.222778E-01 0.742665E-03 0.632411E+00 0.218568E-01
