   X     Q^2  F2pbeps09S(F2pbeps09) F2Aeps09 S(F2Apbeps09) factoreps09 erfactoreps09 F2pbdssz S(F2pbdssz) F2Adssz S(F2Adssz) factordssz erfactordssz
0.0125 1.900 0.272380E+00 0.117839E-01 0.296084E+00 0.946978E-02 0.905010E+00 0.143505E-01 0.273649E+00 0.182250E-01 0.313317E+00 0.486481E-02 0.859218E+00 0.557663E-01
0.0175 2.500 0.299015E+00 0.828060E-02 0.318283E+00 0.682832E-02 0.922857E+00 0.100966E-01 0.298785E+00 0.151519E-01 0.331017E+00 0.393120E-02 0.886673E+00 0.439714E-01
0.0250 3.400 0.325561E+00 0.679884E-02 0.340367E+00 0.514917E-02 0.936174E+00 0.830862E-02 0.324289E+00 0.121449E-01 0.348581E+00 0.304636E-02 0.910544E+00 0.338915E-01
0.0350 4.700 0.350520E+00 0.732808E-02 0.360751E+00 0.560355E-02 0.945243E+00 0.714307E-02 0.347687E+00 0.993714E-02 0.364252E+00 0.239580E-02 0.928590E+00 0.273132E-01
0.0450 5.700 0.363011E+00 0.694281E-02 0.370795E+00 0.532732E-02 0.946143E+00 0.840221E-02 0.360189E+00 0.960736E-02 0.370816E+00 0.233915E-02 0.938735E+00 0.263248E-01
0.0550 6.800 0.373406E+00 0.626863E-02 0.376977E+00 0.465106E-02 0.950970E+00 0.864892E-02 0.366713E+00 0.977541E-02 0.374064E+00 0.252767E-02 0.941196E+00 0.264193E-01
0.0700 8.100 0.374518E+00 0.600823E-02 0.377106E+00 0.444315E-02 0.944044E+00 0.923187E-02 0.369300E+00 0.105581E-01 0.373030E+00 0.303177E-02 0.941063E+00 0.279752E-01
0.0900 9.700 0.366707E+00 0.571999E-02 0.368783E+00 0.378351E-02 0.932894E+00 0.658727E-02 0.365415E+00 0.112559E-01 0.366638E+00 0.362904E-02 0.935045E+00 0.294579E-01
0.125012.000 0.342945E+00 0.553079E-02 0.346760E+00 0.365325E-02 0.906096E+00 0.689337E-02 0.346405E+00 0.110762E-01 0.346784E+00 0.419648E-02 0.915173E+00 0.293613E-01
0.175014.000 0.304116E+00 0.456996E-02 0.312260E+00 0.363369E-02 0.860683E+00 0.685647E-02 0.308369E+00 0.949892E-02 0.310272E+00 0.433512E-02 0.878310E+00 0.264159E-01
0.250019.000 0.242333E+00 0.427934E-02 0.250972E+00 0.331874E-02 0.809155E+00 0.112371E-01 0.244283E+00 0.731577E-02 0.248661E+00 0.415426E-02 0.823245E+00 0.228051E-01
0.350024.000 0.159214E+00 0.296364E-02 0.169629E+00 0.220185E-02 0.745206E+00 0.720466E-02 0.164210E+00 0.513717E-02 0.169556E+00 0.343734E-02 0.768918E+00 0.213950E-01
0.450030.000 0.907752E-01 0.224569E-02 0.994874E-01 0.153804E-02 0.692986E+00 0.967669E-02 0.970853E-01 0.303803E-02 0.101578E+00 0.231406E-02 0.725903E+00 0.202898E-01
0.550035.000 0.445132E-01 0.147136E-02 0.502548E-01 0.102058E-02 0.640979E+00 0.129465E-01 0.480819E-01 0.210517E-02 0.510787E-01 0.181781E-02 0.681199E+00 0.221479E-01
0.650041.000 0.180980E-01 0.682365E-03 0.209301E-01 0.466177E-03 0.593286E+00 0.143428E-01 0.205337E-01 0.441336E-03 0.222471E-01 0.538308E-03 0.633284E+00 0.172203E-01
