   X     Q^2  F2pbeps09S(F2pbeps09) F2Aeps09 S(F2Apbeps09) factoreps09 erfactoreps09 F2pbdssz S(F2pbdssz) F2Adssz S(F2Adssz) factordssz erfactordssz
0.0085 1.800 0.264580E+00 0.165988E-01 0.343276E+00 0.148221E-01 0.759168E+00 0.522781E-01 0.267149E+00 0.222794E-01 0.341308E+00 0.473384E-02 0.770956E+00 0.636613E-01
0.0125 2.400 0.294384E+00 0.116964E-01 0.358154E+00 0.104259E-01 0.809156E+00 0.374331E-01 0.294846E+00 0.182123E-01 0.354301E+00 0.380929E-02 0.819240E+00 0.498822E-01
0.0175 3.000 0.314392E+00 0.805649E-02 0.365949E+00 0.727024E-02 0.844224E+00 0.263690E-01 0.314074E+00 0.149977E-01 0.361290E+00 0.312754E-02 0.854242E+00 0.402085E-01
0.0250 3.800 0.334005E+00 0.667011E-02 0.372015E+00 0.512010E-02 0.878839E+00 0.186999E-01 0.332121E+00 0.120389E-01 0.367125E+00 0.252736E-02 0.885523E+00 0.319205E-01
0.0350 4.700 0.350520E+00 0.732808E-02 0.375210E+00 0.417554E-02 0.908816E+00 0.178345E-01 0.347687E+00 0.993714E-02 0.370813E+00 0.218092E-02 0.912161E+00 0.263448E-01
0.0450 5.600 0.362010E+00 0.700063E-02 0.377381E+00 0.311889E-02 0.927078E+00 0.175515E-01 0.359368E+00 0.962792E-02 0.373115E+00 0.230986E-02 0.930833E+00 0.253038E-01
0.0550 6.300 0.369517E+00 0.621627E-02 0.376428E+00 0.326484E-02 0.942527E+00 0.160033E-01 0.363901E+00 0.983950E-02 0.372432E+00 0.258651E-02 0.938159E+00 0.256282E-01
0.0700 7.300 0.372383E+00 0.592196E-02 0.372154E+00 0.350367E-02 0.951367E+00 0.161443E-01 0.366637E+00 0.106403E-01 0.369192E+00 0.314005E-02 0.944199E+00 0.273103E-01
0.0900 8.700 0.364861E+00 0.566144E-02 0.362350E+00 0.366814E-02 0.945025E+00 0.161535E-01 0.363900E+00 0.113406E-01 0.362075E+00 0.378904E-02 0.943252E+00 0.288391E-01
0.125011.000 0.342656E+00 0.568695E-02 0.341296E+00 0.377803E-02 0.920246E+00 0.137170E-01 0.346364E+00 0.111501E-01 0.342769E+00 0.445571E-02 0.926204E+00 0.285971E-01
0.175014.000 0.304116E+00 0.456996E-02 0.306279E+00 0.476171E-02 0.877490E+00 0.173092E-01 0.308369E+00 0.949892E-02 0.307112E+00 0.459474E-02 0.887349E+00 0.252453E-01
0.250019.000 0.242333E+00 0.427934E-02 0.249141E+00 0.315361E-02 0.815102E+00 0.118449E-01 0.244283E+00 0.731577E-02 0.247122E+00 0.426433E-02 0.828373E+00 0.216925E-01
0.350024.000 0.159214E+00 0.296364E-02 0.171542E+00 0.257537E-02 0.736894E+00 0.169656E-01 0.164210E+00 0.513717E-02 0.169233E+00 0.349457E-02 0.770385E+00 0.210617E-01
0.450031.000 0.903109E-01 0.223559E-02 0.102286E+00 0.212587E-02 0.670477E+00 0.234970E-01 0.966135E-01 0.302074E-02 0.101152E+00 0.249358E-02 0.725309E+00 0.213257E-01
0.550038.000 0.438341E-01 0.144811E-02 0.521418E-01 0.151828E-02 0.608123E+00 0.299372E-01 0.473646E-01 0.205893E-02 0.507236E-01 0.172543E-02 0.675474E+00 0.251502E-01
0.650044.000 0.178188E-01 0.673036E-03 0.219551E-01 0.743611E-03 0.556720E+00 0.320388E-01 0.202133E-01 0.433321E-03 0.219414E-01 0.814361E-03 0.631925E+00 0.239841E-01
