   X     Q^2  F2pbeps09S(F2pbeps09) F2Aeps09 S(F2Apbeps09) factoreps09 erfactoreps09 F2pbdssz S(F2pbdssz) F2Adssz S(F2Adssz) factordssz erfactordssz
0.0085 1.400 0.246906E+00 0.160317E-01 0.274097E+00 0.135343E-01 0.302208E+00 0.693912E-02 0.243787E+00 0.223514E-01 0.292511E+00 0.618863E-02 0.279606E+00 0.250258E-01
0.0125 1.900 0.272380E+00 0.117839E-01 0.296084E+00 0.946978E-02 0.320145E+00 0.507643E-02 0.273649E+00 0.182250E-01 0.313317E+00 0.486481E-02 0.303946E+00 0.197272E-01
0.0175 2.500 0.299015E+00 0.828060E-02 0.318283E+00 0.682832E-02 0.337252E+00 0.368973E-02 0.298785E+00 0.151519E-01 0.331017E+00 0.393120E-02 0.324028E+00 0.160690E-01
0.0250 3.400 0.325561E+00 0.679884E-02 0.340367E+00 0.514917E-02 0.353062E+00 0.313345E-02 0.324289E+00 0.121449E-01 0.348581E+00 0.304636E-02 0.343396E+00 0.127816E-01
0.0350 4.700 0.350520E+00 0.732808E-02 0.360751E+00 0.560355E-02 0.366489E+00 0.276950E-02 0.347687E+00 0.993714E-02 0.364252E+00 0.239580E-02 0.360032E+00 0.105898E-01
0.0450 5.700 0.363011E+00 0.694281E-02 0.370795E+00 0.532732E-02 0.369645E+00 0.328263E-02 0.360189E+00 0.960736E-02 0.370816E+00 0.233915E-02 0.366751E+00 0.102847E-01
0.0550 6.800 0.373406E+00 0.626863E-02 0.376977E+00 0.465106E-02 0.373274E+00 0.339487E-02 0.366713E+00 0.977541E-02 0.374064E+00 0.252767E-02 0.369437E+00 0.103701E-01
0.0700 8.100 0.374518E+00 0.600823E-02 0.377106E+00 0.444315E-02 0.368616E+00 0.360472E-02 0.369300E+00 0.105581E-01 0.373030E+00 0.303177E-02 0.367452E+00 0.109233E-01
0.0900 9.700 0.366707E+00 0.571999E-02 0.368783E+00 0.378351E-02 0.359020E+00 0.253508E-02 0.365415E+00 0.112559E-01 0.366638E+00 0.362904E-02 0.359848E+00 0.113367E-01
0.125012.000 0.342945E+00 0.553079E-02 0.346760E+00 0.365325E-02 0.335572E+00 0.255296E-02 0.346405E+00 0.110762E-01 0.346784E+00 0.419648E-02 0.338934E+00 0.108739E-01
0.175014.000 0.304116E+00 0.456996E-02 0.312260E+00 0.363369E-02 0.297261E+00 0.236808E-02 0.308369E+00 0.949892E-02 0.310272E+00 0.433512E-02 0.303349E+00 0.912346E-02
0.250019.000 0.242333E+00 0.427934E-02 0.250972E+00 0.331874E-02 0.240769E+00 0.334366E-02 0.244283E+00 0.731577E-02 0.248661E+00 0.415426E-02 0.244961E+00 0.678579E-02
0.350024.000 0.159214E+00 0.296364E-02 0.169629E+00 0.220185E-02 0.164007E+00 0.158563E-02 0.164210E+00 0.513717E-02 0.169556E+00 0.343734E-02 0.169226E+00 0.470869E-02
0.450030.000 0.907752E-01 0.224569E-02 0.994874E-01 0.153804E-02 0.977318E-01 0.136470E-02 0.970853E-01 0.303803E-02 0.101578E+00 0.231406E-02 0.102374E+00 0.286146E-02
0.550035.000 0.445132E-01 0.147136E-02 0.502548E-01 0.102058E-02 0.498504E-01 0.100688E-02 0.480819E-01 0.210517E-02 0.510787E-01 0.181781E-02 0.529783E-01 0.172249E-02
0.650041.000 0.180980E-01 0.682365E-03 0.209301E-01 0.466177E-03 0.206814E-01 0.499975E-03 0.205337E-01 0.441336E-03 0.222471E-01 0.538308E-03 0.220756E-01 0.600281E-03
