   X     Q^2  F2pbeps09S(F2pbeps09) F2Aeps09 S(F2Apbeps09) factoreps09 erfactoreps09 F2pbdssz S(F2pbdssz) F2Adssz S(F2Adssz) factordssz erfactordssz
  0.0055   1.102 0.227937E+00 0.217048E-01 0.299710E+00 0.205318E-01 0.250138E+00 0.202835E-01 0.216802E+00 0.280161E-01 0.308165E+00 0.618945E-02 0.231390E+00 0.297726E-01
  0.0055   1.290 0.238048E+00 0.218278E-01 0.313518E+00 0.199582E-01 0.260671E+00 0.208804E-01 0.232605E+00 0.277690E-01 0.322679E+00 0.611386E-02 0.247479E+00 0.294071E-01
  0.0055   1.490 0.247582E+00 0.222060E-01 0.326720E+00 0.197182E-01 0.270747E+00 0.216067E-01 0.247337E+00 0.276832E-01 0.336740E+00 0.600856E-02 0.262430E+00 0.291787E-01
  0.0055   1.708 0.257297E+00 0.227324E-01 0.339726E+00 0.198032E-01 0.281104E+00 0.224180E-01 0.261699E+00 0.276820E-01 0.350598E+00 0.598329E-02 0.277047E+00 0.290829E-01
  0.0055   1.906 0.269708E+00 0.230483E-01 0.351245E+00 0.206017E-01 0.293909E+00 0.225970E-01 0.274243E+00 0.275621E-01 0.362272E+00 0.594952E-02 0.289754E+00 0.288778E-01
  0.0085   1.104 0.233306E+00 0.158265E-01 0.293509E+00 0.141467E-01 0.251435E+00 0.151637E-01 0.223062E+00 0.225753E-01 0.298353E+00 0.487264E-02 0.236492E+00 0.237804E-01
  0.0085   1.303 0.242709E+00 0.158965E-01 0.306250E+00 0.134046E-01 0.261136E+00 0.156561E-01 0.237351E+00 0.224031E-01 0.311623E+00 0.480540E-02 0.250967E+00 0.235140E-01
  0.0085   1.501 0.251049E+00 0.162114E-01 0.317627E+00 0.130771E-01 0.269875E+00 0.162290E-01 0.250196E+00 0.223108E-01 0.323682E+00 0.472861E-02 0.263927E+00 0.233043E-01
  0.0085   1.697 0.258665E+00 0.166086E-01 0.327835E+00 0.129980E-01 0.277944E+00 0.167993E-01 0.261455E+00 0.223070E-01 0.334504E+00 0.471718E-02 0.275340E+00 0.232372E-01
  0.0085   1.967 0.273535E+00 0.166590E-01 0.341627E+00 0.136361E-01 0.292930E+00 0.168006E-01 0.276092E+00 0.222061E-01 0.348177E+00 0.468961E-02 0.290106E+00 0.230413E-01
  0.0085   2.308 0.290874E+00 0.168060E-01 0.358310E+00 0.144895E-01 0.310387E+00 0.168012E-01 0.293045E+00 0.222644E-01 0.364646E+00 0.471163E-02 0.307270E+00 0.230149E-01
  0.0085   2.673 0.307440E+00 0.170051E-01 0.373893E+00 0.153964E-01 0.327196E+00 0.168717E-01 0.309374E+00 0.222702E-01 0.380252E+00 0.473629E-02 0.323748E+00 0.229316E-01
  0.0125   1.101 0.239824E+00 0.108201E-01 0.289794E+00 0.874723E-02 0.253912E+00 0.109081E-01 0.229613E+00 0.185343E-01 0.291376E+00 0.395716E-02 0.241781E+00 0.193979E-01
  0.0125   1.300 0.248146E+00 0.110912E-01 0.301075E+00 0.831354E-02 0.262577E+00 0.113869E-01 0.242223E+00 0.184152E-01 0.303206E+00 0.389257E-02 0.254509E+00 0.192074E-01
  0.0125   1.506 0.255901E+00 0.115027E-01 0.311538E+00 0.819982E-02 0.270750E+00 0.119084E-01 0.254214E+00 0.182957E-01 0.314367E+00 0.381344E-02 0.266546E+00 0.189884E-01
  0.0125   1.693 0.262363E+00 0.119016E-01 0.320143E+00 0.822878E-02 0.277609E+00 0.123632E-01 0.263729E+00 0.182839E-01 0.323506E+00 0.379920E-02 0.276152E+00 0.189291E-01
  0.0125   1.949 0.274680E+00 0.117824E-01 0.331546E+00 0.850456E-02 0.290036E+00 0.123222E-01 0.275909E+00 0.182057E-01 0.334932E+00 0.377408E-02 0.288389E+00 0.187769E-01
  0.0125   2.288 0.289690E+00 0.117228E-01 0.345687E+00 0.890915E-02 0.305093E+00 0.122201E-01 0.290405E+00 0.182135E-01 0.348920E+00 0.378197E-02 0.303012E+00 0.187168E-01
  0.0125   2.731 0.306824E+00 0.116211E-01 0.361841E+00 0.942928E-02 0.322181E+00 0.119450E-01 0.307181E+00 0.181771E-01 0.364875E+00 0.380031E-02 0.319875E+00 0.185938E-01
  0.0125   3.225 0.323214E+00 0.116470E-01 0.377447E+00 0.102095E-01 0.338402E+00 0.121138E-01 0.323240E+00 0.181609E-01 0.380170E+00 0.384075E-02 0.336004E+00 0.184962E-01
  0.0125   3.738 0.337965E+00 0.117678E-01 0.391507E+00 0.109696E-01 0.353099E+00 0.120881E-01 0.337598E+00 0.182026E-01 0.394037E+00 0.389913E-02 0.350451E+00 0.184736E-01
  0.0125   4.310 0.352403E+00 0.120056E-01 0.405435E+00 0.114378E-01 0.367399E+00 0.121832E-01 0.352010E+00 0.182043E-01 0.407750E+00 0.396677E-02 0.364905E+00 0.184047E-01
  0.0175   1.103 0.246866E+00 0.748497E-02 0.288240E+00 0.515719E-02 0.257722E+00 0.783282E-02 0.236922E+00 0.156763E-01 0.287699E+00 0.338322E-02 0.247807E+00 0.163567E-01
  0.0175   1.311 0.254763E+00 0.796376E-02 0.298856E+00 0.526259E-02 0.266157E+00 0.833184E-02 0.248952E+00 0.155626E-01 0.299065E+00 0.330080E-02 0.259904E+00 0.161826E-01
  0.0175   1.510 0.261583E+00 0.839118E-02 0.307906E+00 0.546729E-02 0.273467E+00 0.875812E-02 0.259543E+00 0.153962E-01 0.308874E+00 0.320343E-02 0.270484E+00 0.159377E-01
  0.0175   1.708 0.267936E+00 0.873889E-02 0.315997E+00 0.569382E-02 0.280305E+00 0.919529E-02 0.268660E+00 0.153538E-01 0.317595E+00 0.317464E-02 0.279648E+00 0.158549E-01
  0.0175   1.956 0.278712E+00 0.848479E-02 0.325902E+00 0.581516E-02 0.291065E+00 0.910146E-02 0.279215E+00 0.152422E-01 0.327462E+00 0.313291E-02 0.290202E+00 0.156851E-01
  0.0175   2.310 0.292349E+00 0.833563E-02 0.338634E+00 0.589450E-02 0.304676E+00 0.886888E-02 0.292357E+00 0.151908E-01 0.340061E+00 0.311758E-02 0.303405E+00 0.155794E-01
  0.0175   2.761 0.307341E+00 0.806063E-02 0.352816E+00 0.607614E-02 0.319391E+00 0.861986E-02 0.307032E+00 0.150786E-01 0.353903E+00 0.310570E-02 0.318090E+00 0.153988E-01
  0.0175   3.281 0.322296E+00 0.803984E-02 0.366740E+00 0.635133E-02 0.334058E+00 0.857912E-02 0.321375E+00 0.149885E-01 0.367473E+00 0.311571E-02 0.332438E+00 0.152453E-01
  0.0175   3.874 0.336813E+00 0.802231E-02 0.380556E+00 0.685582E-02 0.348157E+00 0.858101E-02 0.335344E+00 0.149337E-01 0.380789E+00 0.314588E-02 0.346427E+00 0.151341E-01
  0.0175   4.547 0.351162E+00 0.803668E-02 0.393834E+00 0.705194E-02 0.362344E+00 0.866700E-02 0.349292E+00 0.148402E-01 0.393906E+00 0.318665E-02 0.360348E+00 0.149795E-01
  0.0175   5.336 0.365708E+00 0.798608E-02 0.407665E+00 0.713297E-02 0.376348E+00 0.864461E-02 0.363075E+00 0.148146E-01 0.407107E+00 0.324654E-02 0.374150E+00 0.149031E-01
  0.0250   1.103 0.255818E+00 0.631579E-02 0.288119E+00 0.372666E-02 0.264116E+00 0.623792E-02 0.246690E+00 0.134406E-01 0.286625E+00 0.305052E-02 0.256020E+00 0.140134E-01
  0.0250   1.310 0.263395E+00 0.677286E-02 0.297870E+00 0.412440E-02 0.272377E+00 0.663905E-02 0.258008E+00 0.132628E-01 0.297285E+00 0.293337E-02 0.267331E+00 0.137880E-01
  0.0250   1.508 0.269837E+00 0.712314E-02 0.306032E+00 0.443764E-02 0.279378E+00 0.694926E-02 0.267825E+00 0.129912E-01 0.306283E+00 0.279425E-02 0.277067E+00 0.134578E-01
  0.0250   1.706 0.275814E+00 0.735952E-02 0.313386E+00 0.464077E-02 0.285757E+00 0.718850E-02 0.276172E+00 0.128921E-01 0.314185E+00 0.274097E-02 0.285399E+00 0.133287E-01
  0.0250   1.952 0.285057E+00 0.720028E-02 0.322157E+00 0.470541E-02 0.294887E+00 0.705380E-02 0.285588E+00 0.127109E-01 0.322907E+00 0.266657E-02 0.294750E+00 0.131060E-01
  0.0250   2.290 0.296519E+00 0.699820E-02 0.332723E+00 0.513696E-02 0.306155E+00 0.688522E-02 0.296542E+00 0.125771E-01 0.333264E+00 0.261501E-02 0.305682E+00 0.129366E-01
  0.0250   2.754 0.309910E+00 0.691892E-02 0.345303E+00 0.503232E-02 0.319025E+00 0.677507E-02 0.309500E+00 0.123654E-01 0.345341E+00 0.255405E-02 0.318568E+00 0.126789E-01
  0.0250   3.250 0.322140E+00 0.684981E-02 0.356483E+00 0.485324E-02 0.330901E+00 0.666185E-02 0.321145E+00 0.121818E-01 0.356200E+00 0.251458E-02 0.330142E+00 0.124564E-01
  0.0250   3.837 0.334741E+00 0.666573E-02 0.367935E+00 0.467923E-02 0.343011E+00 0.627913E-02 0.332811E+00 0.120286E-01 0.367160E+00 0.249331E-02 0.341752E+00 0.122694E-01
  0.0250   4.584 0.348240E+00 0.667853E-02 0.380330E+00 0.475625E-02 0.355954E+00 0.635671E-02 0.345615E+00 0.118215E-01 0.379054E+00 0.247722E-02 0.354460E+00 0.120230E-01
  0.0250   5.478 0.362059E+00 0.638410E-02 0.392720E+00 0.448749E-02 0.369300E+00 0.629542E-02 0.358320E+00 0.116649E-01 0.390998E+00 0.248177E-02 0.367096E+00 0.118345E-01
  0.0250   6.627 0.376488E+00 0.674933E-02 0.406275E+00 0.484228E-02 0.382982E+00 0.625493E-02 0.371957E+00 0.115011E-01 0.403828E+00 0.250197E-02 0.380665E+00 0.116376E-01
  0.0250   7.918 0.390456E+00 0.699340E-02 0.418859E+00 0.537213E-02 0.396387E+00 0.643101E-02 0.384799E+00 0.113449E-01 0.415888E+00 0.253266E-02 0.393434E+00 0.114522E-01
  0.0350   1.116 0.266981E+00 0.756942E-02 0.291341E+00 0.401785E-02 0.273686E+00 0.632882E-02 0.260547E+00 0.121845E-01 0.290250E+00 0.301311E-02 0.268094E+00 0.126619E-01
  0.0350   1.310 0.274263E+00 0.794770E-02 0.299978E+00 0.441626E-02 0.281562E+00 0.659347E-02 0.270784E+00 0.119084E-01 0.299742E+00 0.286708E-02 0.278209E+00 0.123532E-01
  0.0350   1.508 0.280697E+00 0.826420E-02 0.307523E+00 0.474382E-02 0.288474E+00 0.680905E-02 0.279991E+00 0.115344E-01 0.308063E+00 0.269558E-02 0.287243E+00 0.119430E-01
  0.0350   1.706 0.286626E+00 0.857464E-02 0.314244E+00 0.491450E-02 0.294668E+00 0.694876E-02 0.287668E+00 0.113777E-01 0.315215E+00 0.262052E-02 0.294828E+00 0.117675E-01
  0.0350   1.964 0.295980E+00 0.825627E-02 0.322563E+00 0.480518E-02 0.303664E+00 0.669194E-02 0.296506E+00 0.111225E-01 0.323289E+00 0.251447E-02 0.303520E+00 0.114877E-01
  0.0350   2.304 0.306012E+00 0.829605E-02 0.331888E+00 0.501148E-02 0.313126E+00 0.660295E-02 0.305984E+00 0.109306E-01 0.332107E+00 0.243663E-02 0.312891E+00 0.112777E-01
  0.0350   2.754 0.316917E+00 0.843693E-02 0.341996E+00 0.491117E-02 0.323550E+00 0.663069E-02 0.316611E+00 0.106634E-01 0.341861E+00 0.234223E-02 0.323365E+00 0.109900E-01
  0.0350   3.270 0.327647E+00 0.825603E-02 0.351767E+00 0.461962E-02 0.333644E+00 0.670828E-02 0.326665E+00 0.104205E-01 0.351101E+00 0.226518E-02 0.333276E+00 0.107310E-01
  0.0350   3.837 0.337716E+00 0.787132E-02 0.360624E+00 0.410614E-02 0.343298E+00 0.630146E-02 0.335899E+00 0.102221E-01 0.359633E+00 0.220901E-02 0.342391E+00 0.105218E-01
  0.0350   4.584 0.348897E+00 0.739874E-02 0.370891E+00 0.401921E-02 0.353592E+00 0.606305E-02 0.346264E+00 0.996401E-02 0.369124E+00 0.214575E-02 0.352603E+00 0.102522E-01
  0.0350   5.478 0.360161E+00 0.718331E-02 0.380481E+00 0.378721E-02 0.364597E+00 0.636272E-02 0.356459E+00 0.975490E-02 0.378566E+00 0.210321E-02 0.362674E+00 0.100366E-01
  0.0350   6.750 0.373801E+00 0.714057E-02 0.392511E+00 0.386072E-02 0.377137E+00 0.612353E-02 0.368362E+00 0.950695E-02 0.389590E+00 0.206339E-02 0.374436E+00 0.978389E-02
  0.0350   8.165 0.385859E+00 0.726672E-02 0.403437E+00 0.407155E-02 0.388193E+00 0.607722E-02 0.379183E+00 0.928037E-02 0.399610E+00 0.203726E-02 0.385130E+00 0.955564E-02
  0.0350   9.697 0.397119E+00 0.732852E-02 0.414282E+00 0.420413E-02 0.397537E+00 0.608654E-02 0.388839E+00 0.909036E-02 0.408580E+00 0.202397E-02 0.394680E+00 0.936679E-02
  0.0350  11.440 0.407376E+00 0.753652E-02 0.423360E+00 0.466665E-02 0.407164E+00 0.593516E-02 0.397966E+00 0.892491E-02 0.417107E+00 0.201992E-02 0.403722E+00 0.920450E-02
  0.0450   1.103 0.276806E+00 0.848587E-02 0.295323E+00 0.486047E-02 0.282091E+00 0.621842E-02 0.274069E+00 0.120060E-01 0.294916E+00 0.318528E-02 0.279687E+00 0.123305E-01
  0.0450   1.326 0.285449E+00 0.895981E-02 0.304833E+00 0.533672E-02 0.291234E+00 0.653333E-02 0.285336E+00 0.116635E-01 0.305279E+00 0.301615E-02 0.290693E+00 0.119636E-01
  0.0450   1.508 0.291343E+00 0.925879E-02 0.311272E+00 0.563162E-02 0.297428E+00 0.673441E-02 0.293151E+00 0.113172E-01 0.312306E+00 0.286404E-02 0.298283E+00 0.115999E-01
  0.0450   1.706 0.297134E+00 0.961122E-02 0.317357E+00 0.585503E-02 0.303439E+00 0.688900E-02 0.300181E+00 0.111573E-01 0.318802E+00 0.278925E-02 0.305162E+00 0.114296E-01
  0.0450   1.964 0.306920E+00 0.899228E-02 0.324878E+00 0.518021E-02 0.312758E+00 0.677106E-02 0.308099E+00 0.109100E-01 0.325999E+00 0.268629E-02 0.312880E+00 0.111709E-01
  0.0450   2.304 0.315609E+00 0.929562E-02 0.333057E+00 0.496812E-02 0.320765E+00 0.701067E-02 0.316372E+00 0.107226E-01 0.333630E+00 0.260983E-02 0.320987E+00 0.109765E-01
  0.0450   2.754 0.325002E+00 0.898785E-02 0.341667E+00 0.446422E-02 0.329659E+00 0.683306E-02 0.325464E+00 0.104731E-01 0.341924E+00 0.251835E-02 0.329879E+00 0.107210E-01
  0.0450   3.230 0.333510E+00 0.889854E-02 0.349448E+00 0.418758E-02 0.337424E+00 0.711930E-02 0.333334E+00 0.102626E-01 0.349102E+00 0.244713E-02 0.337580E+00 0.105080E-01
  0.0450   3.813 0.342143E+00 0.799890E-02 0.357198E+00 0.376645E-02 0.345479E+00 0.645792E-02 0.341289E+00 0.100777E-01 0.356404E+00 0.238959E-02 0.345383E+00 0.103234E-01
  0.0450   4.584 0.351587E+00 0.731164E-02 0.365893E+00 0.376953E-02 0.354068E+00 0.590031E-02 0.350074E+00 0.983962E-02 0.364401E+00 0.232238E-02 0.353988E+00 0.100877E-01
  0.0450   5.478 0.360824E+00 0.705390E-02 0.373874E+00 0.355003E-02 0.362802E+00 0.617450E-02 0.358346E+00 0.965311E-02 0.372008E+00 0.227573E-02 0.362117E+00 0.990631E-02
  0.0450   6.750 0.373272E+00 0.668175E-02 0.383775E+00 0.336680E-02 0.374033E+00 0.582720E-02 0.367929E+00 0.943280E-02 0.380820E+00 0.222725E-02 0.371540E+00 0.969462E-02
  0.0450   8.266 0.383509E+00 0.666814E-02 0.393079E+00 0.348783E-02 0.383276E+00 0.591649E-02 0.377108E+00 0.922025E-02 0.389265E+00 0.218683E-02 0.380573E+00 0.949273E-02
  0.0450   9.877 0.392655E+00 0.703594E-02 0.400947E+00 0.372494E-02 0.391753E+00 0.610586E-02 0.385037E+00 0.904422E-02 0.396580E+00 0.215910E-02 0.388383E+00 0.932771E-02
  0.0450  12.096 0.402780E+00 0.746520E-02 0.410093E+00 0.397076E-02 0.400835E+00 0.621556E-02 0.393863E+00 0.886189E-02 0.404782E+00 0.213510E-02 0.397103E+00 0.915963E-02
  0.0550   1.116 0.288390E+00 0.958918E-02 0.301161E+00 0.606055E-02 0.292921E+00 0.701649E-02 0.285159E+00 0.121552E-01 0.301427E+00 0.335842E-02 0.289383E+00 0.123706E-01
  0.0550   1.310 0.295909E+00 0.989905E-02 0.308982E+00 0.642227E-02 0.300696E+00 0.727654E-02 0.294547E+00 0.118454E-01 0.309879E+00 0.321659E-02 0.298445E+00 0.120400E-01
  0.0550   1.527 0.302761E+00 0.101514E-01 0.316079E+00 0.671194E-02 0.307742E+00 0.749874E-02 0.303189E+00 0.114719E-01 0.317541E+00 0.306025E-02 0.306758E+00 0.116499E-01
  0.0550   1.716 0.308019E+00 0.101926E-01 0.321326E+00 0.685947E-02 0.313070E+00 0.749269E-02 0.309283E+00 0.113188E-01 0.323065E+00 0.299562E-02 0.312662E+00 0.114883E-01
  0.0550   1.964 0.316543E+00 0.951588E-02 0.327874E+00 0.612992E-02 0.320970E+00 0.737884E-02 0.316120E+00 0.110951E-01 0.329182E+00 0.290925E-02 0.319267E+00 0.112563E-01
  0.0550   2.290 0.323965E+00 0.925007E-02 0.334697E+00 0.554765E-02 0.327740E+00 0.720159E-02 0.323123E+00 0.109239E-01 0.335537E+00 0.284624E-02 0.326069E+00 0.110800E-01
  0.0550   2.754 0.332725E+00 0.855676E-02 0.342503E+00 0.474557E-02 0.335780E+00 0.666540E-02 0.331248E+00 0.106892E-01 0.342846E+00 0.276763E-02 0.333955E+00 0.108420E-01
  0.0550   3.270 0.340582E+00 0.846921E-02 0.349567E+00 0.413659E-02 0.342868E+00 0.688252E-02 0.338441E+00 0.104897E-01 0.349325E+00 0.270672E-02 0.340949E+00 0.106421E-01
  0.0550   3.813 0.347353E+00 0.770784E-02 0.355545E+00 0.381373E-02 0.349111E+00 0.647214E-02 0.344620E+00 0.103371E-01 0.354921E+00 0.266482E-02 0.346974E+00 0.104911E-01
  0.0550   4.584 0.355209E+00 0.703279E-02 0.362761E+00 0.372029E-02 0.356120E+00 0.585764E-02 0.351894E+00 0.101305E-01 0.361463E+00 0.261216E-02 0.354062E+00 0.102886E-01
  0.0550   5.478 0.362891E+00 0.654743E-02 0.369648E+00 0.329594E-02 0.362936E+00 0.578299E-02 0.358668E+00 0.996967E-02 0.367622E+00 0.257670E-02 0.360689E+00 0.101333E-01
  0.0550   6.750 0.373024E+00 0.625457E-02 0.377598E+00 0.311375E-02 0.372040E+00 0.570658E-02 0.366442E+00 0.978175E-02 0.374695E+00 0.253963E-02 0.368306E+00 0.995397E-02
  0.0550   8.266 0.380922E+00 0.623788E-02 0.384933E+00 0.342508E-02 0.379193E+00 0.584772E-02 0.373830E+00 0.960268E-02 0.381426E+00 0.250861E-02 0.375554E+00 0.978475E-02
  0.0550   9.938 0.388456E+00 0.629487E-02 0.391270E+00 0.365543E-02 0.386268E+00 0.562852E-02 0.380390E+00 0.944861E-02 0.387425E+00 0.248522E-02 0.382002E+00 0.964049E-02
  0.0550  12.320 0.397024E+00 0.659337E-02 0.399059E+00 0.386930E-02 0.393788E+00 0.613457E-02 0.387836E+00 0.928704E-02 0.394276E+00 0.246474E-02 0.389340E+00 0.949145E-02
  0.0550  15.080 0.405471E+00 0.681758E-02 0.406010E+00 0.413559E-02 0.401478E+00 0.609379E-02 0.394725E+00 0.912516E-02 0.400588E+00 0.244688E-02 0.396128E+00 0.934233E-02
  0.0700   1.326 0.310732E+00 0.950447E-02 0.315071E+00 0.824124E-02 0.314775E+00 0.852223E-02 0.309349E+00 0.124883E-01 0.317704E+00 0.356080E-02 0.310776E+00 0.124570E-01
  0.0700   1.508 0.315929E+00 0.958077E-02 0.320272E+00 0.834742E-02 0.319963E+00 0.865785E-02 0.315569E+00 0.122066E-01 0.323209E+00 0.345811E-02 0.316694E+00 0.121666E-01
  0.0700   1.716 0.320973E+00 0.929622E-02 0.325379E+00 0.836033E-02 0.324806E+00 0.833019E-02 0.321249E+00 0.120554E-01 0.328348E+00 0.340806E-02 0.322145E+00 0.120091E-01
  0.0700   1.976 0.327127E+00 0.879653E-02 0.331200E+00 0.786797E-02 0.330131E+00 0.813194E-02 0.327094E+00 0.118512E-01 0.333574E+00 0.334495E-02 0.327748E+00 0.118005E-01
  0.0700   2.304 0.333520E+00 0.782640E-02 0.336750E+00 0.669427E-02 0.335822E+00 0.754191E-02 0.332659E+00 0.116994E-01 0.338613E+00 0.330434E-02 0.333112E+00 0.116461E-01
  0.0700   2.737 0.340383E+00 0.750203E-02 0.342740E+00 0.582753E-02 0.341790E+00 0.728042E-02 0.338557E+00 0.115064E-01 0.343908E+00 0.325614E-02 0.338801E+00 0.114528E-01
  0.0700   3.270 0.346764E+00 0.721129E-02 0.348453E+00 0.483327E-02 0.347376E+00 0.667303E-02 0.344231E+00 0.113232E-01 0.349007E+00 0.321578E-02 0.344291E+00 0.112712E-01
  0.0700   3.837 0.352366E+00 0.705857E-02 0.353162E+00 0.438419E-02 0.352467E+00 0.643090E-02 0.349031E+00 0.111815E-01 0.353340E+00 0.318954E-02 0.348955E+00 0.111320E-01
  0.0700   4.556 0.357976E+00 0.656089E-02 0.358210E+00 0.402909E-02 0.357356E+00 0.612563E-02 0.354005E+00 0.110125E-01 0.357804E+00 0.315891E-02 0.353793E+00 0.109672E-01
  0.0700   5.478 0.363764E+00 0.593446E-02 0.363671E+00 0.366255E-02 0.362160E+00 0.554669E-02 0.359070E+00 0.108654E-01 0.362396E+00 0.313788E-02 0.358744E+00 0.108253E-01
  0.0700   6.709 0.369940E+00 0.590792E-02 0.369207E+00 0.339598E-02 0.367568E+00 0.585367E-02 0.364448E+00 0.107053E-01 0.367275E+00 0.311722E-02 0.364016E+00 0.106720E-01
  0.0700   8.266 0.375055E+00 0.595886E-02 0.374541E+00 0.345149E-02 0.372133E+00 0.599984E-02 0.369811E+00 0.105440E-01 0.372151E+00 0.309794E-02 0.369286E+00 0.105183E-01
  0.0700   9.877 0.380254E+00 0.542835E-02 0.379200E+00 0.367260E-02 0.376643E+00 0.507964E-02 0.374242E+00 0.104144E-01 0.376193E+00 0.308447E-02 0.373652E+00 0.103953E-01
  0.0700  12.320 0.386389E+00 0.536247E-02 0.384632E+00 0.420712E-02 0.382151E+00 0.536205E-02 0.379553E+00 0.102670E-01 0.381066E+00 0.307066E-02 0.378903E+00 0.102564E-01
  0.0700  15.650 0.393073E+00 0.557955E-02 0.390488E+00 0.426601E-02 0.388018E+00 0.545098E-02 0.385134E+00 0.101042E-01 0.386176E+00 0.305689E-02 0.384425E+00 0.101029E-01
  0.0700  19.520 0.398754E+00 0.550232E-02 0.396140E+00 0.473549E-02 0.392510E+00 0.553654E-02 0.390034E+00 0.996540E-02 0.390682E+00 0.304677E-02 0.389290E+00 0.997237E-02
  0.0900   1.703 0.328888E+00 0.858692E-02 0.328604E+00 0.816330E-02 0.331703E+00 0.868120E-02 0.332198E+00 0.129913E-01 0.333347E+00 0.397375E-02 0.330274E+00 0.126796E-01
  0.0900   1.935 0.332831E+00 0.787236E-02 0.332694E+00 0.727841E-02 0.334881E+00 0.772574E-02 0.336032E+00 0.128082E-01 0.336832E+00 0.393877E-02 0.333948E+00 0.124970E-01
  0.0900   2.363 0.338760E+00 0.723842E-02 0.338155E+00 0.613496E-02 0.339756E+00 0.650621E-02 0.341047E+00 0.125802E-01 0.341417E+00 0.390306E-02 0.338782E+00 0.122708E-01
  0.0900   2.760 0.342176E+00 0.688873E-02 0.342010E+00 0.542186E-02 0.342381E+00 0.643582E-02 0.344543E+00 0.123958E-01 0.344592E+00 0.387496E-02 0.342166E+00 0.120895E-01
  0.0900   3.242 0.346104E+00 0.671124E-02 0.345642E+00 0.479600E-02 0.345581E+00 0.599800E-02 0.347834E+00 0.122206E-01 0.347583E+00 0.385134E-02 0.345369E+00 0.119180E-01
  0.0900   3.808 0.350043E+00 0.659249E-02 0.348767E+00 0.480839E-02 0.349087E+00 0.582594E-02 0.350853E+00 0.120661E-01 0.350337E+00 0.383401E-02 0.348326E+00 0.117674E-01
  0.0900   4.573 0.354004E+00 0.601888E-02 0.352221E+00 0.449063E-02 0.352452E+00 0.542804E-02 0.354065E+00 0.118795E-01 0.353249E+00 0.381183E-02 0.351487E+00 0.115863E-01
  0.0900   5.461 0.357407E+00 0.576629E-02 0.355583E+00 0.434758E-02 0.355105E+00 0.513272E-02 0.356954E+00 0.117254E-01 0.355889E+00 0.379697E-02 0.354350E+00 0.114373E-01
  0.0900   6.743 0.361156E+00 0.555123E-02 0.359109E+00 0.421414E-02 0.358280E+00 0.518413E-02 0.360198E+00 0.115467E-01 0.358855E+00 0.377999E-02 0.357582E+00 0.112649E-01
  0.0900   8.234 0.363967E+00 0.567312E-02 0.362498E+00 0.374124E-02 0.360385E+00 0.483939E-02 0.363120E+00 0.113828E-01 0.361530E+00 0.376464E-02 0.360509E+00 0.111070E-01
  0.0900   9.944 0.367132E+00 0.574398E-02 0.365359E+00 0.372807E-02 0.363122E+00 0.465266E-02 0.365757E+00 0.112363E-01 0.363952E+00 0.375079E-02 0.363161E+00 0.109656E-01
  0.0900  12.340 0.370777E+00 0.560389E-02 0.368503E+00 0.391766E-02 0.366308E+00 0.492216E-02 0.368639E+00 0.110833E-01 0.366613E+00 0.373748E-02 0.366072E+00 0.108183E-01
  0.0900  15.580 0.374262E+00 0.555359E-02 0.371873E+00 0.403410E-02 0.369209E+00 0.457273E-02 0.371624E+00 0.109161E-01 0.369364E+00 0.372182E-02 0.369097E+00 0.106567E-01
  0.0900  20.110 0.377566E+00 0.574717E-02 0.375487E+00 0.424311E-02 0.371773E+00 0.493660E-02 0.374674E+00 0.107482E-01 0.372182E+00 0.370718E-02 0.372201E+00 0.104940E-01
  0.0900  24.700 0.380281E+00 0.590239E-02 0.377767E+00 0.433029E-02 0.374339E+00 0.511098E-02 0.376920E+00 0.106220E-01 0.374267E+00 0.369474E-02 0.374501E+00 0.103715E-01
  0.1250   2.310 0.334282E+00 0.721716E-02 0.334662E+00 0.509397E-02 0.333535E+00 0.538768E-02 0.342336E+00 0.129206E-01 0.338878E+00 0.468821E-02 0.337323E+00 0.123191E-01
  0.1250   2.760 0.335548E+00 0.716172E-02 0.336570E+00 0.431226E-02 0.334151E+00 0.524126E-02 0.343494E+00 0.126589E-01 0.340036E+00 0.465049E-02 0.338577E+00 0.120660E-01
  0.1250   3.250 0.337191E+00 0.676043E-02 0.337957E+00 0.379038E-02 0.335302E+00 0.503537E-02 0.344282E+00 0.124376E-01 0.340829E+00 0.461890E-02 0.339468E+00 0.118517E-01
  0.1250   3.830 0.337734E+00 0.641563E-02 0.339174E+00 0.410086E-02 0.335346E+00 0.534863E-02 0.344870E+00 0.122363E-01 0.341428E+00 0.459066E-02 0.340171E+00 0.116564E-01
  0.1250   4.550 0.338543E+00 0.587612E-02 0.340131E+00 0.430851E-02 0.335801E+00 0.569590E-02 0.345331E+00 0.120239E-01 0.341897E+00 0.455943E-02 0.340765E+00 0.114503E-01
  0.1250   5.460 0.339581E+00 0.595905E-02 0.341106E+00 0.425129E-02 0.336376E+00 0.599311E-02 0.345685E+00 0.118263E-01 0.342265E+00 0.453075E-02 0.341262E+00 0.112579E-01
  0.1250   6.670 0.340493E+00 0.585732E-02 0.341775E+00 0.410240E-02 0.337067E+00 0.598226E-02 0.345959E+00 0.116185E-01 0.342553E+00 0.449968E-02 0.341700E+00 0.110555E-01
  0.1250   8.190 0.341491E+00 0.586638E-02 0.341486E+00 0.385276E-02 0.338726E+00 0.571479E-02 0.346159E+00 0.114160E-01 0.342766E+00 0.446849E-02 0.342074E+00 0.108576E-01
  0.1250   9.880 0.342374E+00 0.576795E-02 0.342085E+00 0.361596E-02 0.339317E+00 0.550546E-02 0.346301E+00 0.112423E-01 0.342920E+00 0.444064E-02 0.342374E+00 0.106873E-01
  0.1250  12.200 0.343003E+00 0.549985E-02 0.342239E+00 0.342220E-02 0.340084E+00 0.525831E-02 0.346412E+00 0.110622E-01 0.343045E+00 0.441119E-02 0.342658E+00 0.105103E-01
  0.1250  15.600 0.343603E+00 0.498156E-02 0.342769E+00 0.308036E-02 0.340451E+00 0.456445E-02 0.346495E+00 0.108570E-01 0.343140E+00 0.437657E-02 0.342945E+00 0.103078E-01
  0.1250  19.900 0.342662E+00 0.539456E-02 0.343152E+00 0.310639E-02 0.339355E+00 0.445048E-02 0.346505E+00 0.106693E-01 0.343163E+00 0.434419E-02 0.343150E+00 0.101219E-01
  0.1250  25.900 0.343261E+00 0.535001E-02 0.343419E+00 0.329743E-02 0.339796E+00 0.453883E-02 0.346403E+00 0.104823E-01 0.343075E+00 0.431013E-02 0.343249E+00 0.993572E-02
  0.1250  33.900 0.343014E+00 0.473373E-02 0.343630E+00 0.322432E-02 0.339316E+00 0.421101E-02 0.346163E+00 0.103018E-01 0.342851E+00 0.427669E-02 0.343209E+00 0.975504E-02
  0.1750   3.260 0.317315E+00 0.554902E-02 0.319604E+00 0.383664E-02 0.315783E+00 0.582950E-02 0.324331E+00 0.110165E-01 0.322203E+00 0.493366E-02 0.320161E+00 0.102507E-01
  0.1750   3.808 0.316483E+00 0.561545E-02 0.318718E+00 0.385911E-02 0.314570E+00 0.460944E-02 0.322655E+00 0.108174E-01 0.320680E+00 0.488905E-02 0.318744E+00 0.100531E-01
  0.1750   4.702 0.315135E+00 0.632223E-02 0.317737E+00 0.396519E-02 0.312378E+00 0.510141E-02 0.320291E+00 0.105574E-01 0.318505E+00 0.482918E-02 0.316724E+00 0.979460E-02
  0.1750   5.461 0.314229E+00 0.600088E-02 0.316684E+00 0.411610E-02 0.311183E+00 0.519798E-02 0.318600E+00 0.103899E-01 0.316936E+00 0.478957E-02 0.315261E+00 0.962762E-02
  0.1750   6.743 0.312812E+00 0.518810E-02 0.314862E+00 0.356025E-02 0.309672E+00 0.439661E-02 0.316224E+00 0.101676E-01 0.314717E+00 0.473600E-02 0.313195E+00 0.940557E-02
  0.1750   8.144 0.310939E+00 0.492228E-02 0.313160E+00 0.347233E-02 0.307796E+00 0.469585E-02 0.314125E+00 0.997949E-02 0.312744E+00 0.468956E-02 0.311364E+00 0.921731E-02
  0.1750   9.944 0.307396E+00 0.504760E-02 0.311468E+00 0.330370E-02 0.304185E+00 0.460699E-02 0.311961E+00 0.979240E-02 0.310699E+00 0.464173E-02 0.309465E+00 0.902949E-02
  0.1750  12.340 0.305745E+00 0.459320E-02 0.309592E+00 0.338020E-02 0.302506E+00 0.484337E-02 0.309676E+00 0.960560E-02 0.308532E+00 0.459275E-02 0.307449E+00 0.884179E-02
  0.1750  15.760 0.302710E+00 0.491056E-02 0.307487E+00 0.334995E-02 0.299484E+00 0.445186E-02 0.307164E+00 0.940255E-02 0.306137E+00 0.453884E-02 0.305231E+00 0.863730E-02
  0.1750  20.110 0.301082E+00 0.512046E-02 0.305479E+00 0.385039E-02 0.297818E+00 0.550391E-02 0.304744E+00 0.921515E-02 0.303822E+00 0.448781E-02 0.303083E+00 0.844825E-02
  0.1750  26.400 0.298874E+00 0.477087E-02 0.303238E+00 0.389966E-02 0.295611E+00 0.536037E-02 0.302125E+00 0.902281E-02 0.301308E+00 0.443355E-02 0.300741E+00 0.825410E-02
  0.1750  34.840 0.296766E+00 0.451284E-02 0.300663E+00 0.418005E-02 0.293782E+00 0.529394E-02 0.299483E+00 0.883848E-02 0.298760E+00 0.438029E-02 0.298360E+00 0.806781E-02
  0.1750  45.980 0.294017E+00 0.405270E-02 0.296530E+00 0.426472E-02 0.292834E+00 0.518845E-02 0.296846E+00 0.866545E-02 0.296211E+00 0.432960E-02 0.295969E+00 0.789256E-02
  0.2500   4.564 0.271875E+00 0.538384E-02 0.279277E+00 0.495640E-02 0.268929E+00 0.647283E-02 0.273325E+00 0.857203E-02 0.275726E+00 0.471485E-02 0.273845E+00 0.766942E-02
  0.2500   6.812 0.261872E+00 0.438736E-02 0.269287E+00 0.518486E-02 0.260578E+00 0.538210E-02 0.264247E+00 0.816597E-02 0.266865E+00 0.456520E-02 0.265327E+00 0.727731E-02
  0.2500   8.185 0.257239E+00 0.455033E-02 0.264942E+00 0.498693E-02 0.256656E+00 0.524726E-02 0.260327E+00 0.799493E-02 0.263023E+00 0.450114E-02 0.261632E+00 0.711250E-02
  0.2500  10.050 0.253540E+00 0.491664E-02 0.260132E+00 0.385305E-02 0.253851E+00 0.537722E-02 0.256133E+00 0.781441E-02 0.258902E+00 0.443246E-02 0.257666E+00 0.693890E-02
  0.2500  12.350 0.249694E+00 0.508324E-02 0.256470E+00 0.332587E-02 0.249923E+00 0.480850E-02 0.252119E+00 0.764490E-02 0.254948E+00 0.436688E-02 0.253855E+00 0.677630E-02
  0.2500  15.770 0.245422E+00 0.452111E-02 0.252157E+00 0.337788E-02 0.245709E+00 0.427514E-02 0.247576E+00 0.745307E-02 0.250465E+00 0.429248E-02 0.249540E+00 0.659223E-02
  0.2500  20.260 0.241280E+00 0.419379E-02 0.247937E+00 0.340721E-02 0.241644E+00 0.323132E-02 0.243181E+00 0.726991E-02 0.246116E+00 0.422024E-02 0.245350E+00 0.641695E-02
  0.2500  26.460 0.235454E+00 0.342690E-02 0.243691E+00 0.288327E-02 0.235885E+00 0.289965E-02 0.238779E+00 0.708969E-02 0.241749E+00 0.414747E-02 0.241138E+00 0.624518E-02
  0.2500  35.340 0.231181E+00 0.390428E-02 0.239320E+00 0.300122E-02 0.231662E+00 0.329040E-02 0.234243E+00 0.690643E-02 0.237244E+00 0.407249E-02 0.236785E+00 0.607103E-02
  0.2500  46.150 0.227107E+00 0.431337E-02 0.235350E+00 0.306504E-02 0.227710E+00 0.388511E-02 0.230226E+00 0.674735E-02 0.233248E+00 0.400652E-02 0.232918E+00 0.592050E-02
  0.2500  61.290 0.222506E+00 0.415287E-02 0.231133E+00 0.305908E-02 0.223365E+00 0.422509E-02 0.226116E+00 0.658899E-02 0.229156E+00 0.393969E-02 0.228948E+00 0.577146E-02
  0.3500  12.890 0.172257E+00 0.316264E-02 0.184483E+00 0.257453E-02 0.175177E+00 0.346295E-02 0.176840E+00 0.560300E-02 0.182102E+00 0.369899E-02 0.182190E+00 0.503553E-02
  0.3500  15.830 0.167702E+00 0.309043E-02 0.179686E+00 0.245451E-02 0.170866E+00 0.343482E-02 0.172379E+00 0.543951E-02 0.177567E+00 0.361795E-02 0.177727E+00 0.489012E-02
  0.3500  20.190 0.162591E+00 0.301214E-02 0.174598E+00 0.234874E-02 0.165817E+00 0.335526E-02 0.167461E+00 0.525726E-02 0.172563E+00 0.352763E-02 0.172797E+00 0.472800E-02
  0.3500  26.190 0.157643E+00 0.292677E-02 0.169423E+00 0.231124E-02 0.161080E+00 0.331351E-02 0.162630E+00 0.507886E-02 0.167640E+00 0.343786E-02 0.167943E+00 0.456932E-02
  0.3500  34.930 0.152575E+00 0.283486E-02 0.164214E+00 0.225910E-02 0.156085E+00 0.320116E-02 0.157635E+00 0.489622E-02 0.162546E+00 0.334460E-02 0.162916E+00 0.440746E-02
  0.3500  46.330 0.147859E+00 0.277321E-02 0.159389E+00 0.223347E-02 0.151455E+00 0.315591E-02 0.153041E+00 0.472939E-02 0.157857E+00 0.325843E-02 0.158285E+00 0.425994E-02
  0.3500  61.100 0.143563E+00 0.274720E-02 0.154998E+00 0.219407E-02 0.147187E+00 0.312654E-02 0.148817E+00 0.457727E-02 0.153543E+00 0.317885E-02 0.154019E+00 0.412564E-02
  0.4500  16.640 0.999069E-01 0.242995E-02 0.112202E+00 0.196214E-02 0.104439E+00 0.319159E-02 0.106527E+00 0.338705E-02 0.111431E+00 0.268457E-02 0.112130E+00 0.329124E-02
  0.4500  20.080 0.967795E-01 0.237072E-02 0.108729E+00 0.193326E-02 0.101287E+00 0.314346E-02 0.103278E+00 0.326497E-02 0.108061E+00 0.261170E-02 0.108756E+00 0.318413E-02
  0.4500  26.050 0.928215E-01 0.228972E-02 0.104374E+00 0.188314E-02 0.972581E-01 0.300459E-02 0.991703E-01 0.311485E-02 0.103802E+00 0.251910E-02 0.104483E+00 0.305063E-02
  0.4500  35.120 0.885878E-01 0.220688E-02 0.998440E-01 0.185413E-02 0.928985E-01 0.296533E-02 0.948574E-01 0.295652E-02 0.993256E-01 0.242166E-02 0.999924E-01 0.291012E-02
  0.4500  46.070 0.850781E-01 0.217628E-02 0.959462E-01 0.180370E-02 0.893688E-01 0.286655E-02 0.912354E-01 0.282891E-02 0.955648E-01 0.233877E-02 0.962191E-01 0.279550E-02
  0.4500  61.100 0.817291E-01 0.210801E-02 0.923224E-01 0.177015E-02 0.858764E-01 0.277178E-02 0.877492E-01 0.270430E-02 0.919426E-01 0.225912E-02 0.925828E-01 0.268389E-02
  0.5500  21.260 0.491232E-01 0.161915E-02 0.577658E-01 0.144737E-02 0.526464E-01 0.231759E-02 0.528992E-01 0.239620E-02 0.565974E-01 0.194864E-02 0.578636E-01 0.217998E-02
  0.5500  26.210 0.470920E-01 0.156415E-02 0.554360E-01 0.141402E-02 0.504776E-01 0.223452E-02 0.507578E-01 0.228458E-02 0.543296E-01 0.186316E-02 0.555150E-01 0.207619E-02
  0.5500  34.980 0.445180E-01 0.147153E-02 0.524874E-01 0.133962E-02 0.477401E-01 0.211047E-02 0.480869E-01 0.210550E-02 0.514731E-01 0.174472E-02 0.525834E-01 0.193902E-02
  0.5500  46.930 0.421815E-01 0.140091E-02 0.497404E-01 0.127124E-02 0.452681E-01 0.198213E-02 0.456039E-01 0.195380E-02 0.488240E-01 0.164254E-02 0.498596E-01 0.181455E-02
  0.6500  27.408 0.198488E-01 0.747252E-03 0.241675E-01 0.709956E-03 0.215456E-01 0.111187E-02 0.225299E-01 0.493140E-03 0.244346E-01 0.874527E-03 0.241887E-01 0.889916E-03
